# Loop @ Start frequency 1300000Hz took 2444.31 cycles
# Interval [2442 ; 2447]
# Q1 : 2438 ; Q3 : 2444
# Loop @ Target frequency 2500000Hz took 1271.43 cycles
# Interval [1269 ; 1274]
# Q1 : 1266 ; Q3 : 1270
# Confidence intervals do not overlap, alternatives are statistically different with selected confidence level
Change time (with write) [cycles]	Change time [cycles]	Write cost [cycles]	Wait time [us]	Time since last frequency change request [cycles]	Time since last frequency change [cycles]	Detected frequency change timestamp [cycles]
916960	884190	32770	3567	702607678	703034660	12758310418897766
346322	328250	18072	4812	16578808	15317490	12758310436176356
720726	702978	17748	907	4888318	4002162	12758310442132680
912038	894448	17590	3036	10955062	10556702	12758310454346336
1509348	1491042	18306	4996	17022778	17024456	12758310473224002
1078518	1060744	17774	2463	9549922	9015130	12758310484199016
693194	675388	17806	4156	14527428	13691922	12758310499765748
1299698	1281796	17902	3982	13747582	13780982	12758310515160056
911490	893594	17896	4075	14370240	13675898	12758310530786696
1059798	1041932	17866	3998	14105962	13589742	12758310546297456
1048604	1030760	17844	3427	12263338	11868704	12758310559954718
1489958	1472456	17502	2191	8740034	8614830	12758310570548004
1383318	1365498	17820	4544	15551328	15542006	12758310587826912
1341014	1323140	17874	3891	13475030	13549782	12758310602988540
936958	919072	17886	4101	14166420	13772318	12758310618437724
1591722	1573878	17844	3295	11849898	12016182	12758310632225220
160290	142810	17480	2535	9758034	8309278	12758310642489984
1502304	1484590	17714	27	1915024	2144508	12758310646253082
302876	284944	17932	2511	9399838	8379236	12758310656300870
984094	965816	18278	4626	15866246	15388806	12758310673496760
1674732	1656680	18052	4697	16240984	16298388	12758310691758786
1509698	1491678	18020	4859	16323866	16616184	12758310709936944
1663270	1645484	17786	1572	6503122	6928022	12758310718449656
1622464	1605132	17332	447	3435156	3526364	12758310723852870
283386	265206	18180	3556	12600688	11487504	12758310737083104
1549220	1531220	18000	4871	16771994	16709970	12758310755749584
1554870	1536962	17908	3275	11717820	11919518	12758310769369736
768812	750986	17826	1540	6518158	5937196	12758310777002786
512640	494720	17920	3078	11207884	10286554	12758310789068280
1669178	1651790	17388	1572	6828798	6942674	12758310797910536
1126044	1108056	17988	1286	5891148	5534050	12758310805274496
328470	309278	19192	4158	14384210	13333562	12758310820333316
840690	823446	17244	156	2390998	1870206	12758310823910124
1486828	1469438	17390	590	3581482	3817514	12758310829324016
684066	666260	17806	1788	7332828	6592104	12758310837685344
769094	751234	17860	4822	16425214	15759896	12758310855227774
335666	318426	17240	271	2760290	1708318	12758310858670212
1230582	1212798	17784	2722	10148584	9940556	12758310870396396
825668	807100	18568	3041	10901362	10489028	12758310882468626
1673436	1655460	17976	1519	6345562	6781560	12758310890834574
331806	313948	17858	1506	6698958	5402586	12758310898211160
713318	695470	17848	4306	14825922	14163014	12758310914095796
1664532	1646720	17812	3273	11974198	12026738	12758310928081026
1117328	1099642	17686	1904	7746356	7379020	12758310937290594
484382	466330	18052	2294	8774892	7913622	12758310946896356
1546634	1529212	17422	1597	6660258	6885638	12758310955446776
193188	175718	17470	2113	8354466	7080260	12758310964340766
135760	118006	17754	412	3148190	1931348	12758310967970606
786036	768696	17340	138	2200378	1754476	12758310971302530
160506	142498	18008	3347	12197242	10744198	12758310984004224
1039580	1022516	17064	16	1910068	1649130	12758310987300384
1459478	1441312	18166	1746	7181748	7243030	12758310996287216
1178704	1160924	17780	4935	16660940	16511156	12758311014472430
408392	390264	18128	3464	12179648	11336118	12758311027406436
1025110	1007188	17922	3745	13270100	12796298	12758311042047896
1664904	1646894	18010	2732	10137742	10403748	12758311054195122
184570	167110	17460	1498	6425570	5230430	12758311061151756
1213932	1196136	17796	4146	14582508	14185272	12758311077295230
1668678	1651176	17502	1096	5310354	5511402	12758311084618536
303628	285822	17806	1260	5731106	4660354	12758311090999140
1525616	1507712	17904	4117	14175150	14409004	12758311107044810
1669692	1652074	17618	2011	8132850	8251124	12758311117194098
588100	570810	17290	172	2305070	1664356	12758311120431146
1435922	1417912	18010	2268	8779668	8812108	12758311130993876
1669806	1651890	17916	4094	14281042	14481758	12758311147290504
417436	399850	17586	745	4104404	3208118	12758311152158576
294090	276230	17860	2672	9918482	8850878	12758311162716776
1659754	1641812	17942	3355	11884800	12263012	12758311176607740
1026402	1009464	16938	1239	5593966	5318738	12758311183574064
160486	142638	17848	4099	14217420	12988374	12758311198297152
1543854	1525278	18576	3278	11703966	11913198	12758311211888556
240536	222356	18180	2673	9901202	8801518	12758311222377204
602638	584876	17762	2143	8374650	7579018	12758311231700004
1680210	1662612	17598	1737	7036918	7442678	12758311240762464
673698	655884	17814	1406	6064632	5473466	12758311247845776
416742	399162	17580	797	4280232	3363162	12758311252889136
1351194	1333374	17820	643	3818832	3838646	12758311258405632
446710	428750	17960	3558	12644550	11655222	12758311271843016
864458	846526	17932	4047	14130534	13535220	12758311287183236
911318	893784	17534	882	4676034	4109570	12758311293117236
1104482	1086530	17952	2473	9470338	9067690	12758311304036876
1592724	1575170	17554	1585	6919888	6899778	12758311312896018
403358	385238	18120	2540	9441978	8563710	12758311323085556
1169282	1151318	17964	4264	14944060	14498568	12758311339546146
1667664	1650206	17458	2738	10134286	10420008	12758311351692786
1662250	1645230	17020	2733	10073074	10421756	12758311363774676
1563146	1545386	17760	4271	14620310	14906758	12758311380301932
470166	452218	17948	2902	10595992	9717726	12758311391716284
741374	723256	18118	3628	12695386	12163034	12758311405497236
589470	571470	18000	3111	11353650	10463762	12758311417786736
369272	351920	17352	266	2640904	1727906	12758311421140106
209438	191030	18408	4833	16546102	15236558	12758311438240136
1082622	1065274	17348	157	2301562	2114658	12758311441968660
355236	337968	17268	226	2528998	1590312	12758311445197710
1588208	1570216	17992	1531	6756648	6733208	12758311453889006
1672828	1654750	18078	3004	10823466	11223218	12758311466732244
245858	228056	17802	3731	13373242	11978342	12758311480697576
574472	556582	17890	4131	14189872	13497414	12758311495808030
388892	370988	17904	3481	12312354	11370760	12758311508853950
950014	932734	17280	587	3583160	3267222	12758311513733940
1655550	1637580	17970	4252	14644938	14944046	12758311530379512
732190	714524	17666	3693	13099670	12346898	12758311544558216
1192218	1174466	17752	3638	12887154	12642050	12758311558982976
1563864	1546142	17722	2737	10016012	10314758	12758311570910036
1325732	1308160	17572	1854	7386150	7434512	12758311579967906
226820	209612	17208	262	2632314	1575272	12758311583172686
1493560	1474060	19500	2312	9098028	8976048	12758311594109466
1610900	1593362	17538	533	3628774	3763526	12758311599694700
274836	256890	17946	3593	12727470	11620212	12758311613041650
812226	794300	17926	99	2133462	1670188	12758311616332524
1587746	1569978	17768	4288	14926970	14986518	12758311633191672
398878	381130	17748	4109	14116250	13256278	12758311648053624
1554390	1536552	17838	2408	8987518	9324150	12758311658939124
629526	611698	17828	3027	11093926	10250430	12758311671009264
1662492	1644880	17612	4985	16913800	17146406	12758311689930612
1644066	1626810	17256	678	4080372	4232518	12758311695999804
1568738	1550968	17770	2117	8145502	8463850	12758311706061236
874570	856824	17746	2293	9035780	8303678	12758311716317996
764760	747036	17724	1789	7500928	6686076	12758311724929434
1663426	1645772	17654	914	4753490	4959640	12758311731691226
855158	837614	17544	4153	14259640	13845358	12758311747152324
169958	152626	17332	1515	6489622	5264438	12758311754158736
1320622	1302972	17650	1040	5294196	4996116	12758311761118554
534920	516884	18036	4496	15342402	14550264	12758311777341278
874284	856704	17580	3415	12039780	11653592	12758311790601050
812526	794858	17668	4104	14238562	13654326	12758311805997444
1601890	1584278	17612	3390	12033440	12309758	12758311819979396
1487308	1469588	17720	3186	11706486	11587614	12758311833518334
169866	152124	17742	4864	16407622	15286650	12758311850442324
1400454	1382782	17672	3823	13449826	13403142	12758311865637756
707298	689436	17862	4098	14044072	13534002	12758311880734956
797774	780568	17206	155	2350294	1824392	12758311884228420
1531166	1513636	17530	3875	13419558	13688254	12758311899525260
730746	713124	17622	4861	16684702	15838422	12758311917286524
1544344	1526684	17660	2928	10931750	10870728	12758311930107630
849370	832168	17202	110	2351962	1738622	12758311933656416
884020	865984	18036	1900	7600644	7130238	12758311942487196
1078840	1061056	17784	4545	15441280	15242160	12758311959352406
493598	475746	17852	3369	11925080	11133938	12758311972118304
1346586	1328932	17654	2297	8810112	8786346	12758311982620344
1416592	1398748	17844	4406	14986686	15187110	12758311999369644
301152	283812	17340	787	4282194	3218910	12758312004296910
838828	821036	17792	3521	12449782	11935022	12758312017931276
271370	253476	17894	2005	8181110	6839740	12758312026731516
830286	812572	17714	1318	5822902	5350718	12758312033737164
545470	527720	17750	4294	14755934	13974786	12758312049386364
874506	857166	17340	824	4632322	3922118	12758312055246324
850118	832502	17616	1278	5707182	5251538	12758312062156316
406502	388764	17738	2680	9936862	9001174	12758312072855300
1033032	1015678	17354	1094	5135634	4885328	12758312079374846
246750	228980	17770	3047	11312878	9940438	12758312091287244
1119250	1101700	17550	162	2512442	2181258	12758312095269276
165762	148436	17326	1420	6219208	4989710	12758312102007516
553716	535916	17800	1616	7049616	5993422	12758312109964476
1158686	1140592	18094	4621	15835738	15561754	12758312127311540
398260	380480	17780	1886	7510690	6619212	12758312135571626
376970	359224	17746	4189	14318650	13490982	12758312150619516
477338	459422	17916	4642	15706302	14968362	12758312167153856
1256874	1239234	17640	2200	8385110	8416358	12758312177148500
1099062	1081440	17622	4100	14231422	13945158	12758312192828880
159192	141304	17888	3859	13557014	12283334	12758312206898288
1369808	1351752	18056	1704	7054654	7048808	12758312215674834
212538	194634	17904	4153	14263614	13217150	12758312230502556
339698	322026	17672	3768	13117762	12190410	12758312244310224
1662386	1643572	18814	2718	10149418	10370494	12758312256476180
171762	153910	17852	3756	13050438	11988302	12758312270048696
1009636	991598	18038	1692	7251404	6648542	12758312278661936
1671104	1653068	18036	4481	15228802	15657104	12758312295912962
756110	738598	17512	1863	7370292	6906710	12758312304389708
506710	488654	18056	2575	9734356	8790278	12758312314980476
1335262	1317416	17846	1574	6900582	6622662	12758312323569516
737438	719784	17654	4855	16374280	15845474	12758312341030616
890398	873174	17224	44	2033880	1596696	12758312344308174
349718	331844	17874	4716	16167742	15039846	12758312361177084
1349848	1331954	17894	3488	12263820	12363146	12758312375142414
1663970	1646302	17668	2537	9778180	9832578	12758312386931196
1374004	1356260	17744	3773	13490580	13247622	12758312402147220
260276	242688	17588	320	3139298	1791246	12758312405899980
1667042	1649674	17368	1013	5049322	5274122	12758312412969200
780798	763264	17534	613	3957072	3195822	12758312418059736
1172316	1154718	17598	4795	16320988	16100764	12758312435905890
1614308	1596850	17458	1000	4955952	5183124	12758312442827270
1321300	1303620	17680	2181	8448378	8423676	12758312452949514
1661318	1643624	17694	4979	17095194	17142698	12758312472057836
1104320	1086718	17602	1799	7390372	7062352	12758312480904578
507548	489668	17880	1483	6325378	5521448	12758312488089266
766146	748676	17470	1306	6010732	5249518	12758312495219484
1310376	1292760	17616	1083	5446326	5135076	12758312502324114
683282	665490	17792	2629	9654688	9123998	12758312513016116
1662372	1644962	17410	847	4727362	4779576	12758312519759490
1296366	1278578	17788	3437	12253998	12159210	12758312533663464
1500528	1482626	17902	2324	8810666	9067658	12758312544327620
1271580	1253930	17650	2335	8888022	8832216	12758312554840254
750992	733454	17538	4813	16234410	15728860	12758312572175066
799590	781918	17672	4546	15672144	14981316	12758312588998830
540888	523194	17694	3083	11236042	10341080	12758312601127566
663516	645808	17708	4348	14908362	14248048	12758312617052574
835074	817388	17686	1639	7114324	6344942	12758312625352848
1572062	1554560	17502	4708	16108384	16234682	12758312643385668
1664294	1646718	17576	3991	13880746	14184162	12758312659283220
657986	640696	17290	895	4809168	3914974	12758312665103660
749820	732188	17632	130	2284350	1738748	12758312668490666
1662546	1644906	17640	3547	12708382	12851518	12758312683212624
951786	934228	17558	2350	9212574	8568246	12758312693728044
810508	792786	17722	3611	12941810	12197456	12758312707832844
706926	689258	17668	3071	11013834	10470462	12758312719904364
1662938	1645094	17844	3121	11534008	11581806	12758312733454292
1452272	1434368	17904	3537	12492802	12617284	12758312747753270
163310	145582	17728	1541	6753514	5351936	12758312755023830
1358526	1340970	17556	4851	16436688	16455070	12758312773170684
611946	594264	17682	3520	12625012	11723322	12758312786760024
1663358	1645650	17708	3752	13180848	13468514	12758312801955776
989420	972084	17336	1926	7996254	7330406	12758312811293060
379232	361464	17768	4751	16076902	15176072	12758312828098310
217104	199344	17760	2108	8504870	7106014	12758312837172320
1339812	1322264	17548	3409	12394518	12125292	12758312851257090
1045692	1028356	17336	1582	6644274	6354996	12758312859301170
859542	842188	17354	1307	5961802	5349452	12758312866474380
166616	148790	17826	3269	11854048	10523858	12758312878848416
618428	600812	17616	1444	6143454	5518620	12758312885962346
1619226	1601968	17258	367	2919472	3293918	12758312890853904
1055198	1037572	17626	4526	15425238	15172478	12758312907684596
259530	242116	17414	1010	4847354	3859442	12758312913143936
419500	401610	17890	3218	11581436	10622860	12758312925496826
1667526	1649784	17742	4507	15392272	15730418	12758312942909424
1016128	998276	17852	3592	12871320	12344190	12758312957147544
1668810	1650698	18112	4429	15446698	15505958	12758312974614204
1157292	1139510	17782	2363	9007860	8803844	12758312985131490
255482	237616	17866	3697	13214878	11899982	12758312998951616
960590	942946	17644	765	4092010	3823652	12758313004355510
894638	876928	17710	3037	10978002	10560578	12758313016578296
902010	884276	17734	1186	5504218	5026110	12758313023337624
1275956	1258326	17630	2722	10347830	10002610	12758313035314944
1554954	1537268	17686	2586	9926074	9870898	12758313047149434
864970	846782	18188	2562	9861908	9111518	12758313058227536
818850	801250	17600	3618	12881700	12223528	12758313072280916
1325012	1307358	17654	410	3200242	3149252	12758313077159510
636966	619318	17648	4858	16736172	15755046	12758313094886664
232378	214558	17820	1582	6592562	5540466	12758313102063144
1060686	1042782	17904	3846	13554402	13146698	12758313117032664
1466216	1448510	17706	3808	13297776	13440182	12758313132148256
1594896	1577316	17580	616	3875068	4013256	12758313137972334
585222	567748	17474	730	4028454	3348134	12758313142936500
741930	724262	17668	4975	16827330	16208490	12758313160858916
158266	140604	17662	3171	11327418	10223088	12758313172695762
976922	959028	17894	3263	11685268	11318628	12758313185710340
526710	508884	17826	3658	12886230	12049686	12758313199476204
1432942	1415180	17762	2970	10825380	10896066	12758313212087568
659498	640858	18640	1899	7873610	6923470	12758313220972284
467478	449672	17806	4467	15211632	14409918	12758313237004596
1569880	1551900	17980	4256	14630490	14884742	12758313253559166
1164298	1146800	17498	1769	7272750	7032218	12758313262356684
341260	323444	17816	4276	14634670	13714498	12758313277683206
225388	208018	17370	301	2756580	1701896	12758313281018124
1669986	1652024	17962	3424	12436548	12497310	12758313295475844
1403394	1384562	18832	2861	10597110	10538934	12758313307830200
1544944	1527138	17806	4112	14143316	14425190	12758313323869836
447958	430072	17886	4151	14637810	13446458	12758313339308424
1678262	1660682	17580	2256	8786242	9008282	12758313350124920
295844	278068	17776	4034	14264278	12949220	12758313365038898
330170	312326	17844	4903	16521290	15582446	12758313382240236
266490	248756	17734	1688	7094698	5894706	12758313389955144
178144	160444	17700	2109	8506810	7072952	12758313398991950
230036	212560	17476	1608	6941758	5623112	12758313406517030
595350	577576	17774	962	4960014	4049782	12758313412422288
1498566	1480820	17746	3338	11950912	12061986	12758313426224784
1294560	1277256	17304	735	4254298	4068520	12758313432123294
560286	542660	17626	1482	6630988	5573290	12758313439664304
617146	599324	17822	3071	11145188	10383032	12758313451779470
315602	297854	17748	4014	13906890	12907118	12758313466352516
1668030	1650232	17798	1443	6366658	6562298	12758313474741084
912716	895104	17612	1781	7386184	6818438	12758313483389424
687762	669996	17766	2561	9575128	8931498	12758313494004636
1156322	1138736	17586	2849	10386108	10258856	12758313505897136
1182896	1165508	17388	1244	5618758	5480396	12758313513049670
614318	596642	17676	2967	11070682	10074398	12758313525087116
320462	302692	17770	1604	6839098	5697070	12758313532598636
1088748	1071642	17106	39	2110410	1779742	12758313536150388
1090206	1072552	17654	1695	7293714	6743130	12758313544884984
1389830	1372186	17644	4374	14931384	15055232	12758313561558590
472090	454432	17658	3531	12529060	11611602	12758313574907936
1532432	1514926	17506	2513	9398744	9664978	12758313586192032
1668254	1650634	17620	2483	9487586	9674682	12758313597697680
1663856	1645530	18326	4695	16023370	16290842	12758313615737456
1595520	1578134	17386	2080	8259842	8395388	12758313625943666
605162	587272	17890	4985	16759264	16100378	12758313643661696
1113250	1095296	17954	4703	16021996	15765758	12758313661148336
1663228	1645302	17926	3532	12489788	12807582	12758313675654204
490334	472242	18092	2604	9626570	8860626	12758313686123460
1668170	1650286	17884	4218	14806464	14869796	12758313702951050
1367898	1350678	17220	596	3706108	3726290	12758313708376236
1661392	1643470	17922	4133	14258736	14603938	12758313724669644
1280618	1262678	17940	4664	15868282	15817442	12758313742171316
193196	175524	17672	3903	13530708	12448496	12758313756248810
1662370	1644656	17714	1905	7657266	7940058	12758313765942396
275738	257812	17926	3540	12479346	11444474	12758313779050196
1687178	1669482	17696	4592	15937194	16006898	12758313797024336
511058	493312	17746	4918	16913962	15811502	12758313814802036
1339716	1321908	17808	1158	5248078	5378388	12758313821742210
457086	439638	17448	856	4424422	3597306	12758313826976904
1665422	1647348	18074	3235	11857786	11917922	12758313840851060
1143278	1126002	17276	553	3704802	3375910	12758313846051296
1040532	1022610	17922	3179	11691696	11129476	12758313859135170
472108	454110	17998	4849	16321532	15559482	12758313876278604
424378	405584	18794	4083	14244260	13217230	12758313891299964
589634	571726	17908	4279	14808258	13973230	12758313907046276
1673102	1655066	18036	3894	13458792	13899546	12758313922531400
1183832	1165676	18156	1731	7121214	6939572	12758313931188290
1667964	1650038	17926	2542	9534356	9852606	12758313942743180
1103978	1086056	17922	1197	5467254	5263298	12758313949664336
899840	881840	18000	4572	15566214	15158780	12758313966483698
983266	964674	18592	4725	16147086	15699146	12758313983964792
1432470	1414858	17612	1616	6854902	6843434	12758313992605344
1359220	1341512	17708	2907	10491694	10635372	12758314004805866
1666962	1649174	17788	2035	8113492	8333074	12758314014939300
241672	224304	17368	251	2788688	1567658	12758314018320656
266664	248722	17942	4439	15263850	14123104	12758314034204870
1236512	1218742	17770	4084	14413584	14040212	12758314050207926
1406302	1388146	18156	3836	13447388	13463492	12758314065413966
703316	685520	17796	1843	7614194	6829428	12758314074084546
173308	155484	17824	2724	10358970	8905410	12758314084969404
1672408	1654556	17852	2228	8918930	8920722	12758314095908064
678488	660322	18166	4334	14950056	14224504	12758314111889690
334268	316978	17290	220	2850648	1571902	12758314115427302
1663810	1646176	17634	2469	9500782	9632078	12758314126956596
276550	258804	17746	4381	15300724	13963290	12758314142886116
1418282	1400342	17940	3324	12098634	11945222	12758314156756460
1425692	1407922	17770	1701	6912888	7093754	12758314165449206
626738	609038	17700	2389	8994562	8353468	12758314175424656
1663420	1645868	17552	1254	5753150	5978012	12758314183186406
377480	359832	17648	1146	5322352	4371352	12758314189232978
1667820	1650236	17584	1524	6561284	6791282	12758314197807956
660456	642506	17950	2838	10556302	9711880	12758314209370734
589396	571400	17996	757	4400770	3440828	12758314214707802
1654782	1637144	17638	1387	5996298	6370446	12758314222701564
736590	718266	18324	1916	7582144	7033290	12758314231366704
445508	427572	17936	778	4150282	3334448	12758314236306986
1362298	1344194	18104	3625	12814200	12772386	12758314250829384
1017284	999728	17556	1366	5970354	5668544	12758314258161182
1283564	1265550	18014	4116	14103616	14164170	12758314273894764
401682	383848	17834	3541	12772934	11564922	12758314287414416
1074384	1056454	17930	2343	8964150	8645786	12758314297799120
778718	761346	17372	138	2245130	1751138	12758314301169684
1670274	1652470	17804	3398	12352116	12409522	12758314315538256
1098716	1081028	17688	577	3529092	3385344	12758314320512510
1048052	1030230	17822	4330	14765278	14570500	12758314336671206
635726	617772	17954	1997	7780540	7173792	12758314345434938
492674	475258	17416	751	4062736	3297368	12758314350338006
730824	713630	17194	304	2731550	2200052	12758314354146590
1683878	1665722	18156	1683	6876174	7280802	12758314363051736
974370	957056	17314	24	1975342	1604738	12758314366346784
1088242	1069454	18788	4052	14152370	13775844	12758314381933818
1354142	1336588	17554	1074	5390398	5131982	12758314389023396
541016	523264	17752	192	2607498	1694468	12758314392517010
1682284	1664762	17522	1046	5060250	5371932	12758314399605210
1040982	1023308	17674	1820	7258434	7050522	12758314408250736
579596	562214	17382	1357	5878190	5202744	12758314415053122
1610980	1593584	17396	503	3674902	3678788	12758314420684466
888710	871022	17688	3001	10784744	10428584	12758314432702890
1666790	1648922	17868	4432	15093850	15490810	12758314449810056
1376654	1358518	18136	3206	11504214	11533660	12758314463035748
310880	293318	17562	901	4877290	3576648	12758314468569366
306204	288342	17862	4711	15970200	14968650	12758314485190076
1721230	1703156	18074	1660	6984396	7250336	12758314494239862
462084	444444	17640	689	3883714	3081726	12758314498933644
1334208	1315908	18300	3718	13306992	13028992	12758314513920126
165330	147356	17974	4450	15502488	14050950	12758314529933364
660088	642126	17962	3635	12835160	12101406	12758314543773384
1470024	1451720	18304	1159	5285640	5499366	12758314550874384
222006	202824	19182	4807	16229602	15169986	12758314567670424
165514	147362	18152	4644	15733656	14623692	12758314583916066
1611438	1593908	17530	339	2816526	3186026	12758314588690176
1135880	1117782	18098	3398	12040598	11863986	12758314602212304
1654058	1636058	18000	1625	6683142	7079714	12758314610894972
165182	147292	17890	3388	11935102	10865378	12758314623340976
556362	538464	17898	2588	9667426	8862846	12758314633910784
317702	299692	18010	4440	15477304	14171070	12758314650052136
670290	651624	18666	2426	9206870	8493910	12758314660275296
369878	351776	18102	1390	6090940	5086590	12758314667083044
1297394	1279854	17540	517	3722624	3410136	12758314672448934
722736	704750	17986	3612	12601896	12094140	12758314686120414
1669782	1651856	17926	3997	13959234	14194534	12758314702094760
1655042	1637368	17674	1515	6657988	6756542	12758314710765296
607900	589854	18046	4807	16373500	15557528	12758314728091286
1660000	1642254	17746	2226	8844590	8887212	12758314738942146
1105716	1088174	17542	2777	10489038	9983440	12758314750883094
1653552	1636104	17448	1518	6718752	6759852	12758314759601586
636102	618212	17890	4911	16485234	15895266	12758314777068120
787646	770198	17448	1246	5919162	5080502	12758314784121260
1375928	1357900	18028	3597	12946282	12703992	12758314798787846
1240220	1222118	18102	3397	11985848	11967658	12758314812359724
631252	613732	17520	1898	7783218	6876612	12758314821121386
373726	355932	17794	3990	14030040	12871660	12758314835870052
1654152	1636352	17800	1573	6864678	6926648	12758314844734406
1187418	1169694	17724	2998	10933518	10720254	12758314857199932
874722	856870	17852	4025	13958638	13484690	12758314872378336
614788	597294	17494	903	4555260	3876508	12758314877894694
641624	623774	17850	4058	14318482	13351748	12758314893197186
361770	343650	18120	2849	10324588	9444450	12758314904230344
1605810	1588066	17744	2038	8270990	8268466	12758314914453176
812010	794202	17808	2576	9528358	9080138	12758314925139924
653804	636086	17718	1794	7542688	6586374	12758314933682052
1476810	1458772	18038	3309	11719596	11939882	12758314947224876
1666268	1648470	17798	1021	4866534	5280100	12758314954103246
1144776	1127294	17482	2521	9351502	9248768	12758314964945754
317460	299684	17776	256	2942582	1643168	12758314968551006
1211262	1193840	17422	1647	6893122	6701766	12758314977001620
664638	646928	17710	3051	11309788	10361970	12758314989321492
1335124	1317710	17414	82	2251928	2143422	12758314993272156
1111484	1093572	17912	3606	12686972	12461878	12758315007417252
1396602	1378698	17904	1823	7336438	7412672	12758315016495576
260394	242366	18028	2797	10229182	9189372	12758315027330772
764310	746384	17926	2847	10692118	9848398	12758315039132724
1188546	1170642	17904	4533	15739162	15316422	12758315056403964
988566	970676	17890	2314	9102046	8480724	12758315066840604
1650214	1632374	17840	1416	6137894	6451266	12758315074975560
907920	889826	18094	4815	16206762	15875408	12758315092435974
878588	860800	17788	1925	7695142	7202552	12758315101355246
312536	295016	17520	804	4338960	3281678	12758315106353096
498306	480284	18022	3314	11939412	10976166	12758315119135764
1665094	1647276	17818	3590	12685892	13007956	12758315133833342
873670	855796	17874	4213	14581796	14041270	12758315149634516
702722	685036	17686	4843	16569208	15758318	12758315167253156
1202682	1184866	17816	2107	8325262	8100854	12758315177126760
1611778	1594918	16860	466	3570380	3568830	12758315182653684
592770	575450	17320	165	2415902	1645718	12758315186007236
203796	185782	18014	3640	12815640	11660262	12758315199373628
1665190	1647698	17492	929	4579570	5003762	12758315205964856
350560	332700	17860	4618	15610250	14730136	12758315222272166
1663158	1645330	17828	3585	12930786	12959218	12758315237211504
682170	664830	17340	169	2687306	1754102	12758315240926136
160666	143202	17464	887	4567902	3378162	12758315246001360
250606	232924	17682	3960	13686100	12663254	12758315260283492
1663736	1645716	18020	1222	5699848	5881384	12758315267993690
270202	252732	17470	256	2946908	1604280	12758315271556314
1259942	1188410	71532	2861	10397314	10385156	12758315283556916
1330750	1312712	18038	1736	7052126	7087670	12758315292333996
1031982	1014426	17556	747	4263198	3830166	12758315297976144
165362	147366	17996	4831	16238618	15183160	12758315314725486
346384	328366	18018	3066	11012944	10085538	12758315326429112
532602	514514	18088	3173	11572912	10592226	12758315338880160
692534	675082	17452	840	4385718	3767646	12758315344304552
973718	955790	17928	3440	12296602	11832698	12758315357922056
817446	799852	17594	639	3926394	3286386	12758315363012304
1212414	1194404	18010	4969	16677568	16647594	12758315381247708
1583958	1566004	17954	2874	10620742	10744190	12758315393797236
1415974	1398080	17894	2794	10248450	10339888	12758315405807220
174864	156992	17872	1947	7734418	6564264	12758315414062662
1545372	1527552	17820	3675	12872082	13105272	12758315428826286
1543402	1525532	17870	2683	9910564	10135136	12758315440625210
499290	481340	17950	2129	8329162	7430664	12758315449798704
821778	803924	17854	1178	5354868	4909106	12758315456319552
341246	323272	17974	4357	15219618	13949846	12758315472233840
1297302	1279664	17638	2768	10200750	10139490	12758315484077964
231496	214000	17496	1728	7293600	5966486	12758315491948992
621162	603712	17450	1345	5856368	5208782	12758315498782256
1169670	1151756	17914	2397	9055684	8904126	12758315509353984
922944	905166	17778	4420	15164034	14711466	12758315525786664
915072	896918	18154	4668	15858870	15444672	12758315542906986
678760	661036	17724	2509	9342710	8750084	12758315553274466
174372	156880	17492	2084	8267158	6971352	12758315562062766
1668740	1650828	17912	1008	5080028	5268146	12758315569156986
1506946	1489526	17420	989	4877514	5030324	12758315575887732
188768	171322	17446	2209	8426630	7363416	12758315584873974
1658798	1640810	17988	2132	8226414	8600198	12758315595104156
1294482	1277238	17244	529	3349914	3439926	12758315600094060
598748	581348	17400	1889	7820020	6819088	12758315608855914
1664438	1646846	17592	480	3272282	3660486	12758315614138446
1120218	1102924	17294	1836	7531394	7179734	12758315623135592
1007318	989634	17684	3609	12739132	12371172	12758315637226926
892740	874918	17822	3931	13743390	13217228	12758315652208406
1659060	1641432	17628	997	4887690	5204820	12758315659101054
864332	846442	17890	83	2285998	1673920	12758315662595126
526988	509616	17372	1970	7773920	6982236	12758315671242474
1654868	1636978	17890	897	4624282	4900208	12758315677868306
1230812	1212918	17894	3170	11374326	11279792	12758315690819390
250458	232720	17738	4614	15821808	14622802	12758315707236696
331718	313730	17988	4075	14247652	13088250	12758315722162436
1078118	1060584	17534	1936	7750706	7435602	12758315731336944
1316442	1298502	17940	3810	13339678	13281918	12758315746339116
1578302	1560328	17974	4699	16101198	16202576	12758315764363736
265596	247806	17790	2703	10029734	8917058	12758315775004532
1000518	983166	17352	571	3622482	3271626	12758315779974264
1349222	1331548	17674	2121	8524188	8265362	12758315790193556
494042	476160	17882	204	2413756	1665736	12758315793447582
1359066	1341790	17276	653	3996666	3873330	12758315799149124
921998	904154	17844	4899	16701750	16144394	12758315817118232
954042	936310	17732	1951	7931670	7354610	12758315826350256
687924	670090	17834	1533	6681182	5836984	12758315834063330
159930	142530	17400	875	4797570	3345790	12758315839368356
842798	825388	17410	1820	7408762	6852790	12758315847988436
1562342	1544498	17844	1624	6670468	6983198	12758315856567116
864458	846638	17820	4226	14582570	14072946	12758315872359984
684006	665892	18114	2530	9602182	8818358	12758315882992944
963496	946188	17308	287	3046946	2388624	12758315887348722
707670	690254	17416	2017	8048442	7305450	12758315896451604
1541352	1523512	17840	4637	15810356	15980600	12758315914147058
1297840	1280024	17816	3099	11097262	11133872	12758315926886606
449876	432014	17862	3072	11024752	10205266	12758315938707494
1664742	1646884	17858	4460	15173514	15575502	12758315955892416
1672758	1654974	17784	2320	8769088	9180940	12758315966680872
955712	937882	17830	3691	12918178	12562710	12758315980898246
774684	756878	17806	3515	12351696	11855106	12758315994370644
1353518	1335578	17940	1689	7101322	6967358	12758316003170876
374736	356922	17814	4036	14115204	13017618	12758316018006576
1299936	1282106	17830	3330	11998738	11825652	12758316031651374
755586	737700	17886	3527	12507208	11872380	12758316045260460
726614	708572	18042	4512	15605422	14795626	12758316061937612
736502	718658	17844	4272	14616388	14078258	12758316077636096
1082458	1064820	17638	2431	9081082	8921140	12758316088145966
1007046	989318	17728	1271	5596672	5372490	12758316095094864
431882	414602	17280	270	2947756	1806466	12758316098817416
1335570	1317390	18180	1835	7424992	7386362	12758316107924628
1667770	1650116	17654	2272	8617910	9032770	12758316118555316
691634	674216	17418	1381	6115948	5384594	12758316125707868
602798	584860	17938	2583	9531968	8896164	12758316136186926
593476	575742	17734	4192	14345414	13703262	12758316151471076
593378	575514	17864	4268	14589544	13931664	12758316167001006
1544490	1526858	17632	2526	9740880	9669242	12758316178630736
717008	699040	17968	4175	14297662	13774388	12758316194009666
384666	366822	17844	1343	6027412	4963830	12758316200767464
459774	442196	17578	2034	8032230	7106944	12758316209605790
155678	137724	17954	894	4707738	3393542	12758316214814516
466110	448096	18014	3835	13295392	12505794	12758316228922008
1576952	1559196	17756	1528	6440062	6707884	12758316237284690
336550	318734	17816	3525	12515510	11447788	12758316250481936
747430	729566	17864	2292	8687660	8170158	12758316260263596
1610698	1593408	17290	421	3434100	3435036	12758316265655034
668246	650384	17862	1282	5612926	5063726	12758316272281512
1079260	1061672	17588	1609	6989516	6460338	12758316280695516
897624	879784	17840	4497	15286094	14937248	12758316297226010
345804	328256	17548	1542	6792924	5523778	12758316304710084
1234454	1216616	17838	1225	5543390	5461768	12758316311832900
756636	738974	17662	3580	12713322	12033174	12758316325648974
1564114	1546748	17366	371	2943530	3248162	12758316330509000
805170	787678	17492	2230	8642128	8055838	12758316340308864
737478	719634	17844	2381	8970082	8463978	12758316350369136
207542	189582	17960	2057	8042742	6939490	12758316358973396
428070	410202	17868	3524	12735528	11554750	12758316372485244
1658580	1640760	17820	2149	8441188	8666496	12758316382936734
158314	140658	17656	4944	16686696	15531346	12758316400133160
158816	141172	17644	3449	12238500	11082750	12758316412883216
183588	165866	17722	4539	15383302	14345360	12758316428800206
604692	587378	17314	192	2434288	1754020	12758316432193266
662978	645018	17960	2481	9321566	8663886	12758316442532124
1330094	1312402	17692	4389	14962334	15040140	12758316459178194
1675744	1657966	17778	2949	10853012	11077698	12758316472057952
563668	545862	17806	3720	12993006	12300614	12758316485967180
894420	876682	17738	4840	16571398	15954088	12758316503782254
766468	748956	17512	701	3898700	3436740	12758316508799034
1474692	1457124	17568	4793	16225294	16396630	12758316526850886
1472162	1454332	17830	2731	9988618	10221614	12758316538664216
438634	420754	17880	3654	12758886	11947452	12758316552215010
869038	851196	17842	3423	12278294	11690648	12758316565715454
1296242	1278194	18048	3618	12655830	12699038	12758316580020536
344820	326892	17928	937	4662538	3744636	12758316585381054
1177490	1159614	17876	2350	8860970	8789290	12758316595769976
1638036	1620816	17220	523	3377694	3780884	12758316601138830
1426866	1409564	17302	45	1938774	2134062	12758316604857324
1609270	1591508	17762	445	3258182	3516982	12758316610076796
364374	347074	17300	445	3233358	2270702	12758316614027568
317108	299566	17542	4271	14979462	13675868	12758316629677826
570710	552868	17842	4308	14782480	14040180	12758316645383694
1340624	1322950	17674	4659	15779098	15860036	12758316662853998
1042078	1024242	17836	598	3682940	3409590	12758316667930464
987218	969470	17748	2719	10326382	9705242	12758316679592816
588096	570690	17406	2527	9430762	8725392	12758316689964930
1310862	1293134	17728	2390	9065848	9042646	12758316700692900
1188330	1170282	18048	1682	6860606	6796722	12758316709094216
1668602	1650884	17718	1631	6813838	7125242	12758316717927656
810186	793018	17168	128	2272672	1767546	12758316721363884
1672044	1654268	17776	4569	15668402	15923704	12758316739054670
903310	885944	17366	126	2419046	1851818	12758316742730364
878402	861052	17350	87	2192758	1714058	12758316746153336
1481524	1463696	17828	3824	13644976	13508884	12758316761630930
158796	141086	17710	3739	13071778	11924556	12758316775215750
325176	307308	17868	3153	11227170	10340418	12758316787120230
452702	435338	17364	318	2795514	1981418	12758316790722476
325602	307710	17892	2058	8090526	7061250	12758316799490304
1563666	1545930	17736	3238	11554246	11828844	12758316812960244
195462	178204	17258	312	2933308	1703294	12758316816437460
1079724	1061958	17766	3157	11245710	11103668	12758316829116710
163450	145590	17860	3223	11434702	10384622	12758316841066676
500718	483498	17220	243	2769366	1805062	12758316844687116
1616018	1598724	17294	467	3324054	3587738	12758316849980576
1024536	1006652	17884	4652	15949006	15523108	12758316867307482
955350	937758	17592	4695	16053382	15583206	12758316884668704
461978	444600	17378	762	4059744	3318074	12758316889541672
482062	464416	17646	963	4758122	3939616	12758316895134468
212048	194720	17328	400	3066954	1983428	12758316898764146
467228	449450	17778	3189	11468568	10581736	12758316911053622
457630	439610	18020	4682	16204330	15050978	12758316928067636
638820	621092	17728	1819	7331764	6658294	12758316936389460
591124	572290	18834	895	4468060	3841084	12758316941800730
251368	233940	17428	320	2869440	1783836	12758316945276834
942588	924580	18008	3966	13731760	13388032	12758316960300846
1264712	1247124	17588	714	3998562	3979196	12758316965917430
259986	242376	17610	2764	10292430	9110658	12758316976821392
383798	366328	17470	1471	6237014	5363550	12758316983795904
1153774	1135982	17792	1798	7199570	7114608	12758316992499980
1673082	1655274	17808	3201	11504460	11827934	12758317006029368
178194	160366	17828	1900	7879374	6447312	12758317014437952
1104080	1086172	17908	4672	16025674	15661414	12758317031920400
662498	645136	17362	153	2409142	1698610	12758317035342656
335430	317420	18010	3198	11497282	10484462	12758317047528768
1589490	1571728	17762	588	3580198	3924810	12758317053050544
196088	178134	17954	2721	10096912	8915994	12758317063694606
1506318	1488946	17372	1103	5129478	5385254	12758317070682240
849712	831718	17994	2384	9158420	8584012	12758317081042538
306006	287850	18156	2908	10810102	9588638	12758317092509124
327504	310282	17222	372	3101940	2014314	12758317096292810
490344	472566	17778	3139	11521306	10466712	12758317108672446
540986	523574	17412	1263	5609008	4897082	12758317115175800
173060	155304	17756	2561	9854048	8416632	12758317125555246
633602	615782	17820	1519	6546678	5754334	12758317133088020
715264	697892	17372	1868	7774670	6883172	12758317141929890
623940	606194	17746	3472	12611248	11619336	12758317155518814
481782	464198	17584	4907	16548078	15745094	12758317172900004
737040	719214	17826	4167	14494984	13784608	12758317188484734
1609192	1591594	17598	951	4777510	5034656	12758317195219898
960456	942996	17460	1851	7730662	7081028	12758317204265154
545078	527630	17448	1590	6854688	5881982	12758317212017456
983758	966518	17240	589	3740190	3322266	12758317217095104
545558	528190	17368	195	2790834	1709230	12758317220783936
364508	346618	17890	2721	9954022	9083076	12758317231455114
224566	184904	39662	2067	8291750	6990354	12758317240320672
1075148	1057720	17428	2388	9333064	8798474	12758317251080828
951798	933786	18012	4887	16573218	16153740	12758317268959500
1664544	1646618	17926	4998	17152222	17203704	12758317288129398
1138616	1120792	17824	1048	5200048	4851204	12758317294816284
1614152	1596864	17288	388	2993514	3348784	12758317299778070
1546156	1528346	17810	4060	14187096	14274696	12758317315874610
1667378	1649862	17516	918	4934210	4993386	12758317322828604
1074922	1057044	17878	3950	13971412	13473872	12758317338227030
708302	690532	17770	3299	11813418	11153290	12758317351100876
310128	292464	17664	2518	9596202	8422368	12758317361357466
1672332	1655044	17288	1972	8084838	8151584	12758317371467730
736338	719036	17302	2965	10914534	10184450	12758317383479016
1358908	1340998	17910	4362	15035790	14987166	12758317400236164
285698	268046	17652	4345	15191506	13871734	12758317416063800
1017878	1000586	17292	252	2964454	2348352	12758317420399358
897900	880370	17530	2260	8647908	8230476	12758317430293614
594456	576750	17706	3056	11082750	10315572	12758317442320710
771212	753428	17784	1249	5921382	5086934	12758317449363266
841168	823256	17912	3482	12226472	11838398	12758317462784304
1586996	1569684	17312	578	3614310	3893012	12758317468336790
1674072	1656298	17774	3726	13053446	13399880	12758317483418138
1612916	1595556	17360	432	3483258	3483156	12758317488866810
301524	283718	17806	1476	6234808	5295504	12758317495755978
1493920	1476442	17478	1578	6601766	6791048	12758317504206086
1040472	1023052	17420	2249	8664328	8346260	12758317514263626
1350978	1331786	19192	4532	15752982	15490282	12758317531720296
892796	875326	17470	38	1983450	1580944	12758317534949270
1124810	1107174	17636	701	3894328	3796448	12758317540320174
1680866	1663158	17708	2883	10478326	10886850	12758317552829712
1030828	1012926	17902	3978	13860444	13512398	12758317568074764
604622	586538	18084	3495	12654862	11643774	12758317581685160
210850	192858	17992	3730	13035434	11949370	12758317595283216
1100166	1082358	17808	4538	15772794	15262842	12758317612510620
1446242	1428596	17646	1181	5528824	5559074	12758317619838956
1370906	1353040	17866	2714	10022928	10067162	12758317631585480
1045292	1027334	17958	1225	5577064	5286406	12758317638556532
256812	238958	17854	2628	9702946	8697418	12758317648868784
666958	649110	17848	4001	13867862	13215750	12758317663755384
1173096	1155650	17446	1268	5635248	5545424	12758317670917650
1677276	1659802	17474	1116	5235950	5592796	12758317678194722
1658008	1640082	17926	4282	14668942	15049590	12758317694872736
1482182	1464826	17356	493	3496078	3532650	12758317700212736
1056818	1039588	17230	556	3853374	3299130	12758317705473776
1677480	1659456	18024	4864	16492050	16810380	12758317723994874
1714386	1696644	17742	3641	13092082	13192866	12758317739151804
1055370	1037664	17706	3694	13276588	12690592	12758317753837224
963086	945100	17986	3797	13223946	12901946	12758317768374128
1521138	1503882	17256	360	3114762	3175112	12758317773364776
428346	410180	18166	3414	12040146	11221018	12758317786185744
931356	913452	17904	2952	10719892	10340160	12758317798190454
291554	273758	17796	4922	16686198	15601170	12758317815519836
1665238	1647778	17460	998	5030160	5229366	12758317822567944
648844	631148	17696	2081	8081090	7450232	12758317831649630
681150	663870	17280	121	2309880	1617614	12758317834995116
717452	699744	17708	741	4415428	3514136	12758317840478450
890064	872518	17546	2532	9473208	9040528	12758317851194784
581506	563926	17580	1722	7188590	6312106	12758317859317292
850572	833268	17304	58	2363908	1606760	12758317862884506
1663004	1645084	17920	1754	7057550	7491136	12758317871954310
795578	777864	17714	2074	8396962	7580950	12758317881499016
399026	380860	18166	2597	9813874	8747024	12758317892065392
163570	145764	17806	2080	8421740	6972282	12758317901003216
722580	704934	17646	1836	7345978	6791616	12758317909424454
705700	687992	17708	130	2446406	1673020	12758317912927226
375428	358014	17414	2069	8017992	7140480	12758317921674206
1388462	1370384	18078	2678	9958614	9977378	12758317933374956
1503624	1485802	17822	4911	16735506	16773544	12758317951964990
1679252	1661576	17676	1080	5081776	5487132	12758317959078158
742230	724800	17430	967	4910226	4213724	12758317965081656
1667694	1649836	17858	2463	9559980	9615926	12758317976661740
1352018	1334462	17556	1022	5044882	4986818	12758317983409196
1413178	1395178	18000	3603	12668924	12769860	12758317997845194
802512	784808	17704	1355	6246350	5438680	12758318005243406
1664120	1646230	17890	3710	13051672	13343480	12758318020312298
845300	827610	17690	4999	16814200	16382526	12758318038321644
1168802	1150658	18144	3502	12541762	12226732	12758318052385400
1050006	1032328	17678	163	2539902	2110062	12758318056324980
1550002	1532234	17768	2809	10299426	10532136	12758318068527114
1574136	1556628	17508	1627	6936238	7017654	12758318077389174
1598804	1581080	17724	2610	9858810	9985664	12758318089199798
1519968	1502246	17722	3908	13759038	13791408	12758318104830606
314730	297390	17340	288	2742888	1751848	12758318108240304
1516272	1498438	17834	3458	12535794	12444344	12758318122643430
212266	195032	17234	299	2844888	1683486	12758318126053320
1443482	1425856	17626	986	5144970	4977412	12758318132991956
1087138	1069376	17762	2761	10471260	9929970	12758318144903424
1300404	1282718	17686	3415	12121666	12096468	12758318158674426
663224	645320	17904	1169	5359964	4737670	12758318165049564
953336	935478	17858	2529	9765522	9101764	12758318176119890
453018	435186	17832	2766	10194610	9308230	12758318187121284
1300508	1282700	17808	3818	13253592	13300208	12758318202029222
1655406	1637864	17542	1750	7146714	7468330	12758318211180264
1378852	1361258	17594	2372	8984796	9055332	12758318221896624
1438858	1421352	17506	1229	5534726	5696922	12758318229220284
1386902	1369228	17674	4289	14650138	14798230	12758318245611176
986980	969142	17838	3973	13875514	13452700	12758318260836986
1371480	1353622	17858	3125	11206384	11300278	12758318273767734
1657986	1640264	17722	1993	7752082	8193954	12758318283529668
158166	140770	17396	1045	5072722	3861578	12758318289114024
1075746	1057580	18166	4853	16581954	16176810	12758318307123804
470248	452886	17362	533	3680130	2641258	12758318311627224
702396	685116	17280	615	3814162	3118722	12758318316495294
241532	223976	17556	392	3133582	1994588	12758318320221530
727222	709428	17794	1915	7770330	7034374	12758318329072188
1236004	1218310	17694	3939	13592090	13602716	12758318344252190
1143984	1126126	17858	2399	9118310	8896524	12758318354868590
1079052	1061744	17308	503	3477976	3162306	12758318359774944
285746	268296	17450	766	4115102	3154960	12758318364527454
707598	689840	17758	256	2566576	2050506	12758318368154544
1589250	1571382	17868	2662	9957808	10131578	12758318380056024
296452	278632	17820	4682	15802296	14886578	12758318396507904
173758	155922	17836	2947	10954950	9570680	12758318407988604
560012	541786	18226	3937	13627162	12918036	12758318422525250
1433484	1415720	17764	1218	5636188	5649906	12758318429947044
1554492	1537236	17256	367	3062712	3227264	12758318434916550
1672326	1654690	17636	4643	15729832	16139850	12758318452671384
1063982	1046170	17812	3985	13794928	13565642	12758318467883396
1673024	1654978	18046	1715	6965346	7367260	12758318476866566
1664032	1646512	17520	948	5021048	5068950	12758318483896884
1002824	984894	17930	1741	7394610	6773348	12758318492639186
845954	827842	18112	3084	11012038	10640774	12758318504842868
1121650	1103894	17756	1612	6616310	6508838	12758318512927076
916470	899206	17264	82	2079794	1721738	12758318516268476
1614394	1597146	17248	541	3788126	3796234	12758318522015400
1125966	1108572	17394	1064	5363874	4876778	12758318528850504
1540092	1522262	17830	1438	6154290	6404166	12758318536890366
641668	623798	17870	4076	14035236	13404126	12758318551911204
426550	409210	17340	224	2509650	1656642	12758318555191776
1497634	1479844	17790	447	3517848	3397722	12758318560551540
1040490	1022810	17680	757	4286640	3867370	12758318566223876
412840	394860	17980	4618	15805594	14795288	12758318582787266
1515542	1498290	17252	436	3191028	3379150	12758318587840556
1673396	1655416	17980	3427	12432128	12497336	12758318602292322
304584	286842	17742	270	2739996	1675890	12758318605682336
1398666	1380634	18032	3861	13500648	13516520	12758318620926600
698784	680706	18078	2504	9374196	8753286	12758318631345264
774914	757158	17756	748	4417522	3575954	12758318636883420
1610468	1592622	17846	979	4852354	5102622	12758318643692708
1268268	1250396	17872	2357	8884710	8880356	12758318654190822
1084324	1067220	17104	43	2299710	1770606	12758318657921580
1184064	1166346	17718	4633	15663052	15613188	12758318675113506
401856	383606	18250	2468	9566976	8350694	12758318685428948
1664454	1646832	17622	1151	5499738	5670086	12758318692937712
992976	975146	17830	3447	12489688	11873832	12758318706766710
336914	319238	17676	3099	11097282	10170842	12758318718546116
526776	509000	17776	1272	5833200	4893104	12758318725251422
169682	151936	17746	4199	14621458	13296130	12758318740388396
1343278	1325872	17406	1753	7045530	7148678	12758318749124964
678440	661604	16836	3094	11092542	10502170	12758318761242818
606976	589552	17424	2978	10824248	10080158	12758318773020116
1667902	1650052	17850	4698	15873876	16292482	12758318790907068
987830	969894	17936	3538	12462154	12134396	12758318804703470
732404	714524	17880	1790	7364508	6653804	12758318813145242
451518	433996	17522	184	2722470	1567998	12758318816665332
697948	680054	17894	2449	9178232	8588022	12758318826887156
1083478	1065504	17974	4167	14308680	14117610	12758318842626024
1255538	1237426	18112	2790	10195702	10194698	12758318854422536
1183486	1166036	17450	8	1874818	1794692	12758318857826510
188440	171164	17276	345	2953540	1782068	12758318861313386
379968	362112	17856	2434	9459502	8228300	12758318871498126
158888	141142	17746	1518	6671094	5270048	12758318878672526
1664012	1646126	17886	3876	13449668	13824918	12758318894133396
1157382	1139970	17412	475	3593506	3142754	12758318899229424
1088220	1071074	17146	628	3680970	3531208	12758318904343916
1661798	1643904	17894	3792	13452762	13578642	12758318919804056
165118	147276	17842	2114	8131470	7050216	12758318928447174
278790	261338	17452	2550	9758226	8479298	12758318938829396
873696	856092	17604	138	2284992	1845996	12758318942333514
674118	656346	17772	4150	14536264	13661206	12758318957888460
265434	247280	18154	2659	9967080	8785674	12758318968466480
617048	599000	18048	1973	7706994	7082648	12758318977135346
174632	156750	17882	3768	13055828	12014470	12758318990711616
260318	242438	17880	4173	14378758	13312334	12758319005695796
1444890	1426934	17956	2066	8014080	8192576	12758319015499856
735738	718486	17252	157	2608798	1768590	12758319019190292
185608	167798	17810	3739	13038842	11935770	12758319032760476
798180	780374	17806	2993	10766298	10319354	12758319044671194
740556	722846	17710	728	4065682	3480996	12758319049824114
763644	746362	17282	183	2464202	1873942	12758319053396750
1170386	1152482	17904	4562	15459442	15385202	12758319070372160
1668438	1650548	17890	1618	6681792	7074198	12758319079067676
1658684	1640786	17898	970	4839254	5121636	12758319085911570
1273666	1255878	17788	4618	15710602	15659786	12758319103241372
146620	129330	17290	358	2917086	1778924	12758319106651572
754988	737186	17802	1157	5259522	4777328	12758319113009186
1163910	1146318	17592	3241	11878638	11427906	12758319126398304
1252328	1234208	18120	4692	15911558	15854870	12758319143908236
1659006	1641670	17336	411	3008712	3453210	12758319148920924
1183242	1165888	17354	546	3820942	3384526	12758319154269420
1667076	1650258	16818	3644	12929028	13131078	12758319169211676
930790	913090	17700	4623	15669706	15329326	12758319186157316
755682	737696	17986	2433	9219472	8601726	12758319196478220
511828	493854	17974	3730	12982142	12237216	12758319210315894
750366	732354	18012	3606	12633018	12101102	12758319224046380
1031000	1013346	17654	3548	12799222	12214552	12758319238222838
1659202	1641462	17740	901	4629188	4920396	12758319244857834
454628	437366	17262	193	2416762	1595320	12758319248073806
1621262	1602624	18638	897	4856754	4869398	12758319254896916
712566	695032	17534	687	3946632	3327818	12758319259902084
579122	560774	18348	4937	16979128	15919262	12758319277806776
621808	604190	17618	895	4498356	3860174	12758319283272540
498868	480834	18034	4204	14555016	13641606	12758319298670700
1222210	1204052	18158	1193	5410922	5355018	12758319305649156
1666834	1650054	16780	1157	5244290	5691362	12758319312905420
1454078	1436604	17474	1775	7426762	7330478	12758319322132284
1310828	1292916	17912	3359	12113030	11925216	12758319335902854
1417798	1400292	17506	2438	9316236	9277598	12758319346981824
212526	195012	17514	912	4899922	3506198	12758319352447584
1073596	1055868	17728	3817	13302422	13059144	12758319367168662
541008	523266	17742	1772	7353342	6404080	12758319375408186
567874	550474	17400	834	4533182	3624964	12758319380855220
565296	547410	17886	2446	9146962	8466764	12758319390911610
651240	633216	18024	3018	11123502	10245096	12758319403032054
1065078	1047536	17542	1080	5329912	4858090	12758319409772796
174210	156888	17322	326	2894352	1711522	12758319413185728
783446	765436	18010	2323	8911138	8295122	12758319423225440
931386	913974	17412	168	2517070	1997066	12758319427018692
1185792	1167818	17974	2089	8286930	7998108	12758319436838286
1220786	1202920	17866	2884	10463986	10414426	12758319448868892
1372026	1354228	17798	2153	8615524	8378562	12758319459201840
1463738	1446016	17722	2873	10424634	10617730	12758319471435536
330426	312330	18096	4577	15678718	14583642	12758319487789764
198474	180602	17872	2046	7936794	6881918	12758319496271120
1373102	1355282	17820	3282	11817514	11756378	12758319509806496
1659228	1641352	17876	2183	8650792	8762148	12758319520462926
212712	195266	17446	1024	5034076	3837288	12758319526052526
1562838	1545992	16846	3381	12271582	12244842	12758319540233196
1385978	1368324	17654	2619	9770274	9786790	12758319551734556
1668436	1650416	18020	2207	8685880	8837582	12758319562435256
1376862	1358922	17940	2764	10084254	10211044	12758319574264860
755614	737792	17822	1235	5763344	5014722	12758319581137800
1473338	1455300	18038	4500	15670314	15507038	12758319598627556
235856	218410	17446	2002	7803604	6786864	12758319607012010
655292	637786	17506	758	4202154	3486244	12758319612214190
1082758	1065378	17380	1917	7715196	7379710	12758319621356964
1174238	1155524	18714	4866	16447762	16301250	12758319639324804
644978	599466	45512	1565	6701790	5887666	12758319647017052
1429960	1412482	17478	2710	10284230	10103084	12758319659076146
322176	304368	17808	3802	13557478	12266644	12758319673300890
1477196	1459350	17846	3889	13816412	13681468	12758319688938324
1107860	1089804	18056	1803	7568644	7068242	12758319697960700
1003334	985312	18022	3098	11444634	10840994	12758319710752592
121890	104664	17226	377	2954846	1806722	12758319714174836
1193658	1175930	17728	2894	10702692	10419498	12758319726415956
1663376	1645742	17634	1815	7363128	7655070	12758319735789536
893676	876284	17392	697	3919974	3541540	12758319740948634
1597348	1579410	17938	2187	8715542	8704588	12758319751606736
1663868	1645854	18014	3418	12319048	12456686	12758319765934166
1581096	1563256	17840	1080	5160238	5370912	12758319773043390
1011678	993848	17830	4588	15907122	15310302	12758319790308576
1463580	1445964	17616	1679	7060856	7050938	12758319799179476
965468	947686	17782	3070	11233188	10717628	12758319811724186
1040110	1021958	18152	785	4167710	3950112	12758319817278846
1283320	1265386	17934	2971	10900070	10733228	12758319829807826
440610	423268	17342	1889	7471650	6653042	12758319838066436
713622	695450	18172	3379	12050814	11389468	12758319851175840
688650	671208	17442	1766	7463104	6539884	12758319859671690
1330810	1313064	17746	3274	11716688	11718642	12758319873063536
1512540	1494614	17926	1153	5356470	5525738	12758319880278356
283994	266236	17758	1844	7551918	6362114	12758319888459416
1228650	1210736	17914	4103	14303160	14066604	12758319904338656
874764	856962	17802	2491	9507622	8890608	12758319915067362
712686	694940	17746	2528	9747958	8842694	12758319925874280
1032056	1014014	18042	2361	8865208	8660562	12758319936114960
531360	513490	17870	3613	12965070	11910338	12758319949956176
1458870	1440968	17902	4592	15571446	15765926	12758319967332432
726698	709040	17658	3249	11626100	11014590	12758319980032284
226830	209152	17678	4848	16683594	15300726	12758319997289124
1667878	1650204	17674	965	4695840	5117790	12758320003997604
1670270	1651310	18960	2984	10810134	11163940	12758320016824508
1670166	1652104	18062	3223	11682988	11879494	12758320030522920
1671810	1654066	17744	2530	9494790	9805094	12758320042035056
607298	589574	17724	2681	9952450	9192846	12758320052939124
1335302	1317190	18112	1560	6551062	6562874	12758320061170256
406750	388806	17944	3364	12243438	11041454	12758320074164484
1317956	1299876	18080	3365	12076738	11947952	12758320087906250
1306870	1288824	18046	3213	11490470	11487310	12758320101048896
293610	276112	17498	1309	5796258	4772198	12758320107499824
522278	504282	17996	3605	12661194	11872862	12758320121028776
1597612	1580346	17266	360	3258426	3239970	12758320126231224
288908	270898	18010	4757	16158492	15088240	12758320143023606
1586208	1568822	17386	142	2610596	2577994	12758320147565060
332198	314318	17880	2001	7998742	6884826	12758320156241544
1665356	1647450	17906	3810	13340702	13632038	12758320171593264
489734	471914	17820	1020	4992202	4104158	12758320177420892
1174578	1156726	17852	3852	13361982	13262874	12758320192303992
1358520	1341308	17212	56	2221016	2084440	12758320196229026
1159690	1142022	17668	4159	14626320	14170878	12758320212359436
1193308	1175594	17714	3229	11698470	11419236	12758320225597554
1613158	1595952	17206	375	3073346	3293872	12758320230629484
636520	618668	17852	1427	6298402	5488244	12758320237910126
1668372	1650560	17812	3318	11764552	12161712	12758320251688590
1182942	1165708	17234	88	2270822	2006578	12758320255489088
245934	228340	17594	3309	11894422	10713198	12758320267975092
574072	556390	17682	4516	15362618	14650118	12758320284258296
746318	728664	17654	4325	14851600	14251866	12758320300200024
674186	656356	17830	1821	7256782	6685586	12758320308477980
1612428	1595050	17378	52	1949902	2329972	12758320312385226
1685430	1667576	17854	4542	15615928	15839018	12758320330032324
264630	247394	17236	291	2699436	1697930	12758320333343156
327364	309478	17886	3259	11681976	10640656	12758320345697670
431326	413464	17862	4029	13895108	13050536	12758320360370990
714966	697244	17722	4554	15572392	14905030	12758320377001764
707930	690258	17672	2045	8307446	7394090	12758320386362496
656466	637722	18744	2378	9013468	8340486	12758320396379040
1245968	1227972	17996	3803	13437672	13189900	12758320411409066
505932	487982	17950	2660	10007172	9028488	12758320422269406
449586	432582	17004	4020	13978222	13070226	12758320437042864
659918	642084	17834	3310	12097312	11131810	12758320450146416
226850	209030	17820	3669	12924290	11765478	12758320463642256
1046070	1028198	17872	3489	12377472	12047438	12758320477411704
1610888	1593658	17230	640	3848274	4081784	12758320483216946
1226592	1208830	17762	1712	7147434	6912500	12758320491937086
1669558	1651840	17718	2758	10071952	10488220	12758320504025366
1582258	1564422	17836	1168	5293524	5636976	12758320511246634
527050	509412	17638	780	4524890	3426370	12758320516643904
326144	308950	17194	278	2722338	1716670	12758320520037458
1671422	1653676	17746	4858	16718878	16774950	12758320538780456
1341358	1323596	17762	2826	10385700	10361250	12758320550852904
1668154	1650286	17868	2268	8876810	9014838	12758320561744380
803922	785726	18196	3785	13163212	12693678	12758320576057116
761036	741944	19092	4697	15962732	15379258	12758320593124464
222608	204646	17962	2197	8735898	7362728	12758320602429686
1670466	1652472	17994	4071	14116672	14408886	12758320618563564
1066536	1048430	18106	3753	13068870	12876464	12758320633049730
1217036	1199404	17632	1188	5486848	5351058	12758320640107730
614882	597086	17796	1912	7913242	6918548	12758320648987040
913728	895936	17792	698	3934326	3575546	12758320654188200
869790	852200	17590	2219	8502450	8089630	12758320663913004
365076	346814	18262	4056	13960552	13079380	12758320678612074
825450	807522	17928	2425	9207778	8662858	12758320688996844
220896	203370	17526	2190	8722494	7353072	12758320698292770
1590038	1572360	17678	308	2833614	3089530	12758320703067896
1265456	1248568	16888	2187	8441974	8396922	12758320713128216
604358	586778	17580	1406	6226674	5387130	12758320720311776
1316618	1298790	17828	1209	5543936	5508210	12758320727524524
531762	513578	18184	2610	9866390	8920178	12758320738274216
692166	674832	17334	201	2526682	1867206	12758320741846524
786902	769072	17830	1784	7539408	6706682	12758320750524800
678568	660382	18186	2659	9789930	9210276	12758320761346494
1672412	1654938	17474	2130	8397714	8623744	12758320771764830
1090320	1072836	17484	1284	5657308	5508816	12758320778865594
1315538	1297506	18032	2430	9063410	9162038	12758320789592664
1653566	1635248	18318	4695	15929938	16281454	12758320807528940
609396	591704	17692	4905	16560446	15863684	12758320825067462
824672	806644	18028	2076	8044554	7615324	12758320834285370
177978	160000	17978	2692	9970614	8807090	12758320844787096
266444	248394	18050	3880	13508552	12456834	12758320858912212
1065602	1047722	17880	3979	13755072	13548874	12758320874083040
455910	437944	17966	4091	14218000	13276524	12758320889108256
1476812	1459028	17784	551	3862890	3726992	12758320894797986
1404714	1386908	17806	1069	5109990	5179652	12758320901666450
377198	359346	17852	3150	11458942	10382830	12758320913855484
1360020	1341958	18062	3413	11992288	12153540	12758320927560894
1125384	1107744	17640	1759	7145962	6965678	12758320936179264
1556552	1538696	17856	1770	7113982	7427664	12758320945202930
1256470	1238876	17594	4588	15548690	15562750	12758320962357356
756798	738618	18180	1953	7849402	7177638	12758320971315156
656950	639292	17658	4215	14666450	13851190	12758320986990776
496890	479110	17780	4713	15928978	15178050	12758321003779404
1103144	1085320	17824	2835	10382352	10164682	12758321015614946
314594	297396	17198	308	2825158	1810394	12758321019109088
1666172	1648338	17834	4377	15151308	15342294	12758321036278070
741898	724050	17848	2844	10525350	9829566	12758321047896924
569910	552642	17268	137	2601598	1561408	12758321051418144
929114	911502	17612	1670	7119050	6507748	12758321059819140
256600	238712	17888	4240	14508142	13523380	12758321074937066
159222	141368	17854	4037	14277508	12819738	12758321089726356
1163114	1145244	17870	3400	11970226	11913278	12758321103210476
1238550	1221164	17386	120	2382784	2173298	12758321107185684
1431160	1413382	17778	2891	10649870	10660388	12758321119619066
1675506	1657470	18036	3402	12005322	12434098	12758321133651744
1668030	1650098	17932	4914	16777770	16952710	12758321152448364
922836	904858	17978	4014	13915452	13510664	12758321167637250
