# Loop @ Start frequency 1300000Hz took 2444.60 cycles
# Interval [2442 ; 2447]
# Q1 : 2438 ; Q3 : 2442
# Loop @ Target frequency 2000000Hz took 1589.31 cycles
# Interval [1587 ; 1592]
# Q1 : 1584 ; Q3 : 1588
# Confidence intervals do not overlap, alternatives are statistically different with selected confidence level
Change time (with write) [cycles]	Change time [cycles]	Write cost [cycles]	Wait time [us]	Time since last frequency change request [cycles]	Time since last frequency change [cycles]	Detected frequency change timestamp [cycles]
810756	777784	32972	3567	704402376	704865110	12758358523548276
309314	291028	18286	4812	16150024	15273984	12758358540417370
310002	291702	18300	907	4695774	3589324	12758358545826216
1669528	1651078	18450	3036	10888602	11320696	12758358558786010
1260528	1242632	17896	4996	17013204	16778862	12758358577459662
990112	971964	18148	2463	9115532	8924504	12758358587990530
1561874	1543708	18166	4156	14399482	14560910	12758358604349820
1354632	1336364	18268	3982	13713998	13833386	12758358619819152
1660856	1642640	18216	4075	13963262	14420106	12758358635837992
704152	686144	18008	3998	13825490	13255870	12758358650770390
1056556	1038476	18080	3427	11986322	11877554	12758358664210782
181054	162962	18092	2191	8421370	7299774	12758358673214706
1294226	1275820	18406	4544	15454062	15450378	12758358690384612
1681506	1663296	18210	3891	13569372	13889328	12758358706035616
537792	519552	18240	4101	14174610	13373286	12758358721149366
1503774	1485788	17986	3295	11574234	11927482	12758358734649460
1553556	1535670	17886	2535	9309580	9700066	12758358745907500
1090104	1072386	17718	27	2255704	1738284	12758358749652130
1660118	1641850	18268	2511	9317516	9740230	12758358761026264
1170922	1151740	19182	4626	15579770	15580042	12758358778180060
1665762	1647582	18180	4697	15866640	16286108	12758358796108416
767762	749424	18338	4859	16269544	15872242	12758358813547894
419528	401250	18278	1572	6528992	5689428	12758358820894234
1355712	1338012	17700	447	3516774	3260318	12758358826167186
742524	724136	18388	3556	12582414	11946430	12758358839889762
736930	718816	18114	4871	16733618	15876164	12758358857760730
1399876	1381746	18130	3275	11675414	11765992	12758358871233190
1165222	1146826	18396	1540	6355910	6334974	12758358879154060
728422	710510	17912	3078	11060150	10504758	12758358891341316
380092	362240	17852	1572	6526742	5644560	12758358898645726
538000	519866	18134	1286	5614328	4947738	12758358905196432
847282	829110	18172	4158	14527310	13857248	12758358920969980
670690	652998	17692	156	2432064	1702246	12758358924471604
1198430	1180162	18268	590	3524306	3527370	12758358929593456
662030	643794	18236	1788	7224376	6576914	12758358937879980
961134	943110	18024	4822	16621052	15957262	12758358955863948
241682	224068	17614	271	2562302	1617582	12758358959065228
1279920	1261596	18324	2722	10338490	9986146	12758358971084440
1664326	1645678	18648	3041	11199914	11326886	12758358984347020
423826	405852	17974	1519	6521278	5534898	12758358991690212
1669698	1651486	18212	1506	6259940	6740446	12758359000017132
1675206	1657058	18148	4306	14911592	15124668	12758359017004326
1674334	1656154	18180	3273	11643234	12031106	12758359030722712
632488	614490	17998	1904	7542366	6921384	12758359039300090
1678748	1660126	18622	2294	8632786	9107118	12758359050010332
746368	728202	18166	1597	6997190	6092908	12758359058155186
875592	857868	17724	2113	8515310	7765640	12758359067942466
423892	405676	18216	412	3422456	2218104	12758359072189690
1150782	1133090	17692	138	2340270	2127618	12758359076076996
195196	176632	18564	3347	12201692	10779592	12758359088873710
1183806	1166152	17654	16	1884116	1795360	12758359092339126
170700	152756	17944	1746	7111212	5959764	12758359100045502
352526	334018	18508	4935	16952912	15695794	12758359117750792
1089438	1071308	18130	3464	12129656	12019690	12758359131371916
1502384	1484226	18158	3745	13040170	13275104	12758359146315372
213742	195688	18054	2732	10158830	8952046	12758359157087980
200296	182560	17736	1498	6666654	5255416	12758359164350254
1122914	1104838	18076	4146	14307514	14094502	12758359180180240
989086	971398	17688	1096	5371402	4835058	12758359186938972
728572	710258	18314	1260	5975066	5063836	12758359194041050
600172	582224	17948	4117	14284044	13482224	12758359209322930
523064	505120	17944	2011	7813256	7103326	12758359218059800
1211768	1194202	17566	172	2617624	2293030	12758359222286136
1161588	1143400	18188	2268	8862836	8533008	12758359232711106
783016	764470	18546	4094	14374770	13603694	12758359248266590
1303522	1285872	17650	745	4169418	4096942	12758359254141400
1670778	1652948	17830	2672	9881310	10231532	12758359266091032
677964	659646	18318	3355	11946054	11295772	12758359279116850
782436	764412	18024	1239	5789950	5068934	12758359286096020
1668244	1649866	18378	4099	14522660	14516968	12758359302700426
384204	366134	18070	3278	11631954	10770356	12758359315126722
424104	406170	17934	2673	9873700	8999624	12758359325836150
1675426	1657136	18290	2143	8609110	8667980	12758359336527000
1027634	1009500	18134	1737	7107124	6803924	12758359345079380
399346	381676	17670	1406	5970272	5183146	12758359351855482
777760	759966	17794	797	4139546	3740808	12758359357184046
848538	831128	17410	643	3757380	3348834	12758359362199092
856192	838192	18000	3558	12577998	12083590	12758359376045950
1120456	1102390	18066	4047	14305320	13811836	12758359391875990
1665000	1647244	17756	882	4628636	4877700	12758359398579858
807856	788464	19392	2473	9284300	8785386	12758359409080690
1072334	1053908	18426	1585	6944188	6397868	12758359417506940
344092	326456	17636	2540	9670488	8524844	12758359427933110
1366126	1348236	17890	4264	14953166	14711602	12758359444661740
395494	377520	17974	2738	10008326	9165314	12758359455471120
174552	156174	18378	2733	9987046	8929402	12758359466045380
496122	475578	20544	4271	14975288	13858806	12758359481923920
1100550	1082256	18294	2902	10616976	10361814	12758359494053868
919532	901500	18032	3628	12704746	12354046	12758359508086152
908964	891052	17912	3111	11511662	10801860	12758359520917998
194440	176692	17748	266	3018780	1596916	12758359524537034
762502	744548	17954	4833	16627340	15812234	12758359542338260
1158326	1140972	17354	157	2418194	2204026	12758359546322500
900382	882570	17812	226	2616950	2154886	12758359550251600
1663780	1645876	17904	1531	6802980	6824604	12758359559122714
1045950	1027890	18060	3004	11186404	10616902	12758359571850076
434446	416476	17970	3731	13149242	12177196	12758359585837782
507984	489908	18076	4131	14157378	13447804	12758359600914618
1664746	1646770	17976	3481	12217598	12656566	12758359615204204
1293376	1276030	17346	587	3574226	3629872	12758359620486310
1508362	1490474	17888	4252	14509328	14809102	12758359636910754
272958	255008	17950	3693	12864320	11902600	12758359650460176
1531234	1513198	18036	3638	12770292	12997272	12758359665168340
1591252	1573552	17700	2737	10195698	10386536	12758359677364510
811972	794104	17868	1854	7397640	6963586	12758359685982826
345206	327752	17454	262	2635428	1705286	12758359689376932
1685040	1667390	17650	2312	8848674	9181200	12758359700317878
1195126	1177214	17912	533	3810242	3376666	12758359705738960
1577514	1558572	18942	3593	12521604	12908126	12758359720244652
1140082	1122622	17460	99	2250806	2013802	12758359724045200
169234	152014	17220	4288	14576574	13576782	12758359739197048
1223182	1205248	17934	4109	14492786	14102758	12758359755326020
961900	944006	17894	2408	9426782	8753412	12758359766120526
1082202	1063902	18300	3027	11262708	10723098	12758359778876796
865390	847432	17958	4985	16818156	16358956	12758359796967310
758424	740458	17966	678	4017894	3387172	12758359802154670
1668226	1650300	17926	2117	8523140	8583682	12758359812755560
1286422	1268790	17632	2293	8750674	8726094	12758359823207868
865582	847608	17974	1789	7546584	6798950	12758359832026036
198708	180796	17912	914	4932114	3516316	12758359837566514
1561932	1543196	18736	4153	14386380	14565340	12758359853920986
170194	152052	18142	1515	6731410	5288240	12758359861232526
1545816	1528314	17502	1040	4973190	5236390	12758359868156856
1674884	1656704	18180	4496	15676574	15734692	12758359885920130
1670418	1652564	17854	3415	12004194	12470058	12758359900006032
860714	842662	18052	4104	14130844	13720042	12758359915417780
1216484	1198588	17896	3390	12016774	11938784	12758359929061990
493090	475020	18070	3186	11516580	10600896	12758359941477184
728712	710660	18052	4864	16367538	15858874	12758359958984730
914216	896456	17760	3823	13641714	12941336	12758359973952042
355992	338094	17898	4098	14479404	13204420	12758359989193266
551866	533998	17868	155	2238612	1590086	12758359992393940
1668946	1650900	18046	3875	13378616	13844594	12758360007846882
384894	366902	17992	4861	16263356	15510294	12758360024912292
517306	499288	18018	2928	10876094	9857274	12758360036713780
713872	696084	17788	110	2220086	1616668	12758360040058930
806148	788736	17412	1900	7471860	7069274	12758360048743722
772522	754214	18308	4545	15509466	14953590	12758360065437220
287120	269082	18038	3369	12027626	10950720	12758360078159506
268042	250198	17844	2297	9071696	7727638	12758360087909140
1552908	1534866	18042	4406	14979294	15317078	12758360104846746
796678	779112	17566	787	4132026	3729802	12758360110187080
1102496	1084722	17774	3521	12306290	12217396	12758360123999710
918580	901124	17456	2005	7979484	7494014	12758360133309220
1683948	1665720	18228	1318	5826624	6204288	12758360141227506
1547092	1528930	18162	4294	14710114	14974422	12758360157901584
311330	293682	17648	824	4194082	3356442	12758360162843136
321324	303840	17484	1278	5784654	4721590	12758360169359710
1095688	1077500	18188	2680	10093344	9695400	12758360180956426
1376268	1358282	17986	1094	5464550	5227026	12758360188207386
429390	411238	18152	3047	11108520	10127678	12758360200156764
531602	514082	17520	162	2227306	1594364	12758360203326616
336704	318744	17960	1420	6218432	5165812	12758360210287690
454062	436380	17682	1616	7037308	5874376	12758360218189570
674626	656718	17908	4621	15701672	15083550	12758360234972712
626212	608236	17976	1886	7851686	6852284	12758360243861050
840374	822688	17686	4189	14369824	13957134	12758360259482500
1428946	1411088	17858	4642	15721908	15897886	12758360277040624
1664002	1645836	18166	2200	8772986	8822814	12758360287888480
420486	402420	18066	4100	14196846	13296500	12758360302914246
1228468	1210498	17970	3859	13342370	13353472	12758360317896550
1201216	1183500	17716	1704	6889524	6880972	12758360326393090
625492	607256	18236	4153	14196920	13633404	12758360341625590
953838	935600	18238	3768	13170836	12808768	12758360356158264
1659664	1641752	17912	2718	10131908	10369338	12758360368356576
1665448	1647460	17988	3756	13033638	13482120	12758360383470526
1253404	1235540	17864	1692	7054252	6922744	12758360392189650
189322	170940	18382	4481	15280542	14177058	12758360408071264
256508	238608	17900	1863	7820576	6411160	12758360416554574
232888	215114	17774	2575	9458114	8516152	12758360426655730
1430408	1412274	18134	1574	6678422	6720106	12758360435170864
585946	568052	17894	4855	16721240	15697790	12758360452888204
944244	926762	17482	44	1924098	1653676	12758360456167482
1076782	1058768	18014	4716	16299738	15768534	12758360473955140
218484	200550	17934	3488	12246174	11232434	12758360486825202
552318	534414	17904	2537	9329432	8720966	12758360497119252
1381200	1363252	17948	3773	13199724	13251084	12758360512107438
315370	298010	17360	320	2831072	1850442	12758360515659576
1605726	1587814	17912	1013	4905560	5215170	12758360522582628
1579848	1562520	17328	613	3572484	3990688	12758360528138502
938692	920770	17922	4795	16535118	15865298	12758360546023090
1237922	1220346	17576	1000	5192662	4814070	12758360552858748
1688174	1670714	17460	2181	8478984	8795876	12758360563445922
792592	774554	18038	4979	16674116	16270768	12758360581327606
556368	539318	17050	1799	7260510	6516102	12758360589549342
1552732	1534718	18014	1483	6450626	6570730	12758360597965090
974116	955990	18126	1306	5868930	5457916	12758360605218790
1140484	1122866	17618	1083	5216816	4960508	12758360611987522
757498	739510	17988	2629	10056356	9200926	12758360623207804
1287434	1269340	18094	847	4302124	4418354	12758360629208740
1290946	1272982	17964	3437	12063990	12153718	12758360642973460
847086	829086	18000	2324	9079070	8386018	12758360653310064
526698	508698	18000	2335	8761698	8093478	12758360663003736
193754	175952	17802	4813	16603546	15181182	12758360680212000
1667570	1649510	18060	4546	15491242	15850730	12758360697778656
224382	206354	18028	3083	11108786	10029558	12758360709522120
1668560	1650756	17804	4348	15099722	15263520	12758360726699866
993444	975496	17948	1639	6697790	6474836	12758360734802742
1095618	1077580	18038	4708	15873000	15764394	12758360752176732
1493476	1475348	18128	3991	13832816	14014216	12758360767916134
1669952	1652048	17904	895	4866238	4925598	12758360774862544
742680	725106	17574	130	2593752	1712512	12758360778616158
532756	514748	18008	3547	12436462	11752826	12758360791993932
822442	804668	17774	2350	9222896	8436802	12758360802450340
1286574	1268726	17848	3611	12648586	12693802	12758360816795380
1665472	1647688	17784	3071	10998296	11437930	12758360829870130
792052	774134	17918	3121	11285574	10708228	12758360842357030
659230	641368	17862	3537	12360570	11824276	12758360855781910
1341572	1324098	17474	1541	6351774	6533280	12758360863886538
860626	842714	17912	4851	16716804	15963886	12758360881892560
350692	332898	17794	3520	12729774	11467348	12758360895383386
218868	201038	17830	3752	13085478	12024200	12758360909099466
596020	577974	18046	1926	7961940	6943042	12758360918066260
723510	705524	17986	4751	16416326	15525150	12758360935618308
170238	152066	18172	2108	8117100	7054698	12758360944316052
228362	210268	18094	3409	12136532	11009494	12758360957087788
1150214	1132418	17796	1582	6928318	6468776	12758360965575670
471998	454416	17582	1307	5677016	4958990	12758360972131204
988020	970118	17902	3269	11989436	11356980	12758360985519558
1007146	989548	17598	1444	6106716	5903632	12758360993044906
1469364	1451706	17658	367	3292044	3151672	12758360998217950
1409752	1391296	18456	4526	15348474	15532238	12758361015385390
159408	141542	17866	1010	4808360	3760248	12758361020764146
1586590	1568672	17918	3218	11421390	11794324	12758361034180924
1669950	1652110	17840	4507	15355038	15735650	12758361051616936
399742	381764	17978	3592	12637740	11727142	12758361065065756
1483638	1465824	17814	4429	15474040	15323446	12758361082433824
1270282	1252716	17566	2363	8850420	8918222	12758361092961916
855262	837354	17908	3697	12888380	12498834	12758361107116180
380530	362930	17600	765	4481904	3249158	12758361112384864
782418	764476	17942	3037	10922394	10447208	12758361124500732
835876	818098	17778	1186	5331840	4963644	12758361131075710
1301714	1283714	18000	2722	10341626	10031506	12758361143130040
1663480	1645494	17986	2586	9939540	9985028	12758361155140174
728244	710410	17834	2562	9895654	8979652	12758361166179370
942786	924984	17802	3618	12823296	12347020	12758361180349626
388554	371080	17474	410	3149170	2193054	12758361184299760
998178	980216	17962	4858	16330440	16117150	12758361202040616
556546	538920	17626	1582	6780746	5868622	12758361209790340
434076	416616	17460	3846	13286654	12542394	12758361223919994
1076724	1058378	18346	3808	13597464	13059624	12758361239006290
821830	804384	17446	616	4035090	3246318	12758361244270384
605610	587818	17792	730	4148694	3370018	12758361249435376
1459028	1441042	17986	4975	16628738	16925454	12758361267931780
478822	460866	17956	3171	11423868	10548082	12758361280245856
1395016	1376828	18188	3263	11673152	11742594	12758361293720232
488670	470146	18524	3658	12795080	12013638	12758361307416072
1128446	1110886	17560	2970	10650946	10594854	12758361319608340
732566	714826	17740	1899	7498400	6995242	12758361328250980
1145602	1127550	18052	4467	15267920	15091762	12758361345074020
1193590	1175400	18190	4256	14560230	14507958	12758361361235584
1664786	1646760	18026	1769	7323774	7536390	12758361370634532
326598	308418	18180	4276	14590734	13701490	12758361385960776
226664	209160	17504	301	3098908	1710296	12758361389697550
1673744	1655662	18082	3424	12019952	12495628	12758361403798600
629060	611304	17756	2861	10345254	9767304	12758361415183326
984654	966678	17976	4112	14430774	13858380	12758361430997232
761112	743068	18044	4151	14603670	13754122	12758361446761480
1666332	1648414	17918	2256	8858630	8988580	12758361457683906
233632	215420	18212	4034	13881040	12869904	12758361472200246
590422	572536	17886	4903	16809510	15837178	12758361489996616
898870	881290	17580	1688	6968864	6514356	12758361498265956
418428	400150	18278	2109	8283690	7294008	12758361507368862
228508	210480	18028	1608	6756170	5603836	12758361514753870
279582	262038	17544	962	4628574	3721122	12758361520063416
1665076	1647076	18000	3338	11780492	12221776	12758361533908330
1027622	1009668	17954	735	4401998	3790300	12758361539735374
374724	357582	17142	1482	6594534	5377552	12758361547106410
1506466	1488674	17792	3071	11052384	11261154	12758361560063020
1670182	1652240	17942	4014	14195126	14252818	12758361576331456
1240350	1222320	18030	1443	6252678	6122004	12758361584224722
1612312	1594390	17922	1781	7512140	7509796	12758361593749030
1136148	1118342	17806	2561	9653430	9366956	12758361604939002
683590	665524	18066	2849	10708412	9773774	12758361616730350
1280000	1261940	18060	1244	5560506	5614728	12758361623967966
428784	410670	18114	2967	11069146	9876556	12758361635866330
294702	276834	17868	1604	6790860	5661378	12758361643349256
989620	972086	17534	39	2055128	1670866	12758361646794580
1495386	1477894	17492	1695	6938250	7130234	12758361655623480
1051072	1033288	17784	4374	15131240	14706684	12758361672205570
1351538	1333564	17974	3531	12415016	12484238	12758361686369164
733078	714824	18254	2513	9662900	8823570	12758361697165600
1065114	1047118	17996	2483	9187068	9057012	12758361707814012
541426	523140	18286	4695	15873174	15154042	12758361724628080
399436	381556	17880	2080	8259234	7186954	12758361733683154
437266	419434	17832	4985	16779776	15918174	12758361751301260
484554	466638	17916	4703	15931008	15120258	12758361768114492
1674322	1656508	17814	3532	12685406	12812026	12758361782874040
595128	576804	18324	2604	9994830	8957820	12758361793868082
1241028	1223068	17960	4218	14394294	14427348	12758361809903322
1140726	1123354	17372	596	3612672	3490686	12758361815070486
737424	719562	17862	4133	14552238	13673872	12758361830759830
376212	358254	17958	4664	15899954	14899752	12758361847437066
1222184	1204116	18068	3903	13681690	13463970	12758361862741696
1045996	1028172	17824	1905	7516412	7310126	12758361871702812
695320	677538	17782	3540	12405362	11852358	12758361885200256
580066	562268	17798	4592	15605246	14886510	12758361901788220
1066030	1047816	18214	4918	16556670	16348522	12758361919806364
1459366	1441706	17660	1158	5326562	5490442	12758361926993560
251576	233706	17870	856	4746586	3385834	12758361932387992
351880	333766	18114	3235	11873124	10604638	12758361945013480
1112466	1094988	17478	553	3766076	3337626	12758361950290506
566402	548586	17816	3179	11692302	10648032	12758361962948946
957760	939256	18504	4849	16612680	16037914	12758361980917474
623308	605384	17924	4083	14059820	13406512	12758361995993230
1068400	1050460	17940	4279	14917560	14445728	12758362012375414
624134	606164	17970	3894	13638118	12841546	12758362027039300
1574266	1556666	17600	1731	7069772	7315946	12758362036079052
1664596	1646678	17918	2542	9485192	9833084	12758362047629290
1459966	1442048	17918	1197	5354096	5623046	12758362054843812
245956	227812	18144	4572	15507384	14492816	12758362070997550
1474812	1457042	17770	4725	16364310	16201308	12758362089234966
160876	143454	17422	1616	6669800	5559954	12758362096465654
847704	829432	18272	2907	10669672	10113232	12758362108381750
1119240	1101188	18052	2035	8078390	7770300	12758362117979058
294852	277488	17364	251	2604270	1612428	12758362121275866
1322094	1304140	17954	4439	15476724	15175628	12758362138485612
346920	329072	17848	4084	14214156	13130138	12758362153447578
1162350	1144556	17794	3836	13339410	13205218	12758362168347384
1664424	1646326	18098	1843	7395684	7740624	12758362177804302
1131712	1113790	17922	2724	9936056	9848858	12758362189273030
884808	866770	18038	2228	8401370	8114502	12758362198956462
1670124	1652092	18032	4334	14768086	15203632	12758362215792430
546304	528558	17746	220	2624846	1764618	12758362219364616
1664848	1647726	17122	2469	9337184	9616612	12758362230766570
195438	177596	17842	4381	15023708	13870518	12758362246386516
161146	143422	17724	3324	11944610	10669126	12758362258889524
1446886	1428990	17896	1701	6911160	7101982	12758362267648420
1199626	1181414	18212	2389	9054504	8909602	12758362278298120
1664536	1647024	17512	1254	5720394	5983344	12758362286083690
942286	924368	17918	1146	5659682	4943940	12758362293085992
685514	667590	17924	1524	6787346	5815494	12758362300957900
1336782	1319210	17572	2838	10336860	10392978	12758362313032896
518928	501306	17622	757	4459098	3354984	12758362318410426
1671192	1653062	18130	1387	6119880	6385940	12758362326598926
1506524	1488726	17798	1916	7758058	7801874	12758362336265770
495636	477196	18440	778	4331844	3390784	12758362341489090
751858	733754	18104	3625	13014200	12171646	12758362355656240
342954	325134	17820	1366	5957948	4993338	12758362362355452
1660824	1642696	18128	4116	14279844	14540812	12758362378697530
661962	643920	18042	3541	12372036	11826024	12758362392133362
1279378	1261426	17952	2343	9239660	8859502	12758362403052220
830258	812856	17402	138	2506262	1809410	12758362406787064
1236296	1218190	18106	3398	12203118	11967600	12758362420628202
1534998	1517334	17664	577	3594104	3826452	12758362426155372
363238	343942	19296	4330	14728878	13886158	12758362441648156
623236	604948	18288	1997	7876080	7162482	12758362450548490
1423624	1405850	17774	751	4142642	4233510	12758362456511616
289944	272494	17450	304	2863514	1763272	12758362460067726
1502842	1484884	17958	1683	7216020	7105890	12758362469184736
1050286	1032874	17412	24	2276328	1689862	12758362472910220
1670290	1652224	18066	4052	14028896	14361078	12758362489006536
1570524	1552588	17936	1074	5174844	5347372	12758362496155510
484300	466826	17474	192	2769968	1627518	12758362499807052
1583452	1565368	18084	1046	5311370	5282424	12758362507101370
465912	448374	17538	1820	7314620	6478568	12758362515282672
927780	909552	18228	1357	6242060	5552866	12758362522852698
1615576	1598176	17400	503	3304892	3683604	12758362528170462
1445750	1427982	17768	3001	10749114	10987856	12758362540795236
1121332	1103276	18056	4432	15047214	14948296	12758362557365530
1069906	1051840	18066	3206	11449466	11227346	12758362570285240
1661178	1643390	17788	901	4472778	4922802	12758362576817316
951540	933774	17766	4711	15880022	15614496	12758362594047054
1675366	1657314	18052	1660	6763980	7203446	12758362602884620
870598	852940	17658	689	3977030	3493314	12758362608137380
1041912	1023746	18166	3718	13161990	12728540	12758362622737446
1655686	1637676	18010	4450	15146334	15536062	12758362639940620
252258	234244	18014	3635	12713904	11690802	12758362653304116
1313906	1296322	17584	1159	5454796	5344006	12758362660474240
1227202	1209324	17878	4807	16145540	16176738	12758362678243056
1675216	1657008	18208	4644	15758936	16136632	12758362696076674
813010	795464	17546	339	2892966	2391532	12758362700179690
1665340	1647408	17932	3398	12346616	12403188	12758362714589614
213854	195922	17932	1625	6735364	5638254	12758362721940280
1313982	1295980	18002	3388	11891544	12018230	12758362735544676
1669944	1651816	18128	2588	9509334	9978556	12758362747123810
1674136	1656384	17752	4440	15070410	15525316	12758362764271210
309766	291456	18310	2426	9299756	8132608	12758362774282780
637658	619720	17938	1390	5899082	5360528	12758362781215954
1249824	1232530	17294	517	3751038	3365752	12758362786616650
1564816	1546684	18132	3612	12696360	12938764	12758362801273630
1212630	1194548	18082	3997	13810370	13739886	12758362816699908
1664456	1646726	17730	1515	6320266	6762642	12758362825082916
1651674	1633688	17986	4807	16385574	16601326	12758362843521100
1489306	1471434	17872	2226	8447010	8714954	12758362853854840
1349802	1332004	17798	2777	10260628	10224584	12758362865866390
418194	400508	17686	1518	6423774	5524486	12758362873108272
1432810	1414734	18076	4911	16436882	16694524	12758362891376884
951022	933346	17676	1246	5553684	5241046	12758362898278600
1241504	1223850	17654	3597	12820978	12567568	12758362912740370
1050918	1033074	17844	3397	11953394	11779990	12758362926143256
965024	947244	17780	1898	7824626	7213556	12758362935332410
1657008	1639082	17926	3990	13834920	14164824	12758362951249122
1367092	1349428	17664	1573	6443598	6638844	12758362959459010
261648	243926	17722	2998	11062584	9800832	12758362971180906
166200	148200	18000	4025	13867262	12774548	12758362985636874
408346	390774	17572	903	4883906	3680024	12758362991326152
919302	901296	18006	4058	14241026	13629350	12758363006888256
1580268	1562506	17762	2849	10480800	10668162	12758363019365082
266496	248840	17656	2038	8225694	6936492	12758363028257070
632080	614094	17986	2576	9687150	8902054	12758363038977934
290808	272854	17954	1794	7547030	6229164	12758363047214226
1685568	1667522	18046	3309	11775678	12150348	12758363061074466
1666034	1648560	17474	1021	4818334	5285362	12758363067965320
275210	257722	17488	2521	9352592	8384390	12758363077992496
390712	372846	17866	256	2960930	1717972	12758363081744230
1607234	1589544	17690	1647	7093054	7101864	12758363090840922
1495446	1477826	17620	3051	11312192	11194940	12758363104074606
1041642	1024030	17612	82	2102820	1850298	12758363107616136
694910	676974	17936	3606	12679906	12050316	12758363121389916
819356	801230	18126	1823	7280402	6842316	12758363129888242
250818	232680	18138	2797	10182406	9184906	12758363140722664
1369404	1351262	18142	2847	10293564	10453944	12758363152783182
376556	358330	18226	4533	15322188	14507760	12758363168882682
1459458	1441554	17904	2314	8819900	8949226	12758363179560732
203806	186298	17508	1416	6036476	5000422	12758363186200300
518086	500114	17972	4815	16591470	15491478	12758363203708606
608672	590432	18240	1925	7576518	6930212	12758363212293138
437782	420076	17706	804	4317150	3403494	12758363217446422
542872	524812	18060	3314	11784620	11025316	12758363230175470
1037508	1019558	17950	3590	12606330	12345708	12758363244218922
1398496	1380670	17826	4213	14561934	14568952	12758363260579750
960678	942834	17844	4843	16260870	16022274	12758363278198032
1032560	1014560	18000	2107	8044474	7898524	12758363287673506
1611438	1593916	17522	466	3148020	3568484	12758363292831612
1102926	1085244	17682	165	2603794	2157772	12758363296938010
1668880	1650962	17918	3640	13081232	13129340	12758363312085186
1350746	1333134	17612	929	4991124	4699858	12758363318830392
161108	143162	17946	4618	15767792	14546108	12758363335158034
1155922	1138126	17796	3585	12473486	12445874	12758363349189820
660286	642932	17354	169	2575202	1729946	12758363352821292
167244	149174	18070	887	4626138	3384464	12758363358014830
508812	490966	17846	3960	13708776	12923598	12758363372632332
747558	729550	18008	1222	5392460	4966630	12758363379171156
365482	348034	17448	256	2590710	1695598	12758363382527056
1665294	1647512	17782	2861	10442726	10792158	12758363395032252
1674314	1656676	17638	1736	7183324	7430820	12758363404289290
542056	524400	17656	747	4135972	3343856	12758363409367182
747564	729750	17814	4831	16330900	15771556	12758363426844610
420730	403704	17026	3066	10936502	10183962	12758363438599356
1271362	1253534	17828	3173	11278196	11328622	12758363451551020
684466	666640	17826	840	4312380	3760000	12758363456946760
1213374	1195334	18040	3440	12265690	12068722	12758363470826920
1079058	1061214	17844	639	3659880	3555266	12758363475963132
166014	148020	17994	4969	16861550	15601434	12758363493390432
1131106	1113224	17882	2874	10380286	10296386	12758363505303372
1090036	1071812	18224	2794	10163854	10014476	12758363516955522
716894	699118	17776	1947	7922312	7108332	12758363525992060
794128	776414	17714	3675	12818090	12357024	12758363540004070
1593102	1575174	17928	2683	10203570	10189902	12758363552196936
1669468	1651362	18106	2129	8554470	8609812	12758363562820210
1192898	1175212	17686	1178	5517772	5295828	12758363569942594
932482	914616	17866	4357	15236876	14554594	12758363586523096
1665144	1646834	18310	2768	10217808	10527052	12758363598817090
826458	808590	17868	1728	6996444	6573806	12758363607055872
802066	784480	17586	1345	5852104	5405178	12758363614124532
1150612	1132576	18036	2397	9189024	8898666	12758363624873410
1403040	1384934	18106	4420	15338478	15211094	12758363642026638
458710	440826	17884	4668	16166520	15015352	12758363659057510
812476	794376	18100	2509	9679486	8901756	12758363669961210
747658	729514	18144	2084	8448684	7568518	12758363679563356
168826	151330	17496	1008	4948326	3760878	12758363685092944
350934	333006	17928	989	5165154	3896462	12758363691015348
1663036	1645516	17520	2209	8795658	8856128	12758363701886734
1674220	1656382	17838	2132	8576616	8638854	12758363712543700
1323232	1305232	18000	529	3363918	3481768	12758363717645590
1094572	1077504	17068	1889	7466904	7321664	12758363726614090
1565032	1547590	17442	480	3318536	3578476	12758363731909030
1115892	1098144	17748	1836	7379490	7188140	12758363740809726
609676	591948	17728	3609	12577856	11986060	12758363754408874
517228	499264	17964	3931	13700004	12859440	12758363769038506
1669222	1651474	17748	997	4866266	5228302	12758363775984580
776868	759444	17424	83	2129400	1601328	12758363779303182
879886	862056	17830	1970	7724330	7354270	12758363788319104
1575594	1557740	17854	897	4817636	4844222	12758363795123208
498070	480264	17806	3170	11686052	10578498	12758363807714196
1223340	1204994	18346	4614	15673190	15609296	12758363825023062
473184	455264	17920	4075	14390766	13251316	12758363840293630
487434	469622	17812	1936	7986626	6862880	12758363849178768
939008	921026	17982	3810	13596814	12924710	12758363864118936
566084	548190	17894	4699	16266746	15212512	12758363881362070
537160	519460	17700	2703	9955830	9202540	12758363892263254
1052124	1034198	17926	571	3443666	3337800	12758363897171622
1521226	1503130	18096	2121	8539358	8452898	12758363907639904
741896	724464	17432	204	2604804	1930824	12758363911397862
1390358	1373012	17346	653	4014812	3923770	12758363917208944
366312	348090	18222	4899	16595512	15605062	12758363934582160
1585814	1568006	17808	1951	7594802	8002642	12758363944166740
183562	166006	17556	1533	6478826	5349982	12758363951240260
851712	833784	17928	875	4804470	4041846	12758363957301606
660424	642344	18080	1820	7637798	6686908	12758363966011210
1703362	1685616	17746	1624	7054690	7146882	12758363975176776
620716	602814	17902	4226	14845836	13845400	12758363991057814
403810	385882	17928	2530	9546810	8552616	12758364001414684
144412	126988	17424	287	2867216	1580272	12758364004839490
782276	764264	18012	2017	7792240	7397188	12758364013824610
469192	451100	18092	4637	15719372	14923040	12758364030424246
1660306	1642304	18002	3099	11249220	11511766	12758364043739440
943612	925800	17812	3072	11051990	10715152	12758364056149510
1220468	1202468	18000	4460	15545822	15153316	12758364073324174
1580286	1562646	17640	2320	8837796	9099546	12758364084153144
1478634	1460800	17834	3691	12892854	13100574	12758364098934972
375706	357420	18286	3515	12720618	11474446	12758364112443364
1665550	1647964	17586	1689	6952476	7299652	12758364121466830
581420	563510	17910	4036	13896746	13236928	12758364136358566
1086976	1069050	17926	3330	11956820	11633484	12758364149814430
1041418	1023548	17870	3527	12425060	12173026	12758364163691620
1669574	1651434	18140	4512	15300212	15751734	12758364181067860
713004	695152	17852	4272	14669884	14073670	12758364196862470
645130	627194	17936	2431	9068888	8500576	12758364206982462
556754	539154	17600	1271	5642314	4939314	12758364213592180
523032	505086	17946	270	2734914	1907710	12758364217257486
1668724	1651048	17676	1835	7287698	7736488	12758364226627750
1703006	1685204	17802	2272	8610380	9103306	12758364237349540
777586	759718	17868	1381	5891006	5487886	12758364244436020
478872	461060	17812	2583	9635730	8785032	12758364254956506
1150726	1132032	18694	4192	14744246	14279994	12758364271263280
163232	145390	17842	4268	14680514	13512850	12758364286515004
640524	622538	17986	2526	9445664	8775006	12758364297012606
619578	601422	18156	4175	14332468	13692500	12758364312368986
1286076	1268454	17622	1343	5870802	5883586	12758364319937140
1144510	1126500	18010	2034	7881210	7810150	12758364329369764
291908	274038	17870	894	4827004	3550766	12758364334900872
880838	862838	18000	3835	13333510	12934930	12758364349520464
785518	767916	17602	1528	6455324	5933204	12758364357173620
1395502	1377534	17968	3525	12315600	12523508	12758364371290600
1586596	1568646	17950	2292	8915216	9018348	12758364382202074
1495986	1478230	17756	421	3172794	3330366	12758364387277284
928800	911280	17520	1282	5839428	5341972	12758364394458526
169180	151290	17890	1609	6822254	5560600	12758364401857498
776692	758820	17872	4497	15353906	14814376	12758364418399090
1663748	1645594	18154	1542	6506648	6852686	12758364426974980
944728	926548	18180	1225	5445374	5187316	12758364433779910
173088	155184	17904	3580	12520530	11464236	12758364446880342
1615232	1597578	17654	371	2946678	3302940	12758364451854018
1660424	1642570	17854	2230	8536532	8909996	12758364462458170
1198912	1181018	17894	2381	8962850	8903622	12758364473034310
1600000	1582186	17814	2057	8354996	8342080	12758364483395680
826118	808330	17788	3524	12527942	11950624	12758364497161330
1665912	1647530	18382	2149	8630224	8681002	12758364507862696
1487368	1469620	17748	4944	16577336	16859100	12758364526341646
1665128	1647168	17960	3449	12307852	12564376	12758364540720574
502344	484418	17926	4539	15403614	14664524	12758364557039110
427548	410040	17508	192	2766954	1583696	12758364560639622
1007932	989992	17940	2481	9365126	9009794	12758364571422850
1669512	1651540	17972	4389	15143314	15381682	12758364588644020
1474990	1457116	17874	2949	10780238	10879150	12758364601312870
1541896	1523904	17992	3720	13026810	13251870	12758364616287190
1017906	1000192	17714	4840	16376118	16079766	12758364634091544
659422	641670	17752	701	3965724	3328914	12758364639126340
1336936	1318972	17964	4793	16115096	16256064	12758364656988850
419246	401270	17976	2731	10148638	9192096	12758364667964994
1189296	1171370	17926	3654	12803180	12700688	12758364682367574
661750	643896	17854	3423	12138086	11481230	12758364695574336
165262	147350	17912	3618	13019294	11573358	12758364709171236
1533226	1515562	17664	937	4770024	4915066	12758364715884580
1662022	1644224	17798	2350	8811290	9271126	12758364726772720
1466020	1448536	17484	523	3415980	3607728	12758364732065554
1507356	1489796	17560	45	2184572	2221758	12758364736168356
326206	308810	17396	445	3306798	2234778	12758364740206744
1648702	1630900	17802	445	3526850	3564466	12758364745794100
1457842	1439698	18144	4271	14656614	14816414	12758364762315460
566488	548316	18172	4308	15096046	14040384	12758364778390662
615424	597622	17802	4659	15880146	15138586	12758364795292624
1256914	1239242	17672	598	3757000	3622686	12758364800716686
1129554	1111698	17856	2719	10081254	9863626	12758364812339352
953740	935708	18032	2527	9575400	9092422	12758364823279060
165242	147482	17760	2390	9150814	7895284	12758364833001630
1668896	1651150	17746	1682	6777826	7277004	12758364841858722
1664206	1646246	17960	1631	6667440	7125502	12758364850605220
732390	714780	17610	128	2301530	1697094	12758364854072952
1493500	1475424	18076	4569	15872244	15753008	12758364871845454
626542	609106	17436	126	2206550	1581766	12758364875090824
830196	812634	17562	87	2455210	1673206	12758364878784160
1257076	1239130	17946	3824	13462916	13278624	12758364893914930
424326	406312	18014	3739	12924940	12193796	12758364907669570
503016	485002	18014	3153	11327142	10517306	12758364919911280
208564	190692	17872	318	2785730	1737880	12758364923310058
1561182	1543544	17638	2058	8207360	8298870	12758364933488604
550210	532214	17996	3238	11683388	10817442	12758364946128162
1624974	1607182	17792	312	2711478	3136798	12758364950875300
375436	357352	18084	3157	11643558	10406380	12758364963303214
1669272	1651378	17894	3223	11623320	11893860	12758364977008512
300910	283478	17432	243	2487066	1607084	12758364980207110
1668894	1651324	17570	467	3608960	3657830	12758364985893936
953776	935504	18272	4652	15791486	15450744	12758365003052230
1091230	1073370	17860	4695	15854276	15718724	12758365020404830
1027704	1010160	17544	762	4082396	3881304	12758365025925918
1458372	1440100	18272	963	4763190	4916652	12758365032557766
267234	249866	17368	400	2940110	2039550	12758365036176192
316486	298800	17686	3189	11360204	10435116	12758365048259860
1669554	1651540	18014	4682	15754676	16256790	12758365066094652
727988	710484	17504	1819	7174862	6749598	12758365074428164
351598	333802	17796	895	4503050	3608146	12758365079696320
153034	135670	17364	320	3132740	1693090	12758365083388468
1654662	1636630	18032	3966	13869302	14102748	12758365099324662
1613080	1595300	17780	714	3947072	4327600	12758365105298766
1654392	1636682	17710	2764	10101302	10503172	12758365117464186
678534	661052	17482	1471	6161334	5657326	12758365124712732
1665316	1647582	17734	1798	7118028	7623010	12758365133906050
170116	152428	17688	3201	11512740	10326712	12758365145998510
806586	788840	17746	1900	7714400	7068518	12758365154931204
654468	636560	17908	4672	15805252	15212740	12758365171799614
850286	832412	17874	153	2232954	1883702	12758365175293572
762404	744388	18016	3198	11766122	10915830	12758365188230770
1540616	1523192	17424	588	3734634	3876688	12758365193917182
1590052	1571968	18084	2721	10337004	10316332	12758365206249430
1414462	1396582	17880	1103	5280770	5293416	12758365213355620
1252336	1234602	17734	2384	8917580	8962336	12758365223934850
1430026	1411954	18072	2908	10666466	10712924	12758365236443140
521470	504068	17402	372	2921100	2212718	12758365240293364
188948	171094	17854	3139	11364058	10161256	12758365252258654
468226	450292	17934	1263	5774994	4823830	12758365258909744
214446	196788	17658	2561	9866556	8464568	12758365269403234
689482	671836	17646	1519	6364104	5815530	12758365276890676
257606	239626	17980	1868	7794954	6430794	12758365285356552
1414546	1396582	17964	3472	12216654	12381886	12758365299394804
570808	552772	18036	4907	16562460	15833064	12758365316939290
1296700	1278612	18088	4167	14435616	14344154	12758365333078540
1317514	1299606	17908	951	4726676	4741362	12758365339528200
913836	896034	17802	1851	7318236	7056796	12758365348171968
1665296	1646992	18304	1590	6532460	7003334	12758365356776710
986496	968906	17590	589	3707606	3327816	12758365361883054
530754	513206	17548	195	2504874	1692646	12758365365327012
1659754	1642156	17598	2721	9864374	10379962	12758365377275356
604838	587138	17700	2067	8044922	7368742	12758365386354304
1214116	1196074	18042	2388	8981922	8939028	12758365396962754
321740	302304	19436	4887	16836622	15528158	12758365414527486
1154934	1136940	17994	4998	16755924	16690714	12758365432842100
1575088	1557064	18024	1048	4909440	5287328	12758365439735902
1663030	1645576	17454	388	2886018	3399232	12758365444696150
916210	898068	18142	4060	13907702	13643148	12758365459928346
454308	436358	17950	918	4946678	3781326	12758365465739508
326138	308256	17882	3950	13640276	12722842	12758365480111744
673980	656258	17722	3299	11734398	11124138	12758365492930938
193922	176068	17854	2518	9727352	8313614	12758365503261148
483946	465248	18698	1972	7726466	6961830	12758365511883460
694754	676642	18112	2965	10834406	10144854	12758365523823280
1668472	1650666	17806	4362	14884626	15300864	12758365540787830
1664980	1646812	18168	4345	14822370	15245596	12758365557688174
551450	533926	17524	252	2589846	1883852	12758365561240638
1512460	1494630	17830	2260	8763480	8852920	12758365571925454
1669156	1651312	17844	3056	10974596	11390864	12758365584981490
723276	705672	17604	1249	5817880	5040194	12758365591933780
1080864	1047282	33582	3482	12636828	12081176	12758365606061590
1041022	1023434	17588	578	3876564	3351534	12758365611387940
1105254	1087448	17806	3726	12942858	12832642	12758365625847880
1423306	1405416	17890	432	3256920	3292486	12758365630936660
1536880	1519250	17630	1476	6620002	6534360	12758365639505094
213946	196006	17940	1578	6508382	5514058	12758365646634072
1257826	1239418	18408	2249	8709806	8565226	12758365657012660
1561612	1543598	18014	4532	15401714	15703072	12758365674381910
1480602	1463142	17460	38	1888986	2173252	12758365678161730
517082	499188	17894	701	4186288	3197148	12758365683270814
1664902	1646880	18022	2883	10523966	10868634	12758365695869260
1669996	1651710	18286	3978	13811552	14152786	12758365711763562
937922	919804	18118	3495	12251332	11959970	12758365725355456
880486	862328	18158	3730	12989870	12607978	12758365739621980
1101772	1083884	17888	4538	15553310	15246136	12758365756678210
665214	647606	17608	1181	5305938	4761496	12758365763047392
1227376	1209374	18002	2714	10304522	9919588	12758365774979590
822468	804796	17672	1225	5851956	5059810	12758365782050742
356176	338392	17784	2628	9692576	8781736	12758365792499494
692424	674608	17816	4001	13753366	13232504	12758365807342270
1222642	1204928	17714	1268	5799590	5579334	12758365814764960
1667756	1650250	17506	1116	5149462	5569122	12758365821980082
909514	891904	17610	4282	14751882	14289358	12758365838041876
1193590	1176208	17382	493	3651488	3236456	12758365843282182
1609544	1591688	17856	556	3554832	3839568	12758365848845808
1659466	1641690	17776	4864	16495112	16779114	12758365867397592
546954	528792	18162	3641	12887394	12008594	12758365881231640
1360570	1342776	17794	3694	12905452	12979546	12758365895896122
380842	362998	17844	3797	13279152	12306434	12758365909955620
1611744	1594320	17424	360	3260484	3257036	12758365915227102
575296	557272	18024	3414	11958446	11357124	12758365928158330
165640	148054	17586	2952	10994136	9571576	12758365939747174
560850	542970	17880	4922	16509872	15855906	12758365957216584
160990	143376	17614	998	4839450	3709546	12758365962616984
185032	167102	17930	2081	8038972	6975242	12758365971239526
780908	763408	17500	121	2116982	1705322	12758365974535114
1079946	1061354	18592	741	4024662	3860692	12758365980038770
1179324	1161264	18060	2532	9549018	9321468	12758365991163906
161444	144052	17392	1722	7342856	5882364	12758365999067770
1003994	986376	17618	58	1982312	1738222	12758366002451140
1510912	1493286	17626	1754	7224050	7321644	12758366011586650
789910	772032	17878	2074	8233772	7560168	12758366021008566
1568908	1550958	17950	2597	9955226	9912540	12758366032932946
794058	775998	18060	2080	8003250	7582434	12758366042127372
809032	791064	17968	1836	7675602	6872392	12758366051010310
755358	737888	17470	130	2575020	1712468	12758366054742492
1669438	1651438	18000	2069	7965260	8422678	12758366064778876
1664454	1646454	18000	2678	10004994	10241236	12758366076850092
270714	252930	17784	4911	16661552	15530314	12758366094185808
1480330	1462328	18002	1080	5162762	5273810	12758366101228656
1661346	1643840	17506	967	4649030	5117710	12758366107940124
447396	429858	17538	2463	9146916	8380930	12758366117934396
1670446	1652588	17858	1022	4884236	5315482	12758366124888820
1104046	1085912	18134	3603	12708384	12449658	12758366139101224
789786	771718	18068	1355	5877508	5401132	12758366146170490
1003598	985866	17732	3710	12982112	12669292	12758366160555574
1351792	1333744	18048	4999	16891730	16873348	12758366179202170
956116	938116	18000	3502	12351930	12002428	12758366192908990
651374	633922	17452	163	2320024	1700608	12758366196282460
1160538	1142584	17954	2809	10294314	10130312	12758366208134676
1552274	1534716	17558	1627	6839960	6982606	12758366216927320
459586	441852	17734	2610	9925712	8844786	12758366227710492
1389052	1371172	17880	3908	13555526	13647624	12758366243056630
166212	148644	17568	288	3041520	1595800	12758366246661186
204590	186890	17700	3458	12316938	11117690	12758366259581076
247518	230122	17396	299	2844372	1707698	12758366263074724
1507246	1489572	17674	986	4771232	5022156	12758366269769500
1704716	1686802	17914	2761	10089482	10532256	12758366281962442
1664598	1646668	17930	3415	12037296	12447988	12758366296069666
1215558	1142616	72942	1169	5441934	5278850	12758366303126736
1571112	1552956	18156	2529	9796554	9710214	12758366314954000
1661526	1643514	18012	2766	10105490	10504860	12758366327120700
1075020	1057048	17972	3818	13652404	13070092	12758366342249806
609246	591180	18066	1750	7422726	6413600	12758366350678806
1050802	1032944	17858	2372	8978036	8714066	12758366361107560
1668352	1650616	17736	1229	5643188	5908264	12758366368818370
194826	176864	17962	4289	14750930	13594890	12758366384167788
604540	586510	18030	3973	14084402	13067628	12758366399257566
770472	752592	17880	3125	11539686	10691422	12758366411966620
451952	433758	18194	1993	8170750	6983742	12758366420985756
509298	491538	17760	1045	5246068	4206784	12758366427139726
1141422	1123398	18024	4853	16369110	16228690	12758366445046716
379604	362050	17554	533	3782134	2543668	12758366449609210
1622318	1604836	17482	615	3686498	4027118	12758366455314250
1598458	1580878	17580	392	3044120	3333418	12758366460354352
1224892	1206942	17950	1915	7525542	7518292	12758366469504190
1521546	1503546	18000	3939	13763910	13876386	12758366485187280
229062	211148	17914	2399	9050192	7969910	12758366494866636
1613352	1595874	17478	503	3296010	3680786	12758366500171512
1403118	1385378	17740	766	4247004	4257046	12758366506222444
330968	313420	17548	256	2558096	1661688	12758366509507894
523314	505438	17876	2662	9885670	9053066	12758366520316000
1678188	1660238	17950	4682	16132310	16259568	12758366538524202
427300	409558	17742	2947	10725158	9808342	12758366550103900
1669624	1651704	17920	3937	13980006	14015658	12758366566154944
232338	214584	17754	1218	5576326	4443038	12758366572370344
209438	191656	17782	367	2962526	1872640	12758366575941934
789984	772132	17852	4643	16075554	15253096	12758366593207810
709012	691034	17978	3985	13913060	13198006	12758366608225966
1488726	1470744	17982	1715	7270680	7203280	12758366617385766
1672886	1655070	17816	948	4683742	5071518	12758366624139132
1204704	1186948	17756	1741	7387128	6984052	12758366633131570
1041672	1023662	18010	3084	11406060	10829406	12758366645975526
162628	144438	18190	1612	6999200	5547544	12758366653536286
1012400	994840	17560	82	2211448	1820480	12758366657160486
1055872	1037924	17948	541	3798318	3234712	12758366662414510
1217098	1199398	17700	1064	5117420	4965426	12758366669145352
337628	319476	18152	1438	6477858	5204520	12758366676361494
1663660	1645594	18066	4076	14169450	14424548	12758366692592074
894682	876808	17874	224	2581844	2152934	12758366696471020
1612966	1595514	17452	447	3525908	3520360	12758366702007852
889252	872198	17054	757	3999806	3717084	12758366707296730
1146198	1128258	17940	4618	15704544	15532648	12758366724544306
308662	291190	17472	436	3243582	2177882	12758366728495408
227652	209706	17946	3427	12057806	11061698	12758366741178906
414236	396332	17904	270	2985672	1786696	12758366744975082
933304	915384	17920	3861	13744898	13057012	12758366760054370
213794	195694	18100	2504	9683774	8279462	12758366770348768
1654884	1637304	17580	748	4003764	4454356	12758366776407850
575686	557602	18084	979	4810284	4092946	12758366782194220
1489390	1471304	18086	2357	8859308	9107384	12758366792942590
1536056	1518430	17626	43	2324922	2235888	12758366797200222
1223836	1205826	18010	4633	15616436	15655012	12758366814438130
807580	789948	17632	2468	9216980	8758812	12758366824859106
1599688	1581530	18158	1151	5233310	5606188	12758366832092026
1161972	1143544	18428	3447	12292748	12041232	12758366845942170
413586	395608	17978	3099	11058094	10249492	12758366857814890
842380	824274	18106	1272	5589712	5213666	12758366864645292
833250	815274	17976	4199	14396036	13963470	12758366880274068
1322650	1304740	17910	1753	7035662	7132822	12758366889032676
271074	252778	18296	3094	11465028	10099828	12758366901167800
247660	229526	18134	2978	10919066	9726742	12758366912732796
842668	824406	18262	4698	15791486	15466860	12758366929767646
1546458	1528352	18106	3538	12370824	12696174	12758366944083132
1416890	1398936	17954	1790	7349460	7337482	12758366953249458
888776	871278	17498	184	2428740	2002962	12758366956965120
1093614	1075334	18280	2449	9504790	8985120	12758366967962380
1122976	1105140	17836	4167	14299650	14176216	12758366983785010
1398266	1380008	18258	2790	10134618	10310898	12758366995717692
1093884	1076766	17118	8	1815282	1678600	12758366999027046
1615024	1597538	17486	345	3215750	3216406	12758367004254664
871342	853318	18024	2434	9274406	8719904	12758367014800120
1166940	1148974	17966	1518	6728076	6278286	12758367023089740
1370002	1351886	18116	3876	13839680	13538206	12758367038700100
1598712	1580906	17806	475	3156420	3584832	12758367043852086
913306	895692	17614	628	4061702	3361014	12758367049227220
1566610	1548682	17928	3792	13294614	13480930	12758367064488784
157312	138810	18502	2114	8107286	7049304	12758367073153510
884178	866320	17858	2550	9366884	9079962	12758367083804616
670588	653040	17548	138	2145020	1645818	12758367087020866
1537534	1519368	18166	4150	14279360	14522582	12758367103235308
1667154	1649980	17174	2659	9821478	10190366	12758367115123900
1674138	1656220	17918	1973	7771440	8144040	12758367124971612
285072	267082	17990	3768	13489206	12128842	12758367139148440
1132164	1114164	18000	4173	14272534	14185630	12758367154950988
680272	661918	18354	2066	7968626	7426224	12758367163998490
756774	739208	17566	157	2260254	1790598	12758367167415012
1174168	1156398	17770	3739	13125528	12929188	12758367182114386
732504	714540	17964	2993	11051994	10258576	12758367194296662
823432	805514	17918	728	4129190	3565132	12758367199649050
771108	753712	17396	183	2300092	1883356	12758367203116414
1669678	1651688	17990	4562	15427514	15887634	12758367220613560
1670126	1651466	18660	1618	6667882	7078254	12758367229353132
698826	680682	18144	970	4650792	4164084	12758367235106890
171064	153156	17908	4618	15663696	14558266	12758367251339224
1612792	1595272	17520	358	3259790	3254032	12758367256611790
1193680	1175742	17938	1157	5393892	5219908	12758367263594026
1351244	1333278	17966	3241	11666712	11615356	12758367277010010
679752	661894	17858	4692	15826016	15283992	12758367293915706
1483586	1466010	17576	411	3217762	3279006	12758367299014392
931522	914048	17474	546	3863298	3133854	12758367304208620
623580	605650	17930	3644	12722454	12094630	12758367317949244
1668014	1649962	18052	4623	15974488	16074614	12758367335993200
1070090	1051954	18136	2433	9506452	8922898	12758367346965856
218432	200438	17994	3730	13347250	11950398	12758367360931864
936380	918394	17986	3606	12566182	12294712	12758367374833446
413724	395908	17816	3548	12463224	11619556	12758367388110910
248022	229976	18046	901	4575024	3506894	12758367393329340
1023136	1005468	17668	193	2443238	2159808	12758367397196176
266072	248154	17918	897	4627810	3514374	12758367402487656
860966	843414	17552	687	4078206	3480240	12758367407826294
169746	151676	18070	4937	16572564	15509912	12758367424966680
1666132	1648484	17648	895	4853276	4912372	12758367431886130
1587092	1569032	18060	4204	14801824	14738090	12758367448677876
1241430	1223606	17824	1193	5351382	5376612	12758367455670852
951822	933872	17950	1157	5186604	4977246	12758367462207900
1113286	1095494	17792	1775	7273436	6988674	12758367470994940
1302822	1284830	17992	3359	12018804	11920554	12758367484715256
952372	934516	17856	2438	9068966	8809948	12758367495136090
1660660	1642676	17984	912	4563982	4949450	12758367501758436
1670938	1652796	18142	3817	13340666	13658600	12758367517172896
1451614	1433904	17710	1772	7200740	7320168	12758367526228566
223872	206126	17746	834	4379486	3280820	12758367531232086
471856	453880	17976	2446	9085674	8358580	12758367541188814
1536832	1518930	17902	3018	10780670	11132124	12758367553905130
1252220	1234196	18024	1080	5439862	5073012	12758367560997906
166538	148972	17566	326	2977376	1703140	12758367564542314
475732	457576	18156	2323	8708988	7991116	12758367574123450
951402	933978	17424	168	2275440	2014532	12758367577747656
199080	181176	17904	2089	8134496	7015404	12758367586479618
1384960	1366922	18038	2884	10422590	10582118	12758367598682374
1588222	1570214	18008	2153	8223656	8595022	12758367608893900
1255684	1237830	17854	2873	10785818	10422650	12758367621334776
1599652	1581430	18222	4577	15528618	15864052	12758367638863990
1666212	1648114	18098	2046	7941366	8353524	12758367648869812
333036	314814	18222	3282	11893408	10718482	12758367661498360
987916	969824	18092	2183	8307200	8084668	12758367671191870
1504492	1486146	18346	1024	5224256	5138756	12758367678319690
1217166	1199154	18012	3381	12074016	11899840	12758367692009046
1345282	1327394	17888	2619	10023044	9750862	12758367703776520
1660098	1641886	18212	2207	8394870	8829174	12758367714228252
351742	333672	18070	2764	10051938	9186442	12758367725031880
917562	899738	17824	1235	5883666	5183016	12758367732229962
1488568	1470666	17902	4500	15443114	15520124	12758367749561230
156280	138666	17614	2002	7806104	6710268	12758367757925734
900270	882210	18060	758	4037658	3751262	12758367763260888
799600	781600	18000	1917	7601076	7100866	12758367772060960
1673176	1654972	18204	4866	16591922	16800292	12758367790727170
405160	387114	18046	1565	6535398	5654242	12758367798072760
338212	320332	17880	2710	10301270	9015892	12758367809112250
999406	981548	17858	3802	13554782	12945114	12758367824064552
1656420	1638500	17920	3889	13824556	13866826	12758367839946226
1436502	1418306	18196	1803	7225560	7397136	12758367849007296
1445218	1426798	18420	3098	11218214	11279278	12758367862071040
1624752	1607194	17558	377	3185550	3332028	12758367867287406
1169578	1151376	18202	2894	10420662	10407106	12758367879327520
1380598	1362838	17760	1815	7231540	7391786	12758367888358572
1439212	1421296	17916	697	3881690	4101418	12758367894091750
1658798	1641076	17722	2187	8299388	8783684	12758367904460110
1570866	1552724	18142	3418	12032936	12378006	12758367918474564
1409594	1392028	17566	1080	5173672	5216734	12758367925463340
1668418	1650548	17870	4588	15530960	15997574	12758367943074820
1079448	1061830	17618	1679	6783444	6684324	12758367951347862
1568274	1550652	17622	3070	11092968	11332060	12758367964439620
311332	293562	17770	785	4401714	3238124	12758367969560530
683504	665710	17794	2971	10893326	10154470	12758367981547990
913944	895450	18494	1889	7596946	7141620	12758367990466930
553018	535022	17996	3379	12017258	11244408	12758368003445116
827352	809200	18152	1766	7326066	6693986	12758368012009840
159736	141614	18122	3274	11629920	10537312	12758368024205590
1546048	1528418	17630	1153	5591330	5584604	12758368031754310
1129776	1111776	18000	1844	7609300	7228582	12758368040903140
718732	700390	18342	4103	14237658	13572328	12758368056270550
886000	868154	17846	2491	9443100	8917494	12758368067005720
237958	220078	17880	2528	9764982	8388354	12758368077419380
1199214	1181034	18180	2361	8842524	8842286	12758368087867992
1687602	1669638	17964	3613	13003034	13078410	12758368102967664
1534998	1517246	17752	4592	15940020	15856314	12758368120853172
159594	141562	18032	3249	11497096	10462166	12758368132918660
615166	597262	17904	4848	16375620	15701038	12758368150337860
772972	755020	17952	965	4845752	4240648	12758368156367686
684162	666268	17894	2984	10929756	10186652	12758368168388202
537022	518828	18194	3223	11670748	10761182	12758368181008668
208714	190942	17772	2530	9763716	8362508	12758368191385834
319722	302174	17548	2681	9864180	8921624	12758368201980910
184732	166952	17780	1560	6425418	5432890	12758368208998864
1584922	1567176	17746	3364	12027978	12230266	12758368223023060
1037112	1019180	17932	3365	12185754	11689360	12758368236652506
796574	778870	17704	3213	11371620	11014916	12758368249233342
337032	318742	18290	1309	5766484	4830114	12758368255744180
654886	636936	17950	3605	12611988	12022426	12758368269422260
526690	509338	17352	360	3054054	2181998	12758368273412284
458812	440886	17926	4757	16159910	15272586	12758368290439690
698566	681058	17508	142	2164848	1700086	12758368293708364
1032316	1014508	17808	2001	7881662	7598992	12758368303032610
1459330	1441344	17986	3810	13292540	13438450	12758368318196584
542696	524586	18110	1020	5046938	4171104	12758368324196590
375866	357756	18110	3852	13383560	12481688	12758368338362560
1432996	1415544	17452	56	2043266	2177322	12758368342248010
1101466	1083608	17858	4159	14372850	14123454	12758368358128900
845152	827470	17682	3229	11939766	11175702	12758368371348070
1513780	1496048	17732	375	2902056	3214334	12758368376172100
168352	150148	18204	1427	6466278	5024304	12758368383218830
1502688	1484776	17912	3318	11846742	12009220	12758368396979614
815742	798190	17552	88	2460660	1664692	12758368400668150
1522278	1504292	17986	3309	11827314	12002322	12758368414423596
638452	620802	17650	4516	15511698	14730448	12758368430985310
1586428	1568340	18088	4325	14913428	15109144	12758368447891426
846262	828254	18008	1821	7259846	6872362	12758368456408240
874996	857558	17438	52	2053140	1610466	12758368459743910
1664340	1645398	18942	4542	15576206	15833452	12758368477395198
164356	146456	17900	291	2651984	1612404	12758368480621030
1331992	1313858	18134	3259	11693030	11662972	12758368494056470
920236	902372	17864	4029	13893392	13555974	12758368509279492
636022	617550	18472	4554	15466430	14842754	12758368525794220
581762	564204	17558	2045	7885052	7278362	12758368534697608
929184	911038	18146	2378	8914426	8627244	12758368544951650
159910	141706	18204	3803	13367490	12118790	12758368558886284
443992	425826	18166	2660	9719660	8981488	12758368569459910
424690	406712	17978	4020	13879290	13035550	12758368584171544
1061894	1044118	17776	3310	11758498	11575906	12758368597402840
1566376	1548472	17904	3669	12844410	13125232	12758368612222150
1679096	1661056	18040	3489	12450520	12698088	12758368626763542
1110056	1092546	17510	640	3670514	3600684	12758368631955910
522442	504328	18114	1712	7314326	6223462	12758368640203180
248696	230576	18120	2758	10444426	9086150	12758368651302456
404844	386826	18018	1168	5386974	4477210	12758368657504210
1196728	1179134	17594	780	4316568	4109280	12758368663452646
218432	200972	17460	278	2633208	1628760	12758368666715418
884372	866580	17792	4858	16400224	16000192	12758368684407706
1669622	1651594	18028	2826	10450758	10706010	12758368696940088
1439292	1421312	17980	2268	8527056	8805326	12758368707313452
986782	968430	18352	3785	13530078	12899514	12758368722244420
1268210	1250224	17986	4697	16001716	15903994	12758368739920410
179436	161464	17972	2197	8766540	7330750	12758368749273756
1661146	1643196	17950	4071	14372492	14427510	12758368765719940
1660248	1642080	18168	3753	13122210	13471884	12758368780910802
1405672	1388010	17662	1188	5361618	5539424	12758368788093490
1672586	1654440	18146	1912	7529902	7970626	12758368797704292
1115102	1096968	18134	698	3871104	3782010	12758368803105648
1663750	1646026	17724	2219	8841140	8885330	12758368814015584
1184100	1165948	18152	4056	14333366	13906152	12758368829942874
1331262	1313344	17918	2425	9445770	9170920	12758368841124816
1669756	1651950	17806	2190	8751834	8807332	12758368851956350
198856	181348	17508	308	2790570	1698804	12758368855354810
325396	307230	18166	2187	8378810	7449348	12758368864469014
987396	969900	17496	1406	6093670	5771034	12758368871957620
1129426	1111374	18052	1209	5808954	5323822	12758368879306660
1125008	1107144	17864	2610	9596432	9511896	12758368890435664
1042524	1024972	17552	201	2373378	2220616	12758368894261810
1306600	1288746	17854	1784	7278270	7222628	12758368903253194
1668714	1650714	18000	2659	9802404	10204896	12758368915134820
458772	440680	18092	2130	8349336	7410678	12758368924352052
1483982	1466420	17562	1284	5830188	5901270	12758368932078348
513504	495316	18188	2430	9254514	8364828	12758368942253442
258716	240162	18554	4695	16042038	14886256	12758368958965242
1669256	1651316	17940	4905	16810768	16934318	12758368977851184
1665232	1647246	17986	2076	8083256	8455528	12758368988017030
395334	377400	17934	2692	10293588	9034820	12758368999110666
1017744	999924	17820	3880	13641746	13208424	12758369014182582
1156926	1138992	17934	3979	13897968	13642658	12758369029645284
214728	195748	18980	4091	14150598	13037808	12758369044421854
934738	917352	17386	551	3597794	3160310	12758369049361636
1658410	1640214	18196	1069	5117522	5435724	12758369056544016
496906	478720	18186	3150	11375282	10504066	12758369068829440
1091620	1073408	18212	3413	11999126	11885114	12758369082329620
999056	980894	18162	1759	7459162	6843016	12758369091200710
1134348	1116666	17682	1770	7150194	7009788	12758369099895546
1669556	1651464	18092	4588	15936166	15978882	12758369117912202
581726	563500	18226	1953	8063174	7007842	12758369126967220
910004	891850	18154	4215	14812534	14107304	12758369143103890
1665504	1647376	18128	4713	15880554	16347384	12758369161056462
542566	524782	17784	2835	10214598	9605512	12758369172225124
748062	730556	17506	308	2891790	2243228	12758369176288536
893542	875338	18204	4377	15080066	14566678	12758369192673460
1467166	1449078	18088	2844	10253514	10556290	12758369204799424
659692	642258	17434	137	2534816	1650204	12758369208403458
1415618	1397678	17940	1670	6750196	6991398	12758369216991784
1663822	1645508	18314	4240	14879928	14935822	12758369233946260
1184746	1166768	17978	4037	14281734	13850506	12758369249820304
1670218	1651978	18240	3400	11903336	12425158	12758369263803556
805486	788062	17424	120	2130690	1743046	12758369267149960
1311624	1293580	18044	2891	10844946	10540128	12758369279717226
1476406	1458270	18136	3402	11911464	12233874	12758369293514740
556210	538270	17940	4914	16474968	15838810	12758369310955804
1680266	1662082	18184	4014	14002480	14273234	12758369327044240
