# Loop @ Start frequency 1300000Hz took 2444.16 cycles
# Interval [2442 ; 2447]
# Q1 : 2438 ; Q3 : 2442
# Loop @ Target frequency 1700000Hz took 1870.24 cycles
# Interval [1868 ; 1873]
# Q1 : 1864 ; Q3 : 1868
# Confidence intervals do not overlap, alternatives are statistically different with selected confidence level
Change time (with write) [cycles]	Change time [cycles]	Write cost [cycles]	Wait time [us]	Time since last frequency change request [cycles]	Time since last frequency change [cycles]	Detected frequency change timestamp [cycles]
1669750	1637484	32266	3567	715573644	715807496	12758382855792776
1668968	1650614	18354	4812	16079004	16649980	12758382874030226
171152	153484	17668	907	4434794	3464852	12758382879104690
449316	431538	17778	3036	11078484	10115650	12758382891097102
690092	672272	17820	4996	17139444	16206490	12758382909379010
1657432	1639186	18246	2463	9554090	9595672	12758382921042826
585258	567244	18014	4156	14198618	13583396	12758382936284810
314554	296658	17896	3982	13850464	12793906	12758382950903760
518926	500920	18006	4075	14248088	13275608	12758382966123350
1665350	1647340	18010	3998	13745764	14190522	12758382981988762
539230	521222	18008	3427	11964624	11356174	12758382994950028
215252	197432	17820	2191	8329538	7332812	12758383003948818
1665444	1647498	17946	4544	15335732	15824894	12758383021404978
1658466	1640598	17868	3891	13457044	13895346	12758383036975920
908992	891000	17992	4101	13971156	13740804	12758383052310258
552190	534334	17856	3295	11765132	10976470	12758383065083248
766944	749164	17780	2535	9623160	8914614	12758383075928630
1095928	1078550	17378	27	1814404	1739976	12758383079292322
996244	978542	17702	2511	9695988	9078680	12758383090437074
519064	501294	17770	4626	15652252	14931444	12758383107064070
1437284	1419524	17760	4697	16245020	16063574	12758383125230186
1673436	1655682	17754	4859	16735132	16782604	12758383144091062
1423044	1405208	17836	1572	6412504	6692228	12758383152382370
294360	276830	17530	447	3391044	2194620	12758383156521138
1675306	1657500	17806	3556	12514494	12883066	12758383171163500
210784	192710	18074	4871	16404504	15351710	12758383188236870
1000264	982652	17612	3275	11583144	11365172	12758383201273130
942570	924730	17840	1540	6541590	6146282	12758383209209576
167156	149136	18020	3078	11136152	9940952	12758383220965190
276826	258932	17894	1572	6580958	5544416	12758383228275890
404810	387144	17666	1286	5775426	4818480	12758383234910358
1553368	1535722	17646	4158	14179674	14562524	12758383251095154
1390920	1373604	17316	156	2362312	2423424	12758383255302318
1612962	1595636	17326	590	3473118	3942720	12758383260842640
1665628	1648028	17600	1788	7097556	7602640	12758383270059414
1664238	1646580	17658	4822	16225740	16658604	12758383288407438
856464	839178	17286	271	2538778	2233214	12758383292256498
314410	296604	17806	2722	10326174	9029506	12758383303350904
574836	557108	17728	3041	10916032	10237912	12758383315295538
229538	212030	17508	1519	6486780	5337406	12758383322465192
1689748	1672346	17402	1506	6586342	6761460	12758383331213154
274642	256854	17788	4306	15077252	13729104	12758383347022070
904296	886558	17738	3273	11723156	11260828	12758383360102014
1356628	1339096	17532	1904	7500272	7615924	12758383369413322
1356512	1338798	17714	2294	8817070	8784692	12758383380037850
266586	248968	17618	1597	6685320	5607374	12758383387444800
347640	329976	17664	2113	8169932	7233568	12758383396414614
1608444	1591344	17100	412	3086192	3405600	12758383401560178
1209452	1192074	17378	138	2138062	2183460	12758383405363166
290068	272296	17772	3347	11754932	10872356	12758383417860922
1225630	1206582	19048	16	1790082	1834588	12758383421330114
618472	600952	17520	1746	7409584	6411712	12758383429810578
490704	472598	18106	4935	16507412	15827124	12758383447263078
965756	947958	17798	3464	12150568	11899084	12758383460831990
928524	910818	17706	3745	13029572	12698450	12758383475244378
848612	829990	18622	2732	10205410	9587304	12758383486752890
224100	206354	17746	1498	6229164	5269924	12758383493661526
576360	558532	17828	4146	14245990	13550166	12758383508939206
1671052	1653170	17882	1096	5181636	5514872	12758383516247058
1580570	1563038	17532	1260	5602502	5914200	12758383523887158
1675902	1657954	17948	4117	14528788	14589046	12758383540545060
1347710	1330144	17566	2011	7867104	7930822	12758383550216030
518036	500472	17564	172	2697756	1603632	12758383553908702
1676330	1658528	17802	2268	8637840	9025772	12758383564677170
1561016	1543172	17844	4094	13990430	14376812	12758383580684390
561920	544388	17532	745	4289684	3352244	12758383585991306
472112	454642	17470	2672	10173600	9034032	12758383597109846
1665288	1647418	17870	3355	11840264	12268378	12758383611067674
985320	967806	17514	1239	5698394	5258420	12758383618208086
571824	554040	17784	4099	14073184	13402596	12758383633309698
768322	750456	17866	3278	11612816	11140342	12758383646144980
505224	487638	17586	2673	10182996	9072010	12758383657287770
1000644	982814	17830	2143	8222044	7978772	12758383666962378
1309436	1291478	17958	1737	6949642	7072284	12758383675669250
598912	580952	17960	1406	6043314	5369556	12758383682767038
1046548	1028892	17656	797	4064520	3990492	12758383688332554
1103490	1086058	17432	643	3929674	3591852	12758383693815506
905218	887338	17880	3558	12827490	12122330	12758383708025034
1661032	1643184	17848	4047	13837320	14340198	12758383723978638
448310	430886	17424	882	4327888	3650030	12758383729212548
162490	144522	17968	2473	9172956	8129950	12758383739000856
1679876	1661984	17892	1585	6458164	6985758	12758383747593410
457052	439292	17760	2540	9464866	8623984	12758383757973890
177508	159544	17964	4264	14644288	13503352	12758383773251326
1660714	1642854	17860	2738	10226310	10415406	12758383785592800
1664272	1646442	17830	2733	9858632	10405906	12758383797576826
1463216	1445372	17844	4271	14699852	14809104	12758383814195750
1665478	1647904	17574	2902	10869104	10920036	12758383827183544
1185402	1167452	17950	3628	12923012	12609954	12758383841742576
1338900	1321154	17746	3111	10989684	11212552	12758383854523098
419128	401726	17402	266	2809920	1779484	12758383858206502
1251160	1233386	17774	4833	16220810	16279592	12758383876130666
1505262	1487972	17290	157	2272744	2538348	12758383880362334
521870	504364	17506	226	2581192	1761198	12758383883919216
191898	174024	17874	1531	6756744	5335818	12758383891319796
981830	963964	17866	3004	10798404	10536772	12758383903554498
476816	459010	17806	3731	12908724	12206600	12758383917391274
1047356	1029264	18092	4131	14307632	13973828	12758383933201730
1314236	1296416	17820	3481	12202284	12294776	12758383947196934
1286228	1268792	17436	587	3819260	3605524	12758383952753510
189960	172172	17788	4252	14914910	13481460	12758383968312558
998474	980700	17774	3693	13103986	12615622	12758383982867380
971918	953978	17940	3638	12911456	12421442	12758383997206616
1298852	1280912	17940	2737	10305650	10054832	12758384009265830
1413180	1395444	17736	1854	7725890	7528740	12758384018858538
232960	215542	17418	262	2873720	1581852	12758384022418988
168254	150038	18216	2312	8998524	7648518	12758384032036292
1465796	1448368	17428	533	3330332	3622828	12758384037284422
785904	768050	17854	3593	12467432	12099364	12758384050991210
928408	910860	17548	99	2495590	1807760	12758384054868946
933276	915262	18014	4288	14959372	14333528	12758384071214902
1284668	1266788	17880	4109	14116652	14148614	12758384087072348
1404460	1386636	17824	2408	9380120	9175028	12758384098310754
1218416	1200530	17886	3027	10858674	10841756	12758384110844330
1442468	1424574	17894	4985	17129360	16956416	12758384129869762
757504	739910	17594	678	3954084	3350284	12758384135035702
1337704	1319824	17880	2117	8520324	8234308	12758384145345862
1688214	1670232	17982	2293	8631144	9111946	12758384156120500
700748	682808	17940	1789	7539526	6620026	12758384164817966
404768	387188	17580	914	4486796	3702700	12758384170160666
615066	578534	36532	4153	14154526	13605346	12758384185386120
903952	886492	17460	1515	6208822	6000472	12758384192953818
315364	297484	17880	1040	5312900	3995460	12758384199033406
704704	686764	17940	4496	15287576	14726768	12758384215479382
1009768	991872	17896	3415	11958932	11791828	12758384228902342
1442312	1424474	17838	4104	14480510	14290830	12758384245277846
1656640	1638780	17860	3390	11949772	12364740	12758384259337286
1552324	1534452	17872	3186	11451984	11647956	12758384272799722
937426	919678	17748	4864	16271012	16057222	12758384290462300
446298	428394	17904	3823	13179416	12477522	12758384304540516
1652676	1634768	17908	4098	13956472	14476876	12758384320600582
791202	773770	17432	155	2135318	1816076	12758384323982954
1557988	1540126	17862	3875	13777588	13722472	12758384339773966
163242	145338	17904	4861	16449664	15275322	12758384356842336
987080	969014	18066	2928	10593780	10312648	12758384368877446
785372	768000	17372	110	2506730	1678560	12758384372623278
553674	535246	18428	1900	7496488	6803224	12758384381124770
1580376	1562298	18078	4545	15783652	15750580	12758384398941622
1676156	1658216	17940	3369	12256284	12320308	12758384413325354
814836	796782	18054	2297	8569278	8250028	12758384423163562
490568	472690	17878	4406	15235280	14241964	12758384439342050
842400	824858	17542	787	4255774	3760994	12758384444892536
892112	874278	17834	3521	12359424	11992892	12758384458598690
287234	269392	17842	2005	7749416	6852018	12758384467089272
694592	676500	18092	1318	5882922	5200356	12758384474122878
1432490	1414716	17774	4294	15025944	14847322	12758384491034288
311266	293514	17752	824	4447408	3337178	12758384496245944
1028156	1010494	17662	1278	5515732	5417876	12758384503244894
381872	363984	17888	2680	9945222	8962896	12758384514025430
1440494	1422860	17634	1094	5203418	5280186	12758384521123680
469690	451818	17872	3047	11054284	10154288	12758384533100104
679874	662534	17340	162	2446034	1727124	12758384536680138
481204	463354	17850	1420	6061834	5294340	12758384543673420
1453016	1435520	17496	1616	6546646	6851588	12758384552145374
1381634	1363020	18614	4621	15600458	15774028	12758384569582394
962844	945226	17618	1886	7351966	7170444	12758384578351610
1665540	1647624	17916	4189	14364416	14762340	12758384594832738
762168	744382	17786	4642	15715070	15218434	12758384611769968
491682	473840	17842	2200	8295582	7640508	12758384621010854
1023684	1005858	17826	4100	14452836	13862456	12758384636941190
168152	150204	17948	3859	13452978	12282956	12758384651014130
1190530	1172604	17926	1704	7246638	6856570	12758384659904764
1075582	1057694	17888	4153	14613450	14074552	12758384676047118
933678	915650	18028	3768	13322318	12774840	12758384690755878
828324	810526	17798	2718	10163432	9529404	12758384702203038
996452	978308	18144	3756	13418876	12805620	12758384717072178
899734	881626	18108	1692	7243106	6532002	12758384725669800
715468	697632	17836	4481	15144184	14690606	12758384741982354
956552	938742	17810	1863	7355280	7093502	12758384750747128
923930	905962	17968	2575	9886146	9197612	12758384762009538
1532950	1515516	17434	1574	6887742	6810016	12758384770882062
218262	200594	17668	4855	16712668	15317594	12758384788266780
1038394	1020946	17448	44	2075912	1733174	12758384791834348
1685322	1667370	17952	4716	15926732	16361718	12758384809899756
895736	877808	17928	3488	12228572	11901032	12758384823479030
501424	483318	18106	2537	9447024	8657888	12758384833883062
238366	220550	17816	3773	13476070	12098978	12758384848051670
365362	347994	17368	320	2885810	1887046	12758384851758040
1493230	1475548	17682	1013	4847756	5088754	12758384858551588
946930	929530	17400	613	3509358	3340412	12758384863458290
234216	216310	17906	4795	16270666	15147484	12758384880415550
519862	502330	17532	1000	4727604	4072676	12758384886118190
1213708	1195874	17834	2181	8455552	8300114	12758384896242554
1458054	1440082	17972	4979	16956310	16917378	12758384915111722
615244	597580	17664	1799	7568036	6567724	12758384923750282
494266	475914	18352	1483	6152602	5491978	12758384930848120
1204196	1186708	17488	1306	5807638	5677196	12758384938313062
167048	148292	18756	1083	5307840	3971274	12758384944243332
1665868	1648076	17792	2629	9719390	10097390	12758384956082482
1413314	1395726	17588	847	4430812	4509486	12758384962387320
1671564	1653716	17848	3437	12339604	12522416	12758384976849710
162932	145052	17880	2324	8771784	7680344	12758384986241210
1556668	1538780	17888	2335	8746704	9100892	12758384996996654
1082276	1064492	17784	4813	16218452	16083350	12758385014748950
1310354	1292622	17732	4546	15433210	15481320	12758385031946566
165300	147578	17722	3083	11419556	9959692	12758385043985178
1670068	1652170	17898	4348	14734478	15261154	12758385060849388
1258044	1240652	17392	1639	6846932	6740354	12758385069422058
345628	327678	17950	4708	15861218	15013022	12758385086095708
1175018	1157198	17820	3991	14143914	13700844	12758385101877544
243786	225858	17928	895	4887558	3502242	12758385107473726
919836	902468	17368	130	2544772	1890152	12758385111400010
964292	946480	17812	3547	12561776	12158048	12758385125388350
1660320	1642418	17902	2350	9219536	9275592	12758385136732938
881160	863250	17910	3611	12564768	12268560	12758385150648942
1259164	1241298	17866	3071	10971564	11027816	12758385163342582
753308	735452	17856	3121	11264996	10671446	12758385175825766
1572532	1554606	17926	3537	12303530	12734692	12758385190166806
973974	956616	17358	1541	6531606	6162544	12758385198157910
253744	235934	17810	4851	16289664	15351412	12758385215167518
284756	266064	18692	3520	12733984	11399524	12758385228651410
793316	775570	17746	3752	13123292	12598532	12758385243032030
391606	373692	17914	1926	8013032	6738234	12758385251902240
298326	280428	17898	4751	16355104	15102494	12758385269024040
165540	147626	17914	2108	8011384	7051328	12758385277663374
1351394	1333732	17662	3409	12184546	12130958	12758385291664712
184846	167104	17742	1582	6487606	5498768	12758385298803304
1150340	1132834	17506	1307	5670986	5638280	12758385306089686
798332	780520	17812	3269	11988060	11162852	12758385319340506
812568	794816	17752	1444	6263242	5711724	12758385326881842
1607524	1590218	17306	367	3243198	3287520	12758385332195898
1121862	1103880	17982	4526	15772108	15242234	12758385349559880
345392	328010	17382	1010	4849792	3945324	12758385355220930
537018	519184	17834	3218	11499370	10744006	12758385367719290
1665106	1647334	17772	4507	15211648	15730072	12758385385062826
1087704	1069546	18158	3592	12474654	12416752	12758385399090738
827294	809526	17768	4429	15040204	14659620	12758385415425858
1219898	1201942	17956	2363	8926180	8870724	12758385426039078
361002	343422	17580	3697	13240676	12006522	12758385440105640
381900	364078	17822	765	4480222	3245934	12758385445432974
1141362	1123578	17784	3037	10943704	10807638	12758385457978416
1321398	1304072	17326	1186	5300520	5448084	12758385465068838
675088	657340	17748	2722	10045564	9401728	12758385476256382
1504474	1486426	18048	2586	9935310	9822194	12758385488162520
704244	686474	17770	2562	9855742	8947524	12758385499187178
1292912	1275140	17772	3618	12628204	12698672	12758385513572846
1634988	1617840	17148	410	2913724	3439096	12758385518604882
655136	637536	17600	4858	16348014	15767728	12758385536076142
1386442	1368406	18036	1582	6919414	6692372	12758385544849338
1586784	1568964	17820	3846	13261356	13673012	12758385560160650
1671112	1653268	17844	3808	13650964	13646540	12758385575945626
1575738	1558386	17352	616	4048026	4002516	12758385582039466
592836	575126	17710	730	4039648	3353694	12758385587138094
1469400	1451562	17838	4975	17081816	16938660	12758385606154486
1596480	1578798	17682	3171	11412522	11665044	12758385619626798
357314	339616	17698	3263	11637110	10699020	12758385632089046
1139700	1122106	17594	3658	13145156	12665178	12758385646839258
308210	290452	17758	2970	10637738	9773904	12758385658251558
944512	927046	17466	1899	7618134	7204638	12758385667279966
170330	152460	17870	4467	15346626	14137072	12758385683256826
238784	220966	17818	4256	14929538	13556986	12758385698891232
264184	246104	18080	1769	7461116	6139376	12758385707081330
547964	530150	17814	4276	14997970	13930124	12758385723092630
748020	730698	17322	301	2920284	2227072	12758385727225306
430218	412564	17654	3424	12067630	11278104	12758385740187018
1678352	1660628	17724	2861	10769898	10819082	12758385753101232
1669666	1651786	17880	4112	14082130	14553564	12758385769317018
244182	226472	17710	4151	14302732	13245546	12758385784331340
650508	632746	17762	2256	8538388	7975608	12758385793985682
799098	781004	18094	4034	13834270	13447824	12758385809083670
1513390	1495450	17940	4903	16871484	16768502	12758385827931896
1472870	1455502	17368	1688	6946542	7099610	12758385836819062
591776	574416	17360	2109	8088184	7482544	12758385845991022
685712	667928	17784	1608	7004524	6078206	12758385854144726
1487270	1469736	17534	962	5074440	4946996	12758385861171590
1326296	1308410	17886	3338	11861884	11893296	12758385874825822
1170054	1152656	17398	735	3933952	3945710	12758385880391948
843096	825258	17838	1482	6288528	5856276	12758385887990058
179090	161482	17608	3071	11207516	9946738	12758385899839328
660212	642350	17862	4014	13809554	13250474	12758385914776038
748020	730414	17606	1443	6147066	5643310	12758385922133428
1551794	1534606	17188	1781	7279232	7461586	12758385931431160
1670528	1652520	18008	2561	9492536	9910152	12758385943060526
1303594	1285948	17646	2849	10339260	10407346	12758385955170868
865360	847540	17820	1244	5501780	5164628	12758385962002162
1135680	1117980	17700	2967	10613876	10594112	12758385974214258
455150	437390	17760	1604	6995612	5837136	12758385982126190
1003578	986252	17326	39	1922692	1697160	12758385985514778
1524960	1506236	18724	1695	6860212	7173822	12758385994365360
1229044	1211156	17888	4374	15021472	14894584	12758386011077990
1463092	1445344	17748	3531	12748314	12610846	12758386025752758
979072	961302	17770	2513	9298948	9078666	12758386036494886
797888	780050	17838	2483	9281092	8807428	12758386047040222
1504096	1486464	17632	4695	15877476	16135728	12758386064886582
1590118	1572510	17608	2080	8015646	8393828	12758386074956966
1494362	1476624	17738	4985	16612892	16986818	12758386093530656
1665512	1647498	18014	4703	15961164	16323214	12758386111623208
415790	398030	17760	3532	12403266	11562420	12758386124912838
1664050	1646792	17258	2604	9724264	10036204	12758386136764924
1497448	1479784	17664	4218	14415120	14699322	12758386153143000
1067656	1050300	17356	596	3461796	3429676	12758386158136302
1312408	1294578	17830	4133	14194144	14283388	12758386174108702
1669250	1651482	17768	4664	15726320	16207320	12758386191967786
1150008	1132302	17706	3903	13526518	13410716	12758386207113342
1670350	1652534	17816	1905	7375888	7949926	12758386216624228
1666024	1648194	17830	3540	12474356	12838976	12758386231234102
553680	536100	17580	4592	15465896	14875140	12758386247722998
499508	481586	17922	4918	16410536	15794972	12758386265096306
1086498	1068738	17760	1158	5639732	5132026	12758386272288492
695588	678050	17538	856	4479766	3833312	12758386277928290
494644	476708	17936	3235	11391352	10780084	12758386290276470
1468880	1451192	17688	553	3588146	3700622	12758386295799914
301468	283762	17706	3179	11416740	10391468	12758386307980642
1459224	1441652	17572	4849	16400464	16546480	12758386326305630
1165546	1147860	17686	4083	14142748	13963920	12758386342077738
410160	392502	17658	4279	14747760	13794460	12758386357699314
1665420	1647864	17556	3894	13382422	13894154	12758386373212698
1475936	1456824	19112	1731	7548294	7403764	12758386382705210
1673686	1655958	17728	2542	9291904	9857936	12758386394135150
1669872	1651892	17980	1197	5779452	5833282	12758386402053498
1238390	1220464	17926	4572	15358616	15498438	12758386419118430
1577248	1559568	17680	4725	16342612	16299088	12758386437501254
1537712	1520002	17710	1616	6740662	6952680	12758386446245906
1032102	1014614	17488	2907	10759588	10309098	12758386458501960
293434	275702	17732	2035	8089684	6958474	12758386467352288
734050	716778	17272	251	2807944	2063694	12758386471357416
1543400	1525638	17762	4439	15149132	15405494	12758386488514094
1492944	1475196	17748	4084	14239254	14294588	12758386504714730
1676000	1658168	17832	3836	13177876	13732628	12758386520032826
556038	538268	17770	1843	7710868	6655782	12758386528759536
1671476	1653776	17700	2724	9857976	10398124	12758386540753942
439800	422020	17780	2228	8441464	7683972	12758386550099154
1666360	1648626	17734	4334	15174316	15219724	12758386567400506
508820	491552	17268	220	2443624	1741788	12758386570818974
699204	681526	17678	2469	9087784	8663732	12758386581068538
1394178	1376418	17760	4381	14949384	15083058	12758386597877058
229010	211228	17782	3324	12140226	10758148	12758386610712586
1121512	1103414	18098	1701	6775084	6789800	12758386619075386
298612	280786	17826	2389	9348932	8029278	12758386629188386
1253392	1235912	17480	1254	5665924	5583504	12758386636575018
871818	853740	18078	1146	5128744	4878600	12758386643041098
1677268	1659696	17572	1524	6752524	6819460	12758386651936162
1664494	1646640	17854	2838	10686992	10741366	12758386664751028
484458	466620	17838	757	4071970	3324788	12758386669775178
440646	422946	17700	1387	5921252	5167926	12758386676599980
650706	633314	17392	1916	7452572	6959922	12758386685166120
938710	920858	17852	778	4416484	3844186	12758386690982044
1553750	1535932	17818	3625	13047218	12985980	12758386706049678
283768	265972	17796	1366	6337998	4953138	12758386713132886
1282528	1264744	17784	4116	14220148	14175472	12758386729102006
1439308	1421488	17820	3541	12541002	12612028	12758386743546802
239442	221742	17700	2343	8856748	7829586	12758386753109280
1154992	1137726	17266	138	2223304	2144580	12758386756951846
1593712	1576120	17592	3398	12364412	12341248	12758386771376266
1053498	1036134	17364	577	3427444	3358766	12758386776322032
832552	814726	17826	4330	14639214	14369128	12758386792256566
915096	897276	17820	1997	7666496	7470028	12758386801299774
680854	663286	17568	751	4063476	3505746	12758386806509580
410644	393296	17348	304	2821828	1899808	12758386810237882
1547364	1529872	17492	1683	6908944	7161046	12758386819159098
895800	878532	17268	24	1884152	1547488	12758386822407354
807868	790006	17862	4052	14061292	13510640	12758386837741606
1671188	1653484	17704	1074	4912672	5461444	12758386844791250
419672	402392	17280	192	2768548	1572816	12758386848447950
1660496	1643000	17496	1046	4942464	5363598	12758386855515974
448310	430858	17452	1820	7143734	6473834	12758386863569768
576900	559224	17676	1357	5934564	5217600	12758386870546098
1032060	1014738	17322	503	3257304	3113844	12758386875298938
1381708	1363852	17856	3001	10883918	10939500	12758386888027246
341792	323984	17808	4432	15290220	14208092	12758386904121506
1670342	1652220	18122	3206	11783252	11842902	12758386918041088
219342	202038	17304	901	4673990	3491082	12758386923401760
959252	941424	17828	4711	16057916	15637232	12758386940883950
1581388	1563922	17466	1660	6974094	7128088	12758386949904082
585388	567946	17442	689	3937852	3227456	12758386954908794
341396	323718	17678	3718	13328252	12052616	12758386969045550
1522642	1504730	17912	4450	15297876	15417464	12758386986331494
504176	486204	17972	3635	12666420	11960072	12758386999966070
1056438	1038978	17460	1159	5685818	5105326	12758387007174590
415782	398068	17714	4807	16162132	15377830	12758387024215828
808172	790458	17714	4644	15979186	15284640	12758387041464106
367136	349822	17314	339	2795612	1958852	12758387045087450
511232	493574	17658	3398	12362508	11256476	12758387058421214
190246	172804	17442	1625	6595566	5630152	12758387065672126
1665212	1647456	17756	3388	11836190	12377492	12758387079633350
1665304	1647282	18022	2588	9709846	10010136	12758387091476302
974810	957278	17532	4440	15045434	14838586	12758387107964852
1675540	1658546	16994	2426	9454126	9515404	12758387119556722
1136104	1118782	17322	1390	5898306	5873986	12758387127059224
1621948	1604248	17700	517	3597264	3746254	12758387132743666
925832	908160	17672	3612	12804854	12316084	12758387146940058
1535514	1517708	17806	3997	14157532	14080642	12758387163094780
415126	397310	17816	1515	6303578	5523540	12758387170276698
229116	210822	18294	4807	16198524	15190030	12758387187167962
1578442	1560668	17774	2226	8614342	8802886	12758387197813240
1661524	1643736	17788	2777	10008614	10536364	12758387209936522
1514008	1496236	17772	1518	6274592	6620696	12758387218181182
1099694	1081842	17852	4911	16659554	16361238	12758387236394400
1665516	1647576	17940	1246	5545612	5954856	12758387244059302
1481442	1463608	17834	3597	12684264	12810762	12758387258684040
1665900	1648174	17726	3397	12344226	12397266	12758387273150580
356856	339410	17446	1898	7733834	6601108	12758387281715062
281824	264028	17796	3990	13703774	12785500	12758387296152502
1665600	1647466	18134	1573	6703444	6936008	12758387304976526
1657182	1639384	17798	2998	10904442	11191348	12758387317996066
167672	149792	17880	4025	13717670	12774992	12758387332341950
490472	472550	17922	903	4730690	3753324	12758387338015910
979368	961658	17710	4058	13830300	13686468	12758387353280802
1656692	1638824	17868	2849	10593416	10747384	12758387365983410
1669850	1652062	17788	2038	8277914	8337364	12758387376387890
752024	734276	17748	2576	9418534	9026696	12758387387013650
253834	236004	17830	1794	7547432	6190638	12758387395269508
376126	358356	17770	3309	11710356	10844160	12758387407806258
314632	297140	17492	1021	4766132	3933320	12758387413341406
1090882	1073118	17764	2521	9582158	9199024	12758387424467030
585816	568428	17388	256	2644376	1914958	12758387428151934
1672398	1654420	17978	1647	6808200	7164244	12758387437085930
1480376	1461992	18384	3051	11055604	11176916	12758387450080550
809440	792184	17256	82	2438416	1623472	12758387453782306
995064	977362	17702	3606	12871236	12350964	12758387468103230
1119660	1102254	17406	1823	7633204	7142556	12758387477308134
749580	732194	17386	2797	10457362	9685080	12758387488966374
1673928	1656434	17494	2847	10705720	10764348	12758387501799554
338960	321318	17642	4533	15678400	14473316	12758387518266254
1290172	1272312	17860	2314	8728670	8782652	12758387528737818
1085022	1067538	17484	1416	6049264	5885750	12758387536326096
344064	272934	71130	4815	16388020	15319030	12758387553512404
900550	882776	17774	1925	7509914	7225108	12758387562439934
518528	501114	17414	804	4198906	3484928	12758387567612634
1467104	1449114	17990	3314	11806456	11950370	12758387581340810
889044	871234	17810	3590	12729254	12197822	12758387595412948
162812	145124	17688	4213	14625738	13334694	12758387610656630
751764	733958	17806	4843	16172432	15805500	12758387628035778
238954	221234	17720	2107	8359098	7108810	12758387637088168
391060	373726	17334	466	3590810	2354768	12758387641523006
673580	656224	17356	165	2519224	1731056	12758387645169614
957232	939558	17674	3640	13077990	12418744	12758387659657398
528560	511126	17434	929	4753710	3869820	12758387665394086
1670064	1652252	17812	4618	15670804	16057284	12758387683188018
1664892	1647106	17786	3585	12549704	12957392	12758387697859878
699980	682648	17332	169	2308946	1769520	12758387701327486
1595062	1577344	17718	887	4377328	4813716	12758387707756342
1332456	1314326	18130	3960	13797166	13748474	12758387723340954
910472	892616	17856	1222	5758616	5135184	12758387730464150
865998	848648	17350	256	2637116	2193576	12758387734421136
1519292	1501478	17814	2861	10343442	10646192	12758387746737650
1174920	1157044	17876	1736	6920962	6934472	12758387755288098
1485520	1468052	17468	747	4163364	4284820	12758387761392926
1227858	1210088	17770	4831	16257176	16249270	12758387779331976
386528	368710	17818	3066	11113192	10126736	12758387791282190
386134	367892	18242	3173	11337064	10446596	12758387803459680
989704	972234	17470	840	4339792	4062908	12758387809243970
1391118	1371500	19618	3440	12148908	12248322	12758387823236160
1319468	1301634	17834	639	3925814	3795160	12758387828934626
177116	159354	17762	4969	16745220	15611072	12758387846309330
1599388	1581364	18024	2874	10776660	10762624	12758387859140422
1671078	1652996	18082	2794	10206804	10597582	12758387871470916
609572	591790	17782	1947	7695802	6999244	12758387880234950
953152	935298	17854	3675	12785284	12513924	12758387894426778
257318	239618	17700	2683	10107956	8848058	12758387905244456
415560	397690	17870	2129	8213608	7350818	12758387914327376
723498	705724	17774	1178	5458242	4811704	12758387920965382
1669362	1651548	17814	4357	14780424	15272466	12758387937869280
300918	283208	17710	2768	10174196	9148614	12758387948801556
720120	702248	17872	1728	6993776	6455040	12758387956969278
947936	930526	17410	1345	5753358	5535416	12758387964122654
401644	383528	18116	2397	9363230	8142276	12758387974341622
1550136	1532238	17898	4420	15024522	15339056	12758387991370310
1188996	1171306	17690	4668	15861652	15725446	12758388008900612
333698	315928	17770	2509	9622440	8411026	12758388019310492
848332	830506	17826	2084	8166414	7648814	12758388028779932
333004	315596	17408	1008	4741584	3909730	12758388034307062
1584544	1567070	17474	989	4683924	5107384	12758388041029702
1670276	1652796	17480	2209	8794472	8850192	12758388051946582
1443198	1425720	17478	2132	8246378	8390826	12758388062089920
1466396	1448778	17618	529	3763780	3611908	12758388067775602
1104244	1086428	17816	1889	7420404	7320668	12758388076754210
1612712	1595238	17474	480	3165864	3609392	12758388081985430
653784	635830	17954	1836	7175372	6710262	12758388090268528
813812	796012	17800	3609	12725604	12177840	12758388104261718
1599172	1581240	17932	3931	13556796	13927832	12758388119870658
295550	277644	17906	997	5224030	3845990	12758388125845790
931980	914598	17382	83	2144396	1742244	12758388129376398
1667216	1649400	17816	1970	7754812	8124748	12758388139254854
1662078	1644558	17520	897	4348114	4909602	12758388145723334
405586	387838	17748	3170	11264428	10454950	12758388157853824
185898	167948	17950	4614	15538976	14555552	12758388174029136
1508394	1490624	17770	4075	14223250	14268632	12758388190217306
705116	687406	17710	1936	7684624	7062656	12758388199060130
1671836	1654044	17792	3810	13337912	13635752	12758388214524230
344432	326718	17714	4699	15873236	14969436	12758388231199010
1512892	1495426	17466	2703	9858434	10166198	12758388243022256
1612284	1595030	17254	571	3841924	3889200	12758388248945778
185948	168180	17768	2121	8217260	7096044	12758388257802978
1357900	1340526	17374	204	2808016	2535300	12758388262422646
1442766	1425600	17166	653	3858294	3958154	12758388268176000
1704640	1686946	17694	4899	16415360	16930154	12758388286748246
1189016	1171232	17784	1951	7690472	7590536	12758388296082230
177310	159578	17732	1533	6761852	5327530	12758388303474544
552180	534674	17506	875	4479476	3732558	12758388308958198
1347706	1330098	17608	1820	7425070	7357172	12758388318184698
452488	434786	17702	1624	6651724	5874756	12758388325741434
252596	234550	18046	4226	14372696	13461670	12758388340820114
742104	724156	17948	2530	9319352	8878962	12758388351335816
617792	600456	17336	287	2794404	2040032	12758388355201070
1110240	1092688	17552	2017	7904272	7709188	12758388364672066
514988	497154	17834	4637	15702836	14954384	12758388381345806
1423254	1405396	17858	3099	11012050	11260724	12758388394234586
332640	314774	17866	3072	11137556	10089692	12758388406156938
1661040	1643196	17844	4460	15184028	15573216	12758388423458394
1251146	1233668	17478	2320	8646934	8757276	12758388433807882
1404632	1386752	17880	3691	12776868	13016156	12758388448443914
1669836	1652058	17778	3515	12427486	12750852	12758388462996922
1670692	1652832	17860	1689	6895102	7287720	12758388472021338
1518032	1500272	17760	4036	13880036	14161818	12758388487871570
1665466	1647744	17722	3330	11686902	12191932	12758388501678498
1261352	1243532	17820	3527	12326424	12382098	12758388515727018
610376	592596	17780	4512	15266012	14676184	12758388532057730
447984	430104	17880	4272	14460954	13797816	12758388547419378
1461292	1443388	17904	2431	9001282	9298432	12758388558336166
1248034	1230678	17356	1271	5595322	5617962	12758388565635028
633928	616384	17544	270	2518352	2004816	12758388569240782
838368	820842	17526	1835	7650784	6897582	12758388578184374
1661708	1644114	17594	2272	8981252	9030496	12758388589297272
395192	377500	17692	1381	5941136	5088290	12758388596090690
789586	771858	17728	2583	9866618	9088370	12758388607199626
304726	287012	17714	4192	14271070	13413504	12758388622229778
1565192	1547288	17904	4268	14704768	14898604	12758388638954390
670684	653224	17460	2526	9505316	8794504	12758388649585462
766412	748604	17808	4175	14214116	13824064	12758388665016710
851948	834618	17330	1343	6207684	5438372	12758388672530570
275658	257856	17802	2034	7845982	6926178	12758388681106416
171798	154156	17642	894	4469530	3413316	12758388686198302
580592	562684	17908	3835	13656070	12625776	12758388700886150
1669984	1652666	17318	1528	6244584	6803644	12758388709254202
262610	226264	36346	3525	12252250	11378626	12758388722227652
724060	706448	17612	2292	8938944	8146814	12758388732344066
1628008	1610280	17728	421	3158396	3449548	12758388737584606
1029026	1011668	17358	1282	6049086	5431364	12758388745114346
800282	782128	18154	1609	6642000	6179318	12758388753008216
495830	478048	17782	4497	15656950	14520938	12758388769616612
529524	512146	17378	1542	6304292	5709940	12758388776922890
1194844	1177014	17830	1225	5857200	5430332	12758388784429910
1064810	1047068	17742	3580	12444564	12342188	12758388798393428
380492	363220	17272	371	3114984	2053328	12758388802342130
732458	714878	17580	2230	8403092	7970986	12758388811930052
623492	605860	17632	2381	9305516	8315690	12758388822311090
166706	149068	17638	2057	7820660	6884534	12758388830755208
848556	830690	17866	3524	12230152	11956316	12758388844288370
346850	329408	17442	2149	8253748	7340344	12758388853343090
623404	605662	17742	4944	16725890	15985504	12758388871169782
1590544	1572742	17802	3449	12147956	12476248	12758388885362422
1663528	1645582	17946	4539	15541440	15808656	12758388903021622
576624	559284	17340	192	2490178	1714472	12758388906540738
699444	681742	17702	2481	9471632	8686208	12758388917162630
1439096	1421404	17692	4389	15318304	15141516	12758388934374922
1584682	1567092	17590	2949	10518900	10972396	12758388946929146
1172934	1155226	17708	3720	13394974	12897512	12758388961948550
990360	972668	17692	4840	16675532	16044932	12758388980064386
799264	781872	17392	701	4279998	3462568	12758388985595662
1480708	1463022	17686	4793	16107564	16385548	12758389003635766
1674770	1657090	17680	2731	9923082	10411052	12758389015687730
443738	425884	17854	3654	12729978	11942856	12758389029319458
1309920	1292262	17658	3423	12136072	12114600	12758389043216566
1578304	1560806	17498	3618	12945758	13001584	12758389058194822
1332296	1315044	17252	937	4889432	4700694	12758389064868350
1679252	1661648	17604	2350	8744354	9272768	12758389075744370
1138192	1121188	17004	523	3252650	3265372	12758389080593386
1222446	1205036	17410	45	1938050	1916742	12758389084206420
375324	358264	17060	445	3076318	2269060	12758389088111810
1321342	1304146	17196	445	3517746	3222444	12758389093403630
1337792	1320138	17654	4271	14687544	14680952	12758389109883830
1019124	1001078	18046	4308	14790184	14475356	12758389126148570
338806	321166	17640	4659	15757210	14843630	12758389142698310
961158	943900	17258	598	3463238	3310532	12758389147579490
223666	205920	17746	2719	10060150	8923740	12758389158316698
514204	496582	17622	2527	9511164	8640696	12758389168794982
1209716	1191946	17770	2390	8864066	8924348	12758389179322190
1575374	1557890	17484	1682	6955920	7173332	12758389188307278
163136	145186	17950	1631	6681300	5606510	12758389195604390
734060	716868	17192	128	2102432	1681040	12758389198892834
1665698	1648168	17530	4569	15500784	15927550	12758389216515656
775292	758210	17082	126	2149164	1712104	12758389219899170
752648	735438	17210	87	2074728	1575872	12758389223180630
805256	787542	17714	3824	13633712	12812884	12758389238072002
1117878	1100230	17648	3739	13374586	12872132	12758389253016650
1666138	1648156	17982	3153	11619006	11669980	12758389266754586
328740	311578	17162	318	2873224	1841552	12758389270415306
947224	929736	17488	2058	7896596	7668040	12758389279707202
1428092	1410502	17590	3238	11385204	11681464	12758389292973590
209792	192692	17100	312	2834026	1706884	12758389296472130
414770	397500	17270	3157	11116062	10426052	12758389308474978
1264686	1247372	17314	3223	11375312	11475974	12758389321583760
295546	278386	17160	243	2450526	1584748	12758389324783666
1436064	1418964	17100	467	3215404	3397172	12758389329889730
944036	926312	17724	4652	15738358	15443012	12758389347025850
367448	348326	19122	4695	16246034	15000992	12758389364101286
592430	574814	17616	762	4471368	3453540	12758389369629526
425318	407978	17340	963	4691810	3885398	12758389375214696
1609788	1592664	17124	400	3074760	3383208	12758389380361782
893488	876266	17222	3189	11345852	11014048	12758389393092442
636864	619116	17748	4682	15966332	15225032	12758389410161658
1014140	996574	17566	1819	7303624	7035268	12758389418945866
1668554	1651204	17350	895	4619096	4921108	12758389425699706
238236	220810	17426	320	2836058	1771578	12758389429243716
1537192	1519324	17868	3966	13879324	13986152	12758389445123898
424708	407496	17212	714	4300342	3144716	12758389450314442
176290	158302	17988	2764	10413640	9024378	12758389461367144
640426	622870	17556	1471	6187048	5617204	12758389468658044
987098	970244	16854	1798	7100192	6943948	12758389477208216
1351840	1334172	17668	3201	11673458	11508848	12758389490693574
850734	833350	17384	1900	7582298	7114648	12758389499593282
1199270	1181738	17532	4672	15807868	15757104	12758389517063958
749128	732000	17128	153	2651754	1784796	12758389520929554
1092736	1075008	17728	3198	11790774	11244496	12758389534277142
925606	907986	17620	588	3735652	3261858	12758389539404580
406320	387770	18550	2721	9839756	9127172	12758389550114538
244284	226938	17346	1103	5500324	4123852	12758389556321298
1561758	1544030	17728	2384	9283768	9277250	12758389567628916
1708098	1690518	17580	2908	10413222	10987264	12758389580216690
1507740	1490820	16920	372	3298736	3204564	12758389585490418
434792	417008	17784	3139	11304318	10406856	12758389597693790
1002864	985500	17364	1263	5501372	5358780	12758389604663658
528236	510728	17508	2561	9478172	8771312	12758389615137050
239072	221694	17378	1519	6477180	5362254	12758389622318040
747624	730172	17452	1868	7696560	6916464	12758389631227518
1432008	1414316	17692	3472	12593214	12402896	12758389645718054
655602	638000	17602	4907	16431748	15918126	12758389663267080
1224222	1206626	17596	4167	14172382	14273742	12758389679126256
1660278	1642568	17710	951	5047570	5087032	12758389686302358
641354	623862	17492	1851	7480524	6758346	12758389694893620
1674130	1656790	17340	1590	6672562	7007492	12758389703707828
1214560	1197382	17178	589	3419904	3551940	12758389708806086
405948	388870	17078	195	2400276	1567648	12758389712076674
419724	402272	17452	2721	10337044	9144378	12758389723298778
244164	226742	17422	2067	8209736	7006262	12758389732215642
1062830	1045326	17504	2388	9086216	8786886	12758389742829886
615748	598310	17438	4887	16397510	15819208	12758389760310286
1670260	1652680	17580	4998	17133246	17208530	12758389779579308
1507956	1490698	17258	1048	4909528	5223668	12758389786465314
127040	109440	17600	388	3249414	1864108	12758389790306894
1489344	1471720	17624	4060	14325660	14223152	12758389806588710
424700	407090	17610	918	4508006	3747334	12758389811985706
1660808	1643146	17662	3950	14011376	14062140	12758389828123466
816216	798774	17442	3299	11754052	11266698	12758389841156750
331652	313976	17676	2518	9734664	8450192	12758389851682910
1671956	1654380	17576	1972	7658922	8148462	12758389861475220
1140142	1122552	17590	2965	10741034	10590820	12758389873824700
861362	843910	17452	4362	14814904	14491390	12758389889964868
1669882	1652318	17564	4345	15044918	15247972	12758389907144418
346150	328916	17234	252	2956370	1680550	12758389910932468
185132	167672	17460	2260	8965676	7529528	12758389920546170
340730	323306	17424	3056	11064216	10062170	12758389932416048
979104	961868	17236	1249	5457360	5293200	12758389939318458
1664440	1646754	17686	3482	12319732	12662168	12758389953765086
1453084	1435568	17516	578	3542788	3763112	12758389959228110
1537604	1519914	17690	3726	12864796	13268220	12758389974094674
1610048	1592864	17184	432	3075490	3478564	12758389979245850
1655954	1638680	17274	1476	6607610	6651434	12758389987974092
1662136	1644430	17706	1578	6455920	6961756	12758389996558002
1669200	1651730	17470	2249	8659144	8978256	12758390007357354
968842	951174	17668	4532	15361722	15108456	12758390024156334
1095724	1078804	16920	38	2309692	1789792	12758390028027258
723952	706654	17298	701	3800312	3397280	12758390033018626
1664640	1647092	17548	2883	10828288	10872532	12758390045975838
630526	612914	17612	3978	13771990	13112880	12758390060848878
1368062	1350116	17946	3495	12337324	12451150	12758390075021428
984448	966862	17586	3730	13362276	12730980	12758390089832634
791184	773832	17352	4538	15309752	14949712	12758390106399498
1638706	1621328	17378	1181	5455232	5746644	12758390113960130
1017622	1000058	17564	2714	9882154	9719662	12758390125325358
1664484	1647392	17092	1225	5475124	5907772	12758390132930718
768954	751472	17482	2628	9887050	9208628	12758390144057546
263812	246216	17596	4001	14197642	12845668	12758390158980766
1292430	1274866	17564	1268	5537484	5665126	12758390166270580
1419688	1402106	17582	1116	5249792	5335378	12758390173404114
607790	590168	17622	4282	14701806	14000080	12758390189175710
1626618	1609374	17244	493	3671456	3681978	12758390194938216
1610810	1593550	17260	556	3862146	3855144	12758390200872170
714600	696988	17612	4864	16237832	15850354	12758390218319400
322828	305202	17626	3641	12818604	11795026	12758390231949346
1366380	1348906	17474	3694	13119144	13003790	12758390246897658
1440212	1422660	17552	3797	13568382	13384440	12758390262372918
347058	329952	17106	360	3013042	2000048	12758390266197072
325906	308438	17468	3414	11979264	11122056	12758390278991312
252018	234604	17414	2952	10584130	9662944	12758390290290530
980132	962118	18014	4922	16520664	16286764	12758390308257470
583672	566460	17212	998	4914686	4146876	12758390314217958
1458282	1440984	17298	2081	7928506	8261802	12758390324068108
698816	681250	17566	121	2575140	1662632	12758390327804030
635760	618350	17410	741	3987226	3431266	12758390332891698
602106	584682	17424	2532	9365810	8756014	12758390343324240
1503046	1485712	17334	1722	7111990	7235540	12758390352404566
1609536	1592542	16994	58	1941628	2361488	12758390356422834
254556	236954	17602	1754	6943492	6080856	12758390364085434
1437716	1420412	17304	2074	8343046	8226724	12758390374330910
655712	638478	17234	2597	9723738	9007404	12758390385173238
175758	158248	17510	2080	8294566	6977054	12758390394105932
1008664	991314	17350	1836	7672164	7086544	12758390403253102
1499328	1482140	17188	130	2303482	2460300	12758390407517834
316134	298550	17584	2069	8068320	7086384	12758390416366670
263552	245722	17830	2678	9939590	8853484	12758390427034670
768596	750876	17720	4911	16680392	16043132	12758390444946290
283540	265994	17546	1080	5383906	4097444	12758390451078326
415412	398230	17182	967	4744044	3887664	12758390456702210
1664132	1646492	17640	2463	9321438	9613384	12758390468153690
1357142	1339704	17438	1022	5253392	4993894	12758390475230188
488432	471018	17414	3603	12713090	11848380	12758390488897818
680542	662204	18338	1355	5790410	5311954	12758390495832820
860736	843206	17530	3710	13011776	12541536	12758390510172414
1390504	1372904	17600	4999	17150724	16930744	12758390529174170
271288	253600	17688	3502	12496500	11333104	12758390542408822
532676	515364	17312	163	2298590	1597910	12758390545701950
1684056	1666582	17474	2809	10187872	10669176	12758390558040742
1165272	1128458	36814	1627	7075658	6612660	12758390566749018
585812	568510	17302	2610	9550556	8972976	12758390577350990
1675736	1658058	17678	3908	13729804	13950386	12758390593240642
410122	392882	17240	288	2648384	1847492	12758390596766548
595494	577956	17538	3458	12137544	11523742	12758390609961940
841740	824772	16968	299	2942210	2313352	12758390614209678
580994	563736	17258	986	4834722	4108440	12758390620087518
1670164	1652728	17436	2761	10156884	10510076	12758390632378942
989614	972122	17492	3415	12142186	11787334	12758390645977288
1661544	1644046	17498	1169	5708764	5745212	12758390653811210
1503844	1486390	17454	2529	9280044	9647590	12758390665062442
200276	182520	17756	2766	9960412	9053364	12758390675691522
997976	980318	17658	3818	13107480	12998672	12758390690262410
739348	721640	17708	1750	7428946	6558154	12758390698892566
179542	162194	17348	2372	8845252	7857230	12758390708376908
1666236	1648556	17680	1229	5615784	5921884	12758390716124662
718918	701302	17616	4289	14534068	14134208	12758390731847666
367090	349228	17862	3973	13624034	12836622	12758390746301668
1208662	1191132	17530	3125	11080534	11139906	12758390759054958
610864	593206	17658	1993	8086704	7153352	12758390768216750
1170546	1152618	17928	1045	5319240	4877202	12758390775172320
1118760	1101126	17634	4853	16442756	16217460	12758390793197418
1032576	1015416	17160	533	3280824	3204060	12758390797974714
1288148	1271006	17142	615	3518936	3705488	12758390803246406
140612	123132	17480	392	3088730	1914600	12758390806938318
1664654	1647466	17188	1915	7930296	7978102	12758390816995038
1670164	1652624	17540	3939	13510312	14037188	12758390832662210
587132	569482	17650	2399	8908136	8345440	12758390842625870
1150080	1132862	17218	503	3245346	3231250	12758390847486628
748344	731076	17268	766	3988882	3615300	12758390852690598
267420	250328	17092	256	2497284	1608532	12758390855941758
390752	372996	17756	2662	9819804	8935158	12758390866615130
458782	441240	17542	4682	15775070	15050280	12758390883314380
786922	769426	17496	2947	10871202	10183688	12758390895434606
239622	221950	17672	3937	13645952	12601310	12758390909782896
1601216	1583788	17428	1218	5330182	5825044	12758390917181002
390180	373020	17160	367	2817356	2065200	12758390920854318
1576150	1558642	17508	4643	15722690	16046434	12758390938614868
518270	500806	17464	3985	13617246	13016944	12758390953215710
173856	156618	17238	1715	6949358	5883960	12758390960805498
1560840	1543550	17290	948	4525616	4973558	12758390967355098
1665160	1647732	17428	1741	7280022	7450398	12758390976764292
884202	866584	17618	3084	10991284	10689922	12758390989107188
1669500	1652380	17120	1612	6766080	7070076	12758390998006194
954212	937244	16968	82	1946456	1777624	12758391001373150
1178772	1161562	17210	541	3351554	3373910	12758391006368334
204074	186550	17524	1064	5037320	3991270	12758391012073768
753652	736284	17368	1438	6379678	5632444	12758391019668618
979916	962304	17612	4076	13914632	13754244	12758391035026790
543000	525858	17142	224	2867880	1794522	12758391038902680
469836	452652	17184	447	3538644	2387358	12758391043375642
1248924	1231366	17558	757	4200420	4089498	12758391049290618
1705434	1687810	17624	4618	15561154	16100852	12758391067021850
1591508	1573756	17752	436	2993050	3472748	12758391072073706
1296404	1278802	17602	3427	12092208	12128294	12758391085926100
376338	359202	17136	270	3003168	1765454	12758391089770560
1523682	1506000	17682	3861	13772092	13680394	12758391105532168
560814	543432	17382	2504	9544584	8633362	12758391116100820
881164	863710	17454	748	4435552	3702632	12758391121901150
1426080	1408686	17394	979	5124282	4933828	12758391128913766
1393642	1376228	17414	2357	9249684	9028010	12758391140020628
914412	897200	17212	43	2321386	1624720	12758391143740466
1130976	1113552	17424	4633	15693356	15573936	12758391161031474
1656100	1638464	17636	2468	9583972	9623588	12758391172734926
1427902	1410174	17728	1151	5279354	5449016	12758391179911222
1511696	1493898	17798	3447	12137492	12405596	12758391194025434
939752	922204	17548	3099	11467736	10796672	12758391206894630
979192	961440	17752	1272	5858552	5363004	12758391214197738
889962	872364	17598	4199	14367924	14033014	12758391229916968
1066592	1049018	17574	1753	7446022	6897236	12758391238892510
356298	338700	17598	3094	11456286	10199820	12758391251171418
1664410	1646626	17784	2978	11113846	11158726	12758391264412168
308880	290404	18476	4698	15924356	14946032	12758391281112618
704386	686674	17712	3538	12790694	11876950	12758391295068868
441008	423076	17932	1790	7056082	6370812	12758391303032786
586288	569202	17086	184	2422884	1714976	12758391306503294
929844	912138	17706	2449	9154130	8836652	12758391317049498
655698	637902	17796	4167	14670916	13706110	12758391332841088
1663144	1645726	17418	2790	10121138	10590716	12758391345089750
1100182	1083310	16872	8	1918386	1700256	12758391348571550
591282	574190	17092	345	2732334	2200706	12758391352359096
1557780	1540070	17710	2434	9184818	9416124	12758391363564318
278092	260318	17774	1518	6429534	5398052	12758391370733478
548396	530848	17548	3876	13374324	12725548	12758391385121234
1326336	1309314	17022	475	3390378	3323606	12758391390301554
1439880	1422378	17502	628	3743244	3894084	12758391395946018
379656	362198	17458	3792	13455542	12307058	12758391410245232
1219110	1201708	17402	2114	8413258	8121122	12758391420341696
709716	692412	17304	2550	9378314	8917956	12758391430891042
658850	641754	17096	138	2609544	1652666	12758391434623088
1021622	1004186	17436	4150	14270928	14020850	12758391450378248
523638	506012	17626	2659	9834348	9062146	12758391461202360
347122	329486	17636	1973	7986162	6852060	12758391469998446
161996	144552	17444	3768	13479838	12020156	12758391484104262
781730	764414	17316	4173	14532066	13831672	12758391499870938
1659872	1642584	17288	2066	8359764	8409664	12758391510341270
1357204	1339794	17410	157	2265232	2386744	12758391514423250
219972	202272	17700	3739	12938974	11970756	12758391528037794
455954	438594	17360	2993	10648678	9975170	12758391539595968
918392	900850	17542	728	4098526	3661044	12758391545065430
552198	534968	17230	183	2738760	1680452	12758391548808558
1274738	1257256	17482	4562	15372798	15491342	12758391565911056
713368	695870	17498	1618	7026636	6122848	12758391574103792
956654	939486	17168	970	4710352	4421908	12758391580222140
1665692	1648324	17368	4618	15807444	16051850	12758391598149170
490634	473542	17092	358	2950196	2127364	12758391602047052
1074776	1056970	17806	1157	5645390	5101136	12758391609221534
786606	769144	17462	3241	11610480	11047094	12758391622072080
722450	704892	17558	4692	16024906	15325814	12758391639270788
375758	358658	17100	411	3153350	2170622	12758391643251896
1435864	1418770	17094	546	3379038	3630264	12758391648520070
1128000	1110448	17552	3644	12756782	12597938	12758391662859176
310616	292644	17972	4623	15826046	14709032	12758391679448450
766800	749460	17340	2433	9251890	8611372	12758391689921838
1284986	1267370	17616	3730	13158164	13009866	12758391704820692
162064	144350	17714	3606	12698724	11518624	12758391718132550
1294056	1276384	17672	3548	12511072	12478056	12758391732391190
785436	768424	17012	901	4583922	4043990	12758391738212478
1200176	1182404	17772	193	2419080	2341112	12758391742284590
262412	245184	17228	897	4483080	3508464	12758391747482270
1002152	984692	17460	687	3958016	3619688	12758391752896910
690740	673186	17554	4937	16876952	16032388	12758391770916706
1614876	1597208	17668	895	4871340	4858762	12758391777853554
400370	382868	17502	4204	14529306	13547044	12758391793234698
1105016	1087426	17590	1193	5407292	5238704	12758391800200370
981222	964016	17206	1157	5598254	5009876	12758391807232680
1389000	1371360	17640	1775	7222132	7262268	12758391816298800
305680	288148	17532	3359	11951452	10920000	12758391829009494
657110	639404	17706	2438	9142108	8517864	12758391839261510
1660128	1642920	17208	912	4909832	4956916	12758391846286122
1032382	1014788	17594	3817	13275098	13016912	12758391861071750
1665010	1647632	17378	1772	7487362	7534426	12758391870676984
528642	511284	17358	834	4259304	3587142	12758391875918368
829012	811108	17904	2446	9416158	8711308	12758391886619146
1028426	1011000	17426	3018	10846168	10621596	12758391898948554
1679922	1662726	17196	1080	4942016	5472606	12758391906025860
1617144	1600080	17064	326	2871294	3156180	12758391910988118
1356742	1339320	17422	2323	8652154	8867364	12758391921451158
1184800	1167742	17058	168	2409236	2251112	12758391925499186
1223696	1205324	18372	2089	7986160	8039132	12758391935163110
681722	663882	17840	2884	10814912	9881280	12758391947113376
1422688	1405134	17554	2153	8626242	8433946	12758391957614160
1669390	1652012	17378	2873	10476276	10830678	12758391970212576
751570	734110	17460	4577	15576536	15011674	12758391986997628
575574	558152	17422	2046	8145624	7262510	12758391996171350
1407934	1390468	17466	3282	11593684	11791902	12758392009627708
498770	481258	17512	2183	8504626	7596014	12758392019085848
433828	416658	17170	1024	5260832	4069028	12758392025234122
1378430	1360704	17726	3381	12309984	12059196	12758392039374276
1083068	1065706	17362	2619	9792716	9482520	12758392050703226
571112	553778	17334	2207	8490352	7738204	12758392060217538
1667996	1650518	17478	2764	10233152	10496936	12758392072573490
1503666	1486168	17498	1235	5485258	5761146	12758392080020192
880176	862756	17420	4500	15657702	14915376	12758392097012662
689866	672282	17584	2002	8176940	7246800	12758392106330640
533516	516130	17386	758	4469944	3368484	12758392111786010
1166104	1148348	17756	1917	7655360	7465232	12758392121062010
518782	501008	17774	4866	16749246	15645652	12758392138781958
1673148	1656062	17086	1565	6406674	6913280	12758392147310834
526608	509266	17342	2710	9916092	9201560	12758392158207614
1231426	1213880	17546	3802	13153312	13172706	12758392173047880
809340	791834	17506	3889	13686438	13012164	12758392187997138
1574012	1556538	17474	1803	7330168	7534176	12758392197354470
281876	264488	17388	3098	11033274	10117254	12758392209123110
709500	692354	17146	377	3309992	2404818	12758392213597140
1004484	986570	17914	2894	10389244	10230840	12758392225444578
1675726	1658178	17548	1815	7367322	7671056	12758392234941830
695244	677576	17668	697	4280316	3349356	12758392240375250
908996	891244	17752	2187	8285792	8015064	12758392250022530
1669172	1651458	17714	3418	12408656	12461996	12758392264552910
182634	164352	18282	1080	5136116	3975802	12758392270330000
676728	659156	17572	4588	15450004	14968548	12758392286913822
847368	829666	17702	1679	6796296	6432920	12758392295012654
1023322	1005780	17542	3070	11365320	10778372	12758392307851458
252746	235454	17292	785	4183058	3167520	12758392312737414
1114520	1096114	18406	2971	10691404	10567520	12758392324996126
446664	429536	17128	1889	7360924	6662912	12758392333282970
1133816	1116116	17700	3379	12040172	11810224	12758392346911370
1235334	1217884	17450	1766	7488264	7111034	12758392356087188
1147328	1129748	17580	3274	11985502	11512448	12758392369676606
1431548	1414074	17474	1153	5291032	5447280	12758392376853446
456456	439226	17230	1844	7473766	6534876	12758392385237034
808570	791072	17498	4103	14464076	13655636	12758392400984608
506460	487162	19298	2491	9361472	8525376	12758392411307094
835612	797270	38342	2528	9405904	8963866	12758392422003738
826486	809106	17380	2361	9257880	8459848	12758392432538446
1574340	1556844	17496	3613	12612668	12950890	12758392447179304
542544	524662	17882	4592	15569680	14846132	12758392463748558
227720	210282	17438	3249	11560074	10515748	12758392475991946
1156782	1139256	17526	4848	16417712	16228430	12758392494019176
590184	572800	17384	965	5073990	4045952	12758392500138710
615900	597960	17940	2984	10779536	10111658	12758392511986278
1555842	1538414	17428	3223	11837022	11769094	12758392525834426
1569382	1551840	17542	2530	9299946	9704972	12758392537158078
1670992	1653194	17798	2681	9797534	10257186	12758392549081666
305796	288058	17738	1560	6363378	5538088	12758392556207154
237180	219726	17454	3364	12262496	10870492	12758392569160578
533562	515992	17570	3365	11982582	11170754	12758392582131946
528300	510672	17628	3213	11419616	10706724	12758392594535058
1146876	1129606	17270	1309	5846204	5628790	12758392601983422
699352	681572	17780	3605	12976194	12056220	12758392616111058
166730	149634	17096	360	3254344	1810652	12758392619987090
947904	930096	17808	4757	16343548	15751508	12758392637731938
799736	782408	17328	142	2101978	1786496	12758392641085370
986418	968664	17754	2001	7958040	7536932	12758392650484190
462498	444792	17706	3810	13414168	12426992	12758392664816898
1108256	1090676	17580	1020	4988404	4723944	12758392671364550
1664996	1647106	17890	3852	13427994	13754432	12758392686909590
857036	839792	17244	56	1858564	1585856	12758392690082150
314964	297310	17654	4159	14369436	13324052	12758392705219730
233972	216346	17626	3229	11339156	10460044	12758392717247930
1614352	1597116	17236	375	2916724	3297688	12758392722231826
599312	582112	17200	1427	5965376	5432164	12758392729252578
489938	472402	17536	3318	11780440	10980294	12758392741976630
889588	872110	17478	88	2463424	1737682	12758392745782162
1556840	1539134	17706	3309	12084752	12026598	12758392759878614
229136	211688	17448	4516	15255322	14306644	12758392775816750
1668632	1650910	17722	4325	14626016	15176252	12758392792564850
1475968	1458734	17234	1821	7226600	7491176	12758392801721894
855812	838646	17166	52	1991252	1575692	12758392805022446
599972	581920	18052	4542	15273268	14756792	12758392821350150
902590	885362	17228	291	2630696	2337694	12758392825337008
448108	430504	17604	3259	11468608	10766076	12758392837707022
343972	326210	17762	4029	13756924	12965152	12758392852258998
1670012	1652240	17772	4554	15351578	15864434	12758392869734640
1332408	1314870	17538	2045	8021224	8016480	12758392879545882
1564662	1547154	17508	2378	8833708	9246738	12758392890399696
176156	158446	17710	3803	13242220	12120872	12758392904272070
248148	230596	17552	2660	10139874	8777028	12758392915112262
1688418	1670986	17432	4020	13843566	14282364	12758392931098070
546242	528782	17460	3310	12087424	11018342	12758392944190016
789272	771332	17940	3669	12727246	12333374	12758392958161278
1464272	1446752	17520	3489	12620248	12473336	12758392972699310
1380840	1363754	17086	640	3629704	3862888	12758392978164714
217754	200072	17682	1712	6871662	5905200	12758392985710846
700712	683044	17668	2758	9921896	9512286	12758392996785618
1466598	1448836	17762	1168	5192142	5522888	12758393003896342
605128	587728	17400	780	4228578	3502528	12758393009182282
248024	230888	17136	278	2980880	1647932	12758393012865686
1185138	1167682	17456	4858	16344282	16285884	12758393030850110
1208248	1190824	17424	2826	10125992	10229848	12758393042638342
171804	154252	17552	2268	8460106	7522524	12758393051720658
291152	273650	17502	3785	13431144	12184772	12758393065897578
676500	658952	17548	4697	16233416	15298080	12758393083261518
309936	292406	17530	2197	8386404	7445648	12758393092409274
1299276	1281656	17620	4071	13879672	14045016	12758393108039782
163130	145232	17898	3753	13415502	11961112	12758393122071558
1238284	1220552	17732	1188	5232204	5354672	12758393128994870
542164	524874	17290	1912	7909552	6832976	12758393137899890
528452	510826	17626	698	4268484	3182344	12758393143150610
1675144	1657616	17528	2219	8402664	8879916	12758393153683102
1005322	987668	17654	4056	14317654	13712072	12758393169461990
286330	268990	17340	2425	9278484	8104334	12758393179481428
1133270	1115858	17412	2190	8269566	8248864	12758393189339990
143400	126230	17170	308	2883324	1630264	12758393192821518
299870	282226	17644	2187	8727158	7407924	12758393202300710
722870	705558	17312	1406	6117684	5494320	12758393209595478
1457100	1439572	17528	1209	5334956	5656312	12758393216839158
1262126	1244630	17496	2610	9696242	9636904	12758393228253622
447600	430560	17040	201	2671076	1610838	12758393231826558
1294346	1276844	17502	1784	7180658	7196588	12758393240757146
279770	262222	17548	2659	9980226	8802142	12758393251471508
376790	359252	17538	2130	8104662	7315264	12758393260406630
1670842	1653460	17382	1284	5550126	6076984	12758393268081442
661828	644150	17678	2430	9104612	8495936	12758393278304662
1533608	1516088	17520	4695	15775962	16149632	12758393296065290
1671692	1653710	17982	4905	16632646	16914392	12758393314822070
209422	191842	17580	2076	7912938	6985194	12758393323401008
257174	239550	17624	2692	9765734	8875298	12758393333878856
175998	158552	17446	3880	13510970	12350270	12758393348019816
624530	606996	17534	3979	14088878	13100972	12758393363187290
1669390	1651708	17682	4091	14429604	14478850	12758393379738268
1303962	1286748	17214	551	3711434	3512802	12758393385203040
1594460	1577230	17230	1069	5170222	5357400	12758393392422014
653150	635524	17626	3150	11143266	10645472	12758393404673390
1679624	1662056	17568	3413	11947798	12461824	12758393418754730
1049746	1032056	17690	1759	7224670	6879032	12758393427486530
1423376	1406108	17268	1770	7000346	7286224	12758393436363050
661292	643532	17760	4588	15621918	14957904	12758393453100230
533046	515788	17258	1953	8023586	6944654	12758393462109180
323978	306148	17830	4215	14793434	13502266	12758393477681576
500740	482760	17980	4713	16038712	15166978	12758393494672346
1708702	1690970	17732	2835	10205272	10755580	12758393507040862
295352	278612	16740	308	3111812	1794912	12758393510905646
1584470	1566858	17612	4377	15189550	15249700	12758393528133142
1046764	1029236	17528	2844	10562146	10121516	12758393540195270
776572	759384	17188	137	2491444	1749660	12758393543917638
1670114	1652540	17574	1670	6708406	7233014	12758393552751360
582284	564030	18254	4240	14615448	13832246	12758393568405566
1042794	1024242	18552	4037	14064094	13752508	12758393583968182
391132	373446	17686	3400	12173072	11129460	12758393596985026
1013990	996752	17238	120	2538334	1938148	12758393600989846
1374596	1357120	17476	2891	10587992	10585564	12758393613408710
1129334	1111720	17614	3402	11933580	11874410	12758393626927688
587844	570106	17738	4914	16909892	15878700	12758393644891158
547412	529628	17784	4014	14210962	13143664	12758393660114510
