# Loop @ Start frequency 1600000Hz took 1988.39 cycles
# Interval [1985 ; 1991]
# Q1 : 1980 ; Q3 : 1984
# Loop @ Target frequency 3000000Hz took 1058.83 cycles
# Interval [1057 ; 1061]
# Q1 : 1056 ; Q3 : 1058
# Confidence intervals do not overlap, alternatives are statistically different with selected confidence level
Change time (with write) [cycles]	Change time [cycles]	Write cost [cycles]	Wait time [us]	Time since last frequency change request [cycles]	Time since last frequency change [cycles]	Detected frequency change timestamp [cycles]
330020	300662	29358	3567	592914026	592450598	12757906137207024
301026	285540	15486	4812	16401884	15211184	12757906154222156
1593640	1578944	14696	907	4843170	4779874	12757906160967686
1016808	1002036	14772	3036	10920692	10589396	12757906173209396
1212816	1197354	15462	4996	16728088	16655286	12757906191455350
981040	965920	15120	2463	9175844	8820498	12757906201920090
1661812	1646554	15258	4156	14511018	14568754	12757906218397136
1663484	1648522	14962	3982	13744746	14049034	12757906234108440
711710	696788	14922	4075	14075758	13376472	12757906249201374
1573908	1558928	14980	3998	13688586	14009208	12757906264767660
1212232	1196580	15652	3427	12019948	11934768	12757906278307830
174190	159112	15078	2191	8309684	7196512	12757906287095340
430342	415608	14734	4544	15480774	14498066	12757906303309466
346362	331532	14830	3891	13374002	12459808	12757906317333864
580938	566216	14722	4101	14169512	13322834	12757906332386216
703222	688596	14626	3295	11662104	11030914	12757906345054466
1414720	1399706	15014	2535	9587620	9467996	12757906356360866
1655242	1640838	14404	27	1918258	2200706	12757906360237706
1219192	1204282	14910	2511	9531374	9200294	12757906371294266
1656446	1641398	15048	4626	15792448	15967844	12757906389048240
1666724	1651934	14790	4697	15970900	16193224	12757906406988690
1606012	1591218	14794	4859	16413298	16617850	12757906425310196
157784	143058	14726	1572	6785136	5329874	12757906432556246
1610058	1595538	14520	447	3073862	3415518	12757906437543206
1666372	1651582	14790	3556	12396328	12779602	12757906451908436
1292812	1277808	15004	4871	16657374	16342364	12757906470162356
1555754	1540286	15468	3275	11713086	11825744	12757906483734716
748226	732970	15256	1540	6362698	5822370	12757906491148590
590470	575580	14890	3078	11037636	10268988	12757906503078926
237584	223012	14572	1572	6650140	5409884	12757906510271160
679580	664982	14598	1286	5849908	4996306	12757906517102934
797794	783026	14768	4158	14519656	13711084	12757906532724236
878444	863640	14804	156	2275086	1811010	12757906536180780
999872	985306	14566	590	3514318	3232374	12757906540997916
1020370	1005370	15000	1788	7425100	6839246	12757906549745760
1671082	1656258	14824	4822	16194238	16568610	12757906567916696
402348	387660	14688	271	2900998	1698930	12757906571526292
1167460	1152906	14554	2722	9902880	9782752	12757906582901096
759888	745230	14658	3041	11181206	10334144	12757906595144460
225340	210790	14550	1519	6620020	5240354	12757906602292616
219566	204548	15018	1506	6466078	5195516	12757906609281060
1517750	1503076	14674	4306	14663154	14874384	12757906625765184
1505774	1490932	14842	3273	11628546	11767548	12757906639203090
1004092	989298	14794	1904	7546712	7168984	12757906648057050
1571092	1556286	14806	2294	8750728	8903114	12757906658683106
1331896	1317432	14464	1597	6597292	6582182	12757906666916694
283578	269066	14512	2113	8096182	7076914	12757906675604246
137268	122610	14658	412	3301356	1861278	12757906679345700
840644	826144	14500	138	2491532	1723136	12757906682982056
370148	355322	14826	3347	11884296	10854774	12757906695542574
1606992	1592798	14194	16	1803846	2119712	12757906699256184
970162	955294	14868	1746	7069206	6664118	12757906707599284
800600	785766	14834	4935	16495330	16040266	12757906725198276
1346374	1331558	14816	3464	12113020	12179308	12757906738960610
434614	419632	14982	3745	12962090	12113988	12757906752660060
1529840	1515098	14742	2732	10101508	10172232	12757906764595374
576746	562056	14690	1498	6277964	5526262	12757906771753076
170302	155572	14730	4146	14321128	13067534	12757906786547366
1310332	1295696	14636	1096	5111604	5054824	12757906793271986
898792	883894	14898	1260	5844722	5139172	12757906800321724
1500486	1485708	14778	4117	14175824	14291470	12757906816300856
1395686	1380558	15128	2011	8000804	7879436	12757906826003640
820724	806196	14528	172	2592666	1804132	12757906829720456
1338254	1323426	14828	2268	8860386	8595026	12757906840222136
1171132	1156354	14778	4094	14247538	13890078	12757906855947206
1154958	1139980	14978	745	4003558	3855124	12757906861410926
438886	423954	14932	2672	9908522	8907418	12757906872061794
1395470	1380496	14974	3355	11812628	11905152	12757906885573524
1512430	1497592	14838	1239	5738320	5688434	12757906893127736
988638	973864	14774	4099	14008476	13728698	12757906908442170
223012	208076	14936	3278	11561668	10501124	12757906920530906
724258	709348	14910	2673	9775416	9192280	12757906931333560
1020536	1005836	14700	2143	8489718	7902998	12757906941147240
500138	485314	14824	1737	7011372	6167058	12757906948983000
764602	749614	14988	1406	6037884	5442930	12757906956089036
357374	342786	14588	797	4352702	3207284	12757906961101946
1113554	1098926	14628	643	4003922	3508144	12757906966526966
884850	870090	14760	3558	12442484	12000444	12757906980158270
1662656	1647824	14832	4047	14042158	14245218	12757906996166730
180186	165620	14566	882	4456314	3284788	12757907001107050
483138	468514	14624	2473	9407312	8350470	12757907011301396
801586	786624	14962	1585	6734668	6013906	12757907019140930
1440654	1425800	14854	2540	9424206	9507298	12757907030308810
813882	799058	14824	4264	14842434	14046094	12757907046268546
162262	147164	15098	2738	9947904	8823300	12757907056681526
1314190	1299364	14826	2733	10037946	9960644	12757907068338536
576554	561720	14834	4271	14634366	13829066	12757907083852106
675620	660496	15124	2902	10463368	9828778	12757907095297104
711836	696832	15004	3628	12707698	12036052	12757907109019800
1665178	1650500	14678	3111	11276632	11444762	12757907122264780
385102	370594	14508	266	2524798	1652144	12757907125477046
1419602	1404790	14812	4833	16371696	16352418	12757907143576964
889968	875190	14778	157	2359626	1826408	12757907147132550
486772	472334	14438	226	2756668	1633954	12757907150679956
1468346	1453508	14838	1531	6509578	6516934	12757907158961160
324704	309866	14838	3004	10765016	9781360	12757907170354616
1586170	1571346	14824	3731	13060836	13219440	12757907185308352
801024	786144	14880	4131	14349596	13631508	12757907200762630
979628	964850	14778	3481	12202510	11864840	12757907214247434
317134	302354	14780	587	3725102	2539942	12757907218592036
467186	452348	14838	4252	14643568	13662078	12757907234005800
1504474	1489544	14930	3693	13125106	13025470	12757907248938986
422564	407542	15022	3638	12665050	11779448	12757907262336540
316390	301544	14846	2737	10065696	8999284	12757907273022506
1214630	1199780	14850	1854	7339588	7231872	12757907281881894
446366	431868	14498	262	2570118	1695814	12757907285201910
1663202	1648322	14880	2312	8993578	9047954	12757907296160466
1268208	1253624	14584	533	3575736	3330788	12757907301308220
198350	183448	14902	3593	12664416	11421404	12757907314475526
926800	912176	14624	99	2184580	1690624	12757907317891556
723708	708524	15184	4288	14911206	14027078	12757907333829060
506090	491316	14774	4109	14192050	13271818	12757907348830116
1582742	1567716	15026	2408	8983798	9259476	12757907359699356
1044562	1029686	14876	3027	10837574	10570604	12757907371883876
1175602	1160452	15150	4985	16687082	16561444	12757907390061990
1020768	1006028	14740	678	4106256	3518250	12757907395491810
433280	418516	14764	2117	8124748	7236448	12757907404352874
1455720	1440862	14858	2293	8741874	8787878	12757907414853720
520068	505128	14940	1789	7428606	6341738	12757907423109240
226908	212348	14560	914	4812336	3430748	12757907428451610
829274	814462	14812	4153	14213586	13725836	12757907443796756
1667332	1652406	14926	1515	6305218	6669044	12757907452090076
1601966	1587078	14888	1040	4994608	5180104	12757907458989150
1094048	1079134	14914	4496	15535986	15017030	12757907475923570
158636	143854	14782	3415	12000024	10850508	12757907488384260
492012	477136	14876	4104	14267046	13241802	12757907503445634
1251476	1237342	14134	3390	12125368	11865948	12757907517125250
1575564	1559412	16152	3186	11571974	11580008	12757907530575988
821392	806264	15128	4864	16458534	15848388	12757907548159256
1660766	1646010	14756	3823	13303918	13569634	12757907563427160
1053078	1038066	15012	4098	13990012	13782450	12757907578780376
1012402	997958	14444	155	2264552	1943786	12757907582361244
529102	514300	14802	3875	13534188	12594356	12757907596728476
726136	711230	14906	4861	16328092	15740618	12757907614086534
1656382	1641514	14868	2928	10493128	10889104	12757907626539416
820450	805934	14516	110	2149956	1617592	12757907629812686
646312	631410	14902	1900	7762798	6801368	12757907638524330
552794	537754	15040	4545	15500316	14623904	12757907654879576
707918	692828	15090	3369	12163136	11260142	12757907668053744
1025182	1010194	14988	2297	8601558	8368214	12757907677984106
406098	391090	15008	4406	14972266	14057264	12757907693667160
335390	320600	14790	787	4185958	3181306	12757907698492764
874252	859586	14666	3521	12299978	11882344	12757907711969790
1659052	1644352	14700	2005	7738982	8129250	12757907721670410
812722	798206	14516	1318	5935918	5227394	12757907728722296
536712	521794	14918	4294	14642276	13853458	12757907744203704
348910	334240	14670	824	4541920	3281966	12757907749397126
1350366	1335294	15072	1278	5642424	5642826	12757907756692540
409310	394336	14974	2680	9758938	8899584	12757907767163304
1341494	1326618	14876	1094	5126500	5086260	12757907773940490
1086046	1071248	14798	3047	10902334	10671634	12757907786231180
686912	672376	14536	162	2555938	1637750	12757907789776626
650674	635836	14838	1420	6322450	5367538	12757907797051970
988166	973200	14966	1616	6618774	6294442	12757907804961480
621696	606816	14880	4621	15905804	14918430	12757907821792046
719120	704114	15006	1886	7422970	6829940	12757907830236576
826478	811588	14890	4189	14439546	13830572	12757907845810974
1660796	1645826	14970	4642	15674728	16019588	12757907863450350
1602802	1588046	14756	2200	8335198	8654388	12757907873690726
808912	793998	14914	4100	14005228	13546890	12757907888807066
1296974	1282132	14842	3859	13378986	13314120	12757907903786486
340402	326140	14262	1704	6827458	5909474	12757907911257866
1342820	1327944	14876	4153	14153014	14242832	12757907927057004
280304	265312	14992	3768	13352376	12026084	12757907940997826
1663788	1648994	14794	2718	9898138	10266270	12757907952862252
910244	895402	14842	3756	13187912	12621090	12757907967264536
1659008	1644234	14774	1692	7145736	7191792	12757907976372504
650742	635836	14906	4481	15184660	14527182	12757907992510378
1025000	1010056	14944	1863	7330284	7066032	12757908001168824
593694	578788	14906	2575	9703090	8767588	12757908011769220
1667870	1653324	14546	1574	6448498	6847422	12757908020187924
581062	566126	14936	4855	16602388	15578524	12757908037674896
982024	967400	14624	44	1904036	1583738	12757908040868150
1463590	1448766	14824	4716	16001550	16044240	12757908058636616
1663390	1648398	14992	3488	12218940	12570652	12757908072824936
332872	317916	14956	2537	9529744	8392304	12757908082990166
247672	232628	15044	3773	13367908	12008954	12757908096908520
267824	253106	14718	320	2714646	1692154	12757908100193846
609754	594872	14882	1013	5018774	4130802	12757908106126584
1060516	1045984	14532	613	3672834	3361928	12757908111162320
601868	586952	14916	4795	16251730	15421662	12757908128319654
1425560	1410946	14614	1000	4947958	4884740	12757908134997534
406016	391080	14936	2181	8605158	7402088	12757908144312360
1022206	1007360	14846	4979	16700968	16390054	12757908162337970
1478114	1463610	14504	1799	7271176	7331198	12757908171389520
1569948	1555154	14794	1483	6536122	6479074	12757908179798486
1369582	1354754	14828	1306	5707138	5746574	12757908187178996
1492942	1478306	14636	1083	5103058	5199524	12757908194078216
756902	741248	15654	2629	9942736	9095022	12757908205080294
345418	330440	14978	847	4261400	3350198	12757908209990064
1659500	1644782	14718	3437	12153928	12412178	12757908224113644
780014	765394	14620	2324	9054456	8203278	12757908234250920
1459826	1444826	15000	2335	8887070	8917810	12757908244900016
597262	582426	14836	4813	16480764	15468224	12757908262281896
1662050	1647286	14764	4546	15467578	15736662	12757908279714714
166106	151214	14892	3083	11325988	9882776	12757908291510120
664370	649508	14862	4348	14791914	14145462	12757908307269024
555616	540954	14662	1639	6775236	5944846	12757908314908768
1662320	1647354	14966	4708	16044598	16229618	12757908332925204
1347470	1332638	14832	3991	13897194	13771474	12757908348478434
638054	623576	14478	895	4562860	3798258	12757908353988210
827868	813278	14590	130	2280186	1698644	12757908357404520
1058010	1043070	14940	3547	12370198	12158092	12757908371141404
672914	658102	14812	2350	9122672	8188484	12757908381243206
726794	711760	15034	3611	12776562	12018280	12757908395055446
433664	418664	15000	3071	11279546	10104454	12757908407077830
1318752	1303786	14966	3121	11427072	11141592	12757908420132024
1010594	995778	14816	3537	12543516	12073874	12757908433995056
161066	146228	14838	1541	6695518	5251724	12757908441160410
1658146	1643270	14876	4851	16370902	16656642	12757908459498384
638750	624024	14726	3520	12524818	11675502	12757908472970544
1540114	1525326	14788	3752	13314072	13247584	12757908488132936
528232	513644	14588	1926	7599498	6770400	12757908496569506
1241840	1227032	14808	4751	15973078	15940212	12757908514094004
530010	515194	14816	2108	8356468	7318958	12757908523288684
1213598	1198472	15126	3409	12207036	11899272	12757908537018114
353632	339014	14618	1582	6522602	5565960	12757908544202974
802852	787744	15108	1307	5662338	5195572	12757908550976036
1658588	1643702	14886	3269	11870796	11920550	12757908564814884
157098	142192	14906	1444	6391618	4958346	12757908571672492
152268	137718	14550	367	2834046	1728458	12757908574968810
1702430	1687670	14760	4526	15634408	15729932	12757908592614594
329002	314028	14974	1010	4791812	3829388	12757908598043880
207678	192776	14902	3218	11574888	10324604	12757908610136606
1385816	1371010	14806	4507	15494620	15357614	12757908627326486
1487926	1473034	14892	3592	12800268	12719282	12757908641923044
1226420	1211540	14880	4429	15346254	14965872	12757908658804764
1066628	1051872	14756	2363	8892010	8616842	12757908669072114
240802	225712	15090	3697	13026438	11780550	12757908682647926
483552	468642	14910	765	4064826	3253238	12757908687505734
831770	816964	14806	3037	10914074	10400154	12757908699559104
1348142	1333070	15072	1186	5483908	5377874	12757908706698606
453980	439178	14802	2722	9967678	9081178	12757908717428754
893804	878820	14984	2586	9477172	9116032	12757908728110226
1141850	1126880	14970	2562	9754154	9291792	12757908739315134
1666160	1651212	14948	3618	12711474	12974746	12757908754001694
1616856	1602228	14628	410	3014054	3323602	12757908758941496
1464700	1449604	15096	4858	16620306	16503964	12757908777336146
392154	377416	14738	1582	6526014	5607426	12757908784562788
261548	246514	15034	3846	13258990	12250902	12757908798393954
840666	825740	14926	3808	13271214	12715968	12757908812815120
978412	963874	14538	616	3905358	3304094	12757908818007806
454758	439920	14838	730	4270416	3120998	12757908823041840
429974	415042	14932	4975	16715226	15795078	12757908840495480
190546	175598	14948	3171	11427088	10162748	12757908852422120
1561326	1546480	14846	3263	11641034	11807644	12757908865934936
860752	845888	14864	3658	13030892	12287388	12757908880135740
1533298	1518466	14832	2970	10792772	10902654	12757908892770846
834532	819726	14806	1899	7456888	6994740	12757908901370996
1423252	1408432	14820	4467	15391774	15267510	12757908918495206
1275928	1261142	14786	4256	14550126	14494952	12757908934629070
1578290	1563362	14928	1769	7072948	7354258	12757908943589874
1300794	1285984	14810	4276	14573844	14577826	12757908959773104
324156	309636	14520	301	2989664	1705342	12757908963396476
451670	436750	14920	3424	11979006	11182186	12757908976136042
1669338	1654716	14622	2861	10405714	10718706	12757908988529032
677594	662702	14892	4112	14228498	13467490	12757909003743682
1586842	1571984	14858	4151	14181418	14486984	12757909019820806
1528292	1513508	14784	2256	8839842	8763992	12757909030497744
169658	154652	15006	4034	14100160	12719720	12757909045076124
1071282	1056244	15038	4903	16667526	16231122	12757909063120884
1499212	1484298	14914	1688	6947488	7031362	12757909071877856
1656082	1641524	14558	2109	8208388	8450804	12757909082057876
1531722	1516824	14898	1608	6914676	6842048	12757909090813314
1566588	1551846	14742	962	4630104	4923820	12757909097318872
1498282	1483304	14978	3338	12074278	11966872	12757909111200296
747640	732936	14704	735	4183656	3429254	12757909116441416
605178	590320	14858	1482	6198726	5520772	12757909123553640
186028	171208	14820	3071	11277332	9859712	12757909135324446
508728	493930	14798	4014	14106032	13006590	12757909150246410
1372268	1357520	14748	1443	6173736	6170502	12757909158101184
1133684	1118974	14710	1781	7438716	6945974	12757909166981816
509616	494800	14816	2561	9748270	8653436	12757909177548172
1033866	1018866	15000	2849	10584640	10066266	12757909189475182
1242922	1228008	14914	1244	5872588	5478154	12757909196900036
160892	146042	14850	2967	10966798	9520634	12757909208337216
1432628	1417936	14692	1604	6895360	6716282	12757909216971384
1200818	1186288	14530	39	2205070	1800328	12757909220687184
1167756	1152902	14854	1695	6967170	6718230	12757909229129902
220616	205792	14824	4374	15157194	13795598	12757909244817210
1314260	1299548	14712	3531	12541794	12362412	12757909258980714
546110	531274	14836	2513	9612268	8549732	12757909269447714
873756	858932	14824	2483	9359484	8783488	12757909279990030
1004150	989154	14996	4695	16140088	15539952	12757909297443114
307510	292414	15096	2080	8121130	7040790	12757909306180076
1662082	1647206	14876	4985	16913518	17059864	12757909325063876
757090	742330	14760	4703	16162676	15311362	12757909342292602
1289806	1273684	16122	3532	12467462	12343366	12757909356359184
899082	884244	14838	2604	9698976	9176068	12757909367266404
815000	800240	14760	4218	14706118	13917038	12757909383095424
1079588	1065016	14572	596	3762032	3343498	12757909388253440
848512	833790	14722	4133	14461584	13701798	12757909403872556
1138114	1123390	14724	4664	15717046	15576824	12757909421035976
156588	141838	14750	3903	13770066	12319664	12757909435273150
1171880	1157038	14842	1905	7543078	7351112	12757909444297344
1268072	1253202	14870	3540	12591916	12342226	12757909458465984
349628	334944	14684	4592	15515170	14573672	12757909474639824
639310	624648	14662	4918	16611006	15838136	12757909492198432
1192740	1178122	14618	1158	5327098	5139082	12757909499027914
353720	338944	14776	856	4648918	3398432	12757909504339194
320044	305252	14792	3235	11476664	10481918	12757909516444644
1607386	1592832	14554	553	3548552	3742794	12757909521909954
777236	762544	14692	3179	11270484	10772354	12757909534266390
312250	297484	14766	4849	16509370	15305950	12757909551396416
1666002	1651242	14760	4083	13978516	14367162	12757909567349434
299834	284988	14846	4279	14644442	13587446	12757909582602686
1561546	1546748	14798	3894	13565518	13697566	12757909598038674
1109414	1094670	14744	1731	7266472	6771070	12757909606723642
668002	653126	14876	2542	9400378	8755414	12757909617101516
1175212	1160400	14812	1197	5672608	5239084	12757909624255946
1070926	1056102	14824	4572	15572012	15234882	12757909641207954
1561690	1546930	14760	4725	15985146	16183544	12757909659063292
752234	737636	14598	1616	6936756	6076354	12757909667061866
811096	796198	14898	2907	10794028	9992592	12757909678975614
298300	283368	14932	2035	7891806	6870194	12757909687474226
382584	368056	14528	251	2601104	1611462	12757909690766964
671150	656382	14768	4439	15125484	14440782	12757909706872734
656876	642030	14846	4084	14357706	13368712	12757909722197018
1200192	1185436	14756	3836	13463342	13160030	12757909737168864
1045898	1031112	14786	1843	7481350	7044548	12757909746005154
1259148	1244380	14768	2724	10248538	9893268	12757909757821702
1590048	1575198	14850	2228	8702470	8741636	12757909768421134
1465240	1450350	14890	4334	14924890	14914144	12757909785119336
1274388	1260006	14382	220	2605112	2414160	12757909789306976
1049982	1035184	14798	2469	9233946	8922568	12757909799898834
1666334	1651492	14842	4381	14889370	15255142	12757909816763490
1498326	1483622	14704	3324	11743348	11924838	12757909830314770
1336702	1322088	14614	1701	7060136	6904302	12757909839021004
1058426	1043880	14546	2389	9251254	8692714	12757909849639770
1594354	1579516	14838	1254	5649640	5830002	12757909857190944
296440	281594	14846	1146	5279576	4206690	12757909863075986
903266	888640	14626	1524	6551548	5948632	12757909870832700
1195574	1180830	14744	2838	10283616	10168882	12757909882620656
1268534	1253730	14804	757	4157286	4015844	12757909888356146
1188358	1173786	14572	1387	5947352	5818738	12757909895799970
769160	754340	14820	1916	7619054	6979808	12757909904497104
374936	360424	14512	778	4416898	3186248	12757909909597800
316934	302036	14898	3625	12780992	11650694	12757909923001702
202722	188120	14602	1366	5931216	4772082	12757909929444864
1657942	1643130	14812	4116	14191554	14461650	12757909945604036
412608	397684	14924	3541	12525302	11490698	12757909958850180
1028924	1014278	14646	2343	8900220	8520978	12757909969088550
751822	736994	14828	138	2256658	1646250	12757909972405976
1225904	1211080	14824	3398	12096486	11878338	12757909986036660
234792	220344	14448	577	3706272	2439594	12757909990286034
604062	589318	14744	4330	14755060	14044686	12757910005954888
425000	410450	14550	1997	7764568	6886332	12757910014455114
1465442	1450734	14708	751	4145878	4191864	12757910020376916
290900	276278	14622	304	2852028	1682532	12757910023829394
1275440	1260552	14888	1683	6767488	6792222	12757910032182384
1159430	1144914	14516	24	1820518	1713992	12757910035469304
1162888	1148188	14700	4052	13924296	13769972	12757910050865024
274366	259422	14944	1074	5007898	3970778	12757910056455980
1045886	1031486	14400	192	2359348	2099378	12757910060169600
1288130	1273392	14738	1046	5218364	4898312	12757910066984154
1162728	1148152	14576	1820	7408870	7093818	12757910075864344
223622	208828	14794	1357	6038642	4779624	12757910082434350
106010	91546	14464	503	3449488	2093162	12757910086300164
1197218	1182480	14738	3001	10924936	10659878	12757910098731420
399728	384852	14876	4432	15073410	14145252	12757910114514384
1662020	1647316	14704	3206	11684594	11735338	12757910128170084
164726	150172	14554	901	4721264	3341224	12757910133364920
986658	972098	14560	4711	15994656	15565976	12757910150653560
156470	142022	14448	1660	7052518	5604872	12757910158170564
989804	975018	14786	689	3889802	3530794	12757910163358406
1272500	1257608	14892	3718	12988434	12882552	12757910177929074
1436048	1421116	14932	4450	15059170	15235138	12757910194732944
584482	569770	14712	3635	12675058	11942628	12757910208301140
1665278	1650410	14868	1159	5353060	5616260	12757910215628034
1652182	1637268	14914	4807	16168048	16515566	12757910233757606
1511142	1495948	15194	4644	15792816	15890784	12757910251370334
257650	243190	14460	339	2756276	1753290	12757910254692952
1419404	1404588	14816	3398	11946816	12068586	12757910268367886
223932	209164	14768	1625	6897306	5565302	12757910275797774
1121360	1106458	14902	3388	11933944	11742852	12757910289160644
1583570	1568570	15000	2588	9813848	9809382	12757910300866944
1420912	1405350	15562	4440	15325258	15191824	12757910317922310
907124	892694	14430	2426	9102130	8651422	12757910328239760
1049540	1034746	14794	1390	6132058	5692922	12757910335729554
1627304	1612804	14500	517	3325226	3657724	12757910340991136
789130	774284	14846	3612	12552970	12078378	12757910354659406
1477334	1462664	14670	3997	13923426	13923308	12757910370368880
1658020	1643366	14654	1515	6434710	6675724	12757910378770946
739242	724528	14714	4807	16295916	15604932	12757910396114784
1658088	1643374	14714	2226	8751482	8801134	12757910406832230
1028410	1013684	14726	2777	10170160	9822506	12757910418338546
227988	213240	14748	1518	6556802	5252542	12757910425433400
934326	919608	14718	4911	16475068	16114202	12757910443151140
915188	900398	14790	1246	5594916	5113104	12757910449964784
264322	249364	14958	3597	12843658	11502108	12757910463377306
1118546	1103804	14742	3397	12157768	11753468	12757910476957290
663300	648390	14910	1898	7754578	6814552	12757910485678204
1022016	1005906	16110	3990	13698220	13431138	12757910500701926
1663228	1648488	14740	1573	6465036	6841004	12757910509133620
815474	800894	14580	2998	10915752	10252724	12757910521167176
1212520	1197626	14894	4025	13830670	13726174	12757910536513586
1068644	1054080	14564	903	4482216	4238324	12757910542367336
1024016	1009154	14862	4058	14066154	13636484	12757910557759946
1192476	1177914	14562	2849	10288048	10186224	12757910569543750
1582260	1567710	14550	2038	7865964	8149238	12757910579295240
1658752	1643916	14836	2576	9658138	9836500	12757910590915226
1212020	1197376	14644	1794	7132764	7045992	12757910599563864
1655586	1640958	14628	3309	11674268	12026988	12757910613196964
1607590	1592816	14774	1021	4796676	5128784	12757910619903896
223220	208366	14854	2521	9521534	8234048	12757910629952360
568166	553754	14412	256	2729868	1800498	12757910633553510
1000614	985926	14688	1647	6859528	6396906	12757910641716508
817144	802270	14874	3051	10885816	10416134	12757910653722956
1003706	989302	14404	82	2028838	1715152	12757910657058090
1650862	1636008	14854	3606	12870178	12910994	12757910671882316
792442	777520	14922	1823	7332954	6714194	12757910680310906
1252162	1237342	14820	2797	10357618	10091456	12757910692224296
1329572	1314786	14786	2847	10282198	10316042	12757910704138420
170204	155388	14816	4533	15435816	14205802	12757910720047466
1114070	1099366	14704	2314	9005848	8512772	12757910730469794
719088	704320	14768	1416	5989532	5423268	12757910737482060
532076	517328	14748	4815	16174014	15406094	12757910754492090
971872	956800	15072	1925	7558584	7199598	12757910763326906
885554	870930	14624	804	4285476	3761748	12757910768801370
1662944	1648086	14858	3314	11660436	12046334	12757910782427126
1662108	1647430	14678	3590	12716346	12875790	12757910797109370
738350	723616	14734	4213	14605854	13820574	12757910812757094
235202	220454	14748	4843	16272298	15194654	12757910829567666
491620	476736	14884	2107	8039826	7264754	12757910838401576
279890	265486	14404	466	3319318	2140032	12757910842305114
625816	611150	14666	165	2473232	1587822	12757910845706694
393656	378878	14778	3640	12766068	11751188	12757910859169920
1662636	1648082	14554	929	4680718	4911654	12757910865817090
1232604	1217912	14692	4618	15931626	15549854	12757910883284440
862428	847522	14906	3585	12698784	12062160	12757910897148322
706736	692366	14370	169	2586658	1681740	12757910900745690
230886	216186	14700	887	4398074	3354004	12757910905677926
418462	403620	14842	3960	13714978	12736698	12757910920120586
1065170	1050658	14512	1222	5434498	5190152	12757910926923624
596574	582036	14538	256	2842076	1833564	12757910930665956
158002	143366	14636	2861	10577908	9187508	12757910941705140
1667302	1652886	14416	1736	6954568	7327480	12757910950630676
1119108	1104240	14868	747	3976702	3825244	12757910956029326
1565730	1551022	14708	4831	16286990	16492410	12757910974184816
740140	724920	15220	3066	10940710	10384784	12757910986168646
1012516	997682	14834	3173	11361666	10979326	12757910998846498
873772	859016	14756	840	4269834	3856744	12757911004292456
1655442	1640588	14854	3440	12211900	12417846	12757911018464098
1586302	1571890	14412	639	3655638	3969806	12757911024009686
1662996	1648076	14920	4969	16836970	17000370	12757911042812696
1012476	997690	14786	2874	10405018	10084398	12757911054537670
1440158	1425324	14834	2794	10227996	10268128	12757911066508944
581088	566298	14790	1947	7723022	6874928	12757911075116220
499332	484404	14928	3675	12987992	11963112	12757911088906464
1656138	1641288	14850	2683	10106488	10156046	12757911100972166
1658696	1643884	14812	2129	8449314	8499734	12757911111383940
1658538	1644090	14448	1178	5280422	5651444	12757911118626596
218830	203954	14876	4357	14861470	13727196	12757911134009876
1176348	1161536	14812	2768	10356516	9930258	12757911145846440
1563026	1548128	14898	1728	6927238	7201556	12757911154640010
260404	245476	14928	1345	5792324	4758230	12757911160996104
837648	777524	60124	2397	9247562	8478300	12757911171384116
1150936	1135834	15102	4420	15108572	14849112	12757911187996464
161912	147096	14816	4668	16048502	14603778	12757911204509830
876656	862106	14550	2509	9414388	8852220	12757911215106900
157752	143188	14564	2084	8313662	6864458	12757911223881440
312190	297494	14696	1008	4740856	3793864	12757911229237466
475598	460718	14880	989	5018586	3903538	12757911235036370
932172	917206	14966	2209	8670396	8011172	12757911244941444
1652418	1637602	14816	2132	8458262	8501756	12757911255355770
1304516	1290112	14404	529	3364974	3353058	12757911260329050
398434	383610	14824	1889	7728040	6521438	12757911268757780
1610342	1595912	14430	480	3192400	3515006	12757911273863478
752534	737372	15162	1836	7472402	6716020	12757911282391132
1411776	1396926	14850	3609	12579810	12678070	12757911296686012
173376	159284	14092	3931	13862564	12434204	12757911311025476
284208	269680	14528	997	4712286	3735664	12757911316325880
836812	822176	14636	83	2297788	1552054	12757911319763606
874256	859316	14940	1970	7775724	7235932	12757911328716810
1661002	1646384	14618	897	4445218	4811958	12757911335127146
1659244	1644434	14810	3170	11566876	11616618	12757911348656276
676026	660682	15344	4614	15572320	14954328	12757911365208266
605766	590612	15154	4075	14158724	13269974	12757911380275840
434714	419718	14996	1936	7706192	6696454	12757911388724216
264112	249134	14978	3810	13157064	12136024	12757911402449576
304660	289750	14910	4699	15852226	14834924	12757911418909046
1665956	1651324	14632	2703	10166574	10226280	12757911431044650
1199178	1184744	14434	571	3445198	3380730	12757911435991916
1569788	1554802	14986	2121	8185966	8387538	12757911446050410
592466	577976	14490	204	2691208	1675414	12757911449637180
889612	875062	14550	653	3969808	3308490	12757911454800776
1314286	1299338	14948	4899	16519108	16445522	12757911472937364
879340	864246	15094	1951	7917370	7186230	12757911482037656
328904	314306	14598	1533	6667986	5387396	12757911489337436
487882	472946	14936	875	4529938	3573854	12757911494659106
747434	732476	14958	1820	7332310	6660138	12757911503041410
1361872	1347330	14542	1624	6934588	6689970	12757911511640696
1452552	1437574	14978	4226	14486942	14569018	12757911527883950
1149956	1135350	14606	2530	9470008	9186120	12757911538807530
515950	501460	14490	287	2638056	1844152	12757911542264812
197456	182546	14910	2017	8111578	6702420	12757911550876980
1386316	1371448	14868	4637	15657748	15729998	12757911568224470
609712	594694	15018	3099	11155854	10350536	12757911580293206
1175174	1160246	14928	3072	11088126	10836764	12757911592860116
1053286	1038060	15226	4460	15117478	14867918	12757911609333590
1244488	1229700	14788	2320	8917862	8652488	12757911619799360
349580	334752	14828	3691	12857038	11863632	12757911633309144
869378	854352	15026	3515	12298746	11856518	12757911646779050
1488698	1474126	14572	1689	6862990	7014350	12757911655434204
917860	903134	14726	4036	14058970	13463152	12757911670713686
1365614	1350964	14650	3330	11854840	11799608	12757911684237210
926890	911870	15020	3527	12442974	11952730	12757911697909930
886566	871714	14852	4512	15320984	14858444	12757911714420116
1256572	1241734	14838	4272	14669342	14510624	12757911730649340
1667118	1652562	14556	2431	9270880	9412452	12757911741891094
589034	574184	14850	1271	5723376	4862572	12757911748507706
458542	444116	14426	270	2786258	1732140	12757911752055476
1436840	1421818	15022	1835	7382154	7396962	12757911761177274
918588	903568	15020	2272	8872666	8184696	12757911771271810
781252	766702	14550	1381	5958234	5382494	12757911778314356
848980	834510	14470	2583	9729250	9045824	12757911789195206
1462362	1447284	15078	4192	14383836	14476194	12757911805344684
893668	878810	14858	4268	14746052	14133834	12757911821287540
1093912	1079014	14898	2526	9638218	9121234	12757911832321946
206866	191878	14988	4175	14470948	13168918	12757911847303130
442758	427924	14834	1343	5901812	4930324	12757911853949846
613970	599094	14876	2034	7900558	7168088	12757911862767444
556762	542276	14486	894	4464888	3700496	12757911868091396
491306	476504	14802	3835	13419028	12436758	12757911882304860
537300	522344	14956	1528	6562678	5580908	12757911889707274
797744	782914	14830	3525	12328746	11812804	12757911903136436
1591132	1576222	14910	2292	8892328	8916934	12757911913922936
1614070	1599682	14388	421	3059380	3344370	12757911918899186
666884	652064	14820	1282	5723586	4969874	12757911925592726
592548	578066	14482	1609	6700982	5874562	12757911933189176
430360	415698	14662	4497	15284560	14356732	12757911949215416
1665232	1650618	14614	1542	6499228	6748990	12757911957684026
831938	817254	14684	1225	5549320	4965582	12757911964368774
1661030	1645932	15098	3580	12694558	12842852	12757911979027884
1610344	1595540	14804	371	3060160	3216518	12757911984002300
1348514	1333976	14538	2230	8580066	8489804	12757911994239386
1169240	1154574	14666	2381	9136844	8762770	12757912004849350
165776	151158	14618	2057	7999820	6791966	12757912013333366
1321948	1307094	14854	3524	12618988	12335990	12757912027577342
386168	370984	15184	2149	8310666	7284282	12757912036577904
410728	395754	14974	4944	16685146	15676838	12757912053976010
1431126	1416336	14790	3449	12201880	12217664	12757912067913656
312764	297874	14890	4539	15656856	14365034	12757912084186946
1170708	1156252	14456	192	2431682	2211574	12757912088091656
312830	297894	14936	2481	9502708	8206922	12757912098214494
1031378	1016446	14932	4389	15039606	14633004	12757912114588764
895420	880004	15416	2949	10703016	10188120	12757912126490122
194812	180014	14798	3720	13029324	11795186	12757912140017722
361900	346866	15034	4840	16561616	15318074	12757912157244056
1199272	1184494	14778	701	4171138	3766984	12757912162923836
320978	306076	14902	4793	16430702	15133478	12757912179978830
402540	387686	14854	2731	10119190	9046190	12757912190804806
911078	896248	14830	3654	12878012	12316958	12757912204897940
1667056	1652232	14824	3423	12025922	12379438	12757912218894384
1344778	1329916	14862	3618	12704594	12660098	12757912233246268
596546	582030	14516	937	4780794	3869486	12757912238926620
1349538	1334850	14688	2350	8763512	8847914	12757912249343636
1610182	1595756	14426	523	3533820	3641362	12757912254790882
1285800	1271082	14718	45	1917584	1917158	12757912258297340
145662	131300	14362	445	3119996	1943712	12757912261865094
1657424	1643028	14396	445	3415694	3457086	12757912267240548
674418	659422	14996	4271	14754366	13925058	12757912282972650
1377390	1362614	14776	4308	14672974	14737432	12757912299325324
247248	232600	14648	4659	15783512	14662064	12757912315658696
1610630	1595792	14838	598	3684624	3869578	12757912321256964
601124	586398	14726	2719	10125636	9206820	12757912332287756
247756	232764	14992	2527	9499174	8277190	12757912342337646
365202	350730	14472	2390	9128488	7987894	12757912352133946
1318664	1304016	14648	1682	7115076	6824314	12757912360877816
1662828	1648102	14726	1631	6679712	7013704	12757912369524266
743422	728984	14438	128	2280594	1594990	12757912372851686
1662524	1647656	14868	4569	15752316	15805444	12757912390569776
857684	843240	14444	126	2233436	1700864	12757912393963976
849376	834920	14456	87	2336492	1579472	12757912397454328
160782	146018	14764	3824	13521966	12076262	12757912411439784
170536	155104	15432	3739	13120258	11831948	12757912425034130
1545262	1530442	14820	3153	11438188	11447160	12757912438320566
279914	265564	14350	318	2718816	1696956	12757912441622246
504018	489094	14924	2058	7989396	7134150	12757912450417950
284340	269470	14870	3238	11573184	10442078	12757912462582800
369316	354860	14456	312	2653258	1769754	12757912465909010
634326	619592	14734	3157	11203180	10551550	12757912478049652
166244	151162	15082	3223	11722412	10282574	12757912490241386
518366	503936	14430	243	2804338	1713952	12757912493867790
1464254	1449578	14676	467	3490540	3346028	12757912499126340
1270052	1254710	15342	4652	15995938	15658228	12757912516694860
1668322	1653630	14692	4695	15852144	16187466	12757912534517576
1260798	1246270	14528	762	4139608	4009564	12757912540221536
1608620	1594022	14598	963	4665028	4955994	12757912546797564
149450	135080	14370	400	2945488	1813268	12757912550195694
1032850	1017804	15046	3189	11618128	11044042	12757912563149414
157868	143152	14716	4682	15989896	14637608	12757912579600140
1166980	1152536	14444	1819	7280050	7082208	12757912588360826
949166	934418	14748	895	4551808	4107948	12757912594164630
261014	246604	14410	320	2944090	1698446	12757912597678470
454482	439562	14920	3966	13709946	12803968	12757912612150914
509104	494450	14654	714	4010556	3128754	12757912616979170
315262	300730	14532	2764	10306218	9069768	12757912627909770
173480	158762	14718	1471	6197244	5059306	12757912634588784
744392	729556	14836	1798	7359208	6606804	12757912643000916
1661882	1647126	14756	3201	11671712	11724362	12757912656644110
559792	544844	14948	1900	7609974	6722834	12757912665119216
1297690	1282758	14932	4672	16049916	15760994	12757912682775802
697450	683084	14366	153	2278472	1634024	12757912686060322
1268450	1253764	14686	3198	11584168	11318862	12757912699222284
1611578	1597126	14452	588	3633186	3853212	12757912704785004
785468	770762	14706	2721	10069840	9408192	12757912715948334
370218	355668	14550	1103	5391692	4153226	12757912722018570
1171358	1156714	14644	2384	9035336	8787042	12757912732534644
1234046	1219136	14910	2908	10488284	10419814	12757912744565760
244606	229918	14688	372	2895452	1842492	12757912748014734
253706	238882	14824	3139	11481808	10126800	12757912760058180
613838	599116	14722	1263	5570170	4875466	12757912766550804
881134	866352	14782	2561	9487304	9026262	12757912777227204
227870	213174	14696	1519	6313408	5252596	12757912784077074
538028	523472	14556	1868	7679880	6609422	12757912792602684
1201656	1186804	14852	3472	12151154	12073054	12757912806264326
412042	397308	14734	4907	16757908	15578524	12757912823743106
1666632	1651688	14944	4167	14236896	14619758	12757912839953154
1594762	1579946	14816	951	4651318	4917964	12757912846507526
1045910	1031056	14854	1851	7331220	7066584	12757912855194666
1506926	1492436	14490	1590	6524248	6747198	12757912863532800
1322416	1307712	14704	589	3802472	3562978	12757912868966034
633922	619496	14426	195	2502324	1698840	12757912872410666
1662580	1647814	14766	2721	10106140	10284948	12757912884489026
1657212	1642344	14868	2067	8234046	8324192	12757912894689234
173538	158826	14712	2388	8891428	7798514	12757912904060782
559186	544344	14842	4887	16711562	15666332	12757912921640484
1499712	1484986	14726	4998	16736346	16937270	12757912940185044
1654406	1639844	14562	1048	5224468	5274738	12757912947372870
538100	523704	14396	388	2969518	2179658	12757912951188864
1020190	1005532	14658	4060	14093046	13650074	12757912966611386
872500	857924	14576	918	4518670	4096228	12757912972311730
1352240	1337502	14738	3950	13815808	13655034	12757912987788774
1657396	1642624	14772	3299	11660462	12012132	12757913001415074
445842	431128	14714	2518	9394776	8462682	12757913011564584
462534	447898	14636	1972	7668716	6846306	12757913020003120
1335682	1320836	14846	2965	10643098	10692720	12757913032291136
1654394	1639510	14884	4362	14923746	15192044	12757913049178346
1314468	1299604	14864	4345	14994842	14797586	12757913065795946
374306	359872	14434	252	2527708	1607824	12757913069006970
1218082	1203288	14794	2260	8853828	8464084	12757913079388946
1557488	1542702	14786	3056	10911416	11185118	12757913092166750
848806	833964	14842	1249	5734712	5064212	12757913099059884
1456462	1441720	14742	3482	12510388	12362474	12757913113336106
1267822	1253310	14512	578	3463198	3481204	12757913118376016
1062482	1047512	14970	3726	13127056	12693072	12757913132880624
1610160	1595774	14386	432	3215760	3382410	12757913138013270
261518	246646	14872	1476	6507760	5162052	12757913145092544
688046	673458	14588	1578	6854878	5897234	12757913152944390
1208418	1193760	14658	2249	8819062	8418772	12757913163278340
1346778	1331980	14798	4532	15326724	15390926	12757913180260732
1225664	1211268	14396	38	2185656	1818018	12757913183979300
1467498	1452952	14546	701	4207612	4049594	12757913189964596
1576664	1561800	14864	2883	10635070	10684204	12757913202485100
165440	150368	15072	3978	13776448	12550182	12757913216735634
1538894	1524044	14850	3495	12228156	12478540	12757913230810676
718270	703294	14976	3730	13251136	12360652	12757913245089206
1375166	1360308	14858	4538	15621988	15439848	12757913262395460
1657060	1642504	14556	1181	5435200	5672594	12757913269797266
366490	351696	14794	2714	9862270	8969830	12757913280334586
1401994	1387306	14688	1225	5627534	5552202	12757913287673094
206622	192128	14494	2628	9644556	8548718	12757913297832624
1666448	1651682	14766	4001	13774120	14124692	12757913313598314
1041324	1026782	14542	1268	5543230	5313160	12757913320491250
370358	355456	14902	1116	5117770	4184938	12757913326287924
697876	683052	14824	4282	14673962	13997052	12757913341968894
1517560	1503142	14418	493	3560286	3473530	12757913347355726
1296652	1282158	14494	556	3458878	3444014	12757913352420176
555344	540378	14966	4864	16504576	15593978	12757913369788710
1334322	1319464	14858	3641	12684696	12711334	12757913384131344
341284	326586	14698	3694	13034052	11878184	12757913397815366
215800	200868	14932	3797	13257842	12057224	12757913411597812
1645256	1630844	14412	360	2967298	3201858	12757913416519890
1266992	1252186	14806	3414	11968606	11963382	12757913430064464
1433892	1419478	14414	2952	10605632	10749852	12757913442412284
466702	451934	14768	4922	16670934	15675220	12757913459854316
1659776	1645248	14528	998	4970904	5127460	12757913466793590
316128	301574	14554	2081	8045972	7028594	12757913475464096
1410888	1396102	14786	121	2244448	2271880	12757913479428982
606106	591496	14610	741	4029336	3302986	12757913484373618
1170622	1155636	14986	2532	9334858	9229844	12757913495188676
1062620	1047834	14786	1722	7243008	6697006	12757913503804914
947804	933434	14370	58	1942840	1601414	12757913507006070
965922	951188	14734	1754	7348716	6701068	12757913515628754
785002	770494	14508	2074	7978704	7474444	12757913524701716
802346	787548	14798	2597	9535744	9054082	12757913535346740
663560	648908	14652	2080	8031808	7370082	12757913544351204
993192	977266	15926	1836	7591198	6967464	12757913553243466
1422942	1408460	14482	130	2485322	2296460	12757913557462164
442218	427432	14786	2069	7946492	7117264	12757913566160336
969442	954780	14662	2678	9953848	9462780	12757913577393146
865568	850852	14716	4911	16520596	16044074	12757913595087960
1540616	1525792	14824	1080	5341274	5277494	12757913602278330
1478056	1463240	14816	967	4986958	4853184	12757913609051450
626186	611770	14416	2463	9464188	8483444	12757913619458790
1666668	1651896	14772	1022	4844822	5228794	12757913626278476
935738	921072	14666	3603	12868416	12200112	12757913640392274
1092044	1077292	14752	1355	6029166	5628232	12757913647824146
1230198	1215454	14744	3710	12894640	12816382	12757913662256254
391856	376968	14888	4999	17047102	15834922	12757913680003594
1055092	1040250	14842	3502	12398534	12018544	12757913693766746
676822	662302	14520	163	2577568	1645844	12757913697330056
156570	141758	14812	2809	10167748	9041932	12757913707961134
366456	351950	14506	1627	6604464	5717608	12757913715240250
290834	276116	14718	2610	9807994	8582888	12757913725645624
823730	808952	14778	3908	13574556	12998384	12757913740352826
223542	208892	14650	288	2794896	1565072	12757913743679214
1666582	1651724	14858	3458	12333842	12495798	12757913757988560
357410	343074	14336	299	2846068	1731638	12757913761500954
437618	422912	14706	986	4931020	3869382	12757913767177794
1665698	1650980	14718	2761	10056946	10408392	12757913779210164
1654102	1639068	15034	3415	12017958	12357768	12757913793190260
1204472	1189554	14918	1169	5391422	5184928	12757913800094080
785638	770638	15000	2529	9464980	8835558	12757913810653094
1558134	1543280	14854	2766	10278486	10339854	12757913822798496
708290	693428	14862	3818	13488268	12644852	12757913837305104
999312	984758	14554	1750	7330046	6720474	12757913845943184
1304720	1289734	14986	2372	8870428	8886722	12757913856427344
1561662	1546674	14988	1229	5662372	5723082	12757913863959954
1548510	1533694	14816	4289	14599604	14864592	12757913880416494
1671260	1656500	14760	3973	13834698	14039822	12757913896230924
614108	599086	15022	3125	11298306	10447332	12757913908453074
651458	636770	14688	1993	7834060	7099562	12757913917256514
1398712	1383588	15124	1045	5028564	5005514	12757913923992506
1247624	1232676	14948	4853	16614282	16257520	12757913942163746
1180070	1165332	14738	533	3714448	3287792	12757913947366734
1612146	1597630	14516	615	3685474	3936494	12757913952973436
1609600	1595196	14404	392	2975370	3265094	12757913957867156
399664	384980	14684	1915	7563044	6610622	12757913966138664
1498118	1483344	14774	3939	13900026	13791042	12757913981845344
943668	929088	14580	2399	9303406	8610468	12757913992400500
1335078	1320652	14426	503	3478266	3319308	12757913997520650
852536	838060	14476	766	4179684	3624284	12757914002862176
408004	393208	14796	256	2601014	1651936	12757914006179634
884078	869554	14524	2662	9742176	9328568	12757914017115830
1577562	1562922	14640	4682	16099686	16071556	12757914035102004
886752	871894	14858	2947	10912386	10189358	12757914047208834
1573248	1558450	14798	3937	13874072	13840304	12757914062964386
1654578	1639826	14752	1218	5743612	5781630	12757914070671446
1565808	1551378	14430	367	2998926	3142784	12757914075544920
303784	288926	14858	4643	15810136	14678954	12757914091967756
241394	226548	14846	3985	13816326	12649346	12757914106334066
1029008	1014298	14710	1715	7027570	6639732	12757914114699504
177862	163320	14542	948	4653418	3495248	12757914119840160
941396	926508	14888	1741	7169420	6634920	12757914128259416
462918	448174	14744	3084	11322366	10176428	12757914140353950
1353616	1339138	14478	1612	6917182	6664700	12757914148933344
1061930	1047564	14366	82	2108458	1785024	12757914152412624
1569986	1555500	14486	541	3705748	3671238	12757914157996680
160192	145210	14982	1064	4965324	3844774	12757914163431536
164700	150030	14670	1438	6306778	4948808	12757914170211934
1553992	1539078	14914	4076	14281738	14232724	12757914186356066
1029074	1014536	14538	224	2638982	2181004	12757914190332416
244932	230502	14430	447	3137466	2062742	12757914194022594
1067752	1053060	14692	757	4051944	3841364	12757914199451366
441880	427114	14766	4618	15763574	14739278	12757914215965800
823148	808736	14412	436	3399556	2611308	12757914220498080
1192124	1177338	14786	3427	12051626	11927992	12757914234050666
1267282	1252900	14382	270	2745418	2551814	12757914238369766
1209468	1194618	14850	3861	13349556	13247508	12757914253237380
953156	938130	15026	2504	9492800	8927264	12757914263991776
626204	611374	14830	748	4205762	3344208	12757914269132876
1586044	1571524	14520	979	5014694	4996562	12757914276042414
1582022	1567212	14810	2357	9148986	9119552	12757914287082144
1019268	1004884	14384	43	2218742	1632420	12757914290628630
442022	427340	14682	4633	15902472	14789150	12757914307281354
1196526	1181900	14626	2468	9380574	9059290	12757914318166690
240250	225746	14504	1151	5371450	4163374	12757914324087990
475662	460542	15120	3447	12416256	11274962	12757914337288494
714504	699846	14658	3099	11286448	10486502	12757914349597648
1264302	1249532	14770	1272	5727576	5579462	12757914356899254
442620	427780	14840	4199	14477686	13490110	12757914372128332
236706	221748	14958	1753	7323988	5968840	12757914379997200
521416	506600	14816	3094	11064718	10261058	12757914391891284
1037662	1022790	14872	2978	10710092	10430918	12757914403948050
1381466	1366724	14742	4698	15850368	15921768	12757914421488810
1666916	1652190	14726	3538	12517708	12752760	12757914435981480
534428	519958	14470	1790	7323780	6372718	12757914444147774
1414058	1399700	14358	184	2463386	2444562	12757914448334514
1664284	1649768	14516	2449	9272710	9477706	12757914459580550
1594306	1579644	14662	4167	14293228	14548452	12757914475776804
1229450	1214630	14820	2790	10137688	10058412	12757914487452204
1473416	1459230	14186	8	1920564	1972300	12757914491154476
188564	174074	14490	345	3119046	1701544	12757914494770436
1054396	1039362	15034	2434	9056522	8820132	12757914505189524
806506	791686	14820	1518	6562082	5849292	12757914512866734
160962	146082	14880	3876	13484182	12241838	12757914526820544
1615876	1601464	14412	475	3184562	3516852	12757914531929664
852608	838122	14486	628	3746886	3211328	12757914536837904
626142	611356	14786	3792	13219206	12452022	12757914550992114
508792	494062	14730	2114	8119528	7315446	12757914559928216
1669572	1654602	14970	2550	9430626	9780372	12757914571336644
864562	850150	14412	138	2265238	1757674	12757914574775396
462922	448080	14842	4150	14249736	13362622	12757914589796044
1016690	1001768	14922	2659	9748528	9454508	12757914600869694
228206	213424	14782	1973	7701538	6629948	12757914609107730
287060	272124	14936	3768	13372854	12050232	12757914623077464
1661496	1646744	14752	4173	14580550	14632830	12757914639628766
177168	162724	14444	2066	8199182	6842460	12757914648314246
1141488	1126680	14808	157	2423392	2096674	12757914652187580
161110	146268	14842	3739	13169710	11831400	12757914665827346
828222	813218	15004	2993	10918480	10263852	12757914677882368
672176	657308	14868	728	4228438	3332392	12757914683092474
762056	747708	14348	183	2640774	1795818	12757914686803740
1054308	1039368	14940	4562	15750662	15193204	12757914703915856
1658258	1643292	14966	1618	6627970	6978714	12757914712510884
575828	561272	14556	970	4737186	3954632	12757914718132434
1665366	1650566	14800	4618	15652000	15968366	12757914735757616
230564	216176	14388	358	2927676	1769744	12757914739225046
1577414	1562730	14684	1157	5388212	5506304	12757914746494856
347534	332914	14620	3241	11681196	10517796	12757914758849606
213594	198770	14824	4692	15818710	14723718	12757914775185400
390230	375698	14532	411	3110038	2089460	12757914778989444
1287446	1272644	14802	546	3712518	3390184	12757914784292190
1663604	1648444	15160	3644	12721176	13039192	12757914798980216
1431142	1416154	14988	4623	15639894	15734564	12757914816354746
396460	381670	14790	2433	9094810	8158646	12757914826148216
299164	284120	15044	3730	13043890	11931662	12757914839800284
1105612	1090724	14888	3606	12868618	12368096	12757914854077496
1122352	1107296	15056	3548	12698698	12210874	12757914868220576
1281172	1266696	14476	901	4422238	4445246	12757914874227446
840662	826378	14284	193	2443934	1888634	12757914877815456
369314	354664	14650	897	4757406	3522356	12757914883246076
1651572	1637034	14538	687	3997000	4171438	12757914889197208
442750	427732	15018	4937	16495870	15686524	12757914906439406
544152	529712	14440	895	4548636	3689492	12757914911835234
523912	509032	14880	4204	14682778	13599648	12757914927344906
1447782	1433210	14572	1193	5410072	5483918	12757914934505994
1116290	1101448	14842	1157	5213188	5045472	12757914941159784
1130510	1115972	14538	1775	7391338	6915042	12757914949985034
731568	717486	14082	3359	11828124	11254102	12757914962868412
839504	824970	14534	2438	9374020	8606058	12757914973385490
174984	160026	14958	912	4463364	3372672	12757914978326728
902828	888084	14744	3817	13420470	12792822	12757914992953404
1057068	1042042	15026	1772	7378202	6828922	12757915001691206
299854	285288	14566	834	4228026	3261004	12757915006521596
805724	790848	14876	2446	9142378	8595656	12757915016775288
1231604	1216780	14824	3018	10995336	10734210	12757915029304380
1669264	1654398	14866	1080	5201926	5366538	12757915036478936
532632	518190	14442	326	2831818	1973494	12757915040145916
882618	867820	14798	2323	9027228	8303854	12757915050357386
1284786	1270398	14388	168	2579920	2256330	12757915054524596
1668082	1653142	14940	2089	8198958	8385884	12757915064694596
1544842	1529992	14850	2884	10479748	10643388	12757915077021716
585202	570070	15132	2153	8524134	7497964	12757915086435206
1660732	1645924	14808	2873	10682428	10729972	12757915099081256
1359352	1344546	14806	4577	15532584	15525854	12757915116276116
642674	627850	14824	2046	8160558	7234514	12757915125382128
1513016	1498008	15008	3282	11899708	11802824	12757915139100720
1415024	1399866	15158	2183	8608296	8415592	12757915149427046
386000	371042	14958	1024	4951678	3917098	12757915155068994
1659446	1644536	14910	3381	11862988	12245730	12757915168894650
170006	155134	14872	2619	9574504	8477358	12757915178960580
349124	334706	14418	2207	8685730	7422258	12757915188297930
223342	208518	14824	2764	10251032	8961618	12757915199075130
732846	717868	14978	1235	5770258	4898818	12757915205881690
897502	882742	14760	4500	15538712	14831272	12757915222620754
857560	842594	14966	2002	7760620	7315754	12757915231541426
515882	501340	14542	758	4031728	3249516	12757915236392436
365960	351208	14752	1917	7728924	6570650	12757915244796174
1333086	1318326	14760	4866	16383384	16362898	12757915262816650
169908	155148	14760	1565	6756396	5321774	12757915270045530
593296	578588	14708	2710	9978052	9171504	12757915280919924
215418	200104	15314	3802	13334842	12061170	12757915294773176
1657852	1642942	14910	3889	13407704	13766422	12757915310141396
800712	786054	14658	1803	7472736	6666328	12757915318717794
719416	704544	14872	3098	11027608	10458504	12757915330766690
1610382	1595604	14778	377	2904386	3205224	12757915335584274
953988	939150	14838	2894	10518036	10084518	12757915347360240
1329554	1314700	14854	1815	7257636	7226984	12757915356250526
1216946	1202138	14808	697	4038018	3772148	12757915361809350
247292	232438	14854	2187	8278102	7259538	12757915370638420
1662712	1647712	15000	3418	11954638	12357844	12757915384563896
165524	150996	14528	1080	5211686	3865094	12757915390243706
1674920	1659842	15078	4588	15657378	15873972	12757915407878634
662328	647774	14554	1679	6981306	6154238	12757915415826720
1032356	1017574	14782	3070	11139628	10686428	12757915428302940
1049500	1034676	14824	785	4173756	3864858	12757915433829926
1463450	1448600	14850	2971	10858814	10820552	12757915446454840
1073436	1058440	14996	1889	7399674	7194478	12757915455234820
1464138	1448718	15420	3379	11872582	12049252	12757915468874966
1407754	1392864	14890	1766	7360874	7162362	12757915477946814
1663976	1649032	14944	3274	11876758	11932788	12757915491790680
728232	713648	14584	1153	5488926	4645028	12757915498310304
1527076	1511930	15146	1844	7511248	7515878	12757915507650830
158346	143444	14902	4103	14058640	12906254	12757915522171076
1659322	1644356	14966	2491	9291598	9580744	12757915533425816
829222	814248	14974	2528	9386038	8862636	12757915543944806
1660342	1645514	14828	2361	9154382	9196578	12757915555062300
1659634	1644594	15040	3613	12901236	12941064	12757915569927256
1110108	1095344	14764	4592	15709514	15323100	12757915587050602
158454	143690	14764	3249	11606638	10349716	12757915599117898
332896	318118	14778	4848	16246404	15309848	12757915616001470
260390	245492	14898	965	4962888	3617184	12757915621528674
1127264	1112490	14774	2984	10753210	10528068	12757915633711530
427788	412852	14936	3223	11415782	10543244	12757915645857476
1487990	1473234	14756	2530	9645838	9528572	12757915657293954
560628	546022	14606	2681	9919656	9053134	12757915668077670
1662922	1647982	14940	1560	6619044	6802114	12757915676662136
247838	232988	14850	3364	12141340	10784582	12757915689355434
1379568	1364552	15016	3365	12024958	11917540	12757915703063242
1662640	1647870	14770	3213	11692136	11747264	12757915716721496
1032336	1017924	14412	1309	5729068	5419818	12757915723785850
784582	769540	15042	3605	12546502	12042318	12757915737418920
694898	680214	14684	360	3000126	2243642	12757915741417614
514790	500074	14716	4757	16171378	15218592	12757915758407514
1283980	1269712	14268	142	2312196	2175340	12757915762307306
1256780	1241852	14928	2001	7963704	7742806	12757915771830294
861752	846846	14906	3810	13171048	12732624	12757915786166166
1541588	1526866	14722	1020	5074420	5077876	12757915793086194
157796	142954	14842	3852	13608058	12157454	12757915807160460
1080562	1066072	14490	56	1984198	1718080	12757915810528406
157852	143148	14704	4159	14432844	13074464	12757915825423076
693952	679294	14658	3229	11621184	10825060	12757915838041406
222592	208086	14506	375	3198268	1812914	12757915841766056
654182	639288	14894	1427	6342872	5391748	12757915849066300
1358392	1343396	14996	3318	11780132	11755698	12757915862514060
889466	874968	14498	88	2130568	1618308	12757915865837100
548384	533654	14730	3309	11861976	10921098	12757915878551010
1390758	1376092	14666	4516	15504670	15373462	12757915895749294
975670	960974	14696	4325	15017890	14389244	12757915912061396
1663942	1649074	14868	1821	7298698	7583974	12757915921327286
963434	948978	14456	52	2112246	1585934	12757915924706006
890032	875160	14872	4542	15475214	14952394	12757915941374666
551346	536638	14708	291	2957278	1913300	12757915945187050
638542	623650	14892	3259	11524604	10860884	12757915957652846
1322450	1307582	14868	4029	13833554	13843872	12757915973112444
1463900	1448920	14980	4554	15701414	15560788	12757915990585690
581932	566920	15012	2045	8155108	7171634	12757915999625066
1467922	1452794	15128	2378	8888978	9051180	12757916010285716
748246	733380	14866	3803	13339228	12597570	12757916024677070
296602	281794	14808	2660	9926402	8722938	12757916035203330
1049482	1034542	14940	4020	13887988	13551014	12757916050444616
1654732	1639710	15022	3310	11902434	12026358	12757916064305276
715148	700388	14760	3669	12706676	12164548	12757916078030720
1313662	1298774	14888	3489	12515792	12224838	12757916092163040
1263600	1249188	14412	640	3766374	3650568	12757916097497100
1654706	1639938	14768	1712	6893298	7275974	12757916106349080
1584350	1569304	15046	2758	10169158	10306408	12757916118405864
1663986	1649260	14726	1168	5433880	5626170	12757916125806082
837230	822778	14452	780	4089564	3638852	12757916131036824
340660	326346	14314	278	2777050	1639174	12757916134458026
1660464	1645632	14832	4858	16598188	16667338	12757916153019658
1163098	1147990	15108	2826	10549326	10090978	12757916165035450
1448006	1432968	15038	2268	8864094	8704848	12757916175654810
825040	810018	15022	3785	13257700	12619024	12757916190041126
1411972	1397074	14898	4697	16134898	15939138	12757916207890886
325164	310506	14658	2197	8523358	7370146	12757916217042568
1105548	1090684	14864	4071	14171556	13776078	12757916232622710
280152	265336	14816	3753	13116482	11976188	12757916246321784
934912	920036	14876	1188	5635708	4962518	12757916253195720
1349500	1334650	14850	1912	7550136	7562096	12757916262397256
1212536	1197588	14948	698	3982968	3772728	12757916267895900
165614	151050	14564	2219	8756406	7279780	12757916277120540
1659464	1644318	15146	4056	14217572	14264134	12757916293300376
506528	491780	14748	2425	9021812	8231150	12757916303131366
173938	159294	14644	2190	8636162	7200156	12757916312244246
226780	212010	14770	308	2999590	1615664	12757916315774696
438258	423580	14678	2187	8407296	7451138	12757916324922930
947290	932370	14920	1406	6294400	5619224	12757916332468256
1053378	1038814	14564	1209	5523126	5142378	12757916339347230
723046	708480	14566	2610	9893218	9004348	12757916350267010
1061050	1046154	14896	201	2610534	2133194	12757916354241460
1368472	1353844	14628	1784	7420524	7177016	12757916363332826
805758	790892	14866	2659	9923068	9231870	12757916374364482
890092	875388	14704	2130	8370238	7731994	12757916383927286
1154118	1139350	14768	1284	5660096	5461488	12757916391044970
638500	623662	14838	2430	9353192	8380870	12757916401339612
211076	195994	15082	4695	16055098	14729512	12757916417908620
1674758	1659994	14764	4905	16754616	16824248	12757916436641180
1431500	1417058	14442	2076	8026594	8110134	12757916446403004
1663162	1648656	14506	2692	9944698	10187786	12757916458321916
1671070	1656116	14954	3880	13501060	13754884	12757916473817966
471198	456446	14752	3979	13789646	12848118	12757916488381440
410384	395556	14828	4091	14237496	13121194	12757916503332986
1142072	1127268	14804	551	3613682	3255118	12757916508392200
296182	281238	14944	1069	5075938	3963454	12757916514067736
451834	435664	16170	3150	11193044	10348542	12757916526015444
357168	342334	14834	3413	12293822	11042194	12757916538969686
1663062	1648324	14738	1759	7157916	7393592	12757916548092864
1667024	1652242	14782	1770	7099206	7430050	12757916557162256
658300	643278	15022	4588	15699850	14857796	12757916573823356
207440	192398	15042	1953	7811918	6521536	12757916582144728
1666762	1651986	14776	4215	14695288	14747944	12757916598810776
1126164	1111082	15082	4713	15897066	15697558	12757916616137646
1289672	1274690	14982	2835	10314586	10241432	12757916628045144
194852	180306	14546	308	2998918	1586448	12757916631541360
1101498	1086682	14816	4377	14827876	14669328	12757916647774470
861824	846862	14962	2844	10294266	9841874	12757916659233896
1124018	1109430	14588	137	2300866	2001048	12757916662961850
1257098	1242320	14778	1670	7077880	6724632	12757916671600704
198460	183626	14834	4240	14582680	13353986	12757916686685546
1014980	999880	15100	4037	13932486	13562720	12757916701936652
760178	745192	14986	3400	11954682	11401518	12757916714955210
850370	835832	14538	120	2256088	1675832	12757916718364584
1212114	1197208	14906	2891	10416448	10332256	12757916730296698
455020	440194	14826	3402	12265086	11105846	12757916743318766
173992	159284	14708	4914	16597288	15348960	12757916760393416
353204	338238	14966	4014	13879476	12833944	12757916774929496
