# Loop @ Start frequency 1700000Hz took 1869.51 cycles
# Interval [1866 ; 1873]
# Q1 : 1864 ; Q3 : 1868
# Loop @ Target frequency 1500000Hz took 2119.01 cycles
# Interval [2115 ; 2123]
# Q1 : 2112 ; Q3 : 2116
# Confidence intervals do not overlap, alternatives are statistically different with selected confidence level
Change time (with write) [cycles]	Change time [cycles]	Write cost [cycles]	Wait time [us]	Time since last frequency change request [cycles]	Time since last frequency change [cycles]	Detected frequency change timestamp [cycles]
1660642	1633202	27440	3567	579972694	580196126	12757858527003824
1380226	1365812	14414	4812	16484110	16250560	12757858545389588
429242	415044	14198	907	4497338	3609624	12757858550816456
1668148	1653614	14534	3036	11048308	11216766	12757858564041776
951702	936802	14900	4996	16704126	16362184	12757858582222324
1496320	1481980	14340	2463	9152772	9327816	12757858593367600
243606	229390	14216	4156	14079642	13142460	12757858608195660
761418	747040	14378	3982	13681626	13138094	12757858623139000
492242	478008	14234	4075	13967842	13152236	12757858638103524
1673266	1658704	14562	3998	13741886	14101462	12757858654021420
506448	492204	14244	3427	11835172	11230890	12757858666861372
480572	466222	14350	2191	8148556	7501292	12757858675987536
297052	282852	14200	4544	15184844	14362788	12757858691977548
1083148	1068896	14252	3891	13726984	13194006	12757858707290908
1459874	1445626	14248	4101	14050254	14195944	12757858723299488
1663592	1649280	14312	3295	11511372	11989952	12757858736977024
1662880	1648656	14224	2535	9671908	9715864	12757858748813108
1194536	1180464	14072	27	1743196	1735054	12757858752253468
404100	389820	14280	2511	9207140	8383962	12757858762369024
1665696	1651208	14488	4626	15483392	15974288	12757858780025528
895294	880860	14434	4697	15708730	15414302	12757858797134548
971244	956946	14298	4859	16050764	15974130	12757858814661984
1484572	1470352	14220	1572	6376612	6650438	12757858823028568
1614958	1600978	13980	447	3405814	3411118	12757858828558012
1577426	1563100	14326	3556	12410422	12685492	12757858843047860
714546	700124	14422	4871	16122214	15758036	12757858860387684
1280746	1266354	14392	3275	11352222	11545786	12757858873523832
429038	414960	14078	1540	6295622	5501170	12757858880749924
889674	875314	14360	3078	10782390	10566136	12757858892924748
584914	570592	14322	1572	6597902	5751518	12757858900610880
1169568	1155408	14160	1286	5540736	5478414	12757858907821728
1668258	1654226	14032	4158	14088738	14562918	12757858924065852
1208064	1194134	13930	156	2120400	2128206	12757858927885528
1158066	1144172	13894	590	3833822	3377256	12757858933372232
1340912	1326606	14306	1788	6900608	7143900	12757858942105680
590212	575872	14340	4822	16097564	15475646	12757858959279320
1043084	1029056	14028	271	2401288	2308856	12757858963269776
434160	419806	14354	2722	9756732	9034316	12757858973949868
447118	432878	14240	3041	10859018	9999506	12757858985742832
1669742	1655662	14080	1519	6084046	6668938	12757858993986708
1107746	1093438	14308	1506	6572946	6068144	12757859002157868
1039182	1025072	14110	4306	14401802	14378580	12757859018092260
535886	521498	14388	3273	11860118	10785330	12757859030976020
1673938	1659880	14058	1904	7553270	7818834	12757859040721544
778102	763850	14252	2294	8442150	8092604	12757859050435424
609880	595720	14160	1597	6347356	5844326	12757859057880980
1345840	1331870	13970	2113	8348980	8124844	12757859068059608
1627662	1613704	13958	412	2888134	3311082	12757859073070084
1282408	1268354	14054	138	2271976	2150138	12757859077121280
547434	533162	14272	3347	11781522	11039098	12757859089935108
1160020	1146192	13828	16	1673088	1657278	12757859093255020
1114810	1100838	13972	1746	7241946	6793786	12757859102099732
1449216	1435074	14142	4935	16834236	16672906	12757859120870348
1703986	1689766	14220	3464	11979146	12522826	12757859135041868
505496	491272	14224	3745	13274500	12165786	12757859149316456
650336	636172	14164	2732	9875900	9310220	12757859160328528
402892	388700	14192	1498	6377208	5336638	12757859167596080
1666496	1652280	14216	4146	13962732	14524506	12757859183713260
1663950	1649600	14350	1096	5120346	5397482	12757859190995392
1211258	1197334	13924	1260	5528586	5433006	12757859198231428
1665174	1650950	14224	4117	14387850	14441560	12757859214774912
1235010	1220762	14248	2011	7768450	7706998	12757859224275204
1587322	1573364	13958	172	2030654	2551572	12757859228386456
1664812	1650688	14124	2268	8414872	8905114	12757859238962968
1060736	1046480	14256	4094	13860724	13765118	12757859254382672
1460434	1446462	13972	745	3805930	4144284	12757859260142608
300978	286950	14028	2672	9771970	8748612	12757859270709132
1308042	1293808	14234	3355	11631450	11799074	12757859284166588
782878	768888	13990	1239	5315806	4941598	12757859290752444
1598988	1584792	14196	4099	13813604	14320522	12757859306658676
1174036	1160512	13524	3278	11536116	11433898	12757859319890152
1575580	1561522	14058	2673	9566232	10027042	12757859331523936
185166	171032	14134	2143	8113722	7051242	12757859340315152
1583470	1569392	14078	1737	7061890	7262622	12757859349453096
884910	870690	14220	1406	6072098	5543430	12757859356898064
543518	529440	14078	797	4451782	3380710	12757859362383840
1011418	997608	13810	643	3508206	3387750	12757859367388912
1663026	1648768	14258	3558	12178642	12766534	12757859381717940
833576	819324	14252	4047	13687180	13397800	12757859396732752
1658384	1644478	13906	882	4258364	4751156	12757859403139284
785692	771674	14018	2473	8929156	8639220	12757859413343220
879416	865186	14230	1585	6279756	6077110	12757859420990880
809000	794896	14104	2540	9317056	8862846	12757859431605052
1448584	1434444	14140	4264	14324324	14663524	12757859447870284
294766	280412	14354	2738	9891426	8940406	12757859458550288
1672266	1658022	14244	2733	9738790	10301756	12757859470453708
646118	631934	14184	4271	14469606	13882690	12757859486061960
1444294	1430116	14178	2902	10748498	10583576	12757859498774788
345664	331510	14154	3628	12384104	11657738	12757859511996904
969496	955386	14110	3111	10862476	10730328	12757859524322868
485678	471934	13744	266	2366166	1733060	12757859527661040
1020846	1006594	14252	4833	16130062	15939246	12757859545303348
869288	855304	13984	157	2131528	1790714	12757859548794184
797002	783106	13896	226	2334062	1927638	12757859552415040
1336736	1322446	14290	1531	6383384	6370330	12757859560625428
867806	853700	14106	3004	10554382	10307242	12757859572535028
357482	343136	14346	3731	12729066	11975946	12757859586112136
1430406	1416292	14114	4131	14159638	14244920	12757859602191300
1661426	1647292	14134	3481	12080574	12530098	12757859616419960
1539780	1525796	13984	587	3498692	3751806	12757859621948848
712678	697212	15466	4252	14271054	13890680	12757859637426920
1657876	1643526	14350	3693	12769468	13163046	12757859652345776
1551632	1537372	14260	3638	12623212	12892782	12757859667015364
160118	146078	14040	2737	10073158	8803446	12757859677738920
1435556	1421420	14136	1854	7070836	7439498	12757859686759888
496138	482334	13804	262	2349266	1734934	12757859690097380
1666318	1652420	13898	2312	8623074	9037838	12757859700877552
1227126	1212918	14208	533	3240306	3276910	12757859705834520
922386	908254	14132	3593	12565194	12129540	12757859719808820
854730	841026	13704	99	1856214	1600562	12757859723012332
795052	780864	14188	4288	14894356	14079574	12757859739185964
1495578	1481232	14346	4109	13896774	14240294	12757859755069360
1540798	1526466	14332	2408	9006598	9198990	12757859766101332
994238	979990	14248	3027	10735074	10504920	12757859778322440
508286	494168	14118	4985	16622910	15880822	12757859795940288
873478	859308	14170	678	3791138	3354810	12757859801097112
457846	443728	14118	2117	8146718	7247418	12757859810186800
1411670	1397818	13852	2293	8928534	8726330	12757859821014044
1434434	1420632	13802	1789	7176086	7241026	12757859830132088
441622	427646	13976	914	4398594	3628582	12757859835463244
172060	157914	14146	4153	13960388	13051854	12757859850083196
364798	350942	13856	1515	6219698	5351370	12757859857162612
867124	853294	13830	1040	4670048	4431158	12757859863204740
1050412	1036234	14178	4496	15256316	14956990	12757859880001440
263350	249092	14258	3415	12332738	10938642	12757859893086184
917728	903454	14274	4104	13925376	13652728	12757859908441648
1661146	1646958	14188	3390	11693894	12254084	12757859922281740
211024	196884	14140	3186	11324920	10200158	12757859934308520
935450	921344	14106	4864	16171142	15945132	12757859951900744
1658406	1644144	14262	3823	13137406	13551098	12757859967184080
1428150	1414018	14132	4098	13807554	14143372	12757859982911692
652608	638690	13918	155	2184144	1569594	12757859986239376
199442	185286	14156	3875	13381262	12245046	12757860000307648
1335298	1321318	13980	4861	16275582	16337592	12757860018410064
1674038	1659832	14206	2928	10476398	10891656	12757860031049552
1136820	1123066	13754	110	2281996	1915718	12757860034968720
629612	615260	14352	1900	7678452	6769058	12757860043769280
488062	473988	14074	4545	15192250	14544442	12757860059941876
1599582	1585346	14236	3369	11975410	12132748	12757860074009468
1118736	1104804	13932	2297	8938692	8444118	12757860084560376
414970	400782	14188	4406	14767454	14050450	12757860100254484
454246	440372	13874	787	4147542	3261880	12757860105345672
1076028	1061956	14072	3521	12192628	12068434	12757860119106204
606760	591594	15166	2005	8062072	7059852	12757860128268016
583112	568750	14362	1318	5877380	4979498	12757860135223652
1134846	1120718	14128	4294	14464614	14434718	12757860151314452
462192	448286	13906	824	4292300	3379120	12757860156558620
1195738	1181832	13906	1278	5448822	5474000	12757860163717884
570650	556516	14134	2680	9585430	9045954	12757860174366916
219970	206040	13930	1094	5048290	3944530	12757860180124684
454826	440698	14128	3047	10740066	10029220	12757860191813300
766010	751978	14032	162	2246342	1703394	12757860195317776
707102	693236	13866	1420	5864498	5409966	12757860202381888
1668154	1653980	14174	1616	6656926	6985238	12757860211199280
465610	451436	14174	4621	15703810	14748004	12757860227864220
837746	823636	14110	1886	7713690	6935818	12757860236906660
766762	752584	14178	4189	14214666	13752520	12757860252383592
1657048	1642848	14200	4642	15617480	16002634	12757860270180628
458484	444468	14016	2200	8209656	7493304	12757860279343284
1662270	1647970	14300	4100	13889810	14386128	12757860295388724
1090146	1075976	14170	3859	13213654	13091018	12757860310181968
1553586	1538936	14650	1704	6893346	7162626	12757860319121280
1000370	986196	14174	4153	14107658	13881982	12757860334720484
486260	472238	14022	3768	12836240	12214692	12757860348536212
191446	177336	14110	2718	9865626	8780986	12757860359084588
1158508	1144326	14182	3756	13307736	12850986	12757860374040296
1071066	1057086	13980	1692	7124498	6586680	12757860382725000
516212	502006	14206	4481	15093148	14382438	12757860398822400
478136	464126	14010	1863	7244516	6505462	12757860407032808
212676	198364	14312	2575	9774108	8370890	12757860417511600
450968	436884	14084	1574	6366736	5613222	12757860424819176
1422680	1408480	14200	4855	16103536	16403970	12757860442832152
969108	955094	14014	44	1701480	1557458	12757860445988040
384504	370482	14022	4716	15778652	14950344	12757860462645324
517352	503254	14098	3488	12031420	11408558	12757860475686480
758090	743970	14120	2537	9199738	8801602	12757860486132764
262056	247834	14222	3773	13195644	12001416	12757860500083428
219892	206066	13826	320	3024280	1626838	12757860503818188
1665416	1651428	13988	1013	4831668	5151850	12757860510830400
1558408	1544562	13846	613	3404444	3843948	12757860516284128
1182934	1168834	14100	4795	16041418	15985824	12757860533997568
1468478	1454568	13910	1000	4586886	4911060	12757860540541200
192882	178924	13958	2181	8223330	7168902	12757860549447364
310308	296070	14238	4979	16445984	15664046	12757860566693028
674824	660992	13832	1799	7069856	6511898	12757860574928760
453676	439420	14256	1483	6090224	5342540	12757860581962276
1287180	1273140	14040	1306	5995464	5651192	12757860589739284
1197104	1183220	13884	1083	4818932	4892896	12757860596248516
1666420	1652270	14150	2629	9936772	9989614	12757860608345116
219234	205088	14146	847	4595482	3205484	12757860613655808
1664844	1650384	14460	3437	11903776	12403922	12757860627716424
965588	951268	14320	2324	8677748	8370788	12757860637860216
1171082	1157084	13998	2335	8578646	8609126	12757860648100852
1173618	1159424	14194	4813	16171830	16029618	12757860665940852
978362	964094	14268	4546	15259662	15038326	12757860682673248
935116	920546	14570	3083	10895588	10612972	12757860694996520
1055248	1041038	14210	4348	14568800	14517840	12757860711134548
176270	162322	13948	1639	6540418	5534864	12757860718342276
1664980	1650718	14262	4708	15744016	16209048	12757860736243816
982546	968374	14172	3991	13504186	13377486	12757860751226068
1193622	1179498	14124	895	4372814	4323522	12757860757285236
770386	756600	13786	130	2094978	1606884	12757860760644988
578690	564432	14258	3547	12243362	11648194	12757860773963056
1542200	1527972	14228	2350	8941240	9028710	12757860784937784
500680	486476	14204	3611	12393832	11759896	12757860798324772
1481518	1467384	14134	3071	10951470	11121956	12757860811250092
676956	662842	14114	3121	11024036	10467172	12757860823443604
496528	482356	14172	3537	12272144	11535634	12757860836704136
1604802	1590664	14138	1541	6276822	6664426	12757860845079068
732320	718168	14152	4851	16582100	15701036	12757860862888104
941738	927554	14184	3520	12085462	11929204	12757860876430712
1524480	1510384	14096	3752	12873996	13203448	12757860891322440
715276	700964	14312	1926	7318276	6927414	12757860899844976
1669450	1655118	14332	4751	15997390	16338582	12757860918005164
1486258	1472088	14170	2108	8372110	8245136	12757860928356924
1575242	1560860	14382	3409	11883282	12229594	12757860942308788
1673634	1659320	14314	1582	6617286	6857066	12757860951095420
1210660	1196750	13910	1307	5542572	5575772	12757860958348028
632258	618304	13954	3269	11540110	10866998	12757860971031152
406462	392644	13818	1444	6388202	5181294	12757860978317416
661534	647764	13770	367	2846134	2209418	12757860982319460
1387062	1372836	14226	4526	15090342	15383714	12757860999314288
165396	151486	13910	1010	5056088	3642484	12757861005027096
1669766	1655652	14114	3218	11279258	11753020	12757861018463960
1055080	1040884	14196	4507	15019064	14997604	12757861035061388
404336	390176	14160	3592	12603988	11608786	12757861048560908
1107778	1093570	14208	4429	14962322	14823356	12757861065123504
1404034	1389836	14198	2363	8821194	8936494	12757861075852888
1211364	1197144	14220	3697	12643696	12740406	12757861090214456
1579834	1565656	14178	765	4015154	4331760	12757861096341268
498582	484122	14460	3037	10727414	10049862	12757861108072476
1310172	1296340	13832	1186	5105640	5324454	12757861114986612
1267672	1253536	14136	2722	10081500	9877918	12757861126840732
1698200	1684220	13980	2586	9326380	9900534	12757861138371740
773032	758988	14044	2562	9237340	8904270	12757861148891360
913558	899332	14226	3618	12718862	12204952	12757861163029552
1612682	1598594	14088	410	3299022	3305942	12757861168442428
1313068	1298960	14108	4858	16288036	16316254	12757861186548928
1672652	1658718	13934	1582	6403784	6870454	12757861195132920
617456	603238	14218	3846	13167364	12591362	12757861209428184
1275328	1261136	14192	3808	13162800	13135354	12757861224368008
1507672	1493866	13806	616	3657092	3813250	12757861230038344
528132	514110	14022	730	4035676	3176778	12757861235104452
1480318	1466036	14282	4975	16960382	16830718	12757861254049644
1662184	1647892	14292	3171	11571540	11613190	12757861267783324
1239032	1224878	14154	3263	11335904	11464866	12757861280866920
678208	663814	14394	3658	12831364	12088528	12757861294878296
1076204	1062192	14012	2970	10464044	10429352	12757861306918632
692926	678728	14198	1899	7262162	6841268	12757861315379232
255940	241678	14262	4467	14886112	14085442	12757861331022916
163080	148884	14196	4256	14320304	13365066	12757861346011200
724430	710524	13906	1769	6831758	6482058	12757861354069664
1035528	1021308	14220	4276	14363120	14296108	12757861369976604
227468	213650	13818	301	2470180	1591532	12757861373178908
1668514	1654446	14068	3424	12253722	12377914	12757861387603020
1477412	1463124	14288	2861	10329036	10524844	12757861399919220
1503056	1488868	14188	4112	13903900	14293206	12757861415824920
1668440	1654136	14304	4151	14027752	14555134	12757861432029176
1138334	1124234	14100	2256	8452990	8350482	12757861442129588
1085282	1070974	14308	4034	14139642	13622986	12757861457858068
377274	363076	14198	4903	16191514	15514972	12757861474930640
1146274	1132358	13916	1688	7125370	6661200	12757861483708440
976114	961888	14226	2109	7890494	7775314	12757861493082628
1664334	1649860	14474	1608	6859890	6936946	12757861502114952
343742	329882	13860	962	4953766	3685828	12757861507920388
1664936	1650688	14248	3338	12063316	12117910	12757861522155776
842284	828380	13904	735	3885284	3504352	12757861527384752
251598	237498	14100	1482	6086710	5148950	12757861534228332
1290448	1276400	14048	3071	10763088	10939862	12757861546783736
229296	215172	14124	4014	13571960	12704450	12757861561090960
455842	441904	13938	1443	5962210	5238142	12757861568015596
718478	704002	14476	1781	7404978	6509742	12757861576646224
253172	238944	14228	2561	9219248	8381210	12757861586617112
854664	840352	14312	2849	10043200	9841090	12757861598016784
785098	771210	13888	1244	5792342	4967550	12757861605100224
1499820	1485684	14136	2967	10970816	10846038	12757861618088704
216606	202746	13860	1604	6458966	5481726	12757861625269200
1078270	1064502	13768	39	2180334	1655976	12757861629031084
1670882	1656934	13948	1695	6884470	7207736	12757861638117416
1542772	1528612	14160	4374	14781064	15095254	12757861654949840
376248	362028	14220	3531	12593508	11406496	12757861668427396
947018	932922	14096	2513	9032582	8927164	12757861678913524
166568	152742	13826	2483	9518084	8064636	12757861689102036
636502	622208	14294	4695	15730690	15152426	12757861705975788
1664608	1650406	14202	2080	8347728	8356534	12757861716491400
365364	351066	14298	4985	16530676	15746578	12757861733891544
853224	839082	14142	4703	15815868	15386876	12757861751061628
215940	201682	14258	3532	12659060	11256646	12757861764439872
794588	780346	14242	2604	9350600	9049034	12757861775089568
1109570	1094860	14710	4218	14325042	14198630	12757861791024316
1049496	1035612	13884	596	3613536	3294318	12757861796192832
1679282	1665028	14254	4133	14445526	14509866	12757861812819508
1146900	1132698	14202	4664	15805884	15570102	12757861830283268
1660516	1646250	14266	3903	13252696	13803104	12757861845704356
830250	816358	13892	1905	7284634	6992790	12757861854325464
1657476	1643126	14350	3540	12337892	12710980	12757861868824208
1143714	1129286	14428	4592	15276454	15350002	12757861885749888
1115480	1101338	14142	4918	16285444	16298590	12757861903654912
1081582	1067352	14230	1158	5015230	5014296	12757861910259196
361012	347010	14002	856	4494352	3384210	12757861915620084
1669372	1655188	14184	3235	11298436	11815234	12757861929091528
1624932	1611018	13914	553	3496424	3742992	12757861934718552
172602	158534	14068	3179	11573618	10149554	12757861946970576
167494	153204	14290	4849	16581098	15142414	12757861964222188
1518796	1504538	14258	4083	14220408	14202998	12757861980492984
983556	969204	14352	4279	14518572	14251482	12757861996496344
1657140	1642902	14238	3894	13214352	13770154	12757862011873920
1106020	1092026	13994	1731	6819480	6748458	12757862020328260
1660518	1646288	14230	2542	9162302	9730574	12757862031651216
1379990	1365778	14212	1197	5125886	5425964	12757862038664204
1672598	1658452	14146	4572	15244294	15819576	12757862056085072
1023738	1009378	14360	4725	15872046	15631300	12757862073489100
216734	202556	14178	1616	6415026	5512574	12757862080619256
1031184	1017102	14082	2907	10267356	10193880	12757862092414588
200616	186392	14224	2035	7651816	6754722	12757862100771996
491930	478152	13778	251	2437242	1710288	12757862104208776
608682	594590	14092	4439	14875546	14356152	12757862120199848
1664604	1650372	14232	4084	14147436	14353922	12757862136519384
815604	801478	14126	3836	13049160	12762274	12757862150895084
1186752	1172552	14200	1843	7387544	7168180	12757862159978472
686146	671972	14174	2724	9892654	9301706	12757862171063172
1015100	1000816	14284	2228	8740312	8148958	12757862181322432
1199168	1184918	14250	4334	14626916	14631866	12757862197653140
613714	599820	13894	220	2226878	1735802	12757862200997308
592808	578690	14118	2469	9463760	8442404	12757862211559212
706714	692452	14262	4381	14661558	14284294	12757862227430488
1658704	1644596	14108	3324	11508716	12066896	12757862241114092
1461692	1447670	14022	1701	6769776	7014546	12757862249847812
781140	766760	14380	2389	9041540	8394754	12757862260178040
814054	799764	14290	1254	5568882	5028438	12757862267067600
1111298	1097372	13926	1146	5509922	5005718	12757862274194644
159094	144952	14142	1524	6177218	5184214	12757862281035868
353636	339200	14436	2838	10063872	9308788	12757862291959884
1295452	1281492	13960	757	4284476	4021234	12757862298043400
963486	949248	14238	1387	5700906	5575146	12757862305211580
874754	860484	14270	1916	7645086	7070548	12757862314239124
590286	576332	13954	778	4118970	3375906	12757862319452432
381154	366946	14208	3625	12632078	11692136	12757862332971568
1544604	1530214	14390	1366	6194584	6124474	12757862341216164
1258234	1244014	14220	4116	14228678	14039642	12757862357208088
1654544	1640258	14286	3541	12539288	12732302	12757862371901392
1456498	1442276	14222	2343	8541542	8931782	12757862382402804
1391606	1377358	14248	138	1954722	2269558	12757862386252552
363994	349594	14400	3398	12047090	10997654	12757862399159668
1355742	1341878	13864	577	3799218	3543808	12757862404811400
1456602	1442428	14174	4330	14642234	14874268	12757862421408876
949522	935372	14150	1997	7618174	7391412	12757862430481904
1319396	1305072	14324	751	3814252	4025582	12757862436113332
785600	771760	13840	304	2710364	2156476	12757862440113620
1084576	1070388	14188	1683	6668320	6586154	12757862448367736
1335802	1322058	13744	24	2055294	1868020	12757862452255244
1076694	1062488	14206	4052	13972374	13667426	12757862467810428
1563554	1549522	14032	1074	4773878	5240488	12757862474648228
835076	821400	13676	192	2339052	1875962	12757862478331228
1676794	1662620	14174	1046	4958634	5272608	12757862485473000
1658110	1643788	14322	1820	7177958	7567398	12757862494818844
837894	824080	13814	1357	5585926	5362400	12757862501753240
1383906	1369726	14180	503	3394578	3351998	12757862507036912
710212	695864	14348	3001	11062260	10157098	12757862519313444
1667614	1653458	14156	4432	15284970	15394294	12757862536767508
649640	635516	14124	3206	11209940	10705488	12757862549133624
271702	257574	14128	901	4770674	3431150	12757862554675636
1440146	1425966	14180	4711	15717610	16000336	12757862572334780
1423354	1409074	14280	1660	6884470	6851434	12757862581149840
798998	785194	13804	689	3782530	3322646	12757862586235880
1418672	1404678	13994	3718	12842092	13010488	12757862601002948
1580420	1565350	15070	4450	15068540	15362222	12757862618158104
549952	535502	14450	3635	12962492	11888458	12757862632181724
1029962	1015534	14428	1159	5019246	4962154	12757862638734268
1476454	1462040	14414	4807	16047706	16326394	12757862656760968
1419148	1404804	14344	4644	15552724	15804384	12757862674241848
134836	120788	14048	339	2652192	1611096	12757862677533556
1525292	1511030	14262	3398	11843768	12154146	12757862691410252
1672440	1658226	14214	1625	6475736	6998280	12757862700066088
1147800	1133392	14408	3388	11978400	11748754	12757862713700760
517008	502492	14516	2588	9346040	8723070	12757862724068784
1537516	1523190	14326	4440	14917604	15288746	12757862741026312
1262882	1248504	14378	2426	9335042	8986224	12757862752127548
477408	463216	14192	1390	5861416	5096574	12757862758970988
1607918	1594012	13906	517	3139678	3616774	12757862764222648
918102	903812	14290	3612	12365646	12191164	12757862778012308
1672766	1658508	14258	3997	13968878	14095646	12757862794183280
199346	185194	14152	1515	6232542	5195430	12757862801119732
454350	440014	14336	4807	16461010	15303390	12757862818541784
1663470	1649202	14268	2226	8348282	8786286	12757862829052856
1101818	1087700	14118	2777	10393754	9875806	12757862841052112
457330	443436	13894	1518	6621730	5459884	12757862848635124
1539832	1525516	14316	4911	16378904	16700476	12757862867058296
688292	674446	13846	1246	5747296	4877986	12757862873997252
933692	919400	14292	3597	12373544	12162512	12757862887833240
717902	703646	14256	3397	11737894	11342274	12757862900791940
645654	631784	13870	1898	7344574	6788426	12757862909288300
1517394	1503352	14042	3990	14017006	13921950	12757862925321860
817682	803720	13962	1573	6456518	5988062	12757862933097928
1284600	1270450	14150	2998	11051204	10721728	12757862945940420
1599446	1585418	14028	4025	14133190	14108906	12757862962210220
308610	294864	13746	903	4361054	3476024	12757862967384024
458350	444174	14176	4058	13891502	13064890	12757862982237696
1673914	1660016	13898	2849	10290206	10659426	12757862994700560
1516342	1502356	13986	2038	7728966	8076926	12757863004452196
833056	819092	13964	2576	9474748	9001174	12757863015264628
1551896	1537722	14174	1794	6997504	7381982	12757863024315536
364282	350250	14032	3309	11785366	10724334	12757863036969948
1669216	1654942	14274	1021	4737124	5186924	12757863043880596
1667600	1653620	13980	2521	9202180	9672026	12757863055260800
463978	449812	14166	256	2529402	1695358	12757863058759044
175420	161258	14162	1647	6552388	5569520	12757863065994472
1672280	1658416	13864	3051	11036264	11268474	12757863079202420
1296506	1282576	13930	82	1944850	1999918	12757863082947920
1677982	1663790	14192	3606	12884834	12935842	12757863098018356
327862	313506	14356	1823	7529202	6247134	12757863106380108
1300134	1285964	14170	2797	10018030	10133038	12757863118204460
1666290	1652114	14176	2847	10205562	10648888	12757863130575056
626156	611808	14348	4533	15184124	14651854	12757863146896464
818272	804026	14246	2314	9007660	8206078	12757863157228432
794814	780616	14198	1416	5877702	5496266	12757863164405840
650186	635970	14216	4815	16404098	15523258	12757863181966972
1182366	1168182	14184	1925	7338402	7407426	12757863190989992
833340	819572	13768	804	3987796	3702966	12757863196312440
1667190	1652964	14226	3314	11621350	12038184	12757863210105384
593946	579814	14132	3590	12801474	11790458	12757863223993408
1482826	1468560	14266	4213	14193238	14544100	12757863240160932
1303002	1288680	14322	4843	16313354	16250506	12757863258270576
1338330	1324312	14018	2107	8263446	8098170	12757863268361872
1609534	1595492	14042	466	3037778	3458046	12757863273496468
1433864	1420062	13802	165	2016524	2378102	12757863277439004
1666418	1652136	14282	3640	12613974	13013170	12757863292204952
1231588	1217414	14174	929	4422980	4466794	12757863298348440
1061408	1002922	58486	4618	15501864	15330284	12757863315399164
1578720	1564200	14520	3585	12600656	12758096	12757863330144656
1293458	1279588	13870	169	2393122	2252732	12757863334318740
1148844	1134860	13984	887	4374192	4254698	12757863340330492
1682040	1667968	14072	3960	13483456	13981464	12757863355980656
942402	928490	13912	1222	5720678	5049700	12757863363139116
1036890	1022840	14050	256	2710926	2255152	12757863367372732
1310266	1295326	14940	2861	10137126	10323940	12757863379312388
507294	493368	13926	1736	6839786	6152448	12757863387149808
1496224	1481844	14380	747	4086216	4186024	12757863393223624
1399798	1385420	14378	4831	16240550	16307900	12757863411347812
181272	166942	14330	3066	10810904	9806538	12757863422824928
500480	486086	14394	3173	11250728	10470898	12757863435064788
904182	889928	14254	840	4241706	3891360	12757863440694064
1657764	1643118	14646	3440	12027712	12405462	12757863454867564
1594124	1580106	14018	639	3535088	3960276	12757863460490508
901392	886344	15048	4969	16517564	16223952	12757863478422292
1306256	1291986	14270	2874	10263404	10361106	12757863490478456
240034	225620	14414	2794	10156194	9055206	12757863501362696
1667446	1652884	14562	1947	7458614	7948310	12757863510972640
605906	591652	14254	3675	12798638	12059458	12757863524869400
555378	541004	14374	2683	10060566	9036770	12757863535973352
1485758	1471754	14004	2129	7956534	8310490	12757863545903220
1671032	1657158	13874	1178	5390652	5647744	12757863553453920
1223240	1209086	14154	4357	14702240	14716646	12757863569867932
1497342	1483340	14002	2768	10029090	10229656	12757863581880208
1551160	1537080	14080	1728	7227316	7172562	12757863591146048
1109072	1094494	14578	1345	5704744	5589546	12757863598452420
1677938	1663666	14272	2397	8966546	9304510	12757863609583140
267704	253210	14494	4420	14862576	13947242	12757863625208244
864540	850200	14340	4668	15763320	15287932	12757863642322740
888334	874276	14058	2509	9161306	8849506	12757863652860508
727058	712940	14118	2084	7873270	7417118	12757863661950240
172480	158140	14340	1008	4647572	3642558	12757863667258628
918178	904120	14058	989	4534446	4330258	12757863673205960
209068	194388	14680	2209	8389004	7269832	12757863682295520
798662	784230	14432	2132	8163546	7634936	12757863691749896
1552082	1538226	13856	529	3162478	3587034	12757863696953808
590406	576208	14198	1889	7185758	6695646	12757863705219120
423374	409640	13734	480	3096946	2307458	12757863709230120
1179750	1165174	14576	1836	7088646	7123922	12757863717986392
1477558	1463218	14340	3609	12352530	12729594	12757863732302804
621474	607110	14364	3931	13400934	12836066	12757863746809128
1570838	1556608	14230	997	4590190	5010878	12757863753456900
1187620	1173784	13836	83	1996516	1887046	12757863757132028
294876	280444	14432	1970	7498592	6645420	12757863765412476
539982	525924	14058	897	4321118	3673730	12757863770760396
544438	530170	14268	3170	11079842	10483072	12757863782870992
1181608	1167398	14210	4614	15379928	15442104	12757863799920984
559250	544702	14548	4075	13777202	13205486	12757863814747904
1579832	1565410	14422	1936	7376920	7829202	12757863824196424
652420	638186	14234	3810	13501132	12513216	12757863838843876
1074938	1060588	14350	4699	15644546	15589246	12757863856053268
625002	610906	14096	2703	9745482	9167266	12757863866916428
140890	126564	14326	571	3623594	2304278	12757863871170064
673552	659318	14234	2121	7945936	7472216	12757863880280184
511452	497486	13966	204	2192536	1578154	12757863883473136
1582894	1569102	13792	653	3726790	3990874	12757863889276288
1667344	1653074	14270	4899	16261908	16780514	12757863907698008
999358	985478	13880	1951	7359338	7287538	12757863916553424
731588	717228	14360	1533	6154228	5771038	12757863923932340
848056	833840	14216	875	4696732	3918906	12757863929971728
1352008	1338158	13850	1820	7011660	7253378	12757863938828880
1266666	1252104	14562	1624	6623350	6580930	12757863947210336
1665128	1650898	14230	4226	14390484	14765926	12757863963761200
750736	736340	14396	2530	9199376	8776506	12757863974204788
322298	307980	14318	287	2912206	1633782	12757863977933404
642466	628236	14230	2017	7721862	7130150	12757863986792172
1396646	1382504	14142	4637	15389766	15724766	12757864004072960
1660826	1646490	14336	3099	11341630	11388260	12757864017562700
500356	485956	14400	3072	10821876	10144462	12757864029376276
219476	205062	14414	4460	15081320	14016264	12757864045167176
939666	925348	14318	2320	8513730	8338538	12757864055114280
705372	690822	14550	3691	13107632	12204204	12757864069416444
1662456	1648282	14174	3515	12111776	12656154	12757864083682756
1494450	1480160	14290	1689	6812894	7001522	12757864092481464
284264	269812	14452	4036	14030032	12815126	12757864107289100
1572636	1558356	14280	3330	11861500	11991724	12757864121219196
707918	693532	14386	3527	12669306	11720044	12757864135085460
193296	178716	14580	4512	15162184	14151198	12757864150926788
1294418	1280008	14410	4272	14855278	14535292	12757864167564000
1672900	1658750	14150	2431	9193212	9401154	12757864178920300
1177884	1163992	13892	1271	5640724	5439146	12757864186254532
336132	322198	13934	270	2606620	1597590	12757864189683648
1072388	1058034	14354	1835	7155060	7016862	12757864198401936
1551718	1537494	14224	2272	8376106	8805872	12757864208817524
556930	542610	14320	1381	5935798	5140080	12757864215795776
524738	510794	13944	2583	9284358	8703960	12757864226094896
605720	591510	14210	4192	14610764	13604098	12757864241798720
1668700	1654464	14236	4268	14307776	14895710	12757864258259916
885306	870864	14442	2526	9184974	8895970	12757864268822548
181454	167298	14156	4175	14376282	13128568	12757864283867168
1186626	1172586	14040	1343	5860810	5656288	12757864291408768
367594	353402	14192	2034	7747922	6902826	12757864300014268
649714	635804	13910	894	4244898	3776946	12757864305399176
708432	694312	14120	3835	13123044	12639962	12757864319715952
1661136	1646908	14228	1528	6104840	6686668	12757864327971308
933600	919210	14390	3525	12106308	11938810	12757864341504840
1353740	1339474	14266	2292	8733320	8665672	12757864352082712
1663786	1649920	13866	421	3281254	3374778	12757864357513540
587802	573668	14134	1282	5361306	4877626	12757864363958556
1234962	1220442	14520	1609	6879798	6500404	12757864372566724
1669932	1655856	14076	4497	15036804	15583306	12757864389761800
246652	232308	14344	1542	6276428	5314128	12757864396778388
1394502	1380396	14106	1225	5228286	5512334	12757864403894104
783046	768776	14270	3580	12237718	11948756	12757864417403040
1612086	1598008	14078	371	2717974	3173286	12757864422221428
223072	208576	14496	2230	8436696	7349706	12757864431379348
437718	423428	14290	2381	8893538	8016880	12757864441201152
165974	151476	14498	2057	7675742	6774808	12757864449536740
437662	423464	14198	3524	12315730	11434494	12757864462785556
1496970	1482620	14350	2149	8074450	8384158	12757864472847444
1659820	1645518	14302	4944	16551604	16908742	12757864491554108
267492	252968	14524	3449	11849832	11042094	12757864504159368
1167012	1152844	14168	4539	15248488	15207170	12757864521064720
676686	662910	13776	192	2185298	1701362	12757864524417352
840010	825420	14590	2481	9181802	8801530	12757864534926872
1582250	1567988	14262	4389	15196462	15168682	12757864552192752
1071246	1056836	14410	2949	10490022	10349470	12757864564242840
359706	345486	14220	3720	12660802	11944220	12757864577750428
363808	349680	14128	4840	16247656	15302018	12757864594849800
1324832	1310706	14126	701	3659888	3874146	12757864600324048
1314308	1299940	14368	4793	16095704	16111574	12757864618222868
1669038	1654758	14280	2731	9819358	10293498	12757864630201840
1094194	1079982	14212	3654	12542110	12480176	12757864644334016
441830	427604	14226	3423	11933682	11139936	12757864657194524
1204506	1189952	14554	3618	12373434	12485184	12757864671251488
617366	603224	14142	937	4505946	3872846	12757864676865588
1556790	1542574	14216	2350	9094882	9042750	12757864688004592
1415710	1401836	13874	523	3632498	3433970	12757864693538044
1129554	1115706	13848	45	1888538	1716876	12757864697070708
1330020	1316178	13842	445	3398928	3114398	12757864702290240
1590056	1576044	14012	445	3109148	3370810	12757864707476612
1486838	1472632	14206	4271	14449510	14719034	12757864723903020
1160724	1146672	14052	4308	14958372	14504756	12757864740513532
1660500	1646134	14366	4659	15617824	16056596	12757864758282180
1613082	1599236	13846	598	3367582	3853058	12757864763750584
1056350	1042360	13990	2719	9742058	9675888	12757864775039624
215448	201138	14310	2527	9628016	8229076	12757864785371024
1572436	1558244	14192	2390	8699776	9180118	12757864796134668
556542	542270	14272	1682	6977246	6040732	12757864804163164
1674496	1660526	13970	1631	6703520	7008048	12757864813035680
986458	972236	14222	128	2423006	1820098	12757864816941624
1255612	1241184	14428	4569	15749264	15382142	12757864834437776
844150	830376	13774	126	1932730	1672122	12757864837710576
856044	842192	13852	87	1892372	1565534	12757864840951716
458940	444660	14280	3824	13510572	12356202	12757864855414144
426534	412202	14332	3739	13017090	12069594	12757864869346548
1310782	1296602	14180	3153	11027850	11199442	12757864882175296
329678	315606	14072	318	2869634	1730046	12757864885869152
460848	446736	14112	2058	7815884	7068658	12757864894634628
1263058	1248970	14088	3238	11247098	11408190	12757864907632792
357066	342928	14138	312	2647418	1743730	12757864911126360
1002056	987888	14168	3157	11403956	10902704	12757864924018104
1063276	1049034	14242	3223	11372296	11154584	12757864936939728
445238	431424	13814	243	2794114	1620878	12757864940664240
1244420	1230436	13984	467	3458888	3093624	12757864945853964
1677910	1663746	14164	4652	15592446	16054024	12757864963613192
1302956	1288608	14348	4695	15737204	15807150	12757864981144612
1431726	1417820	13906	762	4132542	4163520	12757864987229160
286774	272678	14096	963	4531350	3622412	12757864992536908
535674	521436	14238	400	2780202	2184354	12757864996341348
898890	884638	14252	3189	11177666	10894710	12757865008903372
1345492	1331212	14280	4682	16078604	15809970	12757865026816372
1532082	1517664	14418	1819	7013422	7426718	12757865035849920
384162	370200	13962	895	4257134	3514956	12757865040981036
328382	314434	13948	320	2681770	1737478	12757865044501704
351740	337448	14292	3966	13720232	12672446	12757865059061476
1039950	1025876	14074	714	3825250	3632068	12757865064418524
289412	275156	14256	2764	10064136	9017020	12757865075259276
168154	153928	14226	1471	6302738	5021194	12757865082222208
934624	920382	14242	1798	7008828	6769264	12757865090656416
1074958	1060782	14176	3201	11245782	11107528	12757865103468504
1125486	1111496	13990	1900	7420858	7265374	12757865112509640
1656592	1642448	14144	4672	15668592	16091066	12757865130342500
1400486	1386566	13920	153	2124430	2307680	12757865134363160
469498	455142	14356	3198	11433882	10493882	12757865146759464
1609470	1595494	13976	588	3338138	3845762	12757865152197204
1665452	1651098	14354	2721	9764968	10260240	12757865164125992
1445846	1431966	13880	1103	4919170	5203188	12757865170990340
1664194	1649904	14290	2384	9200622	9248978	12757865182345200
1467260	1452980	14280	2908	10306936	10622066	12757865194616540
1612774	1598576	14198	372	2962334	3209614	12757865199679348
1039834	1025760	14074	3139	11059750	10888076	12757865212275088
1051342	1037476	13866	1263	5426786	5282606	12757865219245008
922124	907904	14220	2561	9561780	9038094	12757865230222276
215210	200850	14360	1519	6129722	5217742	12757865237057416
199516	185292	14224	1868	7656556	6241664	12757865245406776
1676542	1662048	14494	3472	12074442	12521006	12757865259651348
1049048	1034846	14202	4907	16496768	16188554	12757865277696428
1307352	1292832	14520	4167	14046836	14232114	12757865293544508
1658568	1644414	14154	951	4517776	4955836	12757865300213628
801478	787404	14074	1851	7609930	6796598	12757865309122284
1451094	1437500	13594	1590	6822122	6660668	12757865317888580
1614180	1600412	13768	589	3367084	3829086	12757865323364040
712308	698454	13854	195	2278532	1749206	12757865326846668
716300	701978	14322	2721	10213180	9315362	12757865338265452
244864	230654	14210	2067	8000276	6905068	12757865346997080
1663734	1649630	14104	2388	8845706	9275994	12757865358005172
1665284	1650912	14372	4887	16706140	16751564	12757865376885676
249158	234642	14516	4998	16708058	15670870	12757865394342572
1668634	1654796	13838	1048	4686722	5271458	12757865401206120
114902	100934	13968	388	2783982	1740582	12757865404608508
1202908	1188740	14168	4060	13856204	13816876	12757865420173016
299640	285614	14026	918	4822628	3512646	12757865425800152
886768	872628	14140	3950	13894696	13170666	12757865441082300
913422	899192	14230	3299	11885322	11250226	12757865454388388
853278	839084	14194	2518	9222158	8851052	12757865464967892
1324044	1309884	14160	1972	7484684	7690290	12757865474276544
1412070	1397996	14074	2965	10810074	10750528	12757865487003384
1167150	1153104	14046	4362	14799054	14685658	12757865503470684
1365648	1351482	14166	4345	14543272	14829390	12757865519884524
347504	333570	13934	252	2723332	1566230	12757865523478396
1062416	1048256	14160	2260	8395336	8286274	12757865533438256
908904	894772	14132	3056	10831008	10516108	12757865545684228
1405074	1390886	14188	1249	5319002	5608738	12757865552914460
661278	646946	14332	3482	12164550	11544946	12757865566245972
1611754	1597634	14120	578	3415810	3804600	12757865571778620
175268	161094	14174	3726	12806624	11784964	12757865585267624
1568472	1554618	13854	432	3362860	3320542	12757865590701128
1663538	1649336	14202	1476	6055030	6545100	12757865598912780
489754	475560	14194	1578	6400230	5674200	12757865606307656
365314	351324	13990	2249	8808206	7562558	12757865615987848
1082710	1068666	14044	4532	15300130	15109782	12757865632869692
1002706	988914	13792	38	1691486	1580450	12757865636066860
664408	650480	13928	701	4177452	3225910	12757865641406040
1652490	1638468	14022	2883	10216794	10742642	12757865653772964
1492920	1477552	15368	3978	13552544	13865046	12757865669319960
1520540	1506088	14452	3495	12391400	12445474	12757865683731296
1067228	1053022	14206	3730	12735860	12687816	12757865698032884
445198	430908	14290	4538	15143922	14491890	12757865714119972
1663126	1649232	13894	1181	5612318	5663800	12757865721892360
945442	931176	14266	2714	9660786	9529402	12757865733002504
1507048	1492838	14210	1225	5439164	5633858	12757865740444740
592916	578854	14062	2628	9544812	8922662	12757865751079944
837938	823912	14026	4001	13699858	13274492	12757865766118800
1663644	1649628	14016	1268	5578992	5922630	12757865773861044
1668470	1654556	13914	1116	4975918	5473154	12757865781006756
449248	435182	14066	4282	14329832	13726440	12757865796296216
240726	226968	13758	493	3251322	2180346	12757865800289640
1215442	1201590	13852	556	3199806	3341344	12757865805208964
1679478	1664980	14498	4864	16315146	16739412	12757865823702040
1370616	1356392	14224	3641	12438340	12725266	12757865838010420
259686	245580	14106	3694	13141002	11781814	12757865851908628
1152932	1138708	14224	3797	12962952	12979814	12757865866521240
260894	246926	13968	360	2718574	1802054	12757865869995848
1349494	1335486	14008	3414	12305646	12031350	12757865884148216
1012576	998482	14094	2952	10502708	10312642	12757865896162904
179166	165060	14106	4922	16245398	15375540	12757865913092220
1564492	1550294	14198	998	5073048	5014146	12757865920226788
512310	497970	14340	2081	7870706	7201502	12757865929113952
1049812	1035952	13860	121	2000012	1874998	12757865932665320
1201040	1187056	13984	741	3824956	3877290	12757865938194744
1278006	1263850	14156	2532	9164918	9319634	12757865949135660
1481562	1467526	14036	1722	6913674	7100954	12757865958030516
1370138	1356328	13810	58	2196186	2008718	12757865962094160
295568	281296	14272	1754	7024524	6007166	12757865969908428
420126	405902	14224	2074	8112870	7090834	12757865978936728
1368828	1354584	14244	2597	9853400	9605850	12757865990653880
850416	836172	14244	2080	7841544	7533164	12757865999847312
700858	686918	13940	1836	7016874	6656846	12757866008062700
922778	908466	14312	130	2459514	1775622	12757866011942012
439662	425688	13974	2069	8005042	7094466	12757866020883448
1451826	1437546	14280	2678	10067318	9926040	12757866032900400
1664466	1650264	14202	4911	16669834	16830056	12757866051731548
1657948	1644064	13884	1080	4935340	5355978	12757866058830128
307578	293624	13954	967	4454706	3665716	12757866064100052
1101726	1087418	14308	2463	9008162	8938676	12757866074707768
451870	438018	13852	1022	4597854	3974886	12757866080256152
931920	917960	13960	3603	12881984	12203526	12757866094566180
1154774	1140904	13870	1355	5603814	5675622	12757866101822376
369272	354988	14284	3710	12865736	11935898	12757866115555200
762254	748010	14244	4999	16526542	16187446	12757866133348716
858942	844330	14612	3502	12026458	11801682	12757866146733784
677692	663926	13766	163	2027324	1631208	12757866149937412
712674	698568	14106	2809	10053510	9578388	12757866161207628
1476898	1462812	14086	1627	6912570	6804750	12757866170103532
208784	194708	14076	2610	9699852	8482910	12757866180510492
388176	373974	14202	3908	13424816	12548084	12757866194819268
389578	375768	13810	288	2633322	1714774	12757866198340372
1174180	1159966	14214	3458	12161944	11984320	12757866212173780
251924	237746	14178	299	2967912	1605530	12757866215890452
1672424	1658578	13846	986	4664696	5087504	12757866222722024
1668778	1654496	14282	2761	9852534	10394148	12757866234746752
681294	667054	14240	3415	11958062	11366726	12757866247888548
1214494	1200454	14040	1169	5616290	5203608	12757866255221576
610886	596670	14216	2529	9179106	8637164	12757866265509048
187238	173022	14216	2766	9871458	8931190	12757866276063240
1150788	1136540	14248	3818	13145064	13041324	12757866290862868
1677952	1663544	14408	1750	6759840	7377038	12757866299802952
1397684	1383770	13914	2372	9179848	8961558	12757866310883652
630624	616612	14012	1229	5749412	4768470	12757866317763292
195484	181190	14294	4289	14369356	13495814	12757866332825288
1246680	1232406	14274	3973	13648212	13600888	12757866348224280
1279864	1265626	14238	3125	11131420	11098842	12757866361138712
1542324	1528404	13920	1993	7616884	7969888	12757866370801768
263746	249778	13968	1045	4698474	3852852	12757866376266220
477032	462840	14192	4853	16081692	15460478	12757866393323280
1450700	1437028	13672	533	3121912	3507126	12757866398415208
1440250	1426478	13772	615	3397094	3744802	12757866403749964
1610490	1596546	13944	392	2882598	3277318	12757866408741712
1468830	1454878	13952	1915	7400914	7662744	12757866418120344
1034786	1020592	14194	3939	13575846	13288710	12757866433228248
1336584	1322138	14446	2399	8845892	8980270	12757866443909340
1399982	1386228	13754	503	3316478	3364888	12757866449123456
722696	708660	14036	766	4375368	3480730	12757866454719240
511760	498072	13688	256	2389096	1742362	12757866458123628
1303374	1289268	14106	2662	10045266	9737402	12757866469970956
796988	782912	14076	4682	16095048	15276344	12757866487364924
963264	949196	14068	2947	10348452	10245642	12757866499179480
364462	350330	14132	3937	13386682	12611278	12757866513431204
1370650	1356684	13966	1218	5348106	5477046	12757866520677512
1611020	1597098	13922	367	2670088	3169616	12757866525455100
1667288	1653156	14132	4643	15483876	16027342	12757866543130420
1584566	1570342	14224	3985	13910718	13972162	12757866559125348
1102760	1088564	14196	1715	6800600	6699502	12757866567529308
449184	435378	13806	948	4438816	3747536	12757866572921400
649984	635936	14048	1741	6869500	6322446	12757866580951440
963592	949422	14170	3084	11258364	10657546	12757866593676512
1668658	1654382	14276	1612	6347142	6958668	12757866602190052
1109956	1096180	13776	82	2193040	1816310	12757866606003944
114782	100978	13804	541	3574482	2197830	12757866610192344
1431744	1417876	13868	1064	4774392	5079330	12757866616899412
219578	205436	14142	1438	6437102	4992486	12757866624061260
1535128	1520890	14238	4076	13999144	14199542	12757866640095808
718386	704586	13800	224	2339182	1852408	12757866643657620
1612054	1598084	13970	447	2989982	3412992	12757866648762292
473836	459910	13926	757	4128100	3198568	12757866653873216
1228034	1213870	14164	4618	15411630	15507638	12757866671007360
1613180	1599306	13874	436	3391364	3384324	12757866676516192
172628	158546	14082	3427	11849744	10894540	12757866689037460
308636	294786	13850	270	2879436	1581006	12757866692731888
287884	273842	14042	3861	13247548	12307550	12757866706786604
946870	932996	13874	2504	9062646	8902884	12757866717292172
1152550	1138550	14000	748	4096078	3855900	12757866723040684
1670530	1656642	13888	979	4726590	5063612	12757866729936484
164176	150224	13952	2357	8812160	7682962	12757866739419828
1152260	1138168	14092	43	1721536	1742872	12757866742790280
1569664	1555574	14090	4633	15402296	15897840	12757866760267080
1538558	1524648	13910	2468	9051574	9387730	12757866771357480
1659678	1645486	14192	1151	5183790	5565226	12757866778703320
1669436	1655314	14122	3447	11928872	12448594	12757866792803576
973730	959644	14086	3099	11315790	10714900	12757866805596704
620336	606458	13878	1272	5353364	4888478	12757866812072968
974262	959948	14314	4199	14642378	14003344	12757866828187356
1289920	1275788	14132	1753	6861888	6996674	12757866836841096
732646	718722	13924	3094	10869910	10457788	12757866848940728
1252090	1238108	13982	2978	10630562	10631050	12757866861323884
449344	435008	14336	4698	15682440	14973600	12757866877954504
1238552	1224214	14338	3538	12668140	12290646	12757866892361340
176704	162296	14408	1790	7018004	5997060	12757866900059704
686166	672272	13894	184	2263234	1697586	12757866903508048
1130220	1116034	14186	2449	8861672	8926594	12757866913999108
501712	487632	14080	4167	14516400	13438012	12757866929517232
1581662	1567574	14088	2790	9985358	10396534	12757866941581016
1415886	1402376	13510	8	1665362	1901434	12757866945163736
199482	185594	13888	345	2727218	1697396	12757866948593856
264816	250722	14094	2434	8809632	8011990	12757866958176364
1669908	1655942	13966	1518	6335860	6676498	12757866966680568
208664	194536	14128	3876	13332076	12298758	12757866980725484
1612110	1598276	13834	475	3108730	3496198	12757866985953804
1443506	1429636	13870	628	3956026	3785698	12757866991863652
726518	712260	14258	3792	13014026	12539914	12757867006108108
764998	750874	14124	2114	8263530	7554238	12757867015639792
1034776	1020478	14298	2550	9220520	9126746	12757867026402620
1286906	1272920	13986	138	2143690	2184616	12757867030338980
493432	479336	14096	4150	14284524	13377546	12757867045614176
211842	197556	14286	2659	9502826	8630852	12757867055834556
630694	616954	13740	1973	7655762	6996994	12757867064627456
1664958	1650848	14110	3768	12947726	13405544	12757867079737272
762038	748072	13966	4173	14195366	13714118	12757867095202260
309020	294828	14192	2066	7781304	6954662	12757867103796776
1470458	1456548	13910	157	2602946	2408820	12757867108375980
572338	558312	14026	3739	13051218	12227236	12757867122502040
1664552	1650508	14044	2993	10496528	11099646	12757867135164720
761526	747514	14012	728	3901582	3405726	12757867140328228
933082	919208	13874	183	2425926	1944234	12757867144189964
1418220	1379978	38242	4562	15293740	15534568	12757867161402328
316612	302688	13924	1618	6564252	5621758	12757867168782412
475692	461796	13896	970	4481788	3842384	12757867174235864
950302	936174	14128	4618	15544882	15236098	12757867191228104
636606	622986	13620	358	2963734	2169486	12757867195325968
1158720	1144792	13928	1157	5042532	5086358	12757867202028328
1291968	1277918	14050	3241	11776256	11457546	12757867215599580
1586150	1572616	13534	4692	15767274	16086640	12757867233452924
389108	375160	13948	411	2910388	2083000	12757867237259976
1429772	1416038	13734	546	3268632	3530160	12757867242457680
290404	276318	14086	3644	12560260	11658638	12757867255812780
1582744	1568602	14142	4623	15387264	15878838	12757867273284584
172602	158464	14138	2433	9125574	7916594	12757867283085696
1324774	1310202	14572	3730	13241122	12951906	12757867298145776
508260	494018	14242	3606	12859812	11761206	12757867312009288
1230384	1216032	14352	3548	12311908	12312090	12757867326046672
176618	162546	14072	901	4572598	3338870	12757867331298872
589200	575442	13758	193	2602580	1625404	12757867334985632
750416	736198	14218	897	4762712	3897750	12757867341003864
713448	699338	14110	687	3997476	3231390	12757867346219420
534082	519950	14132	4937	16761398	15772794	12757867364018116
812742	798802	13940	895	4761070	3957636	12757867370090948
518050	503838	14212	4204	14660114	13562954	12757867385772304
998138	984176	13962	1193	5249762	5028032	12757867392525424
1306586	1292720	13866	1157	5156798	5231246	12757867399496000
1211034	1197154	13880	1775	7008822	6988298	12757867408220360
1510228	1496072	14156	3359	11819836	12023194	12757867422053280
942778	928632	14146	2438	8929722	8704050	12757867432430784
938816	924648	14168	912	4382704	4133778	12757867438253880
560602	546224	14378	3817	13188998	12446810	12757867452513916
1663132	1649010	14122	1772	6929052	7430102	12757867461613256
640294	626396	13898	834	4272302	3597094	12757867467037080
1069622	1055456	14166	2446	9395190	8850602	12757867478004296
1468324	1454284	14040	3018	11110396	10963030	12757867491086856
465502	451534	13968	1080	4970710	4150872	12757867497027436
241910	228118	13792	326	2680930	1671230	12757867500443144
747220	733180	14040	2323	8659452	8150866	12757867510343140
724446	710614	13832	168	2290018	1678968	12757867513851840
719226	704844	14382	2089	7805110	7422402	12757867522867200
1320402	1306320	14082	2884	10240002	10404332	12757867534916108
203772	189722	14050	2153	8120648	7099872	12757867543729844
1039858	1025946	13912	2873	10175462	10088004	12757867555435944
806230	792268	13962	4577	15346390	14956404	12757867572079084
782452	768480	13972	2046	8019328	7362518	12757867581375124
1016248	1001780	14468	3282	11710996	11293380	12757867594594948
614698	600616	14082	2183	8281406	7605902	12757867603983024
339646	325836	13810	1024	4641102	3858530	12757867609454412
404046	389918	14128	3381	11694730	10975948	12757867622046960
942516	928364	14152	2619	9903292	9236962	12757867633383644
1662268	1648164	14104	2207	8264564	8723554	12757867643803348
1669214	1655154	14060	2764	9933742	10395074	12757867655901396
1196214	1182442	13772	1235	5506738	5344978	12757867663099128
165046	150392	14654	4500	15159618	14086616	12757867678914848
825908	811740	14168	2002	7574712	7270070	12757867687803096
1071870	1058120	13750	758	3857406	3794730	12757867693226632
1515846	1501760	14086	1917	7482822	7700558	12757867702712100
1657026	1643132	13894	4866	16160922	16674424	12757867721016960
372652	358640	14012	1565	6239480	5533418	12757867728127612
349136	335154	13982	2710	10006516	8912270	12757867738971276
1017296	1003320	13976	3802	12959584	12849246	12757867753436456
1493132	1479018	14114	3889	13310948	13582552	12757867768730100
1665300	1651310	13990	1803	6999508	7532562	12757867777880824
1669972	1655832	14140	3098	10939208	11393162	12757867790985232
773458	759524	13934	377	3193526	2353852	12757867795451932
1141940	1128072	13868	2894	10278436	10251108	12757867807363908
1173980	1159858	14122	1815	7212572	7059588	12757867816242832
976666	962578	14088	697	3733802	3511370	12757867821441760
1399930	1385982	13948	2187	8076850	8396386	12757867831406192
169358	155266	14092	3418	11912774	10851670	12757867843978860
1562598	1548706	13892	1080	4801374	5249414	12757867850836960
551436	537264	14172	4588	15627312	14731510	12757867867507716
536650	522770	13880	1679	6719594	6013810	12757867875250352
220290	206240	14050	3070	10949350	9859650	12757867886908432
548370	534270	14100	785	4119790	3348960	12757867892067176
1668244	1654006	14238	2971	10957188	11011094	12757867905182404
1206730	1192832	13898	1889	7352522	7312306	12757867914232204
1298812	1284744	14068	3379	11928216	11864494	12757867927950772
1534370	1520468	13902	1766	6877778	7272982	12757867936850624
422196	408126	14070	3274	11379668	10674582	12757867949140532
964480	950464	14016	1153	5515988	4868518	12757867956108640
1666178	1651934	14244	1844	7379878	7636312	12757867965642180
1573252	1559278	13974	4103	13864992	14303392	12757867981576072
1668370	1654362	14008	2491	9140938	9575202	12757867992873512
1209006	1194780	14226	2528	9302102	9229750	12757868003876880
1243018	1228936	14082	2361	8835518	8760026	12757868014439752
718178	704026	14152	3613	12464102	11986330	12757868028116132
1664952	1650970	13982	4592	15599668	15860988	12757868045873692
1310286	1296098	14188	3249	11689554	11489688	12757868059391040
1668476	1654466	14010	4848	16297180	16625762	12757868077844092
1492408	1478410	13998	965	4468196	4832792	12757868084297248
1230900	1216864	14036	2984	11002296	10614610	12757868097018812
1154068	1139868	14200	3223	11536484	11255650	12757868110203360
1552330	1538202	14128	2530	9125490	9575674	12757868121367016
291008	276736	14272	2681	9800240	8763806	12757868131945456
325534	311696	13838	1560	6253962	5444744	12757868139013136
688632	674384	14248	3364	11820576	11206858	12757868152012128
547470	533212	14258	3365	11677234	11069872	12757868164725352
571930	557802	14128	3213	11191326	10635456	12757868176972712
714906	700810	14096	1309	5464058	5083686	12757868183676000
1064708	1050644	14064	3605	12324564	12304586	12757868197556568
329244	315494	13750	360	2774896	1861354	12757868201148896
833552	819442	14110	4757	16289888	15521926	12757868218781376
698984	685304	13680	142	2004884	1576670	12757868221974944
743714	729770	13944	2001	7576886	7184800	12757868230779696
1656378	1642374	14004	3810	12986278	13511182	12757868245908432
1595646	1581808	13838	1020	4714774	5098736	12757868252719344
286288	272216	14072	3852	13613864	12268834	12757868267113588
1198950	1185172	13778	56	2235934	1820766	12757868271043136
1670384	1656128	14256	4159	14530128	14587342	12757868287735816
382958	368856	14102	3229	11244222	10499682	12757868299859524
208386	194628	13758	375	2701590	1783718	12757868303261280
1156046	1141968	14078	1427	6334782	5877952	12757868311242232
308908	294712	14196	3318	11749976	10688858	12757868323797120
961848	948030	13818	88	1848232	1678492	12757868327095884
191604	177436	14168	3309	11874080	10549446	12757868339652868
1677490	1663302	14188	4516	15052898	15645702	12757868356872184
414142	399926	14216	4325	15010470	13811224	12757868372811856
894816	881030	13786	1821	6968596	6795462	12757868381166816
1031630	1017856	13774	52	2216102	1637684	12757868384910016
878124	863992	14132	4542	15659720	14924554	12757868401941508
495676	481968	13708	291	2443908	1817818	12757868405375004
445428	431388	14040	3259	11434948	10650246	12757868417745120
196982	182932	14050	4029	13564946	12706538	12757868432024128
243704	229618	14086	4554	15203572	14325206	12757868447962940
793072	779000	14072	2045	8135148	7366470	12757868457386124
630552	616308	14244	2378	8697304	8197322	12757868467207824
591428	577312	14116	3803	12968456	12423888	12757868481256160
677096	663016	14080	2660	9815952	9089406	12757868492241804
262114	247962	14152	4020	14101270	12745058	12757868507096400
1552004	1537930	14074	3310	11960776	11912198	12757868521100004
1673158	1659052	14106	3669	12626502	13105196	12757868535892284
1435666	1421486	14180	3489	12090942	12331638	12757868549915712
1219002	1205182	13820	640	3627842	3587746	12757868555253848
961254	947226	14028	1712	7112626	6533278	12757868563822040
364992	350892	14100	2758	9814564	9073562	12757868574493944
1262286	1248370	13916	1168	5364002	5208278	12757868581610400
449596	435616	13980	780	3903224	3235296	12757868586457216
585778	571876	13902	278	2727242	1866542	12757868590262724
1308800	1294612	14188	4858	16267080	16298724	12757868608326412
1309202	1295276	13926	2826	9991178	10221120	12757868620148576
1154014	1139868	14146	2268	8521642	8395436	12757868630339728
343728	329678	14050	3785	13232772	12141626	12757868644407080
1525764	1511610	14154	4697	15532056	16036372	12757868662058784
1660874	1646662	14212	2197	8116418	8689186	12757868672327708
1540026	1525834	14192	4071	14019758	14175808	12757868688386368
1666718	1652312	14406	3753	13139366	13351030	12757868703680940
1167272	1153196	14076	1188	5280148	5176238	12757868710618740
1244044	1229912	14132	1912	7292476	7417666	12757868719647156
719910	706050	13860	698	3643030	3258182	12757868724498172
662028	647900	14128	2219	8559412	7753336	12757868734209112
1425236	1411094	14142	4056	13922252	14016218	12757868750047408
1295142	1281180	13962	2425	9351102	9033098	12757868761185364
278918	264836	14082	2190	8223174	7286138	12757868770174320
751514	737680	13834	308	2480554	2127226	12757868773894176
1661332	1647090	14242	2187	8243056	8662022	12757868784288416
540684	526524	14160	1406	5750116	5201596	12757868791077924
733754	719848	13906	1209	5321894	4804316	12757868797627808
367220	353066	14154	2610	9382784	8631146	12757868807867988
1136410	1122788	13622	201	2621290	2190370	12757868812120924
304898	290816	14082	1784	6934782	6100090	12757868819855044
219454	205052	14402	2659	9566174	8632718	12757868830133760
547348	533178	14170	2130	7891148	7371818	12757868839063200
880016	866236	13780	1284	5645088	5179880	12757868846082024
1189412	1175302	14110	2430	9343704	8916734	12757868857108836
1020012	1005916	14096	4695	15705828	15521994	12757868874328036
630998	616956	14042	4905	16408714	15767992	12757868891857204
1665386	1651400	13986	2076	7731162	8330218	12757868901744532
1032320	1017970	14350	2692	9777668	9538350	12757868913050004
164234	150124	14110	3880	13325530	12227156	12757868927032508
1375596	1361396	14200	3979	13946548	13738722	12757868942846136
1703604	1689406	14198	4091	14117472	14402526	12757868959159108
1323958	1310158	13800	551	3188014	3423750	12757868964169492
246064	231988	14076	1069	5020184	3895072	12757868969927404
610672	596616	14056	3150	11299648	10493396	12757868982332344
1422698	1408344	14354	3413	11791934	12087300	12757868996037512
805378	791310	14068	1759	7331438	6522376	12757869004662256
1231558	1217836	13722	1770	6852810	6979322	12757869013240944
711522	697574	13948	4588	15518670	14898766	12757869029965928
874652	860946	13706	1953	7457300	7171478	12757869038793360
1664854	1650744	14110	4215	14326486	14732312	12757869055278180
1668218	1654144	14074	4713	15826570	16226520	12757869073265640
1560082	1545994	14088	2835	10009418	10493902	12757869085329556
320650	306684	13966	308	2717674	1718492	12757869088863636
671880	657932	13948	4377	14761048	14225478	12757869104786832
855590	841382	14208	2844	10039426	9818934	12757869116175856
778340	764564	13776	137	2354292	1638012	12757869119800764
226528	212608	13920	1670	6809804	5674016	12757869127329748
532850	518704	14146	4240	14468850	13674650	12757869142824764
168056	154012	14044	4037	13642848	12700668	12757869157125088
1423482	1409344	14138	3400	12056290	12071552	12757869171097236
1410154	1396344	13810	120	2206110	2225014	12757869175229008
1528372	1514350	14022	2891	10432640	10633950	12757869187683864
1136854	1122772	14082	3402	11733610	11769754	12757869201047428
833822	819706	14116	4914	16418142	15992106	12757869218794468
1666018	1651728	14290	4014	13614062	14135444	12757869234591024
