# Loop @ Start frequency 1700000Hz took 1870.46 cycles
# Interval [1867 ; 1874]
# Q1 : 1864 ; Q3 : 1868
# Loop @ Target frequency 1800000Hz took 1764.85 cycles
# Interval [1763 ; 1767]
# Q1 : 1762 ; Q3 : 1764
# Confidence intervals do not overlap, alternatives are statistically different with selected confidence level
Change time (with write) [cycles]	Change time [cycles]	Write cost [cycles]	Wait time [us]	Time since last frequency change request [cycles]	Time since last frequency change [cycles]	Detected frequency change timestamp [cycles]
479830	451518	28312	3567	565090336	565379944	12757834651207384
1188432	1173966	14466	4812	16254728	16045122	12757834669091738
0	0	0	0	0	0	0
0	0	0	0	0	0	0
0	0	0	0	0	0	0
1247606	1233200	14406	2463	9040300	9073940	12757834715112380
0	0	0	0	0	0	0
1032194	1017952	14242	3982	13533796	13402252	12757834746468734
0	0	0	0	0	0	0
1374454	1360390	14064	3998	13811240	13790522	12757834777924838
0	0	0	0	0	0	0
416974	402934	14040	2191	8410246	7427094	12757834801344214
0	0	0	0	0	0	0
1672668	1658474	14194	3891	13461698	13767990	12757834834581610
0	0	0	0	0	0	0
1661188	1646794	14394	3295	11921172	11975480	12757834864085844
0	0	0	0	0	0	0
1173636	1159698	13938	27	2183920	1706528	12757834877901270
762156	748014	14142	2511	9507494	8727198	12757834888605210
189386	175088	14298	4626	15460664	14484120	12757834904684754
0	0	0	0	0	0	0
645070	630846	14224	4859	16153002	15639528	12757834939109470
1654226	1639720	14506	1572	6423084	6807364	12757834947615810
380212	366194	14018	447	2970034	2169712	12757834951396694
0	0	0	0	0	0	0
633228	619026	14202	4871	16351628	15664636	12757834982943190
0	0	0	0	0	0	0
548342	534308	14034	1540	6245590	5611610	12757835002775850
270522	256126	14396	3078	10858836	9950252	12757835014337708
747970	733828	14142	1572	6408484	5904462	12757835021929204
0	0	0	0	0	0	0
1228192	1213832	14360	4158	14175332	14124772	12757835045086394
0	0	0	0	0	0	0
986032	971858	14174	590	3869274	3206798	12757835054041380
0	0	0	0	0	0	0
911712	897552	14160	4822	16120778	15818314	12757835080268254
0	0	0	0	0	0	0
301256	286972	14284	2722	9971384	8900084	12757835094403704
0	0	0	0	0	0	0
0	0	0	0	0	0	0
437718	423664	14054	1506	6173558	5394866	12757835120829580
176474	162252	14222	4306	14628228	13514626	12757835136068380
1497012	1482990	14022	3273	11477888	11744772	12757835149489114
0	0	0	0	0	0	0
532862	518442	14420	2294	8581862	7868562	12757835167787004
0	0	0	0	0	0	0
396274	382170	14104	2113	8339226	7170086	12757835184141154
0	0	0	0	0	0	0
0	0	0	0	0	0	0
1293462	1279360	14102	3347	12033036	11764976	12757835206769468
1180360	1166334	14026	16	1684296	1679440	12757835210061094
0	0	0	0	0	0	0
563978	549752	14226	4935	16398938	15789434	12757835236118340
0	0	0	0	0	0	0
919160	904990	14170	3745	12923270	12574916	12757835263977984
0	0	0	0	0	0	0
165018	150738	14280	1498	6176138	5098484	12757835282078860
0	0	0	0	0	0	0
1187680	1173634	14046	1096	4902220	4923852	12757835303270494
620866	606506	14360	1260	5815154	4857508	12757835310146860
1672620	1658454	14166	4117	14129766	14458514	12757835326393494
0	0	0	0	0	0	0
735962	722130	13832	172	2588658	1715228	12757835339885374
0	0	0	0	0	0	0
516938	502750	14188	4094	13861442	13234672	12757835365207464
0	0	0	0	0	0	0
834816	820550	14266	2672	9684000	9298736	12757835382333304
0	0	0	0	0	0	0
169822	154596	15226	1239	5552258	4342324	12757835401466204
0	0	0	0	0	0	0
151806	137592	14214	3278	11521904	10425778	12757835428389874
0	0	0	0	0	0	0
685776	671394	14382	2143	8090026	7561586	12757835449559730
0	0	0	0	0	0	0
1139542	1125452	14090	1406	6304938	5835572	12757835464983714
0	0	0	0	0	0	0
0	0	0	0	0	0	0
0	0	0	0	0	0	0
0	0	0	0	0	0	0
1294778	1280628	14150	882	4481468	4393446	12757835509412460
933984	919976	14008	2473	9050236	8801478	12757835519834930
1385098	1371030	14068	1585	6454142	6587010	12757835528121418
0	0	0	0	0	0	0
877438	863352	14086	4264	14461968	14102370	12757835554980570
0	0	0	0	0	0	0
1540080	1526098	13982	2733	9786996	10183712	12757835578721154
0	0	0	0	0	0	0
0	0	0	0	0	0	0
0	0	0	0	0	0	0
1083900	1069758	14142	3111	11019890	10856820	12757835634393244
0	0	0	0	0	0	0
1652638	1638462	14176	4833	16238498	16583434	12757835656848744
0	0	0	0	0	0	0
641540	627582	13958	226	2743930	1779832	12757835664151874
496514	482680	13834	1531	6178906	5539932	12757835671264540
1664228	1650052	14176	3004	10824702	11118162	12757835684200324
0	0	0	0	0	0	0
163740	149496	14244	4131	14453230	12992312	12757835714166774
0	0	0	0	0	0	0
1615906	1601976	13930	587	3340090	3834688	12757835734147780
0	0	0	0	0	0	0
200082	185706	14376	3693	12754392	11717692	12757835762786258
0	0	0	0	0	0	0
173190	158862	14328	2737	9826066	8828084	12757835787223104
685792	671052	14740	1854	7332936	6698078	12757835795678738
420212	406236	13976	262	2614088	1666088	12757835799160314
1540326	1525954	14372	2312	8685318	8923428	12757835809824574
1585178	1571296	13882	533	3242682	3644108	12757835815089034
0	0	0	0	0	0	0
974462	960324	14138	99	2041538	1745938	12757835832291924
0	0	0	0	0	0	0
0	0	0	0	0	0	0
0	0	0	0	0	0	0
1344536	1330048	14488	3027	10668550	10868658	12757835887727750
0	0	0	0	0	0	0
0	0	0	0	0	0	0
0	0	0	0	0	0	0
356794	342460	14334	2293	8502556	7680224	12757835929995874
0	0	0	0	0	0	0
934688	920592	14096	914	4804006	4134050	12757835945217848
0	0	0	0	0	0	0
512696	498440	14256	1515	6283840	5505044	12757835969059044
0	0	0	0	0	0	0
501248	486908	14340	4496	15375366	14416054	12757835992323154
0	0	0	0	0	0	0
899528	884964	14564	4104	14349582	13644368	12757836020806504
0	0	0	0	0	0	0
0	0	0	0	0	0	0
0	0	0	0	0	0	0
1343176	1328660	14516	3823	13020564	13250670	12757836079186104
0	0	0	0	0	0	0
0	0	0	0	0	0	0
0	0	0	0	0	0	0
0	0	0	0	0	0	0
0	0	0	0	0	0	0
1008066	993726	14340	110	2013216	1803694	12757836144295980
0	0	0	0	0	0	0
204928	190384	14544	4545	15206168	14272348	12757836169970750
0	0	0	0	0	0	0
1560642	1546178	14464	2297	8555082	8897716	12757836194799458
0	0	0	0	0	0	0
0	0	0	0	0	0	0
0	0	0	0	0	0	0
725860	711630	14230	2005	7620756	7188132	12757836238636174
0	0	0	0	0	0	0
385572	371204	14368	4294	14663504	13701644	12757836260817284
0	0	0	0	0	0	0
0	0	0	0	0	0	0
0	0	0	0	0	0	0
1348830	1334526	14304	1094	4862330	5087168	12757836289566274
0	0	0	0	0	0	0
769374	755392	13982	162	2111486	1713488	12757836304696354
0	0	0	0	0	0	0
1128340	1114294	14046	1616	6640840	6429870	12757836319813114
0	0	0	0	0	0	0
1021812	1007842	13970	1886	7443698	7128178	12757836345463294
0	0	0	0	0	0	0
710742	696278	14464	4642	15519434	15064188	12757836377690590
0	0	0	0	0	0	0
565610	551274	14336	4100	14131156	13298408	12757836403203410
0	0	0	0	0	0	0
0	0	0	0	0	0	0
0	0	0	0	0	0	0
212006	197330	14676	3768	13051304	11950406	12757836454710174
0	0	0	0	0	0	0
0	0	0	0	0	0	0
865940	851872	14068	1692	6649282	6393880	12757836487576340
1665334	1650758	14576	4481	15022126	15540622	12757836504710734
0	0	0	0	0	0	0
1022912	1008808	14104	2575	9364428	9193256	12757836523896064
0	0	0	0	0	0	0
0	0	0	0	0	0	0
1144138	1130200	13938	44	2002212	1737210	12757836553476178
1307332	1292938	14394	4716	15930484	15886996	12757836571159510
0	0	0	0	0	0	0
854620	840508	14112	2537	9406636	8912774	12757836595781140
0	0	0	0	0	0	0
0	0	0	0	0	0	0
0	0	0	0	0	0	0
930924	917030	13894	613	3641376	3227350	12757836625968558
0	0	0	0	0	0	0
1658328	1643928	14400	1000	4649194	5112648	12757836650534170
0	0	0	0	0	0	0
1040500	1026090	14410	4979	16672620	16403334	12757836678561034
0	0	0	0	0	0	0
0	0	0	0	0	0	0
0	0	0	0	0	0	0
1043546	1029334	14212	1083	5046110	4746156	12757836708355230
0	0	0	0	0	0	0
444562	430472	14090	847	4597034	3440788	12757836724450430
0	0	0	0	0	0	0
1655080	1640606	14474	2324	8611420	9092250	12757836749115994
0	0	0	0	0	0	0
1169762	1155372	14390	4813	16059434	16038534	12757836777143674
0	0	0	0	0	0	0
456856	442410	14446	3083	11293964	10146408	12757836806081144
1582702	1568392	14310	4348	15082232	15059154	12757836823191814
1667682	1653124	14558	1639	6620858	7039824	12757836831929284
0	0	0	0	0	0	0
1512560	1498152	14408	3991	13733656	13917722	12757836865219400
0	0	0	0	0	0	0
1006000	991774	14226	130	2261470	1860972	12757836874080514
0	0	0	0	0	0	0
1392302	1377906	14396	2350	8805648	8888740	12757836899044294
0	0	0	0	0	0	0
0	0	0	0	0	0	0
0	0	0	0	0	0	0
0	0	0	0	0	0	0
421670	407334	14336	1541	6259400	5495432	12757836958607334
0	0	0	0	0	0	0
1203420	1189200	14220	3520	12525850	12197732	12757836990386214
0	0	0	0	0	0	0
0	0	0	0	0	0	0
1371024	1356656	14368	4751	16285706	16051884	12757837030996440
1668090	1654434	13656	2108	8371256	8437622	12757837041481234
0	0	0	0	0	0	0
0	0	0	0	0	0	0
0	0	0	0	0	0	0
1144118	1129814	14304	3269	11578008	11388740	12757837084033630
0	0	0	0	0	0	0
1608538	1594604	13934	367	2778586	3169558	12757837095625478
0	0	0	0	0	0	0
1661550	1647588	13962	1010	5088430	5145182	12757837119950544
0	0	0	0	0	0	0
878556	864218	14338	4507	15186464	14829790	12757837148770144
0	0	0	0	0	0	0
1660738	1646328	14410	4429	15318522	15378296	12757837180360944
0	0	0	0	0	0	0
401918	387638	14280	3697	12681818	11931380	12757837205139960
0	0	0	0	0	0	0
0	0	0	0	0	0	0
0	0	0	0	0	0	0
1508170	1493812	14358	2722	10209030	10117390	12757837242142624
0	0	0	0	0	0	0
0	0	0	0	0	0	0
0	0	0	0	0	0	0
642398	628238	14160	410	3298058	2333166	12757837282315080
0	0	0	0	0	0	0
1217020	1202856	14164	1582	6556152	6414464	12757837308451720
0	0	0	0	0	0	0
1316524	1302226	14298	3808	12975466	13174394	12757837338291424
0	0	0	0	0	0	0
786714	772726	13988	730	3998596	3430646	12757837348972794
0	0	0	0	0	0	0
241190	226800	14390	3171	11254220	10197960	12757837379882394
1351448	1336928	14520	3263	11726390	11582948	12757837393398068
0	0	0	0	0	0	0
855416	841118	14298	2970	10583864	10203832	12757837418676564
0	0	0	0	0	0	0
1164672	1150428	14244	4467	15007238	14985714	12757837443374794
0	0	0	0	0	0	0
0	0	0	0	0	0	0
208860	194408	14452	4276	14728510	13459052	12757837482382614
1103622	1089706	13916	301	2503916	2457198	12757837486437918
0	0	0	0	0	0	0
0	0	0	0	0	0	0
0	0	0	0	0	0	0
0	0	0	0	0	0	0
0	0	0	0	0	0	0
0	0	0	0	0	0	0
224246	209966	14280	4903	16488424	15351174	12757837584353094
0	0	0	0	0	0	0
599192	585106	14086	2109	7933210	7358346	12757837602385920
0	0	0	0	0	0	0
0	0	0	0	0	0	0
0	0	0	0	0	0	0
676136	661908	14228	735	3914958	3326462	12757837635294568
0	0	0	0	0	0	0
0	0	0	0	0	0	0
0	0	0	0	0	0	0
0	0	0	0	0	0	0
0	0	0	0	0	0	0
0	0	0	0	0	0	0
0	0	0	0	0	0	0
0	0	0	0	0	0	0
922130	907804	14326	2967	10704530	10256736	12757837728059034
0	0	0	0	0	0	0
0	0	0	0	0	0	0
0	0	0	0	0	0	0
185274	170810	14464	4374	14831832	13729694	12757837763077974
0	0	0	0	0	0	0
0	0	0	0	0	0	0
388620	374322	14298	2483	9250134	8275330	12757837798157164
0	0	0	0	0	0	0
0	0	0	0	0	0	0
0	0	0	0	0	0	0
0	0	0	0	0	0	0
0	0	0	0	0	0	0
1660998	1646672	14326	2604	9354976	9906204	12757837884576678
0	0	0	0	0	0	0
0	0	0	0	0	0	0
0	0	0	0	0	0	0
1496166	1481770	14396	4664	15659320	15906258	12757837937855400
0	0	0	0	0	0	0
996752	982782	13970	1905	7370144	7152098	12757837961873640
0	0	0	0	0	0	0
1326304	1311810	14494	4592	15378520	15522466	12757837993098538
0	0	0	0	0	0	0
1131100	1117004	14096	1158	5219890	5049312	12757838017914694
0	0	0	0	0	0	0
872630	858414	14216	3235	11339146	11006368	12757838035739094
0	0	0	0	0	0	0
1075672	1061392	14280	3179	11340018	11045204	12757838053731804
0	0	0	0	0	0	0
1520718	1506452	14266	4083	13923992	14195764	12757838086936804
0	0	0	0	0	0	0
1475220	1460878	14342	3894	13472080	13581872	12757838118322374
0	0	0	0	0	0	0
1668330	1654090	14240	2542	9200440	9727788	12757838137223844
0	0	0	0	0	0	0
1214884	1200508	14376	4572	15735376	15348282	12757838161270084
0	0	0	0	0	0	0
1666030	1651944	14086	1616	6650380	6951582	12757838187295204
0	0	0	0	0	0	0
1486080	1471632	14448	2035	7883770	8031932	12757838209232514
0	0	0	0	0	0	0
0	0	0	0	0	0	0
0	0	0	0	0	0	0
426316	412118	14198	3836	13147600	12362328	12757838258009950
0	0	0	0	0	0	0
477580	463202	14378	2724	10205620	9081394	12757838278293154
0	0	0	0	0	0	0
1664118	1649916	14202	4334	14766428	15087912	12757838304006160
0	0	0	0	0	0	0
1341340	1326760	14580	2469	9159730	9181148	12757838318162854
0	0	0	0	0	0	0
1661178	1646824	14354	3324	11775392	12061292	12757838349294304
0	0	0	0	0	0	0
785860	771740	14120	2389	8835190	8386960	12757838368034134
0	0	0	0	0	0	0
1027590	1013516	14074	1146	5484626	4909110	12757838381896390
0	0	0	0	0	0	0
0	0	0	0	0	0	0
0	0	0	0	0	0	0
0	0	0	0	0	0	0
0	0	0	0	0	0	0
0	0	0	0	0	0	0
0	0	0	0	0	0	0
302312	288102	14210	1366	6131138	4845848	12757838446185234
0	0	0	0	0	0	0
290618	276472	14146	3541	12678162	11365498	12757838475303154
0	0	0	0	0	0	0
782738	768720	14018	138	2484758	1665666	12757838489622360
0	0	0	0	0	0	0
1609872	1596076	13796	577	3441418	3790314	12757838508062374
0	0	0	0	0	0	0
1399212	1385278	13934	1997	7543208	7832342	12757838533578514
0	0	0	0	0	0	0
0	0	0	0	0	0	0
0	0	0	0	0	0	0
1055382	1041636	13746	24	1878728	1579224	12757838554603744
254456	240310	14146	4052	13864156	12832326	12757838569150200
1544112	1529766	14346	1074	4849538	5208224	12757838575979674
0	0	0	0	0	0	0
0	0	0	0	0	0	0
0	0	0	0	0	0	0
1043350	1029148	14202	1357	5726536	5558382	12757838602579270
0	0	0	0	0	0	0
1666694	1652560	14134	3001	10559786	11099006	12757838620082454
0	0	0	0	0	0	0
469210	454984	14226	3206	11222350	10516302	12757838649343384
0	0	0	0	0	0	0
357276	342044	15232	4711	16200760	14910848	12757838672037090
0	0	0	0	0	0	0
1212210	1198302	13908	689	3674830	3726976	12757838686102524
0	0	0	0	0	0	0
0	0	0	0	0	0	0
0	0	0	0	0	0	0
1102034	1087944	14090	1159	5114942	5023538	12757838737200240
0	0	0	0	0	0	0
266200	252114	14086	4644	15739240	14614206	12757838771659354
169356	155570	13786	339	2609204	1635156	12757838774866590
0	0	0	0	0	0	0
175990	162112	13878	1625	6470020	5493428	12757838795769484
0	0	0	0	0	0	0
547320	533080	14240	2588	9366970	8746494	12757838819808354
0	0	0	0	0	0	0
0	0	0	0	0	0	0
0	0	0	0	0	0	0
1323762	1309920	13842	517	3610494	3324656	12757838857325284
0	0	0	0	0	0	0
0	0	0	0	0	0	0
0	0	0	0	0	0	0
1504362	1490314	14048	4807	16010298	16363366	12757838911563014
0	0	0	0	0	0	0
1501902	1487798	14104	2777	10106708	10264754	12757838933992024
0	0	0	0	0	0	0
1650546	1636376	14170	4911	16590636	16823096	12757838959756620
0	0	0	0	0	0	0
0	0	0	0	0	0	0
0	0	0	0	0	0	0
1087442	1073554	13888	1898	7415078	7215006	12757839003260544
0	0	0	0	0	0	0
0	0	0	0	0	0	0
0	0	0	0	0	0	0
1594314	1580202	14112	4025	13851976	14088392	12757839055166994
212282	198362	13920	903	4546966	3369652	12757839060357148
228572	214222	14350	4058	13972598	12827846	12757839074993634
0	0	0	0	0	0	0
599554	585410	14144	2038	7698942	7152308	12757839094509930
0	0	0	0	0	0	0
904046	889800	14246	1794	7294934	6723572	12757839113519874
0	0	0	0	0	0	0
1661814	1647944	13870	1021	4670666	5169340	12757839133090834
0	0	0	0	0	0	0
0	0	0	0	0	0	0
0	0	0	0	0	0	0
0	0	0	0	0	0	0
0	0	0	0	0	0	0
0	0	0	0	0	0	0
0	0	0	0	0	0	0
176006	161782	14224	2797	9987704	8998874	12757839204304794
0	0	0	0	0	0	0
1496236	1482154	14082	4533	15274000	15546722	12757839234012310
0	0	0	0	0	0	0
250086	236222	13864	1416	6138764	4939886	12757839251019694
0	0	0	0	0	0	0
719438	705532	13906	1925	7722194	6929872	12757839277102020
0	0	0	0	0	0	0
1462798	1448702	14096	3314	11621868	11834670	12757839295964190
0	0	0	0	0	0	0
0	0	0	0	0	0	0
0	0	0	0	0	0	0
176432	162282	14150	2107	8285508	6939212	12757839352206664
1536528	1522806	13722	466	3090902	3379926	12757839357265920
762286	748526	13760	165	2099680	1707072	12757839360562060
0	0	0	0	0	0	0
179636	165708	13928	929	4482290	3408938	12757839379968660
1462562	1448298	14264	4618	15413478	15731856	12757839397278390
1671726	1657742	13984	3585	12728254	12854480	12757839412113744
0	0	0	0	0	0	0
0	0	0	0	0	0	0
0	0	0	0	0	0	0
965498	951574	13924	1222	5353392	5073852	12757839443045074
0	0	0	0	0	0	0
710542	696654	13888	2861	10305518	9725726	12757839458107674
0	0	0	0	0	0	0
0	0	0	0	0	0	0
0	0	0	0	0	0	0
1271086	1257014	14072	3066	10875730	10896932	12757839502986700
0	0	0	0	0	0	0
528784	514510	14274	840	4592566	3496592	12757839520704304
0	0	0	0	0	0	0
1105404	1091628	13776	639	3620176	3469230	12757839539968344
0	0	0	0	0	0	0
1419284	1405004	14280	2874	10262956	10472930	12757839571249484
0	0	0	0	0	0	0
0	0	0	0	0	0	0
0	0	0	0	0	0	0
0	0	0	0	0	0	0
0	0	0	0	0	0	0
1347156	1333170	13986	1178	5608030	5341392	12757839633578550
0	0	0	0	0	0	0
1472574	1458488	14086	2768	10355532	10223192	12757839662315814
0	0	0	0	0	0	0
959778	945252	14526	1345	5666698	5444796	12757839678039390
0	0	0	0	0	0	0
1102418	1088306	14112	4420	14903076	14793016	12757839705189638
0	0	0	0	0	0	0
0	0	0	0	0	0	0
0	0	0	0	0	0	0
405630	391408	14222	1008	4848580	3887914	12757839746988504
0	0	0	0	0	0	0
1220682	1206304	14378	2209	8262334	8292176	12757839763432384
0	0	0	0	0	0	0
1608158	1594338	13820	529	3211864	3650012	12757839777961140
0	0	0	0	0	0	0
1447000	1433120	13880	480	3270306	3343120	12757839792387154
0	0	0	0	0	0	0
171910	157708	14202	3609	12637870	11435202	12757839814231984
0	0	0	0	0	0	0
288086	273800	14286	997	4804236	3739266	12757839833933540
0	0	0	0	0	0	0
873780	859486	14294	1970	7523500	7234112	12757839846173394
0	0	0	0	0	0	0
663896	649948	13948	3170	11317354	10617334	12757839865291514
0	0	0	0	0	0	0
0	0	0	0	0	0	0
1467474	1453142	14332	1936	7536806	7724754	12757839908064034
0	0	0	0	0	0	0
584920	570714	14206	4699	15801266	15108496	12757839939013580
0	0	0	0	0	0	0
267726	253940	13786	571	3773438	2435374	12757839955420588
0	0	0	0	0	0	0
673212	659440	13772	204	2382668	1745966	12757839967701694
0	0	0	0	0	0	0
0	0	0	0	0	0	0
0	0	0	0	0	0	0
0	0	0	0	0	0	0
818082	803784	14298	875	4395038	3927350	12757840012320544
0	0	0	0	0	0	0
1652070	1638058	14012	1624	6659590	6978058	12757840029148404
0	0	0	0	0	0	0
637272	623318	13954	2530	9392588	8666606	12757840055736814
0	0	0	0	0	0	0
730720	716782	13938	2017	7804630	7232574	12757840068041194
225280	210926	14354	4637	15694394	14564048	12757840084403554
0	0	0	0	0	0	0
931414	917192	14222	3072	11035560	10588220	12757840108753408
0	0	0	0	0	0	0
850284	836106	14178	2320	8761276	8256380	12757840135437444
0	0	0	0	0	0	0
1179162	1164858	14304	3515	12232118	12160542	12757840163043244
0	0	0	0	0	0	0
0	0	0	0	0	0	0
1214910	1200506	14404	3330	11597454	11641148	12757840200121774
181054	166852	14202	3527	12568186	11197092	12757840213387894
0	0	0	0	0	0	0
1306812	1292730	14082	4272	14518358	14557554	12757840246043374
0	0	0	0	0	0	0
789736	775594	14142	1271	5552974	5057222	12757840263531394
0	0	0	0	0	0	0
0	0	0	0	0	0	0
1509220	1494880	14340	2272	8583826	8768598	12757840286811220
0	0	0	0	0	0	0
730704	716520	14184	2583	9373916	8923090	12757840303927024
0	0	0	0	0	0	0
1397078	1382720	14358	4268	14565968	14630738	12757840336129140
0	0	0	0	0	0	0
1148142	1133856	14286	4175	14558374	14105160	12757840362235504
0	0	0	0	0	0	0
0	0	0	0	0	0	0
1679374	1665094	14280	894	4406006	4815076	12757840385096410
0	0	0	0	0	0	0
297428	283368	14060	1528	6207848	5333914	12757840406714730
0	0	0	0	0	0	0
1635214	1621074	14140	2292	8486356	8957588	12757840430906014
0	0	0	0	0	0	0
1154388	1140332	14056	1282	5520174	5454698	12757840442824680
0	0	0	0	0	0	0
0	0	0	0	0	0	0
0	0	0	0	0	0	0
1401064	1386752	14312	1225	5736940	5530974	12757840482625018
0	0	0	0	0	0	0
1605700	1591586	14114	371	2761566	3174160	12757840501873294
0	0	0	0	0	0	0
1375124	1361212	13912	2381	8887480	8965114	12757840522963958
0	0	0	0	0	0	0
1661606	1647412	14194	3524	12258760	12667812	12757840545729860
0	0	0	0	0	0	0
1652548	1638420	14128	4944	16408598	16913636	12757840573991330
0	0	0	0	0	0	0
268766	254394	14372	4539	15466424	14311172	12757840603497054
0	0	0	0	0	0	0
1087542	1073484	14058	2481	9488258	8974320	12757840618020124
1549370	1535182	14188	4389	14766580	15150808	12757840634775068
1150834	1136722	14112	2949	10427412	10440714	12757840646799874
0	0	0	0	0	0	0
1361262	1347200	14062	4840	16279334	16308948	12757840678297750
0	0	0	0	0	0	0
1523982	1509922	14060	4793	16046258	16330450	12757840702208944
0	0	0	0	0	0	0
867372	852846	14526	3654	12573184	12266292	12757840726725334
1277296	1263206	14090	3423	11860538	11989008	12757840740324814
441914	427528	14386	3618	12782806	11735600	12757840753992914
0	0	0	0	0	0	0
0	0	0	0	0	0	0
0	0	0	0	0	0	0
1222596	1208736	13860	45	2204714	1817304	12757840779132544
1609082	1595186	13896	445	3054326	3401024	12757840784235698
1605756	1591542	14214	445	3214364	3395428	12757840789502884
0	0	0	0	0	0	0
771158	756928	14230	4308	14744498	14126438	12757840821317460
0	0	0	0	0	0	0
1375716	1361894	13822	598	3731624	3624692	12757840844898244
0	0	0	0	0	0	0
669824	655756	14068	2527	9171952	8691298	12757840865788940
0	0	0	0	0	0	0
1463306	1449188	14118	1682	6964060	6960806	12757840884428780
0	0	0	0	0	0	0
1457290	1443074	14216	128	2006770	2307642	12757840897265224
0	0	0	0	0	0	0
1418970	1405100	13870	126	2119510	2259302	12757840918275624
0	0	0	0	0	0	0
167762	153684	14078	3824	13155308	12075842	12757840935553344
0	0	0	0	0	0	0
1372872	1358670	14202	3153	11324588	11269686	12757840963804894
0	0	0	0	0	0	0
0	0	0	0	0	0	0
0	0	0	0	0	0	0
333102	319252	13850	312	2620808	1730016	12757840993570804
0	0	0	0	0	0	0
601026	586794	14232	3223	11255954	10709352	12757841017997194
0	0	0	0	0	0	0
1605594	1591582	14012	467	2991836	3462132	12757841026666354
770188	755848	14340	4652	15657712	15157464	12757841043533880
1392468	1378248	14220	4695	15694508	15908868	12757841061068830
0	0	0	0	0	0	0
248022	234056	13966	963	4953728	3595342	12757841071665424
0	0	0	0	0	0	0
1404000	1389812	14188	3189	11254900	11411694	12757841089683174
0	0	0	0	0	0	0
1669166	1654910	14256	1819	7164080	7573776	12757841116348434
0	0	0	0	0	0	0
590186	575994	14192	320	2963834	2008198	12757841125247694
1491216	1477080	14136	3966	13653048	13822524	12757841140831744
0	0	0	0	0	0	0
0	0	0	0	0	0	0
465640	451604	14036	1471	6197230	5326932	12757841165155654
0	0	0	0	0	0	0
0	0	0	0	0	0	0
0	0	0	0	0	0	0
1071754	1057660	14094	4672	15582376	15518232	12757841212797634
0	0	0	0	0	0	0
1674206	1660134	14072	3198	11585796	11706994	12757841229831020
0	0	0	0	0	0	0
1660960	1646558	14402	2721	9890276	10269196	12757841247161480
167590	153564	14026	1103	5031822	3929494	12757841252803030
1247266	1233176	14090	2384	8713684	8842808	12757841263208464
0	0	0	0	0	0	0
1658694	1644364	14330	372	2933502	3233312	12757841280104574
0	0	0	0	0	0	0
1243862	1229988	13874	1263	5543908	5481196	12757841299640244
0	0	0	0	0	0	0
573768	559520	14248	1519	6247212	5585282	12757841317567824
0	0	0	0	0	0	0
1220226	1205992	14234	3472	12016264	12077560	12757841339894554
0	0	0	0	0	0	0
991106	977048	14058	4167	14045534	13924258	12757841373257394
1656608	1642696	13912	951	4436796	4965072	12757841379809914
774726	760448	14278	1851	7274554	6775086	12757841388301654
175756	161918	13838	1590	6354784	5397658	12757841395274710
1139742	1125802	13940	589	3586474	3398142	12757841400446704
1090176	1076464	13712	195	2303680	2135022	12757841404284784
184734	170708	14026	2721	9992516	8789420	12757841414898934
0	0	0	0	0	0	0
1178188	1164622	13566	2388	8961758	8787596	12757841434540970
0	0	0	0	0	0	0
304298	290060	14238	4998	16702628	15725006	12757841468839234
0	0	0	0	0	0	0
612612	598762	13850	388	2792348	2233340	12757841479185634
0	0	0	0	0	0	0
180232	166318	13914	918	4628374	3391802	12757841499433870
0	0	0	0	0	0	0
228076	213810	14266	3299	11969564	10566100	12757841527689464
0	0	0	0	0	0	0
405094	390588	14506	1972	7753306	6771668	12757841546978914
0	0	0	0	0	0	0
842550	828398	14152	4362	14728520	14358760	12757841575211254
0	0	0	0	0	0	0
753280	739600	13680	252	2817250	1969032	12757841594970634
0	0	0	0	0	0	0
284852	270642	14210	3056	11113144	9895426	12757841617110354
0	0	0	0	0	0	0
1296180	1282624	13556	3482	12502960	12199140	12757841638131654
1612990	1599130	13860	578	3447276	3808148	12757841643629404
1340746	1326480	14266	3726	12808874	12951320	12757841658225674
0	0	0	0	0	0	0
428206	414402	13804	1476	6097850	5306336	12757841668817810
0	0	0	0	0	0	0
809462	795462	14000	2249	8806718	8006310	12757841686150644
0	0	0	0	0	0	0
1093742	1080042	13700	38	1765684	1669890	12757841705861664
0	0	0	0	0	0	0
309370	295302	14068	2883	10703116	9402290	12757841722525684
0	0	0	0	0	0	0
1435764	1421078	14686	3495	12302078	12346318	12757841751291140
0	0	0	0	0	0	0
342010	327766	14244	4538	15491286	14400370	12757841782499464
0	0	0	0	0	0	0
1015880	1001500	14380	2714	10068676	9591916	12757841801241200
0	0	0	0	0	0	0
1078894	1064522	14372	2628	9601702	9396870	12757841820138430
1665154	1650800	14354	4001	13744046	14094796	12757841835979330
688754	674692	14062	1268	5549802	4933082	12757841842655650
0	0	0	0	0	0	0
1177604	1163168	14436	4282	14642022	14442378	12757841866219540
0	0	0	0	0	0	0
203376	189508	13868	556	3310514	2317320	12757841875402984
0	0	0	0	0	0	0
790002	775718	14284	3641	12636278	12136504	12757841907106504
0	0	0	0	0	0	0
0	0	0	0	0	0	0
0	0	0	0	0	0	0
1474236	1459916	14320	3414	12277590	12142302	12757841953324204
0	0	0	0	0	0	0
179752	165592	14160	4922	16594818	15363062	12757841982607884
0	0	0	0	0	0	0
512664	498088	14576	2081	8098742	7193176	12757841997228730
0	0	0	0	0	0	0
672042	658154	13888	741	3989438	3337362	12757842006522304
0	0	0	0	0	0	0
1672234	1657852	14382	1722	6812882	7277756	12757842025734074
0	0	0	0	0	0	0
1099788	1085406	14382	1754	7304238	6801072	12757842037905320
0	0	0	0	0	0	0
942616	928226	14390	2597	9832934	9168810	12757842058255364
0	0	0	0	0	0	0
1161250	1146850	14400	1836	7553620	7110734	12757842077212264
0	0	0	0	0	0	0
934098	920200	13898	2069	7946318	7578000	12757842090411100
0	0	0	0	0	0	0
1656266	1641870	14396	4911	16749624	16804254	12757842119948554
1654432	1640506	13926	1080	5150452	5340420	12757842127192504
1652888	1638640	14248	967	4621788	5001212	12757842133903960
0	0	0	0	0	0	0
500316	486406	13910	1022	4870514	4009630	12757842149909464
0	0	0	0	0	0	0
1262412	1248382	14030	1355	5879828	5772218	12757842170930314
0	0	0	0	0	0	0
1669158	1654878	14280	4999	17061208	17117052	12757842204237640
0	0	0	0	0	0	0
773716	759836	13880	163	2115660	1714774	12757842221248510
0	0	0	0	0	0	0
1656850	1642472	14378	1627	6600266	6980668	12757842241016584
907032	892690	14342	2610	9419718	9171806	12757842251780318
332884	318508	14376	3908	13438326	12480010	12757842265981984
0	0	0	0	0	0	0
1506948	1492588	14360	3458	12419228	12309916	12757842283640830
0	0	0	0	0	0	0
1570932	1556962	13970	986	5004578	4973592	12757842294386374
0	0	0	0	0	0	0
1675484	1661260	14224	3415	12047506	12350320	12757842320130764
0	0	0	0	0	0	0
1001004	986710	14294	2529	9374396	9019602	12757842337925224
0	0	0	0	0	0	0
1164458	1149930	14528	3818	13174052	13043282	12757842364294150
0	0	0	0	0	0	0
891062	876870	14192	2372	8923744	8444744	12757842382301244
0	0	0	0	0	0	0
340652	326322	14330	4289	14675624	13628622	12757842403981924
1172802	1158456	14346	3973	13530316	13519048	12757842419116988
1661702	1647476	14226	3125	11412728	11467630	12757842432621864
0	0	0	0	0	0	0
1661548	1647642	13906	1045	4743348	5237318	12757842448711260
996404	982294	14110	4853	16146614	15971342	12757842466290698
1611244	1597306	13938	533	3445580	3660572	12757842471780968
0	0	0	0	0	0	0
1606186	1592316	13870	392	2773510	3232546	12757842482170060
0	0	0	0	0	0	0
0	0	0	0	0	0	0
0	0	0	0	0	0	0
1246458	1232650	13808	503	3280272	3205514	12757842522220034
0	0	0	0	0	0	0
449222	435366	13856	256	2586518	1666824	12757842531407064
0	0	0	0	0	0	0
1414122	1399856	14266	4682	15652238	15880164	12757842559451378
0	0	0	0	0	0	0
1590884	1576666	14218	3937	13494368	13827752	12757842586884100
0	0	0	0	0	0	0
1611472	1597358	14114	367	3160102	3162412	12757842599013928
1590608	1576434	14174	4643	15949432	15937574	12757842616986188
0	0	0	0	0	0	0
1527666	1513766	13900	1715	7186584	7114424	12757842641210318
1518124	1503896	14228	948	4893014	4807874	12757842648051428
0	0	0	0	0	0	0
911792	897628	14164	3084	11294864	10595254	12757842668670540
0	0	0	0	0	0	0
1005316	991078	14238	82	2307130	1701930	12757842680953930
0	0	0	0	0	0	0
1451742	1437450	14292	1064	4853438	5090356	12757842691860430
0	0	0	0	0	0	0
802362	788108	14254	4076	13868648	13455984	12757842715001524
0	0	0	0	0	0	0
1363390	1349478	13912	447	2970820	3152008	12757842722945884
0	0	0	0	0	0	0
1669322	1655050	14272	4618	15873154	15940626	12757842746820624
695800	681474	14326	436	3371568	2456320	12757842751324028
1192086	1177746	14340	3427	12042674	11902074	12757842764991994
0	0	0	0	0	0	0
676780	662378	14402	3861	13198150	12685252	12757842784008154
0	0	0	0	0	0	0
1106300	1091886	14414	748	3951340	3795334	12757842799213394
0	0	0	0	0	0	0
1668180	1653830	14350	2357	8890960	9175106	12757842816155214
0	0	0	0	0	0	0
1297804	1283604	14200	4633	15591676	15614266	12757842836848684
0	0	0	0	0	0	0
316526	302568	13958	1151	5053190	4213730	12757842853249950
0	0	0	0	0	0	0
937690	923420	14270	3099	10994446	10664808	12757842879334510
0	0	0	0	0	0	0
946902	932660	14242	4199	14264492	13966626	12757842902062588
0	0	0	0	0	0	0
234586	220340	14246	3094	11323184	9950752	12757842923069474
0	0	0	0	0	0	0
1005190	990666	14524	4698	16115236	15518956	12757842952724170
0	0	0	0	0	0	0
1477564	1463486	14078	1790	6995820	7284456	12757842975412618
0	0	0	0	0	0	0
1526262	1512406	13856	2449	9090518	9306282	12757842990416584
0	0	0	0	0	0	0
340426	326200	14226	2790	9974380	9139550	12757843016801020
0	0	0	0	0	0	0
226572	212632	13940	345	2645408	1705612	12757843023522934
611144	596790	14354	2434	9173478	8365364	12757843033736050
571126	556808	14318	1518	6149160	5568618	12757843040890960
0	0	0	0	0	0	0
1612180	1598242	13938	475	3328666	3484314	12757843061936314
0	0	0	0	0	0	0
1428000	1413762	14238	3792	13402936	13229166	12757843082262180
0	0	0	0	0	0	0
1055200	1040914	14286	2550	9693276	9141114	12757843102112194
0	0	0	0	0	0	0
982264	967992	14272	4150	13988846	13854108	12757843120960244
0	0	0	0	0	0	0
360100	345754	14346	1973	7486780	6717760	12757843140360394
0	0	0	0	0	0	0
641250	626718	14532	4173	14591204	13589200	12757843169750098
0	0	0	0	0	0	0
701046	686974	14072	157	2363684	1622920	12757843183119154
0	0	0	0	0	0	0
852316	838160	14156	2993	10772890	10263708	12757843208880430
0	0	0	0	0	0	0
629530	615218	14312	183	2580674	1631230	12757843217800778
512592	498372	14220	4562	15414214	14616414	12757843234162654
0	0	0	0	0	0	0
1579720	1565680	14040	970	4711270	4932880	12757843249664374
0	0	0	0	0	0	0
586620	572704	13916	358	2712680	2109444	12757843270926184
1070286	1056246	14040	1157	5517196	4983900	12757843277949360
403110	388904	14206	3241	11768320	10557294	12757843290546454
1586168	1571846	14322	4692	15822522	16081574	12757843308384848
488800	474842	13958	411	2865790	2169700	12757843312165894
1293938	1279604	14334	546	3421550	3382982	12757843317313658
595726	581350	14376	3644	12484110	11951100	12757843330822624
0	0	0	0	0	0	0
805884	791524	14360	2433	8954036	8556176	12757843357169464
0	0	0	0	0	0	0
790168	775508	14660	3606	12507148	12035986	12757843385786500
1474604	1460194	14410	3548	12303638	12548294	12757843399992670
958696	944678	14018	901	4758508	4106544	12757843406144918
0	0	0	0	0	0	0
173192	159322	13870	897	4296398	3306372	12757843414804854
1325228	1311216	14012	687	3637850	3832602	12757843420197848
1661080	1646632	14448	4937	16546180	16889514	12757843438859014
0	0	0	0	0	0	0
330104	315698	14406	4204	14204440	13364338	12757843459151498
0	0	0	0	0	0	0
168474	154204	14270	1157	5526376	4083886	12757843472071734
0	0	0	0	0	0	0
1649100	1634658	14442	3359	11680130	12154870	12757843494475384
0	0	0	0	0	0	0
692410	678532	13878	912	4341820	3870472	12757843510308724
0	0	0	0	0	0	0
1496618	1482246	14372	1772	6985582	7253018	12757843533167474
0	0	0	0	0	0	0
1028722	1014344	14378	2446	9307478	8801726	12757843549627184
0	0	0	0	0	0	0
263436	249120	14316	1080	4851288	3948756	12757843567187168
0	0	0	0	0	0	0
1227612	1213230	14382	2323	8763218	8633084	12757843580924974
0	0	0	0	0	0	0
416066	401680	14386	2089	7835768	7119566	12757843593102468
1657068	1642882	14186	2884	10567980	10737870	12757843605761208
1458780	1444532	14248	2153	8166610	8350172	12757843615822374
0	0	0	0	0	0	0
1532350	1518092	14258	4577	15761110	15684000	12757843645669024
0	0	0	0	0	0	0
1467188	1453120	14068	3282	11424376	11742494	12757843668044468
0	0	0	0	0	0	0
1583118	1569262	13856	1024	4884618	5101362	12757843683848944
0	0	0	0	0	0	0
840654	826622	14032	2619	9896136	9129648	12757843708150848
0	0	0	0	0	0	0
1240286	1225946	14340	2764	10349420	9967088	12757843729910550
0	0	0	0	0	0	0
0	0	0	0	0	0	0
0	0	0	0	0	0	0
517626	503386	14240	758	4249988	3239506	12757843767358828
1089422	1075546	13876	1917	7553506	7276756	12757843776460348
649180	634932	14248	4866	16329216	15663792	12757843793875534
0	0	0	0	0	0	0
1660510	1646422	14088	2710	10096600	10223018	12757843813245124
0	0	0	0	0	0	0
1665210	1650864	14346	3889	13350490	13758164	12757843842744564
0	0	0	0	0	0	0
0	0	0	0	0	0	0
598234	584186	14048	377	2776076	2179346	12757843867224698
228964	214604	14360	2894	10580050	9344856	12757843878485698
0	0	0	0	0	0	0
0	0	0	0	0	0	0
0	0	0	0	0	0	0
833952	819788	14164	3418	11849854	11521512	12757843915519834
0	0	0	0	0	0	0
733946	719526	14420	4588	15330006	14927172	12757843937749640
0	0	0	0	0	0	0
925852	911582	14270	3070	10950728	10602662	12757843957452084
0	0	0	0	0	0	0
838188	823880	14308	2971	10726538	10190748	12757843974567370
1664162	1650122	14040	1889	7417308	7780264	12757843984090590
0	0	0	0	0	0	0
0	0	0	0	0	0	0
0	0	0	0	0	0	0
995072	980834	14238	1153	5114468	4907294	12757844025369474
0	0	0	0	0	0	0
842024	827582	14442	4103	13964590	13584948	12757844049554498
0	0	0	0	0	0	0
1665400	1651176	14224	2528	9166122	9694946	12757844071250140
1327142	1312662	14480	2361	8653096	8852918	12757844081674168
1388220	1374014	14206	3613	12594970	12662372	12757844096104014
0	0	0	0	0	0	0
0	0	0	0	0	0	0
0	0	0	0	0	0	0
176136	162160	13976	965	4955930	3529056	12757844150463520
0	0	0	0	0	0	0
1369996	1355968	14028	3223	11398600	11481218	12757844175618250
0	0	0	0	0	0	0
594492	580180	14312	2681	9651338	9083130	12757844196678694
0	0	0	0	0	0	0
673488	659194	14294	3364	11737728	11206710	12757844216798004
0	0	0	0	0	0	0
469860	455552	14308	3213	11353176	10547940	12757844242874754
0	0	0	0	0	0	0
995600	981342	14258	3605	12870520	12245590	12757844264344514
0	0	0	0	0	0	0
1416426	1402098	14328	4757	16039180	16119398	12757844287352580
0	0	0	0	0	0	0
297342	283072	14270	2001	7582334	6743254	12757844299258330
1545426	1531178	14248	3810	13146220	13412384	12757844314390354
1575872	1561500	14372	1020	4647308	5091530	12757844321050134
0	0	0	0	0	0	0
969300	955504	13796	56	1917250	1599858	12757844338915494
1358948	1344866	14082	4159	14520648	14273634	12757844355233134
902228	887852	14376	3229	11735922	11031974	12757844368307108
0	0	0	0	0	0	0
356102	342008	14094	1427	6340754	5090508	12757844379142890
1042910	1028744	14166	3318	11624434	11435630	12757844392247084
893840	879932	13908	88	1974250	1619340	12757844395551854
0	0	0	0	0	0	0
1673000	1658894	14106	4516	15582310	15653926	12757844425705994
1476218	1461872	14346	4325	14647486	14882770	12757844442272224
0	0	0	0	0	0	0
1603738	1589896	13842	52	1843968	2222078	12757844455197214
914294	900038	14256	4542	15330466	14966926	12757844471884334
0	0	0	0	0	0	0
389886	375772	14114	3259	11319854	10604646	12757844487380794
0	0	0	0	0	0	0
244888	230788	14100	4554	15578368	14336364	12757844518256930
0	0	0	0	0	0	0
1657496	1643438	14058	2378	9191740	9242608	12757844539356530
1657418	1643254	14164	3803	13201372	13503764	12757844554656070
353414	339340	14074	2660	9686770	8772102	12757844565134948
0	0	0	0	0	0	0
919516	905320	14196	3310	11861464	11291232	12757844593169614
0	0	0	0	0	0	0
365634	351390	14244	3489	12121586	11269064	12757844620177054
981998	968230	13768	640	3663976	3359272	12757844625261664
1720700	1706604	14096	1712	6743816	7309500	12757844634167940
0	0	0	0	0	0	0
1422690	1408618	14072	1168	5238820	5380230	12757844653245684
681334	667306	14028	780	4022416	3478506	12757844658403380
966640	952898	13742	278	2677570	2264380	12757844662492594
1673406	1659214	14192	4858	16313804	16675030	12757844680917120
0	0	0	0	0	0	0
0	0	0	0	0	0	0
1454378	1440060	14318	3785	13088378	13242942	12757844717806620
0	0	0	0	0	0	0
168626	154460	14166	2197	8203480	7205666	12757844743803860
0	0	0	0	0	0	0
1657578	1643446	14132	3753	13062632	13351824	12757844773503664
1661176	1647168	14008	1188	5291736	5678864	12757844780899510
529158	515054	14104	1912	7838098	6718510	12757844789706844
0	0	0	0	0	0	0
273214	259188	14026	2219	8305486	7376472	12757844803765894
204736	190468	14268	4056	13778804	12804434	12757844818185730
0	0	0	0	0	0	0
0	0	0	0	0	0	0
0	0	0	0	0	0	0
265342	251130	14212	2187	8306788	7273434	12757844851413334
0	0	0	0	0	0	0
814144	800258	13886	1209	5329782	4895618	12757844865495960
0	0	0	0	0	0	0
508740	494898	13842	201	2215310	1569272	12757844879008564
0	0	0	0	0	0	0
629732	615618	14114	2659	10023848	9051950	12757844899271574
399748	385686	14062	2130	7973752	7234294	12757844908083000
212714	198788	13926	1284	5552380	4516782	12757844914294688
0	0	0	0	0	0	0
1666550	1652366	14184	4695	15688640	16181492	12757844941846374
0	0	0	0	0	0	0
0	0	0	0	0	0	0
794312	780212	14100	2692	9786518	9314644	12757844979300834
0	0	0	0	0	0	0
1370466	1356168	14298	3979	13558630	13738446	12757845010359360
0	0	0	0	0	0	0
1440120	1426194	13926	551	3274510	3550934	12757845031055814
0	0	0	0	0	0	0
0	0	0	0	0	0	0
0	0	0	0	0	0	0
863178	849184	13994	1759	6979808	6588022	12757845072322180
0	0	0	0	0	0	0
513034	498852	14182	4588	15414226	14705468	12757845097701634
0	0	0	0	0	0	0
806826	792550	14276	4215	14680058	13881454	12757845123195388
392238	378170	14068	4713	15934450	14956422	12757845139956908
1564590	1550518	14072	2835	10123780	10510050	12757845152092164
0	0	0	0	0	0	0
1653128	1638858	14270	4377	14838338	15216636	12757845172831470
0	0	0	0	0	0	0
720216	706530	13686	137	2538760	1596238	12757845188715450
0	0	0	0	0	0	0
966546	952320	14226	4240	14566390	14119616	12757845213257880
0	0	0	0	0	0	0
156730	142602	14128	3400	11791156	10792608	12757845241269310
0	0	0	0	0	0	0
846634	832446	14188	2891	10711546	9960246	12757845257118094
0	0	0	0	0	0	0
0	0	0	0	0	0	0
0	0	0	0	0	0	0
