# Loop @ Start frequency 2000000Hz took 1591.09 cycles
# Interval [1588 ; 1594]
# Q1 : 1586 ; Q3 : 1588
# Loop @ Target frequency 3000000Hz took 1060.26 cycles
# Interval [1058 ; 1063]
# Q1 : 1056 ; Q3 : 1058
# Confidence intervals do not overlap, alternatives are statistically different with selected confidence level
Change time (with write) [cycles]	Change time [cycles]	Write cost [cycles]	Wait time [us]	Time since last frequency change request [cycles]	Time since last frequency change [cycles]	Detected frequency change timestamp [cycles]
0	0	0	0	0	0	0
0	0	0	0	0	0	0
200582	188142	12440	907	4635384	3347384	12757376284781400
888500	876030	12470	3036	10761094	10379148	12757376296737744
411564	399120	12444	4996	16673250	15766928	12757376314128354
1654794	1642374	12420	2463	9330086	9431166	12757376325415794
1353804	1341456	12348	4156	14183332	14195180	12757376341258530
949408	936978	12430	3982	13714850	13276186	12757376356228708
1204128	1191684	12444	4075	14013062	13808808	12757376371750284
422796	410386	12410	3998	13676298	12797292	12757376386155028
1457270	1444776	12494	3427	12062370	12118032	12757376399981124
472644	460188	12456	2191	8574356	7433988	12757376409333984
911094	898698	12396	4544	15320492	14919834	12757376425871250
337014	324710	12304	3891	13651676	12382956	12757376440165974
1476200	1463784	12416	4101	13948154	14158596	12757376455895664
1662176	1649880	12296	3295	11879064	11930522	12757376469741234
394194	381888	12306	2535	9588324	8389240	12757376480025922
1224194	1212164	12030	27	2098312	1712170	12757376483651216
0	0	0	0	0	0	0
1418606	1406234	12372	4626	15546684	15673512	12757376511784464
0	0	0	0	0	0	0
0	0	0	0	0	0	0
288714	276614	12100	1572	6459226	5401416	12757376554096674
0	0	0	0	0	0	0
1662998	1650656	12342	3556	12457406	12715976	12757376573724638
1493186	1480956	12230	4871	16315284	16474418	12757376591838534
0	0	0	0	0	0	0
0	0	0	0	0	0	0
0	0	0	0	0	0	0
0	0	0	0	0	0	0
0	0	0	0	0	0	0
0	0	0	0	0	0	0
0	0	0	0	0	0	0
0	0	0	0	0	0	0
0	0	0	0	0	0	0
0	0	0	0	0	0	0
0	0	0	0	0	0	0
415886	403544	12342	2722	10045068	8971146	12757376705967174
389786	377546	12240	3041	10998444	9896618	12757376717661294
1448246	1436228	12018	1519	6317208	6395438	12757376725732194
553908	541686	12222	1506	6221072	5465832	12757376732813904
697488	685196	12292	4306	14653472	13991136	12757376748469824
0	0	0	0	0	0	0
0	0	0	0	0	0	0
0	0	0	0	0	0	0
1510136	1497876	12260	1597	6702054	6698318	12757376789584914
0	0	0	0	0	0	0
0	0	0	0	0	0	0
0	0	0	0	0	0	0
0	0	0	0	0	0	0
0	0	0	0	0	0	0
0	0	0	0	0	0	0
0	0	0	0	0	0	0
0	0	0	0	0	0	0
0	0	0	0	0	0	0
1228050	1215892	12158	2732	10191624	9813676	12757376890921108
0	0	0	0	0	0	0
0	0	0	0	0	0	0
0	0	0	0	0	0	0
1141794	1129734	12060	1260	5604776	5320356	12757376926190034
1246824	1234530	12294	4117	14309966	13999416	12757376942052714
0	0	0	0	0	0	0
655254	643114	12140	172	2529444	1579654	12757376954423362
989726	977594	12132	2268	8757618	8182062	12757376964475824
303596	291090	12506	4094	13975698	12962768	12757376979062544
0	0	0	0	0	0	0
0	0	0	0	0	0	0
0	0	0	0	0	0	0
0	0	0	0	0	0	0
0	0	0	0	0	0	0
0	0	0	0	0	0	0
0	0	0	0	0	0	0
0	0	0	0	0	0	0
0	0	0	0	0	0	0
0	0	0	0	0	0	0
0	0	0	0	0	0	0
0	0	0	0	0	0	0
0	0	0	0	0	0	0
0	0	0	0	0	0	0
0	0	0	0	0	0	0
0	0	0	0	0	0	0
0	0	0	0	0	0	0
0	0	0	0	0	0	0
0	0	0	0	0	0	0
0	0	0	0	0	0	0
0	0	0	0	0	0	0
0	0	0	0	0	0	0
0	0	0	0	0	0	0
0	0	0	0	0	0	0
0	0	0	0	0	0	0
0	0	0	0	0	0	0
0	0	0	0	0	0	0
0	0	0	0	0	0	0
549330	537204	12126	226	2688524	1634680	12757377275710948
0	0	0	0	0	0	0
0	0	0	0	0	0	0
1179162	1166972	12190	3731	12920678	12754598	12757377310088724
0	0	0	0	0	0	0
0	0	0	0	0	0	0
1314384	1302402	11982	587	3537656	3480642	12757377344109744
659358	646916	12442	4252	14740226	13789398	12757377359813844
1092478	1080170	12308	3693	12878448	12553150	12757377374089226
0	0	0	0	0	0	0
447528	435224	12304	2737	10119882	9047142	12757377399114450
0	0	0	0	0	0	0
608910	596832	12078	262	2680164	1804426	12757377411474928
0	0	0	0	0	0	0
0	0	0	0	0	0	0
1271096	1258770	12326	3593	12492954	12436152	12757377441398784
0	0	0	0	0	0	0
0	0	0	0	0	0	0
0	0	0	0	0	0	0
1657692	1645230	12462	2408	9215378	9269724	12757377487226724
0	0	0	0	0	0	0
0	0	0	0	0	0	0
0	0	0	0	0	0	0
0	0	0	0	0	0	0
0	0	0	0	0	0	0
1138166	1125986	12180	1789	7371294	6903342	12757377551003814
164516	152252	12264	914	4752114	3306018	12757377556228464
0	0	0	0	0	0	0
0	0	0	0	0	0	0
0	0	0	0	0	0	0
0	0	0	0	0	0	0
0	0	0	0	0	0	0
0	0	0	0	0	0	0
651594	639080	12514	3390	12161672	11206332	12757377645185880
0	0	0	0	0	0	0
433646	421212	12434	4864	16477854	15404166	12757377675504534
0	0	0	0	0	0	0
1518288	1505922	12366	4098	14287352	14192288	12757377705318084
0	0	0	0	0	0	0
0	0	0	0	0	0	0
0	0	0	0	0	0	0
157892	145620	12272	2928	10421814	9332634	12757377753268860
0	0	0	0	0	0	0
0	0	0	0	0	0	0
0	0	0	0	0	0	0
0	0	0	0	0	0	0
0	0	0	0	0	0	0
0	0	0	0	0	0	0
0	0	0	0	0	0	0
0	0	0	0	0	0	0
0	0	0	0	0	0	0
1053086	1040634	12452	1318	5747544	5407568	12757377856303014
0	0	0	0	0	0	0
253336	240602	12734	824	4410990	3120382	12757377877920200
0	0	0	0	0	0	0
364282	351822	12460	2680	9778010	8785630	12757377895644352
0	0	0	0	0	0	0
0	0	0	0	0	0	0
0	0	0	0	0	0	0
0	0	0	0	0	0	0
1011430	999400	12030	1616	6853706	6250380	12757377932134630
0	0	0	0	0	0	0
0	0	0	0	0	0	0
1667952	1655598	12354	4189	14452028	14605658	12757377974820594
1260648	1248282	12366	4642	15543368	15551754	12757377991930740
0	0	0	0	0	0	0
0	0	0	0	0	0	0
531296	518912	12384	3859	13448664	12481428	12757378031629644
0	0	0	0	0	0	0
0	0	0	0	0	0	0
0	0	0	0	0	0	0
164940	152442	12498	2718	9945800	8699418	12757378080032700
0	0	0	0	0	0	0
0	0	0	0	0	0	0
0	0	0	0	0	0	0
0	0	0	0	0	0	0
0	0	0	0	0	0	0
0	0	0	0	0	0	0
0	0	0	0	0	0	0
0	0	0	0	0	0	0
0	0	0	0	0	0	0
0	0	0	0	0	0	0
0	0	0	0	0	0	0
0	0	0	0	0	0	0
934920	923076	11844	320	2871386	2291810	12757378231136520
0	0	0	0	0	0	0
1046972	1034844	12128	613	3567264	3280500	12757378242106710
0	0	0	0	0	0	0
0	0	0	0	0	0	0
0	0	0	0	0	0	0
969768	957548	12220	4979	16571288	16271058	12757378291125240
283916	271050	12866	1799	7277640	6152396	12757378298993130
0	0	0	0	0	0	0
0	0	0	0	0	0	0
0	0	0	0	0	0	0
0	0	0	0	0	0	0
587498	575254	12244	847	4177766	3521276	12757378334014448
1584146	1571888	12258	3437	12286368	12264882	12757378348191774
0	0	0	0	0	0	0
0	0	0	0	0	0	0
0	0	0	0	0	0	0
0	0	0	0	0	0	0
0	0	0	0	0	0	0
0	0	0	0	0	0	0
0	0	0	0	0	0	0
0	0	0	0	0	0	0
0	0	0	0	0	0	0
0	0	0	0	0	0	0
0	0	0	0	0	0	0
0	0	0	0	0	0	0
0	0	0	0	0	0	0
1308358	1295842	12516	3611	12555802	12519618	12757378518981634
0	0	0	0	0	0	0
0	0	0	0	0	0	0
0	0	0	0	0	0	0
329066	316740	12326	1541	6487734	5340338	12757378564649844
0	0	0	0	0	0	0
0	0	0	0	0	0	0
0	0	0	0	0	0	0
0	0	0	0	0	0	0
0	0	0	0	0	0	0
1564222	1551700	12522	2108	8322536	8274580	12757378645595152
0	0	0	0	0	0	0
0	0	0	0	0	0	0
0	0	0	0	0	0	0
0	0	0	0	0	0	0
0	0	0	0	0	0	0
0	0	0	0	0	0	0
0	0	0	0	0	0	0
0	0	0	0	0	0	0
0	0	0	0	0	0	0
0	0	0	0	0	0	0
0	0	0	0	0	0	0
0	0	0	0	0	0	0
0	0	0	0	0	0	0
0	0	0	0	0	0	0
0	0	0	0	0	0	0
0	0	0	0	0	0	0
0	0	0	0	0	0	0
0	0	0	0	0	0	0
781914	769544	12370	2586	9643016	8919792	12757378849437924
0	0	0	0	0	0	0
0	0	0	0	0	0	0
0	0	0	0	0	0	0
0	0	0	0	0	0	0
0	0	0	0	0	0	0
0	0	0	0	0	0	0
0	0	0	0	0	0	0
0	0	0	0	0	0	0
0	0	0	0	0	0	0
769052	756428	12624	4975	16808448	16059248	12757378962284580
0	0	0	0	0	0	0
0	0	0	0	0	0	0
0	0	0	0	0	0	0
0	0	0	0	0	0	0
0	0	0	0	0	0	0
0	0	0	0	0	0	0
0	0	0	0	0	0	0
917936	905520	12416	1769	7085160	6612402	12757379061352170
0	0	0	0	0	0	0
0	0	0	0	0	0	0
0	0	0	0	0	0	0
0	0	0	0	0	0	0
0	0	0	0	0	0	0
0	0	0	0	0	0	0
0	0	0	0	0	0	0
0	0	0	0	0	0	0
0	0	0	0	0	0	0
0	0	0	0	0	0	0
0	0	0	0	0	0	0
0	0	0	0	0	0	0
0	0	0	0	0	0	0
1458654	1446348	12306	3338	11741396	11849258	12757379224955454
0	0	0	0	0	0	0
593094	580988	12106	1482	6225746	5432232	12757379237641734
0	0	0	0	0	0	0
0	0	0	0	0	0	0
0	0	0	0	0	0	0
0	0	0	0	0	0	0
0	0	0	0	0	0	0
0	0	0	0	0	0	0
0	0	0	0	0	0	0
0	0	0	0	0	0	0
0	0	0	0	0	0	0
0	0	0	0	0	0	0
0	0	0	0	0	0	0
0	0	0	0	0	0	0
0	0	0	0	0	0	0
0	0	0	0	0	0	0
0	0	0	0	0	0	0
0	0	0	0	0	0	0
0	0	0	0	0	0	0
0	0	0	0	0	0	0
326154	313896	12258	4703	15817224	14800152	12757379455878082
0	0	0	0	0	0	0
0	0	0	0	0	0	0
0	0	0	0	0	0	0
0	0	0	0	0	0	0
0	0	0	0	0	0	0
0	0	0	0	0	0	0
1650384	1637834	12550	3903	13697246	13732812	12757379548845144
1657136	1644770	12366	1905	7380864	7755642	12757379558189784
1482230	1469916	12314	3540	12456140	12472406	12757379572434744
0	0	0	0	0	0	0
0	0	0	0	0	0	0
0	0	0	0	0	0	0
0	0	0	0	0	0	0
0	0	0	0	0	0	0
1604516	1592232	12284	553	3343214	3658548	12757379637880134
0	0	0	0	0	0	0
576140	563786	12354	4849	16313520	15486402	12757379667340494
0	0	0	0	0	0	0
0	0	0	0	0	0	0
0	0	0	0	0	0	0
0	0	0	0	0	0	0
0	0	0	0	0	0	0
0	0	0	0	0	0	0
0	0	0	0	0	0	0
378024	365654	12370	4725	15943496	14917842	12757379773875474
0	0	0	0	0	0	0
0	0	0	0	0	0	0
0	0	0	0	0	0	0
0	0	0	0	0	0	0
0	0	0	0	0	0	0
0	0	0	0	0	0	0
0	0	0	0	0	0	0
0	0	0	0	0	0	0
0	0	0	0	0	0	0
0	0	0	0	0	0	0
639408	627134	12274	4334	14843226	14011058	12757379896974804
548094	535998	12096	220	2330096	1605648	12757379900166774
0	0	0	0	0	0	0
0	0	0	0	0	0	0
377652	365234	12418	3324	11694542	10724514	12757379939116674
1047392	1035134	12258	1701	7092624	6534594	12757379947564860
1476204	1464048	12156	2389	9121406	9025148	12757379958468924
0	0	0	0	0	0	0
1661510	1649172	12338	1146	5166764	5490972	12757379972900424
575786	563748	12038	1524	6525894	5533578	12757379980308564
0	0	0	0	0	0	0
673452	661278	12174	757	4085858	3341388	12757379997217464
0	0	0	0	0	0	0
0	0	0	0	0	0	0
0	0	0	0	0	0	0
0	0	0	0	0	0	0
1063248	1051176	12072	1366	5849522	5560958	12757380038924334
1052844	1040408	12436	4116	14236560	13801934	12757380054518964
827166	814878	12288	3541	12509028	11830128	12757380068159374
0	0	0	0	0	0	0
0	0	0	0	0	0	0
0	0	0	0	0	0	0
0	0	0	0	0	0	0
0	0	0	0	0	0	0
0	0	0	0	0	0	0
462056	449968	12088	751	4263050	3118208	12757380130962536
422432	410300	12132	304	2958304	1739834	12757380134649120
0	0	0	0	0	0	0
0	0	0	0	0	0	0
0	0	0	0	0	0	0
178860	166722	12138	1074	5097356	3802908	12757380167941170
587822	575828	11994	192	2582394	1565478	12757380171417720
0	0	0	0	0	0	0
0	0	0	0	0	0	0
533274	520932	12342	1357	5974526	5006622	12757380192140034
0	0	0	0	0	0	0
455080	442888	12192	3001	10643588	9845486	12757380208232468
0	0	0	0	0	0	0
0	0	0	0	0	0	0
432832	420736	12096	901	4723136	3540586	12757380242856178
0	0	0	0	0	0	0
167492	155450	12042	1660	6693084	5543988	12757380267027900
0	0	0	0	0	0	0
0	0	0	0	0	0	0
1246616	1234158	12458	4450	15041718	14975256	12757380303438324
0	0	0	0	0	0	0
1582772	1570604	12168	1159	5239124	5458818	12757380324078360
0	0	0	0	0	0	0
0	0	0	0	0	0	0
389876	377958	11918	339	3034254	1816026	12757380362783904
0	0	0	0	0	0	0
0	0	0	0	0	0	0
0	0	0	0	0	0	0
447386	435066	12320	2588	9481668	8602092	12757380408171954
0	0	0	0	0	0	0
0	0	0	0	0	0	0
795540	783110	12430	1390	5935030	5366378	12757380442238220
0	0	0	0	0	0	0
0	0	0	0	0	0	0
0	0	0	0	0	0	0
0	0	0	0	0	0	0
0	0	0	0	0	0	0
0	0	0	0	0	0	0
0	0	0	0	0	0	0
0	0	0	0	0	0	0
0	0	0	0	0	0	0
1429386	1417290	12096	1246	5747748	5568526	12757380553582714
0	0	0	0	0	0	0
0	0	0	0	0	0	0
1378830	1366602	12228	1898	7426644	7468452	12757380590072608
0	0	0	0	0	0	0
0	0	0	0	0	0	0
1275654	1263216	12438	2998	10884026	10657158	12757380625564134
0	0	0	0	0	0	0
0	0	0	0	0	0	0
0	0	0	0	0	0	0
1672916	1660634	12282	2849	10342518	10607118	12757380673371984
0	0	0	0	0	0	0
0	0	0	0	0	0	0
0	0	0	0	0	0	0
0	0	0	0	0	0	0
1579608	1567440	12168	1021	5022092	5043420	12757380721955364
0	0	0	0	0	0	0
0	0	0	0	0	0	0
0	0	0	0	0	0	0
0	0	0	0	0	0	0
0	0	0	0	0	0	0
0	0	0	0	0	0	0
0	0	0	0	0	0	0
0	0	0	0	0	0	0
0	0	0	0	0	0	0
167950	155520	12430	4533	15474916	14143738	12757380823275280
1656168	1643592	12576	2314	8631842	8990478	12757380833867994
737154	725024	12130	1416	6186482	5385828	12757380841098600
0	0	0	0	0	0	0
0	0	0	0	0	0	0
0	0	0	0	0	0	0
250440	238132	12308	3314	11738934	10576176	12757380884024068
0	0	0	0	0	0	0
0	0	0	0	0	0	0
0	0	0	0	0	0	0
0	0	0	0	0	0	0
0	0	0	0	0	0	0
0	0	0	0	0	0	0
0	0	0	0	0	0	0
0	0	0	0	0	0	0
0	0	0	0	0	0	0
0	0	0	0	0	0	0
0	0	0	0	0	0	0
540744	528462	12282	887	4375338	3604596	12757381009112572
0	0	0	0	0	0	0
955526	943434	12092	1222	5353974	5020098	12757381031468454
606828	594716	12112	256	2693252	1776212	12757381035073344
0	0	0	0	0	0	0
0	0	0	0	0	0	0
0	0	0	0	0	0	0
0	0	0	0	0	0	0
268164	255864	12300	3066	10941200	9854916	12757381089052944
0	0	0	0	0	0	0
0	0	0	0	0	0	0
0	0	0	0	0	0	0
0	0	0	0	0	0	0
0	0	0	0	0	0	0
0	0	0	0	0	0	0
0	0	0	0	0	0	0
827442	815274	12168	1947	7518078	7060852	12757381177089034
0	0	0	0	0	0	0
0	0	0	0	0	0	0
157200	144788	12412	2129	8084060	6940064	12757381210268460
0	0	0	0	0	0	0
1564436	1552170	12266	4357	15056114	15014472	12757381234068654
0	0	0	0	0	0	0
0	0	0	0	0	0	0
0	0	0	0	0	0	0
1195826	1183670	12156	2397	8885394	8780202	12757381271913474
0	0	0	0	0	0	0
0	0	0	0	0	0	0
0	0	0	0	0	0	0
0	0	0	0	0	0	0
490914	478740	12174	1008	4902206	3914292	12757381331853834
1282794	1270464	12330	989	4778882	4663274	12757381338221550
0	0	0	0	0	0	0
0	0	0	0	0	0	0
0	0	0	0	0	0	0
0	0	0	0	0	0	0
0	0	0	0	0	0	0
0	0	0	0	0	0	0
0	0	0	0	0	0	0
0	0	0	0	0	0	0
0	0	0	0	0	0	0
0	0	0	0	0	0	0
0	0	0	0	0	0	0
0	0	0	0	0	0	0
1092686	1080308	12378	3170	11271594	10987812	12757381450139754
1160008	1147720	12288	4614	15499486	15375562	12757381467105028
0	0	0	0	0	0	0
0	0	0	0	0	0	0
0	0	0	0	0	0	0
630918	618480	12438	4699	15754292	15102528	12757381522333794
0	0	0	0	0	0	0
1604724	1592738	11986	571	3409940	3723678	12757381538903664
515664	503520	12144	2121	8088446	7267908	12757381547813934
658864	646586	12278	204	2297550	1675742	12757381551075758
0	0	0	0	0	0	0
0	0	0	0	0	0	0
286022	273926	12096	1951	7585548	6534632	12757381581466974
0	0	0	0	0	0	0
0	0	0	0	0	0	0
0	0	0	0	0	0	0
0	0	0	0	0	0	0
0	0	0	0	0	0	0
0	0	0	0	0	0	0
0	0	0	0	0	0	0
0	0	0	0	0	0	0
0	0	0	0	0	0	0
0	0	0	0	0	0	0
551442	539124	12318	3072	11207828	10156308	12757381687989684
0	0	0	0	0	0	0
0	0	0	0	0	0	0
0	0	0	0	0	0	0
0	0	0	0	0	0	0
508652	496394	12258	1689	7064988	5969334	12757381750064694
0	0	0	0	0	0	0
0	0	0	0	0	0	0
0	0	0	0	0	0	0
0	0	0	0	0	0	0
0	0	0	0	0	0	0
0	0	0	0	0	0	0
0	0	0	0	0	0	0
0	0	0	0	0	0	0
0	0	0	0	0	0	0
0	0	0	0	0	0	0
0	0	0	0	0	0	0
842218	829738	12480	2583	9626420	8980566	12757381882618858
0	0	0	0	0	0	0
0	0	0	0	0	0	0
0	0	0	0	0	0	0
0	0	0	0	0	0	0
0	0	0	0	0	0	0
0	0	0	0	0	0	0
565638	553418	12220	894	4556492	3648732	12757381961600514
1565426	1553150	12276	3835	13236808	13447562	12757381976705934
1311380	1299024	12356	1528	6595620	6292598	12757381984915824
0	0	0	0	0	0	0
0	0	0	0	0	0	0
0	0	0	0	0	0	0
1429680	1417348	12332	1282	5639160	5675502	12757382021014894
0	0	0	0	0	0	0
0	0	0	0	0	0	0
0	0	0	0	0	0	0
0	0	0	0	0	0	0
891582	879330	12252	3580	12621502	12013458	12757382074675374
0	0	0	0	0	0	0
0	0	0	0	0	0	0
0	0	0	0	0	0	0
0	0	0	0	0	0	0
0	0	0	0	0	0	0
160834	148492	12342	2149	8447282	6999948	12757382132015950
1657886	1645538	12348	4944	16803384	16858236	12757382150782074
848812	836572	12240	3449	12189776	11580876	12757382164126492
0	0	0	0	0	0	0
0	0	0	0	0	0	0
0	0	0	0	0	0	0
0	0	0	0	0	0	0
0	0	0	0	0	0	0
0	0	0	0	0	0	0
0	0	0	0	0	0	0
896580	884406	12174	701	3763486	3392108	12757382260890060
1334132	1321842	12290	4793	16084164	16075098	12757382278614630
1660742	1648440	12302	2731	10131234	10229814	12757382290712430
258816	246418	12398	3654	12671580	11594724	12757382303948740
0	0	0	0	0	0	0
391946	379562	12384	3618	12860664	11621048	12757382331502884
0	0	0	0	0	0	0
0	0	0	0	0	0	0
0	0	0	0	0	0	0
1346726	1334744	11982	45	1967174	1883172	12757382356065714
1610140	1598134	12006	445	3159344	3339056	12757382361141728
1469184	1456952	12232	445	3176516	3197468	12757382366094684
0	0	0	0	0	0	0
0	0	0	0	0	0	0
0	0	0	0	0	0	0
1182836	1170900	11936	598	3692004	3371652	12757382421548334
0	0	0	0	0	0	0
0	0	0	0	0	0	0
503088	490824	12264	2390	9066962	8055008	12757382453084214
0	0	0	0	0	0	0
1033560	1021452	12108	1631	6599096	6313244	12757382469635730
0	0	0	0	0	0	0
0	0	0	0	0	0	0
995216	983184	12032	126	2169774	1772052	12757382493453924
1340154	1327908	12246	87	2182316	1997048	12757382497282554
0	0	0	0	0	0	0
0	0	0	0	0	0	0
0	0	0	0	0	0	0
269702	257712	11990	318	2715384	1620858	12757382541336150
0	0	0	0	0	0	0
0	0	0	0	0	0	0
0	0	0	0	0	0	0
0	0	0	0	0	0	0
0	0	0	0	0	0	0
0	0	0	0	0	0	0
0	0	0	0	0	0	0
0	0	0	0	0	0	0
590598	578250	12348	4695	15915572	15040698	12757382634104964
0	0	0	0	0	0	0
0	0	0	0	0	0	0
0	0	0	0	0	0	0
0	0	0	0	0	0	0
0	0	0	0	0	0	0
0	0	0	0	0	0	0
0	0	0	0	0	0	0
0	0	0	0	0	0	0
0	0	0	0	0	0	0
0	0	0	0	0	0	0
0	0	0	0	0	0	0
0	0	0	0	0	0	0
0	0	0	0	0	0	0
0	0	0	0	0	0	0
0	0	0	0	0	0	0
0	0	0	0	0	0	0
0	0	0	0	0	0	0
0	0	0	0	0	0	0
0	0	0	0	0	0	0
0	0	0	0	0	0	0
516986	504590	12396	1103	5074914	4218822	12757382824293474
0	0	0	0	0	0	0
0	0	0	0	0	0	0
0	0	0	0	0	0	0
0	0	0	0	0	0	0
0	0	0	0	0	0	0
0	0	0	0	0	0	0
0	0	0	0	0	0	0
0	0	0	0	0	0	0
0	0	0	0	0	0	0
0	0	0	0	0	0	0
0	0	0	0	0	0	0
0	0	0	0	0	0	0
0	0	0	0	0	0	0
0	0	0	0	0	0	0
0	0	0	0	0	0	0
802370	790400	11970	195	2435126	1784648	12757382972653010
538344	526030	12314	2721	9907434	9078036	12757382983405882
839454	827088	12366	2067	7873652	7424328	12757382992425360
0	0	0	0	0	0	0
223538	211212	12326	4887	16671168	15250094	12757383020158290
0	0	0	0	0	0	0
0	0	0	0	0	0	0
0	0	0	0	0	0	0
0	0	0	0	0	0	0
251876	239600	12276	918	4754760	3400940	12757383070323840
946436	933968	12468	3950	13656294	13163688	12757383085234704
869550	857130	12420	3299	11631386	11138994	12757383098042250
0	0	0	0	0	0	0
0	0	0	0	0	0	0
0	0	0	0	0	0	0
0	0	0	0	0	0	0
0	0	0	0	0	0	0
464570	452606	11964	252	2502384	1617846	12757383164193618
0	0	0	0	0	0	0
0	0	0	0	0	0	0
0	0	0	0	0	0	0
0	0	0	0	0	0	0
0	0	0	0	0	0	0
0	0	0	0	0	0	0
0	0	0	0	0	0	0
0	0	0	0	0	0	0
0	0	0	0	0	0	0
0	0	0	0	0	0	0
0	0	0	0	0	0	0
0	0	0	0	0	0	0
0	0	0	0	0	0	0
0	0	0	0	0	0	0
0	0	0	0	0	0	0
0	0	0	0	0	0	0
0	0	0	0	0	0	0
0	0	0	0	0	0	0
0	0	0	0	0	0	0
0	0	0	0	0	0	0
0	0	0	0	0	0	0
0	0	0	0	0	0	0
0	0	0	0	0	0	0
0	0	0	0	0	0	0
0	0	0	0	0	0	0
0	0	0	0	0	0	0
105534	93378	12156	493	3333896	1981838	12757383436644090
1024938	1012752	12186	556	3451712	3085272	12757383441427254
0	0	0	0	0	0	0
1067574	1055342	12232	3641	12779540	12366582	12757383473922114
0	0	0	0	0	0	0
0	0	0	0	0	0	0
0	0	0	0	0	0	0
0	0	0	0	0	0	0
0	0	0	0	0	0	0
0	0	0	0	0	0	0
0	0	0	0	0	0	0
290666	278370	12296	2081	8244888	6917048	12757383563851164
1049844	1038030	11814	121	2054066	1808274	12757383567262164
1256598	1244666	11932	741	4222438	3868554	12757383573047640
0	0	0	0	0	0	0
0	0	0	0	0	0	0
0	0	0	0	0	0	0
0	0	0	0	0	0	0
0	0	0	0	0	0	0
0	0	0	0	0	0	0
0	0	0	0	0	0	0
0	0	0	0	0	0	0
0	0	0	0	0	0	0
0	0	0	0	0	0	0
0	0	0	0	0	0	0
0	0	0	0	0	0	0
1666614	1654574	12040	1080	5003396	5298072	12757383691063974
1663884	1651440	12444	967	4754580	4953672	12757383697789284
949286	936900	12386	2463	9138944	8719440	12757383708184374
465110	452918	12192	1022	4976696	3919474	12757383713934470
0	0	0	0	0	0	0
833606	821526	12080	1355	6070884	5290722	12757383735115584
531116	518912	12204	3710	13024494	12031668	12757383748978524
0	0	0	0	0	0	0
0	0	0	0	0	0	0
0	0	0	0	0	0	0
0	0	0	0	0	0	0
0	0	0	0	0	0	0
0	0	0	0	0	0	0
0	0	0	0	0	0	0
447120	435312	11808	288	2738690	1707780	12757383834401880
0	0	0	0	0	0	0
318390	306476	11914	299	2900976	1611894	12757383851700870
0	0	0	0	0	0	0
1200084	1187484	12600	2761	10274456	9866448	12757383870402300
0	0	0	0	0	0	0
0	0	0	0	0	0	0
0	0	0	0	0	0	0
0	0	0	0	0	0	0
0	0	0	0	0	0	0
0	0	0	0	0	0	0
0	0	0	0	0	0	0
0	0	0	0	0	0	0
0	0	0	0	0	0	0
0	0	0	0	0	0	0
0	0	0	0	0	0	0
0	0	0	0	0	0	0
0	0	0	0	0	0	0
0	0	0	0	0	0	0
1336766	1324490	12276	533	3342084	3334694	12757384031003814
1607904	1596018	11886	615	3843830	3844748	12757384036763964
0	0	0	0	0	0	0
1049694	1037720	11974	1915	7389000	7179822	12757384050254514
0	0	0	0	0	0	0
0	0	0	0	0	0	0
0	0	0	0	0	0	0
0	0	0	0	0	0	0
0	0	0	0	0	0	0
0	0	0	0	0	0	0
0	0	0	0	0	0	0
0	0	0	0	0	0	0
0	0	0	0	0	0	0
0	0	0	0	0	0	0
1607780	1595832	11948	367	2806734	3106508	12757384158320754
1519902	1507682	12220	4643	15812198	15812268	12757384175959944
443958	431728	12230	3985	13930020	12767586	12757384190641642
1158926	1146582	12344	1715	6875354	6685788	12757384198982454
1668118	1655902	12216	948	4842984	4903270	12757384205800766
0	0	0	0	0	0	0
0	0	0	0	0	0	0
0	0	0	0	0	0	0
1015254	1003446	11808	82	2269976	1660188	12757384238542824
0	0	0	0	0	0	0
266126	254010	12116	1064	4872294	3853932	12757384249253574
0	0	0	0	0	0	0
0	0	0	0	0	0	0
1143984	1132080	11904	224	2543546	2210442	12757384276193604
0	0	0	0	0	0	0
0	0	0	0	0	0	0
0	0	0	0	0	0	0
0	0	0	0	0	0	0
0	0	0	0	0	0	0
0	0	0	0	0	0	0
0	0	0	0	0	0	0
655600	643390	12210	2504	9380978	8557924	12757384348256272
0	0	0	0	0	0	0
0	0	0	0	0	0	0
0	0	0	0	0	0	0
1167746	1155854	11892	43	1951228	1706508	12757384373163594
0	0	0	0	0	0	0
0	0	0	0	0	0	0
1650978	1638926	12052	1151	5316496	5505192	12757384408777554
0	0	0	0	0	0	0
0	0	0	0	0	0	0
0	0	0	0	0	0	0
630026	617684	12342	4199	14405004	13607478	12757384456969074
0	0	0	0	0	0	0
0	0	0	0	0	0	0
0	0	0	0	0	0	0
0	0	0	0	0	0	0
0	0	0	0	0	0	0
0	0	0	0	0	0	0
0	0	0	0	0	0	0
0	0	0	0	0	0	0
0	0	0	0	0	0	0
0	0	0	0	0	0	0
0	0	0	0	0	0	0
0	0	0	0	0	0	0
0	0	0	0	0	0	0
0	0	0	0	0	0	0
0	0	0	0	0	0	0
185996	173712	12284	475	3103824	2015412	12757384615143084
0	0	0	0	0	0	0
0	0	0	0	0	0	0
350484	338316	12168	2114	8136676	7084512	12757384644111444
580646	568500	12146	2550	9546924	8616998	12757384654544394
0	0	0	0	0	0	0
0	0	0	0	0	0	0
0	0	0	0	0	0	0
0	0	0	0	0	0	0
0	0	0	0	0	0	0
0	0	0	0	0	0	0
0	0	0	0	0	0	0
0	0	0	0	0	0	0
0	0	0	0	0	0	0
0	0	0	0	0	0	0
781256	769140	12116	728	4195194	3371658	12757384766392404
0	0	0	0	0	0	0
0	0	0	0	0	0	0
0	0	0	0	0	0	0
0	0	0	0	0	0	0
0	0	0	0	0	0	0
0	0	0	0	0	0	0
0	0	0	0	0	0	0
0	0	0	0	0	0	0
0	0	0	0	0	0	0
0	0	0	0	0	0	0
0	0	0	0	0	0	0
0	0	0	0	0	0	0
0	0	0	0	0	0	0
0	0	0	0	0	0	0
0	0	0	0	0	0	0
0	0	0	0	0	0	0
0	0	0	0	0	0	0
0	0	0	0	0	0	0
0	0	0	0	0	0	0
0	0	0	0	0	0	0
0	0	0	0	0	0	0
0	0	0	0	0	0	0
0	0	0	0	0	0	0
0	0	0	0	0	0	0
0	0	0	0	0	0	0
0	0	0	0	0	0	0
0	0	0	0	0	0	0
0	0	0	0	0	0	0
1665054	1652996	12058	2438	9053366	9369462	12757385055909294
0	0	0	0	0	0	0
0	0	0	0	0	0	0
0	0	0	0	0	0	0
0	0	0	0	0	0	0
0	0	0	0	0	0	0
0	0	0	0	0	0	0
0	0	0	0	0	0	0
0	0	0	0	0	0	0
0	0	0	0	0	0	0
0	0	0	0	0	0	0
0	0	0	0	0	0	0
0	0	0	0	0	0	0
0	0	0	0	0	0	0
0	0	0	0	0	0	0
0	0	0	0	0	0	0
759296	747074	12222	2046	7846044	7290822	12757385206833714
0	0	0	0	0	0	0
206496	194338	12158	2183	8451924	7146544	12757385228943304
0	0	0	0	0	0	0
0	0	0	0	0	0	0
0	0	0	0	0	0	0
454406	442044	12362	2207	8433774	7472712	12757385269296114
0	0	0	0	0	0	0
0	0	0	0	0	0	0
0	0	0	0	0	0	0
0	0	0	0	0	0	0
0	0	0	0	0	0	0
0	0	0	0	0	0	0
0	0	0	0	0	0	0
0	0	0	0	0	0	0
0	0	0	0	0	0	0
0	0	0	0	0	0	0
0	0	0	0	0	0	0
0	0	0	0	0	0	0
0	0	0	0	0	0	0
0	0	0	0	0	0	0
0	0	0	0	0	0	0
0	0	0	0	0	0	0
0	0	0	0	0	0	0
0	0	0	0	0	0	0
0	0	0	0	0	0	0
1672526	1660628	11898	1080	4947494	5312352	12757385473930194
0	0	0	0	0	0	0
0	0	0	0	0	0	0
0	0	0	0	0	0	0
0	0	0	0	0	0	0
0	0	0	0	0	0	0
0	0	0	0	0	0	0
0	0	0	0	0	0	0
0	0	0	0	0	0	0
0	0	0	0	0	0	0
0	0	0	0	0	0	0
0	0	0	0	0	0	0
0	0	0	0	0	0	0
0	0	0	0	0	0	0
0	0	0	0	0	0	0
0	0	0	0	0	0	0
0	0	0	0	0	0	0
0	0	0	0	0	0	0
0	0	0	0	0	0	0
0	0	0	0	0	0	0
0	0	0	0	0	0	0
0	0	0	0	0	0	0
0	0	0	0	0	0	0
0	0	0	0	0	0	0
0	0	0	0	0	0	0
0	0	0	0	0	0	0
0	0	0	0	0	0	0
0	0	0	0	0	0	0
0	0	0	0	0	0	0
0	0	0	0	0	0	0
0	0	0	0	0	0	0
368550	356680	11870	360	2878518	1853866	12757385821769938
0	0	0	0	0	0	0
0	0	0	0	0	0	0
0	0	0	0	0	0	0
0	0	0	0	0	0	0
0	0	0	0	0	0	0
0	0	0	0	0	0	0
0	0	0	0	0	0	0
1277516	1265346	12170	4159	14164884	14132232	12757385905196304
572966	560756	12210	3229	11507238	10673832	12757385917582824
203658	191520	12138	375	2828102	1733532	12757385920924644
0	0	0	0	0	0	0
0	0	0	0	0	0	0
0	0	0	0	0	0	0
0	0	0	0	0	0	0
0	0	0	0	0	0	0
0	0	0	0	0	0	0
802886	790638	12248	1821	7471608	6662652	12757385998624224
0	0	0	0	0	0	0
0	0	0	0	0	0	0
0	0	0	0	0	0	0
0	0	0	0	0	0	0
1289556	1277324	12232	4029	13766294	13755672	12757386049218144
0	0	0	0	0	0	0
0	0	0	0	0	0	0
0	0	0	0	0	0	0
0	0	0	0	0	0	0
455060	442764	12296	2660	9672304	8825592	12757386112153524
0	0	0	0	0	0	0
0	0	0	0	0	0	0
0	0	0	0	0	0	0
411894	399562	12332	3489	12250110	11263246	12757386167045188
0	0	0	0	0	0	0
1511762	1499748	12014	1712	7043208	7047312	12757386181301820
1665288	1653048	12240	2758	9911636	10325862	12757386193184604
0	0	0	0	0	0	0
1162824	1150776	12048	780	4082696	3906882	12757386205144584
620364	608124	12240	278	2553596	1857822	12757386208624644
0	0	0	0	0	0	0
0	0	0	0	0	0	0
0	0	0	0	0	0	0
0	0	0	0	0	0	0
0	0	0	0	0	0	0
0	0	0	0	0	0	0
0	0	0	0	0	0	0
0	0	0	0	0	0	0
0	0	0	0	0	0	0
966600	954336	12264	1912	7473918	7097560	12757386336352048
0	0	0	0	0	0	0
0	0	0	0	0	0	0
0	0	0	0	0	0	0
0	0	0	0	0	0	0
0	0	0	0	0	0	0
0	0	0	0	0	0	0
0	0	0	0	0	0	0
515662	503668	11994	1406	5938196	5129770	12757386404564308
0	0	0	0	0	0	0
0	0	0	0	0	0	0
1181606	1169456	12150	201	2620224	2192526	12757386427237104
0	0	0	0	0	0	0
0	0	0	0	0	0	0
0	0	0	0	0	0	0
0	0	0	0	0	0	0
0	0	0	0	0	0	0
0	0	0	0	0	0	0
896724	884544	12180	4905	16435346	15976814	12757386506955684
292674	280724	11950	2076	8217566	6906282	12757386515773284
220518	208160	12358	2692	9757762	8714532	12757386526059624
632142	619860	12282	3880	13458248	12642138	12757386540457074
0	0	0	0	0	0	0
238456	226184	12272	4091	13967268	12882212	12757386570037424
1304756	1292840	11916	551	3523488	3348480	12757386575174004
181692	169602	12090	1069	5232308	3804222	12757386580895784
0	0	0	0	0	0	0
0	0	0	0	0	0	0
0	0	0	0	0	0	0
0	0	0	0	0	0	0
0	0	0	0	0	0	0
0	0	0	0	0	0	0
0	0	0	0	0	0	0
0	0	0	0	0	0	0
0	0	0	0	0	0	0
0	0	0	0	0	0	0
0	0	0	0	0	0	0
0	0	0	0	0	0	0
0	0	0	0	0	0	0
0	0	0	0	0	0	0
848370	836162	12208	4240	14685110	13937802	12757386754968540
0	0	0	0	0	0	0
0	0	0	0	0	0	0
0	0	0	0	0	0	0
0	0	0	0	0	0	0
0	0	0	0	0	0	0
0	0	0	0	0	0	0
0	0	0	0	0	0	0
