# Loop @ Start frequency 2000000Hz took 1588.97 cycles
# Interval [1587 ; 1591]
# Q1 : 1584 ; Q3 : 1588
# Loop @ Target frequency 1600000Hz took 1987.88 cycles
# Interval [1984 ; 1992]
# Q1 : 1980 ; Q3 : 1984
# Confidence intervals do not overlap, alternatives are statistically different with selected confidence level
Change time (with write) [cycles]	Change time [cycles]	Write cost [cycles]	Wait time [us]	Time since last frequency change request [cycles]	Time since last frequency change [cycles]	Detected frequency change timestamp [cycles]
867840	840334	27506	3567	510995166	510081618	12757492932071482
279118	266696	12422	4812	15995706	15094634	12757492948856216
674492	662088	12404	907	4333224	3798732	12757492954345380
1220746	1208340	12406	3036	10770302	10740430	12757492966821202
1121836	1109174	12662	4996	16498728	16485836	12757492984921958
1083024	1070574	12450	2463	8954368	8862620	12757492995441840
1435936	1423622	12314	4156	13960934	14284472	12757493011318748
1572400	1559914	12486	3982	13574192	13901370	12757493026949236
154242	141672	12570	4075	13782000	12757746	12757493041366276
1549636	1537226	12410	3998	13547834	13924022	12757493056947818
1661884	1649432	12452	3427	11809530	12329098	12757493070902018
634202	621638	12564	2191	8260832	7602772	12757493080283438
162628	150152	12476	4544	15343248	14170244	12757493096269580
393942	381330	12612	3891	13662134	12450596	12757493110809822
172100	159416	12684	4101	13814358	12854522	12757493125279872
1469108	1456502	12606	3295	11473548	11742864	12757493138703960
1039462	1026844	12618	2535	9216972	9035774	12757493149443710
1377262	1365128	12134	27	1831374	1869454	12757493153136440
1064104	1051720	12384	2511	9528948	8989544	12757493164211246
819214	806758	12456	4626	15586068	15073070	12757493181097376
1565402	1552788	12614	4697	15791034	16031174	12757493198935740
1191342	1178982	12360	4859	16395138	16143084	12757493217003754
1014366	1001852	12514	1572	6723842	6127316	12757493225224632
1628318	1616072	12246	447	3352766	3376142	12757493230687118
1648430	1635924	12506	3556	12271506	12700166	12757493245093842
1424004	1411552	12452	4871	16200884	16412220	12757493263200676
286292	273792	12500	3275	11424774	10498548	12757493275393140
869730	857094	12636	1540	6227006	5888784	12757493282970930
801196	788822	12374	3078	11202618	10422536	12757493295457418
497454	485124	12330	1572	6406742	5612004	12757493302845360
1322566	1309858	12708	1286	5399988	5580356	12757493310048188
1654684	1642264	12420	4158	14038676	14510032	12757493326224484
1102310	1089614	12696	156	2197068	1981106	12757493330005842
1103560	1091488	12072	590	3778074	3279298	12757493335370168
1657404	1644868	12536	1788	6949296	7420140	12757493344456756
1421994	1409518	12476	4822	15980624	16264330	12757493362343056
916714	904210	12504	271	2425806	2138834	12757493366165486
305566	293194	12372	2722	10157294	8860588	12757493377109708
1057272	1044882	12390	3041	10732042	10566682	12757493389377904
817064	804860	12204	1519	6289902	5772926	12757493396964072
473546	461204	12342	1506	6238170	5390624	12757493404156620
751990	739544	12446	4306	14646414	14047682	12757493420033768
486394	473974	12420	3273	11781048	10689044	12757493432781086
1361170	1348574	12596	1904	7242578	7469668	12757493441865338
1656916	1644292	12624	2294	8476896	8932682	12757493452477388
406096	393428	12668	1597	6399468	5597308	12757493459768228
1332982	1320494	12488	2113	7862574	8066588	12757493469446270
436958	424176	12782	412	2949018	2077650	12757493473311900
1048324	1036106	12218	138	2103896	1873072	12757493476946108
1660258	1647842	12416	3347	11504658	12086494	12757493490591800
1526058	1513856	12202	16	1591744	1981490	12757493494191540
1658134	1645714	12420	1746	6790676	7293838	12757493503123778
452650	440162	12488	4935	16258494	15632282	12757493520318338
154416	141988	12428	3464	12187752	10932078	12757493533140904
887654	875014	12640	3745	12814048	12503324	12757493547323930
155434	142930	12504	2732	9903344	8741836	12757493557862816
1454490	1442134	12356	1498	5984624	6348282	12757493565782092
1646476	1633748	12728	4146	13934790	14463248	12757493581845260
157384	145016	12368	1096	4791978	3846950	12757493587278686
823276	810524	12752	1260	5424228	5005592	12757493594008058
1103360	1090988	12372	4117	14354598	13833420	12757493609949792
527746	515258	12488	2011	7887648	6956180	12757493618846528
928516	916432	12084	172	2003568	1853600	12757493622261068
1247228	1234644	12584	2268	8418618	8444900	12757493632408410
451510	439106	12404	4094	13783002	13114432	12757493647124678
1588632	1576358	12274	745	3859132	4227714	12757493653053312
1663694	1651244	12450	2672	9740082	10069196	12757493664938232
806378	793952	12426	3355	11775198	11256914	12757493678006700
1658680	1646512	12168	1239	5722268	5775260	12757493685868178
962896	950486	12410	4099	13825758	13638832	12757493701142348
845992	833656	12336	3278	11294424	11065544	12757493713763090
672902	660324	12578	2673	9522774	9082584	12757493724436080
1390756	1378318	12438	2143	8250356	8214422	12757493734557410
286238	273776	12462	1737	6737628	5894628	12757493742060480
1528126	1515634	12492	1406	6225396	6146126	12757493750293628
552706	540140	12566	797	4104374	3347822	12757493755432568
910160	897876	12284	643	3512568	3243888	12757493760339252
850202	837776	12426	3558	12183752	11909488	12757493773854788
207556	194998	12558	4047	13651590	12730750	12757493788191440
430542	418208	12334	882	4270976	3481226	12757493793370662
945880	933352	12528	2473	9198230	8756642	12757493803995818
1382716	1370228	12488	1585	6782508	6558200	12757493812642058
1069824	1057326	12498	2540	9137082	9082516	12757493823330922
800558	788038	12520	4264	14506826	13973308	12757493839118318
1661140	1648726	12414	2738	9831444	10253218	12757493851079438
302204	289826	12378	2733	9927980	8881292	12757493861781672
1675714	1663214	12500	4271	14279856	14858750	12757493878206296
1664526	1652262	12264	2902	10409552	10750160	12757493890750152
190906	178416	12490	3628	12493066	11448552	12757493903902732
997796	985282	12514	3111	11022356	10706734	12757493916390608
727760	715590	12170	266	2575488	1923420	12757493920160952
1575240	1562652	12588	4833	16180552	16435820	12757493938384920
852882	840600	12282	157	2017908	1724818	12757493941723924
497142	484830	12312	226	2309910	1572328	12757493944998586
1158106	1145680	12426	1531	6587958	6142466	12757493953216418
1670410	1657924	12486	3004	10612078	11058580	12757493965969516
1414426	1402012	12414	3731	13173314	12982046	12757493981028068
204448	192044	12404	4131	14369298	12968224	12757493996072240
1663962	1651182	12780	3481	12427706	12483546	12757494010634442
1586638	1574458	12180	587	3391532	3743324	12757494016081970
758918	746428	12490	4252	14347942	13883786	12757494031658078
826970	814510	12460	3693	12574402	12279404	12757494045529250
548674	536108	12566	3638	12388746	11835980	12757494058961186
1242608	1230218	12390	2737	10193186	9832730	12757494070863368
962800	950512	12288	1854	7550004	6912116	12757494079843538
534304	521954	12350	262	2345808	1741658	12757494083192006
845686	833336	12350	2312	8774796	8165240	12757494093281078
185832	173618	12214	533	3331724	2179674	12757494097290072
1307664	1295164	12500	3593	12259578	12459916	12757494111325996
1493450	1481168	12282	99	1819376	2187404	12757494115109330
698456	685908	12548	4288	14535120	13929438	12757494130810890
963552	951004	12548	4109	13839318	13660228	12757494146082124
164746	152398	12348	2408	9222794	7770776	12757494155937908
1118074	1104778	13296	3027	10863450	10575572	12757494168386828
880666	868378	12288	4985	16620786	16200062	12757494186354938
1330332	1318012	12320	678	3741306	3761452	12757494191895514
209948	197796	12152	2117	8259048	6944186	12757494200831100
180182	167756	12426	2293	8354814	7441188	12757494209836800
807484	795064	12420	1789	7082216	6560762	12757494218194748
753868	741806	12062	914	4583274	3886628	12757494224000966
1036296	1024018	12278	4153	14436894	13863868	12757494239942044
677646	665400	12246	1515	6537620	5609422	12757494247628254
370828	358480	12348	1040	4671470	3913010	12757494253139606
1394898	1382500	12398	4496	15311244	15250456	12757494270313006
1210870	1198442	12428	3415	11914490	11832602	12757494283905218
942156	929808	12348	4104	14288094	13624468	12757494299603404
1313098	1300922	12176	3390	11791278	11861980	12757494313178750
471944	459530	12414	3186	11141288	10405100	12757494325263746
1179098	1166776	12322	4864	16175276	16132192	12757494343087058
1259554	1247212	12342	3823	13355700	13098122	12757494358170758
451060	438770	12290	4098	14154612	13118036	12757494373245368
847382	835370	12012	155	2248082	1709128	12757494376805108
546160	533810	12350	3875	13239822	12542162	12757494391058138
1431178	1419008	12170	4861	16174424	16394200	12757494409131140
159210	146848	12362	2928	10654802	9322876	12757494420414262
1446414	1434348	12066	110	1982766	2177068	12757494424311196
754066	741704	12362	1900	7515966	6842842	12757494433049408
1138390	1126120	12270	4545	15221018	15140642	12757494449876408
1438126	1425828	12298	3369	12030926	11919984	12757494463814566
168316	156016	12300	2297	8409494	7440790	12757494472858156
1656646	1644442	12204	4406	14732822	15243220	12757494489714862
791928	779706	12222	787	4104234	3547326	12757494495078316
918084	905802	12282	3521	12216854	11856130	12757494508681306
499616	487292	12324	2005	7522418	6899908	12757494517172558
974742	962598	12144	1318	5456508	5317348	12757494524073364
980586	968404	12182	4294	14856822	14232592	12757494540378334
1029038	1016966	12072	824	4082024	3894782	12757494545957558
861516	847882	13634	1278	5825394	5085292	12757494553113544
1189102	1176766	12336	2680	9683514	9608482	12757494564454910
1659466	1647212	12254	1094	4952778	5335376	12757494571533458
1039396	1026922	12474	3047	10808718	10559330	12757494583854518
788864	776558	12306	162	2485344	1673406	12757494587596452
1081608	1069408	12200	1420	5918034	5731264	12757494595063036
1661102	1648702	12400	1616	6588062	6897302	12757494603780158
173108	160728	12380	4621	15489426	14403534	12757494619917030
629422	617188	12234	1886	7153032	6674138	12757494628184750
1360434	1347936	12498	4189	14188020	14296894	12757494644203306
1657974	1645608	12366	4642	15788088	15949870	12757494662137786
541354	528872	12482	2200	8592300	7526120	12757494671744558
1659224	1646940	12284	4100	13921782	14330220	12757494687793812
964120	951844	12276	3859	13261674	12911942	12757494702490988
1510010	1497794	12216	1704	6646754	7026726	12757494711114582
1665842	1653572	12270	4153	14110022	14495732	12757494727356938
1465260	1452342	12918	3768	12922964	13142560	12757494742216492
918676	906278	12398	2718	9887118	9451616	12757494753491708
1656314	1643960	12354	3756	12816984	13297536	12757494768433362
414942	402796	12146	1692	6783570	5877622	12757494776104804
287056	274700	12356	4481	14977934	14099462	12757494791838968
1282678	1270164	12514	1863	7445762	7257178	12757494801035104
833062	820918	12144	2575	9718856	8940976	12757494812057062
180240	167948	12292	1574	6720266	5291570	12757494819425040
715500	703232	12268	4855	16255960	15646434	12757494836866980
1138678	1126654	12024	44	2016456	1669448	12757494840489590
1105624	1093348	12276	4716	15894704	15618532	12757494857958784
838978	826528	12450	3488	12443432	11676478	12757494871710694
1663184	1651012	12172	2537	9137192	9654548	12757494883000880
235882	223546	12336	3773	13035210	11930096	12757494896744366
450392	438228	12164	320	2604924	1808268	12757494900266040
1661922	1649628	12294	1013	4662090	5095960	12757494907056286
1050940	1038572	12368	613	3442074	3285962	12757494912021008
1343758	1331284	12474	4795	16030518	16093960	12757494929863910
1657726	1645306	12420	1000	4852998	5048452	12757494936842888
1434102	1421690	12412	2181	8079476	8360256	12757494946833942
897196	884888	12308	4979	16480214	16197902	12757494964679108
1239328	1226616	12712	1799	6970742	7019596	12757494973359364
162842	150380	12462	1483	6180654	5002044	12757494980169060
1664592	1652388	12204	1306	5911304	5972638	12757494988213204
1570138	1557820	12318	1083	4936848	5211578	12757494995193830
1503316	1491010	12306	2629	9872782	9770464	12757495007038636
529012	516780	12232	847	4540508	3463612	12757495012576834
1106642	1094240	12402	3437	12156560	11795424	12757495026307950
842616	830060	12556	2324	8672960	8195550	12757495036291482
795602	783184	12418	2335	8507312	8182412	12757495046064068
1220008	1207516	12492	4813	16409354	16024454	12757495064161340
156180	143580	12600	4546	15607176	14161570	12757495080393232
939946	927526	12420	3083	10738548	10564768	12757495092540908
1007938	995678	12260	4348	14683596	14417714	12757495108701410
898184	885774	12410	1639	6448662	6200916	12757495116519792
1530892	1518628	12264	4708	15769392	16020338	12757495134286640
825116	812738	12378	3991	13537868	13167212	12757495149116798
666838	654382	12456	895	4679658	3739876	12757495154932160
1605220	1592990	12230	130	2308704	2394572	12757495159312388
1329880	1317626	12254	3547	12237414	12343586	12757495173348908
780868	768614	12254	2350	8765724	8213174	12757495183364726
639152	626746	12406	3611	12555080	11844748	12757495197026078
1664602	1652296	12306	3071	11204062	11254822	12757495210361074
462550	449974	12576	3121	11015022	10204292	12757495222309658
1656550	1644160	12390	3537	12336924	12644282	12757495236770978
154498	142130	12368	1541	6129058	5165570	12757495243526186
1296136	1283710	12426	4851	16160958	16214228	12757495261451810
1659958	1647620	12338	3520	12291564	12594500	12757495275870086
952574	940000	12574	3752	12847286	12580700	12757495290141986
649760	637440	12320	1926	7519038	6814020	12757495298781762
973714	961376	12338	4751	15853350	15592106	12757495316078228
1029076	1016846	12230	2108	8314776	7738682	12757495325890388
1121332	1108822	12510	3409	11808780	11722996	12757495339288856
1671658	1659348	12310	1582	6354770	6806248	12757495347785224
1245022	1232650	12372	1307	5646864	5555158	12757495355149040
1662060	1649682	12378	3269	11785748	11845940	12757495369063842
1551652	1539140	12512	1444	5987720	6271324	12757495377073040
796774	784618	12156	367	3106986	2294480	12757495381444886
1656976	1644596	12380	4526	15107474	15602428	12757495398679010
1578100	1565758	12342	1010	4652600	4999666	12757495405375928
186562	174154	12408	3218	11135214	10217084	12757495417164950
222158	209746	12412	4507	15146018	14107690	12757495432999940
227688	215320	12368	3592	12294474	11378566	12757495445991466
635998	623558	12440	4429	15236202	14293754	12757495462354646
1507388	1494922	12466	2363	8779364	8978158	12757495473108428
1541974	1529512	12462	3697	12793098	13004642	12757495487909798
1525398	1513188	12210	765	4148394	4212600	12757495494049486
502802	490544	12258	3037	10933314	9992154	12757495505971050
830176	818024	12152	1186	5132946	4778702	12757495512418898
162844	150496	12348	2722	9852422	8706830	12757495522902866
419454	407192	12262	2586	9229862	8558688	12757495533021000
1157992	1145576	12416	2562	9554574	9221854	12757495544201600
1116014	1103778	12236	3618	12833952	12344216	12757495558618062
241088	229046	12042	410	2886618	1867518	12757495562214450
1013042	1000652	12390	4858	16539230	15951212	12757495580234258
1657756	1645606	12150	1582	6584276	6791320	12757495588944796
1663930	1651186	12744	3846	13513002	13573706	12757495604591558
335840	323314	12526	3808	12960902	12129970	12757495618365446
1600552	1588360	12192	616	3512810	3841028	12757495623945920
708826	696452	12374	730	3785916	3312172	12757495628911238
1416190	1403902	12288	4975	16537430	16706276	12757495647333248
1081096	1068794	12302	3171	11488728	10968082	12757495660370228
1661110	1648796	12314	3263	11349324	11827268	12757495673849438
913972	901576	12396	3658	12636204	12261134	12757495687890080
1134122	1121662	12460	2970	10436638	10424242	12757495699928978
1054066	1041848	12218	1899	7229856	7137476	12757495708683908
1180138	1167574	12564	4467	14915628	14947424	12757495725246710
1658472	1646134	12338	4256	14335038	14794762	12757495741712884
1663696	1651048	12648	1769	6844536	7356752	12757495750693778
311596	298864	12732	4276	14381842	13508996	12757495765859168
375106	363046	12060	301	2499738	1674476	12757495769205878
1661140	1648712	12428	3424	12247644	12306056	12757495783597628
1581102	1568628	12474	2861	10256538	10544452	12757495795905064
1454428	1441442	12986	4112	13912424	14159614	12757495811742320
888008	875522	12486	4151	13921222	13711538	12757495827020090
1652650	1640248	12402	2256	8462526	8802746	12757495837604198
1415950	1403524	12426	4034	13691364	13888198	12757495853184818
1349330	1336944	12386	4903	16639398	16423110	12757495871664882
1342270	1329920	12350	1688	6542052	6792086	12757495880019938
250172	237924	12248	2109	8187950	6961808	12757495888923990
168232	155998	12234	1608	6344274	5382368	12757495895929040
790648	778458	12190	962	4820822	4067662	12757495902010474
1593946	1581512	12434	3338	11850816	11981686	12757495915922528
1115810	1103628	12182	735	3755598	3712376	12757495921262442
929382	916950	12432	1482	6118626	5762904	12757495928779624
677084	664704	12380	3071	10847484	10269000	12757495940771172
1650672	1638316	12356	4014	13509618	14063826	12757495956400786
761596	749066	12530	1443	6031278	5480216	12757495963664198
1663376	1651022	12354	1781	6910448	7392056	12757495972703588
939138	926838	12300	2561	9176634	9004594	12757495983310366
1659972	1647584	12388	2849	10144162	10616126	12757495995595572
1189500	1177018	12482	1244	5378084	5322438	12757496002649104
1153300	1140962	12338	2967	10411044	10443892	12757496014695068
309102	296754	12348	1604	6336426	5519212	12757496021820874
1303536	1291402	12134	39	1636962	1826986	12757496025245524
1406622	1394306	12316	1695	6689906	6890390	12757496033824422
465132	452672	12460	4374	14763206	13965026	12757496049532092
1654296	1641900	12396	3531	12133062	12633078	12757496063800144
1674916	1662340	12576	2513	9258716	9607898	12757496075223560
1369596	1357140	12456	2483	9099620	9209760	12757496086177302
1034134	1021822	12312	4695	15685904	15495952	12757496103379958
1113766	1101184	12582	2080	8078106	7747394	12757496113051778
1576776	1564380	12396	4985	16682544	16904998	12757496131792114
1666666	1654270	12396	4703	15595604	16150082	12757496149536878
1671400	1658922	12478	3532	12266882	12650524	12757496163964216
1663720	1651242	12478	2604	9429698	9869136	12757496175541882
1164554	1152074	12480	4218	14432232	14199978	12757496191629132
1060088	1048014	12074	596	3316466	3253704	12757496196483792
1292188	1279892	12296	4133	13908302	14072734	12757496212168010
1706888	1694474	12414	4664	15704726	16077322	12757496230084928
490630	478288	12342	3903	13315482	12581008	12757496244377798
728330	715942	12388	1905	7570904	6839620	12757496253160010
1217124	1204728	12396	3540	12170358	12219906	12757496267029936
1457170	1444792	12378	4592	15759278	15611398	12757496284730228
586886	574394	12492	4918	16256738	15714506	12757496302053608
785540	773022	12518	1158	4953468	4660836	12757496308276842
1133224	1120958	12266	856	4194228	4105862	12757496314110518
1257276	1244862	12414	3235	11193470	11347518	12757496327040904
1527364	1515230	12134	553	3666588	3590204	12757496332719086
577898	565658	12240	3179	11150396	10502156	12757496344926218
1150368	1138022	12346	4849	16525748	16069482	12757496363078760
243526	230728	12798	4083	14211000	12870338	12757496378013080
844828	832336	12492	4279	14816544	14076676	12757496394156296
1659442	1646878	12564	3894	13384594	13722592	12757496409677884
1263324	1250896	12428	1731	7003086	6853090	12757496418424966
756586	722122	34464	2542	9157368	8772622	12757496428818128
1379874	1367634	12240	1197	5125308	5371956	12757496435804266
604398	592002	12396	4572	15177732	14698774	12757496452067176
616474	604108	12366	4725	15691154	15169314	12757496468857114
1014374	1002126	12248	1616	6322730	6258630	12757496476677342
1206744	1194276	12468	2907	10231878	10318716	12757496488595746
617138	604690	12448	2035	7614416	7116412	12757496497307978
694558	682268	12290	251	2283084	1853300	12757496500770266
555272	542808	12464	4439	14923614	14250726	12757496516732520
1665282	1652778	12504	4084	13927286	14296348	12757496532809866
290100	277686	12414	3836	13268396	12178938	12757496546853900
451080	438566	12514	1843	7018346	6376034	12757496554805280
376692	364332	12360	2724	9676368	8940454	12757496565337534
1667274	1654938	12336	2228	8385560	8743150	12757496575873132
1334446	1322056	12390	4334	14552054	14716762	12757496592243368
1219204	1206988	12216	220	2369696	2289262	12757496596312118
1054688	1042316	12372	2469	8951496	8854878	12757496606799270
681528	669136	12392	4381	14589774	14201848	12757496622554626
1155908	1143524	12384	3324	11519546	11512534	12757496635709708
169798	157420	12378	1701	6633912	5670854	12757496642992886
1411790	1399148	12642	2389	9176346	8972846	12757496654060442
1002550	990248	12302	1254	5767250	5164676	12757496661309938
1666078	1653506	12572	1146	5003646	5506208	12757496668461980
1657836	1645570	12266	1524	6189552	6630688	12757496676791734
1656928	1644590	12338	2838	10516098	10559170	12757496689447670
1141490	1128986	12504	757	3939596	3838834	12757496695016810
1552786	1540616	12170	1387	6016664	6113452	12757496703068798
922680	910638	12042	1916	7226876	7068492	12757496711731440
552418	540094	12324	778	3874398	3293528	12757496716637690
1529646	1517242	12404	3625	12478734	12790984	12757496731130614
448598	436512	12086	1366	5977530	4945620	12757496738037552
1585136	1572698	12438	4116	14343896	14315662	12757496754446648
1310904	1298620	12284	3541	12289430	12319942	12757496768529112
846536	834224	12312	2343	8649638	8270480	12757496778506888
774398	762346	12052	138	2076836	1597622	12757496781840518
1668340	1656036	12304	3398	11768072	12249480	12757496795756446
1433942	1421642	12300	577	3268678	3570778	12757496800945118
609846	597430	12416	4330	14890348	13977804	12757496816925904
980124	967836	12288	1997	7692966	7367910	12757496826080176
547352	535200	12152	751	3961434	3203634	12757496831070480
307712	295498	12214	304	2878160	1625306	12757496834736488
405732	393414	12318	1683	7096686	5850838	12757496842750594
1238472	1226352	12120	24	1612694	1718176	12757496846082394
150442	138034	12408	4052	14138244	12686650	12757496860850510
155038	142748	12290	1074	4719168	3778172	12757496866206320
745362	733104	12258	192	2473916	1730740	12757496869903276
158708	146330	12378	1046	4745268	3699830	12757496875290360
1044208	1032314	11894	1820	7268586	6902288	12757496884082990
885166	872944	12222	1357	5674552	5355844	12757496891124766
1399682	1387384	12298	503	3404668	3316108	12757496896409888
925280	912740	12540	3001	10712898	10314276	12757496908529412
597480	585174	12306	4432	15053606	14270810	12757496924659440
1653940	1641604	12336	3206	11084724	11660176	12757496937878828
439958	427682	12276	901	4391774	3549178	12757496943195278
1276450	1263850	12600	4711	15730164	15786268	12757496960684018
1026430	1013998	12432	1660	6598280	6402680	12757496968790018
1448832	1436484	12348	689	3565416	3918444	12757496974288354
809512	796926	12586	3718	12952856	12345994	12757496988532432
207966	195578	12388	4450	14874182	13936706	12757497004095372
628586	616102	12484	3635	12635636	11916490	12757497017843186
1662876	1650410	12466	1159	5329562	5541498	12757497025318062
379198	366776	12422	4807	16311954	15177644	12757497042494366
1436904	1424388	12516	4644	15453858	15744900	12757497059866126
391444	378982	12462	339	2605226	1816828	12757497063345844
1497260	1484726	12534	3398	11691176	12077168	12757497077015780
1493570	1481120	12450	1625	6895394	6767118	12757497085885872
1466428	1453862	12566	3388	11660844	12016880	12757497099497246
708488	696266	12222	2588	9504386	8865026	12757497110192888
454708	442190	12518	4440	15302244	14153210	12757497126450686
1259746	1247300	12446	2426	8844194	8929792	12757497137033468
809860	797572	12288	1390	6173532	5378486	12757497144499628
187102	174866	12236	517	3285804	2169190	12757497148456010
1124114	1111646	12468	3612	12358198	12343270	12757497162420920
1657934	1645822	12112	3997	13690262	14031250	12757497178254200
1650582	1638150	12432	1515	6160262	6594054	12757497186549004
1096790	1084356	12434	4807	15931836	15892106	12757497204066102
1667108	1654784	12324	2226	8680736	8770042	12757497214892948
981972	969562	12410	2777	9862746	9704568	12757497226227124
352020	339596	12424	1518	6205582	5304114	12757497233264940
1646898	1634670	12228	4911	16713174	16756564	12757497252109846
1495508	1483066	12442	1246	5349430	5657246	12757497259440668
867398	854884	12514	3597	12497516	12043496	12757497273285998
1383818	1371268	12550	3397	11755226	11958176	12757497286908218
1430712	1418134	12578	1898	7260486	7521204	12757497296080294
1443550	1431008	12542	3990	13954212	13794436	12757497311958158
1344382	1332050	12332	1573	6326304	6482828	12757497320110310
1378264	1365970	12294	2998	10987484	10763484	12757497332956624
364988	352566	12422	4025	14068694	12821538	12757497347871330
1654462	1642004	12458	903	4467234	4796438	12757497354473210
368848	356498	12350	4058	13898802	12924970	12757497369226346
531040	518866	12174	2849	10114760	9467062	12757497380351378
160854	148570	12284	2038	8010318	6670656	12757497389001556
232490	220154	12336	2576	9339374	8351310	12757497399054402
1167872	1155410	12462	1794	7257696	6949672	12757497407959778
1385720	1373396	12324	3309	11914566	11698380	12757497421738272
483368	471008	12360	1021	4575344	3947902	12757497427276568
261600	249182	12418	2521	9259394	8216570	12757497437278320
631172	619108	12064	256	2783098	1810202	12757497441170588
411326	399068	12258	1647	6601560	5749748	12757497448666320
436726	424180	12546	3051	10786146	9977626	12757497460369886
955228	943018	12210	82	1856946	1610816	12757497463662698
450994	438628	12366	3606	12401492	11655760	12757497476994446
1344678	1332462	12216	1823	7470792	7210200	12757497486289126
1517092	1504706	12386	2797	9978624	10300676	12757497498265400
1118360	1105946	12414	2847	10121088	10046846	12757497509984712
688142	675786	12356	4533	15582252	14663450	12757497526733550
1484262	1470964	13298	2314	8468280	8818930	12757497537166606
868734	856230	12504	1416	6174858	5515978	12757497544694596
1408216	1395538	12678	4815	16011828	16228202	12757497562595708
1263436	1250922	12514	1925	7412204	7434556	12757497571752676
1012940	1000740	12200	804	3954948	3827024	12757497577200642
652630	640376	12254	3314	11563314	10981978	12757497589934078
1525852	1513594	12258	3590	12293378	12682188	12757497604236214
1063930	1051510	12420	4213	14232818	14083112	12757497620016518
868940	856580	12360	4843	16346808	15772766	12757497637715892
935278	923014	12264	2107	7862256	7649138	12757497646994150
1603198	1590986	12212	466	2936736	3407410	12757497652013750
1507838	1495664	12174	165	2161500	2410762	12757497656171318
810552	798006	12546	3640	12906104	12113476	12757497670372414
1660564	1648280	12284	929	4434600	4851238	12757497676947818
1220014	1207712	12302	4618	15838316	15452342	12757497694494248
594496	582020	12476	3585	12431110	11733382	12757497708001088
645730	633226	12504	169	2256474	1561856	12757497711383318
809896	797756	12140	887	4316436	3875282	12757497716991458
924886	912592	12294	3960	13869006	13184876	12757497732268298
1694250	1681846	12404	1222	5640648	5759230	12757497740085832
612548	600394	12154	256	2789474	1787632	12757497743972228
1650850	1638518	12332	2861	10364514	10622912	12757497756470228
1688956	1676686	12270	1736	6667890	7294886	12757497765334238
699018	686776	12242	747	3752406	3343578	12757497770270206
1321216	1308958	12258	4831	15977448	16186702	12757497788050478
305380	293084	12296	3066	11024394	9891026	12757497799862048
470250	420866	49384	3173	11083912	10378454	12757497811896540
772410	760174	12236	840	3985566	3695676	12757497817205782
1651058	1638650	12408	3440	11841146	12358918	12757497831181178
888300	876282	12018	639	3512234	3212200	12757497836065912
1293180	1280888	12292	4969	16886082	16572930	12757497854727192
395076	382570	12506	2874	10317972	9407776	12757497865917244
759610	747266	12344	2794	9948084	9531842	12757497877104068
1212448	1200358	12090	1947	7324638	7451104	12757497886122380
1664596	1652288	12308	3675	12747690	13072814	12757497901018130
1006100	993668	12432	2683	9701222	9448358	12757497912205346
1658552	1646336	12216	2129	8093918	8442600	12757497922461840
792566	780226	12340	1178	5246846	4755346	12757497928988246
1660784	1648472	12312	4357	14789278	15112892	12757497945919152
1666298	1653936	12362	2768	9981366	10364510	12757497958054680
1662556	1649980	12576	1728	6809268	7243802	12757497967014488
755596	743092	12504	1345	5667168	5192722	12757497973924868
1150480	1138324	12156	2397	8728956	8734046	12757497984286028
515548	503132	12416	4420	14816338	14152750	12757498000123736
454132	441880	12252	4668	15598710	14833514	12757498016657786
1009186	996760	12426	2509	8999686	8926390	12757498027149112
612280	599704	12576	2084	7852040	7260592	12757498036092938
1053816	1041584	12232	1008	4657742	4479032	12757498042286652
1563710	1551354	12356	989	4598826	4950114	12757498048931922
658644	646230	12414	2209	8158218	7679710	12757498058229556
1656446	1643910	12536	2132	8391360	8446362	12757498068759570
1522066	1509892	12174	529	3237096	3513488	12757498074000368
383266	370838	12428	1889	7182104	6448972	12757498082046728
1607494	1595234	12260	480	3447240	3453292	12757498087583648
1533014	1520546	12468	1836	7230968	7438106	12757498096834902
1662556	1650190	12366	3609	12410444	12873062	12757498111387058
1460584	1448140	12444	3931	13380566	13635352	12757498126717984
534640	522278	12362	997	4514390	3916498	12757498132235618
1269796	1257664	12132	83	1967598	1917170	12757498135939748
563342	550914	12428	1970	7900644	6858288	12757498144873230
622330	610090	12240	897	4283750	3707702	12757498150250588
1187346	1174906	12440	3170	11055144	11093568	12757498162960594
203296	190864	12432	4614	15359372	14407966	12757498178990932
1115010	1102602	12408	4075	13776936	13708242	12757498194352222
513418	500954	12464	1936	7525898	6705220	12757498202857826
210290	197832	12458	3810	12899024	12014550	12757498216435542
929848	917312	12536	4699	15601814	15393818	12757498233439310
1659410	1646992	12418	2703	9978572	10170422	12757498245547718
1501284	1488880	12404	571	3368992	3611230	12757498250890456
1662412	1650226	12186	2121	8014272	8411768	12757498261032740
1246430	1234216	12214	204	2121824	2257942	12757498264869590
1173166	1161032	12134	653	3582588	3527602	12757498270093658
1190004	1177090	12914	4899	16398858	16251246	12757498288148476
1649350	1636946	12404	1951	7601424	7889050	12757498297870838
164812	152612	12200	1533	6596364	5155678	12757498305104420
528582	516312	12270	875	4627248	3544704	12757498310729674
493456	481198	12258	1820	7031076	6337892	12757498318724378
364892	352546	12346	1624	6426542	5624552	12757498325985158
1647654	1635286	12368	4226	14234646	14694358	12757498342333984
1411882	1399508	12374	2530	9108552	9381964	12757498353327410
911838	899538	12300	287	2443478	2172504	12757498357148970
970354	958260	12094	2017	7597886	7407832	12757498366186114
1256986	1244530	12456	4637	15645314	15535254	12757498383555946
158060	145706	12354	3099	11103134	9833334	12757498395284472
713198	700920	12278	3072	10920570	10307616	12757498407386052
502898	490514	12384	4460	15077358	14250564	12757498423432920
1579618	1567292	12326	2320	8484024	8922332	12757498433964098
851518	839182	12336	3691	12758978	12297046	12757498448044646
1304320	1292006	12314	3515	12385048	12224792	12757498462201730
1297258	1284922	12336	1689	6556848	6750158	12757498470523790
305422	293168	12254	4036	13631754	12782564	12757498484927270
213878	201590	12288	3330	11722926	10580298	12757498497330840
788600	776326	12274	3527	12147332	11765210	12757498510732946
1034608	1022278	12330	4512	15054216	14939228	12757498527310970
1348240	1335676	12564	4272	14340758	14531416	12757498543465792
1090150	1077758	12392	2431	8814162	8764382	12757498553838368
789048	776542	12506	1271	5297724	4993180	12757498560393916
956744	944586	12158	270	2537720	2165046	12757498564356492
1315456	1302968	12488	1835	7067148	7205102	12757498573206038
908460	896292	12168	2272	8301884	8107734	12757498582884904
566666	554422	12244	1381	6140708	5101666	12757498590082178
661324	648830	12494	2583	9319080	8794442	12757498600529138
489262	476758	12504	4192	14108310	13434910	12757498615593746
695204	682662	12542	4268	14315304	13869986	12757498631072262
441388	429226	12162	2526	9565356	8403542	12757498641547820
1121986	1109606	12380	4175	14054328	14013974	12757498657192688
1408762	1396558	12204	1343	5771784	5827694	12757498664841890
601434	588526	12908	2034	7893978	7158514	12757498673803276
379780	367618	12162	894	4203256	3457018	12757498678855028
228848	216488	12360	3835	12992220	12105870	12757498692543072
433234	420970	12264	1528	6106188	5404814	12757498699550186
997366	985024	12342	3525	12103668	11946692	12757498713121268
1583294	1570962	12332	2292	8595654	8840490	12757498723769112
1605538	1593182	12356	421	2835456	3263798	12757498728678800
635350	623144	12206	1282	5465772	4869670	12757498735247678
1657962	1645546	12416	1609	6341988	6874348	12757498743713374
150682	138296	12386	4497	15047918	14008448	12757498759385210
1661368	1648966	12402	1542	6150798	6676178	12757498767665630
1147370	1135016	12354	1225	5674956	5212496	12757498774960002
1501510	1489190	12320	3580	12719214	12615638	12757498789650038
1604558	1592442	12116	371	2642238	3113328	12757498794361980
175558	163090	12468	2230	8165286	7248104	12757498803174560
1378300	1365818	12482	2381	8719280	8903816	12757498813741988
582732	570220	12512	2057	7691460	7136920	12757498822484686
1078010	1065486	12524	3524	12096828	12024302	12757498836127512
377698	365446	12252	2149	8313530	7206898	12757498845285746
417364	405004	12360	4944	16546710	15614216	12757498862716928
1419622	1407280	12342	3449	11873862	12142816	12757498876477730
1656804	1644430	12374	4539	15126288	15641290	12757498893729226
810754	798622	12132	192	2192280	1784240	12757498897228928
1001256	988750	12506	2481	8983104	8825098	12757498907681824
661206	648864	12342	4389	14736612	14198458	12757498923548194
918608	906096	12512	2949	10388730	10140996	12757498935325152
1315838	1303394	12444	3720	12853656	12847854	12757498949962320
1137232	1124834	12398	4840	16363752	16021694	12757498967932340
866860	854266	12594	701	3753186	3365066	12757498973022248
294578	282170	12408	4793	16344198	15037938	12757498990128690
631474	619274	12200	2731	10063188	9203354	12757499001293846
609422	597116	12306	3654	12547850	11947074	12757499014919160
1378220	1365782	12438	3423	12246528	12021276	12757499029015122
1659684	1647384	12300	3618	12520844	12886540	12757499043665386
402038	389606	12432	937	4504132	3605364	12757499049048840
1113046	1100632	12414	2350	8550618	8544776	12757499059181348
1415330	1403044	12286	523	3337724	3378914	12757499064403970
1605526	1593392	12134	45	1621278	2138516	12757499068101698
284664	272542	12122	445	2839580	2014576	12757499071695232
1605974	1593730	12244	445	2842498	3338110	12757499076613880
836242	823810	12432	4271	14421954	14018470	12757499092340750
596884	584534	12350	4308	14701698	13888880	12757499108107286
1437568	1425282	12286	4659	15949854	15777664	12757499125962304
1434478	1422436	12042	598	3791568	3625424	12757499131657670
169328	157032	12296	2719	9801242	8727348	12757499142094560
928092	915778	12314	2527	9439938	8887818	12757499152930234
758848	746464	12384	2390	9156288	8310848	12757499163313790
171844	159436	12408	1682	6614718	5603530	12757499170571066
1671286	1659094	12192	1631	6410486	6951914	12757499179121720
962710	950752	11958	128	1972700	1744496	12757499182531328
1656744	1644298	12446	4569	15192434	15732274	12757499199847726
977298	965106	12192	126	1925604	1753324	12757499203223626
1176760	1164394	12366	87	2122344	1865042	12757499206990508
1016536	1004384	12152	3824	13447956	12858406	12757499221923308
1462870	1450636	12234	3739	13193472	13051316	12757499237046608
1585182	1572832	12350	3153	11438666	11421610	12757499250538066
699130	686794	12336	318	2642274	2050276	12757499254347788
401722	389630	12092	2058	7981410	6959894	12757499263199456
1604722	1592188	12534	3238	11378270	11713268	12757499276652350
340530	328212	12318	312	2955626	1675038	12757499280419130
1694398	1682098	12300	3157	11118546	11543942	12757499293702400
541384	529028	12356	3223	11160674	10586026	12757499305876616
621488	609312	12176	243	2259456	1747218	12757499309224950
153998	141938	12060	467	3401298	1952508	12757499313246810
1661688	1649194	12494	4652	15577568	15986136	12757499330954776
809788	797336	12452	4695	16061480	15261170	12757499348296496
840812	828386	12426	762	4180512	3521720	12757499353786500
580742	568540	12202	963	4464872	3863846	12757499359299668
479900	467602	12298	400	2773652	2099492	12757499363020748
155914	143588	12326	3189	11340756	10098374	12757499374985336
1668550	1656106	12444	4682	15497934	16081564	12757499392620458
1106526	1094214	12312	1819	7060914	6949524	12757499401261504
286706	274510	12196	895	4331764	3363472	12757499406349538
920836	908546	12290	320	2605266	2277482	12757499410344758
1574166	1561834	12332	3966	13554804	13841602	12757499425941424
1176062	1163860	12202	714	3670460	3712544	12757499431256708
238162	225694	12468	2764	9946884	8909258	12757499441910050
203244	190980	12264	1471	6009718	5005880	12757499448591120
1319584	1307266	12318	1798	7048300	7099618	12757499457429064
589986	577680	12306	3201	11164388	10572348	12757499469652470
896534	884384	12150	1900	7381404	6982146	12757499478398952
1329868	1317568	12300	4672	15718398	15713678	12757499495915450
852462	840274	12188	153	2058678	1708686	12757499499295834
354304	341874	12430	3198	11076386	10324842	12757499511194224
1088368	1076282	12086	588	3253758	3245018	12757499516004530
154336	142048	12288	2721	9774366	8699792	12757499526404438
1412794	1400432	12362	1103	4801496	5112568	12757499533088948
715594	703268	12326	2384	8792058	8247658	12757499543064308
896708	884394	12314	2908	10704960	10000416	12757499555133012
192486	180382	12104	372	3119214	1706338	12757499558912074
673734	661240	12494	3139	11353518	10466434	12757499571406666
1110084	1097584	12500	1263	5350344	5290426	12757499578334512
671194	658742	12452	2561	9279918	8735510	12757499588756696
176664	164454	12210	1519	6203034	5123290	12757499595606682
1178744	1166288	12456	1868	7195482	7168616	12757499604450042
1039670	1027338	12332	3472	12064968	11831010	12757499618024232
705332	692894	12438	4907	16684538	15791750	12757499635883430
743394	731064	12330	4167	14098608	13615324	12757499651191036
1657096	1644752	12344	951	4851348	4902626	12757499658168338
1346320	1333940	12380	1851	7211004	7284356	12757499667201218
725674	713312	12362	1590	6368058	5881010	12757499674763126
918372	906102	12270	589	3319706	3078422	12757499679469092
1098844	1086788	12056	195	2110530	2082088	12757499683145168
504448	492108	12340	2721	9809836	9049878	12757499693929594
489124	476672	12452	2067	7944798	7074974	12757499702832986
1061930	1049700	12230	2388	8786058	8608212	12757499713147542
267508	255118	12390	4887	16291098	15293684	12757499730175550
1650286	1637968	12318	4998	16724538	17033642	12757499749018688
1420100	1407890	12210	1048	4737648	4954224	12757499755651092
182460	170094	12366	388	2811790	1743894	12757499759112300
1336030	1323578	12452	4060	14150060	13884586	12757499775068498
179702	167844	11858	918	4568532	3326298	12757499780283990
779742	767232	12510	3950	13795776	12999532	12757499795327524
575912	563518	12394	3299	11773768	10850290	12757499808148658
788656	776276	12380	2518	9072210	8722334	12757499818477250
1374860	1362752	12108	1972	7599254	7674936	12757499827919292
866324	854138	12186	2965	10429932	10140126	12757499839714392
293696	281468	12228	4362	14616942	13749236	12757499855111648
220426	208106	12320	4345	15010956	13623538	12757499870813798
465574	453490	12084	252	2412194	1620042	12757499874159574
1348386	1336036	12350	2260	8439234	8510338	12757499884415974
1323854	1311564	12290	3056	10763634	10868508	12757499896973352
1321696	1309306	12390	1249	5283348	5460302	12757499904046418
1402432	1389934	12498	3482	12036054	12223424	12757499917954130
1600920	1588892	12028	578	3280256	3731094	12757499923303320
1663194	1650804	12390	3726	12745716	13214140	12757499938210186
189050	176950	12100	432	3008786	1881578	12757499941880690
642248	629828	12420	1476	5954778	5458278	12757499948945190
775654	763130	12524	1578	6596190	5896892	12757499956785188
1598112	1585726	12386	2249	8292228	8727894	12757499967142894
474874	462446	12428	4532	15156078	14437790	12757499983243526
1190336	1178236	12100	38	1838006	1703044	12757499986763336
1427578	1415388	12190	701	3647912	3924322	12757499992306924
1291868	1279558	12310	2883	10291046	10319186	12757500004358108
939956	927586	12370	3978	13559918	13243166	12757500019326578
1489070	1476784	12286	3495	12089426	12347852	12757500033394430
1391468	1378924	12544	3730	12746906	12952598	12757500048000788
642600	630140	12460	4538	15305936	14624262	12757500064419000
1053466	1041092	12374	1181	5140938	4986836	12757500071081828
1656268	1644056	12212	2714	10018518	10179638	12757500083225090
1007864	995584	12280	1225	5664740	5071304	12757500090370190
459008	446798	12210	2628	9358376	8724428	12757500100658528
651448	639122	12326	4001	13631144	13022506	12757500115408130
1199492	1187344	12148	1268	5490374	5393144	12757500122567360
1086018	1073682	12336	1116	4847188	4824664	12757500128966326
1120966	1108600	12366	4282	14670828	14335052	12757500145228658
158286	146194	12092	493	3219530	2034508	12757500149072494
1305914	1293540	12374	556	3692574	3396402	12757500154541862
217270	204788	12482	4864	16140998	15171472	12757500171371378
699164	686754	12410	3641	12437754	11994342	12757500184973952
1180630	1168288	12342	3694	13070454	12650072	12757500199692398
1666510	1654186	12324	3797	12909654	13430132	12757500214735568
378924	366706	12218	360	2623866	1856950	12757500218209636
1663124	1650732	12392	3414	12200244	12282330	12757500232539672
579994	567574	12420	2952	10486038	9814276	12757500244077446
1653318	1640994	12324	4922	16362864	16784770	12757500262563226
1436160	1423948	12212	998	4475264	4822362	12757500268948324
436622	424384	12238	2081	7838026	7084286	12757500277690508
808240	796160	12080	121	1907094	1578332	12757500280887338
773318	760800	12518	741	4240004	3401274	12757500286380240
160942	148748	12194	2532	9168504	8150954	12757500296192030
1508262	1496038	12224	1722	7132698	7072320	12757500305311756
1070494	1058278	12216	58	1938210	1655608	12757500308803658
1138900	1126726	12174	1754	7266774	6798728	12757500317691998
985150	972856	12294	2074	7705412	7601380	12757500326864056
451222	438782	12440	2597	9263060	8633252	12757500337059440
1667930	1655622	12308	2080	7893696	8304086	12757500347102112
766952	754598	12354	1836	7516160	6672732	12757500355871130
923680	911638	12042	130	1928604	1723282	12757500359206268
193298	181100	12198	2069	8167586	6795032	12757500368050040
1141302	1129038	12264	2678	9558846	9566934	12757500379233514
1467628	1455280	12348	4911	16351814	16574330	12757500397535000
1351276	1338958	12318	1080	4753278	4992322	12757500404119658
1464148	1451932	12216	967	4910088	4770218	12757500410975480
1138396	1126046	12350	2463	8900598	8918998	12757500421492748
777698	765740	11958	1022	4588196	4246168	12757500427336298
1660750	1648382	12368	3603	12496734	12852832	12757500441977528
476600	464374	12226	1355	5706116	4940570	12757500448643600
1663720	1651238	12482	3710	12661314	13201192	12757500463448348
880820	868344	12476	4999	16646928	16252824	12757500481457502
1651900	1638170	13730	3502	12010764	12543548	12757500495600728
851360	839274	12086	163	2124918	1749452	12757500499064982
561632	549402	12230	2809	9910014	9380742	12757500510019440
1543260	1530896	12364	1627	6834254	6821240	12757500518902140
584734	572430	12304	2610	9833324	8808108	12757500529801414
902236	889864	12372	3908	13215768	13009166	12757500544403828
429484	417116	12368	288	2429916	1722440	12757500547743896
1159222	1146982	12240	3458	11975874	11917844	12757500561360890
733180	721036	12144	299	2757954	2036248	12757500565334348
1584920	1572710	12210	986	4657406	4944934	12757500572055080
1461154	1448890	12264	2761	10112610	10135112	12757500584112338
1663990	1651556	12434	3415	12236364	12295112	12757500598495238
1596628	1584422	12206	1169	5203998	5504468	12757500605781350
991488	979210	12278	2529	9036612	8970636	12757500616309696
1468718	1456334	12384	2766	9816772	10170178	12757500628075958
247048	234638	12410	3818	12983898	12099040	12757500641785670
1147126	1134968	12158	1750	6719598	6795152	12757500650158928
1417544	1405086	12458	2372	9110724	8925144	12757500661170672
867640	855352	12288	1229	5305340	4956422	12757500667824578
544208	531972	12236	4289	14361798	13788590	12757500683210640
1243364	1230848	12516	3973	13900490	13541814	12757500698838132
691870	679552	12318	3125	10894824	10455958	12757500710907578
582832	570536	12296	1993	7983018	6959024	12757500719956736
286054	273848	12206	1045	5001156	3822140	12757500725723456
665548	653078	12470	4853	16076004	15600580	12757500742988606
1352380	1340298	12082	533	3314518	3355656	12757500748137766
1270246	1257962	12284	615	3584016	3519172	12757500753472748
554698	542432	12266	392	2672352	2136790	12757500757177646
1044612	1032328	12284	1915	7465064	7183548	12757500766170214
1549676	1537376	12300	3939	13542128	13749418	12757500781747358
1459824	1447452	12372	2399	8691618	9050520	12757500792380866
264598	252422	12176	503	3104796	2178514	12757500796228700
646000	633538	12462	766	3856284	3347032	12757500801213068
1020466	1008282	12184	256	2411312	2194834	12757500805125082
851434	839140	12294	2662	9528588	9226540	12757500815987726
1488060	1475628	12432	4682	15725736	15909576	12757500833680642
462916	450660	12256	2947	10407020	9694570	12757500845028022
1316704	1304126	12578	3937	13796580	13512622	12757500860624618
1653098	1640744	12354	1218	5370700	5706618	12757500868128960
194732	182364	12368	367	2700354	1701674	12757500871510020
1524226	1511764	12462	4643	15628938	15828088	12757500889144538
1037878	1025482	12396	3985	13455456	13371364	12757500904119260
1658146	1645684	12462	1715	6628398	7202846	12757500912886208
1651504	1639258	12246	948	4584480	4895738	12757500919607498
1660450	1648400	12050	1741	6905562	7281542	12757500928660778
886432	874150	12282	3084	10796994	10526804	12757500940830890
269442	257118	12324	1612	6322458	5505204	12757500947932504
1046056	1033876	12180	82	1951776	1701238	12757500951408668
144448	132124	12324	541	3272526	2196664	12757500955307570
1461174	1448980	12194	1064	4736406	5056042	12757500961984564
186548	173636	12912	1438	6316634	4900490	12757500968970240
1662396	1649934	12462	4076	14231034	14271048	12757500985344484
766130	753908	12222	224	2422968	1846700	12757500989021262
1603074	1590886	12188	447	3252258	3349560	12757500994386466
1203458	1191172	12286	757	4015180	3879974	12757501000089338
939128	926774	12354	4618	15365962	15169498	12757501016875328
1608916	1596632	12284	436	3013866	3323452	12757501021980518
599738	587280	12458	3427	12287550	11266256	12757501035354972
970988	958658	12330	270	2509878	2189928	12757501039317690
1646926	1634378	12548	3861	13144274	13612622	12757501054589798
880494	867954	12540	2504	8980472	8787492	12757501064938800
673246	660940	12306	748	3826754	3321118	12757501069918148
270330	257854	12476	979	4940676	3608832	12757501075611652
1074976	1062590	12386	2357	8641382	8538622	12757501085807978
1232974	1220692	12282	43	1614768	1769992	12757501089138368
1107170	1094564	12606	4633	15387528	15383426	12757501106116812
401600	389076	12524	2468	9399798	8198672	12757501116400932
1663566	1651000	12566	1151	5127972	5516154	12757501123675534
1390666	1378232	12434	3447	11808888	12116512	12757501137358298
727960	715436	12524	3099	10963284	10413352	12757501149529058
1671704	1659430	12274	1272	5346932	5886404	12757501157030090
1658890	1646368	12522	4199	14581524	14635342	12757501173750458
892830	880372	12458	1753	6786506	6550818	12757501181912014
1298742	1286340	12402	3094	10843766	10968576	12757501194537796
899620	887302	12318	2978	10600374	10220462	12757501206523148
1539130	1526888	12242	4698	15603054	16008142	12757501224147098
1099970	1087352	12618	3538	12168408	12098762	12757501237900062
1160494	1147970	12524	1790	7371666	6926714	12757501246915166
838502	826170	12332	184	2565594	1798794	12757501250801160
792346	779872	12474	2449	9023984	8553602	12757501261098398
1144100	1131622	12478	4167	14360008	14023276	12757501277084816
570576	558370	12206	2790	10375806	9332238	12757501288512664
1297994	1286060	11934	8	1531952	1727764	12757501291824350
282488	270272	12216	345	2674338	1723434	12757501295263680
1246362	1233850	12512	2434	9156662	8939928	12757501306148914
1650518	1637962	12556	1518	6346796	6607010	12757501314624878
1660216	1647896	12320	3876	13135998	13672102	12757501329910028
286114	273946	12168	475	3128316	2117980	12757501333809416
1402336	1389886	12450	628	3511946	3693420	12757501339205446
634838	622266	12572	3792	13170030	12395096	12757501353491922
169508	157100	12408	2114	7945980	6906480	12757501362089052
526708	514478	12230	2550	9222738	8567494	12757501372319600
923236	911006	12230	138	2173904	1746718	12757501375900628
1565662	1553204	12458	4150	14064144	14396860	12757501392010070
1021496	1008976	12520	2659	9551966	9389852	12757501403066228
1570244	1557810	12434	1973	7921554	7885454	12757501413042552
161872	149434	12438	3768	12870174	11849474	12757501426556480
718066	705268	12798	4173	14022596	13615480	12757501441777666
576452	563834	12618	2066	7720182	7168422	12757501450554750
996272	983982	12290	157	2006664	1875524	12757501454036400
1270138	1257802	12336	3739	12690680	12870354	12757501468475374
575978	563714	12264	2993	10754586	9943082	12757501480288380
525818	513464	12354	728	4060746	3113930	12757501485353040
1272106	1259912	12194	183	2093418	2228516	12757501489196918
154184	141602	12582	4562	15242648	14218832	12757501505075412
844780	832448	12332	1618	6854750	6095878	12757501513254188
652276	639836	12440	970	4704576	3964346	12757501519089278
794388	781938	12450	4618	15311604	15024568	12757501535677156
400744	388450	12294	358	2703704	1881764	12757501539264026
1656796	1644410	12386	1157	5134038	5531396	12757501546535648
1653436	1640906	12530	3241	11311728	11764466	12757501559988188
1574926	1562548	12378	4692	15659762	16026958	12757501577708228
1503296	1491208	12088	411	2810294	3143410	12757501582505936
1202266	1190026	12240	546	3370278	3246242	12757501587559178
1647440	1634936	12504	3644	12379772	12960360	12757501602088752
994858	982430	12428	4623	15509358	15240920	12757501619079080
744220	731984	12236	2433	9295962	8435122	12757501629599678
1404478	1392034	12444	3730	12870782	12979262	12757501644353390
563148	550644	12504	3606	12518978	11765694	12757501657916670
1661908	1649524	12384	3548	12181542	12714584	12757501672243886
319716	307564	12152	901	4336400	3427038	12757501677384214
892188	880120	12068	193	2427444	1880916	12757501681185976
157274	144922	12352	897	4273430	3251620	12757501686098570
740512	728248	12264	687	3669288	3205034	12757501690988576
177182	164690	12492	4937	16790424	15364490	12757501708436160
1103728	1091090	12638	895	4426914	4192790	12757501714450616
921036	908538	12498	4204	14464092	13913904	12757501730318614
1657314	1644082	13232	1193	5470400	5636626	12757501737929482
1422534	1410060	12474	1157	5191454	5296410	12757501745027206
1211510	1199228	12282	1775	7325132	6933812	12757501754043162
1659012	1646574	12438	3359	12069858	12121648	12757501768251784
1232166	1219992	12174	2438	8975022	8939962	12757501778940514
1543442	1531112	12330	912	4490784	4685928	12757501785479820
860060	847476	12584	3817	13148256	12693690	12757501799967282
1524502	1511974	12528	1772	7094154	7237360	12757501809068600
1146298	1134080	12218	834	4517916	4053184	12757501815211880
1472282	1459982	12300	2446	8887726	9200792	12757501826078648
1099884	1087324	12560	3018	11051166	10544460	12757501838710246
160996	148624	12372	1080	4835196	3804802	12757501844208908
372034	359708	12326	326	2987954	1758100	12757501848050366
1408414	1395872	12542	2323	8906058	8770708	12757501858843448
704576	692444	12132	168	2077196	1616020	12757501862105096
1466962	1454466	12496	2089	8248580	8127906	12757501872304006
1484668	1472206	12462	2884	10195218	10525628	12757501884466730
1660870	1648412	12458	2153	8125644	8514562	12757501894731818
978346	966098	12248	2873	10186458	9989702	12757501906382888
1030902	1018374	12528	4577	15437084	15136470	12757501923333102
440012	427788	12224	2046	7856244	6974810	12757501932109920
971434	959170	12264	3282	11825478	11206618	12757501945387838
755464	743176	12288	2183	8286978	7700264	12757501954913726
186320	173932	12388	1024	4643216	3660130	12757501960222520
257944	245494	12450	3381	11809184	10783778	12757501972771376
496658	484404	12254	2619	9395598	8745264	12757501983146880
230534	218034	12500	2207	8465874	7249436	12757501992326232
161158	148726	12432	2764	10008102	8843314	12757502002977296
1303784	1291562	12222	1235	5182914	5409092	12757502009943912
314828	302514	12314	4500	15501092	14191560	12757502026241760
1669758	1657330	12428	2002	7745870	8072706	12757502036135386
515214	503000	12214	758	4281230	3193874	12757502041418430
1664368	1651796	12572	1917	7319928	7812830	12757502050884680
894958	882518	12440	4866	16119684	15868994	12757502068386746
513102	500922	12180	1565	6449868	5606962	12757502075831134
261598	248954	12644	2710	9744702	8781526	12757502086318106
207546	195168	12378	3802	12992420	11995816	12757502100001174
1661920	1649416	12504	3889	13610964	13711522	12757502115755468
715708	703486	12222	1803	7127784	6522080	12757502124081176
1662184	1649648	12536	3098	10874126	11344076	12757502137097768
1602862	1590482	12380	377	2811230	3141898	12757502141994710
1450784	1438430	12354	2894	10199008	10519538	12757502154131180
1658476	1646152	12324	1815	7290018	7500506	12757502163562868
1246334	1234142	12192	697	3745254	3742896	12757502169034752
158780	146444	12336	2187	8202772	7115264	12757502177877500
1438498	1426204	12294	3418	11955666	12080168	12757502191751180
409222	396886	12336	1080	4774614	4052050	12757502197416950
1666210	1653928	12282	4588	15342504	15808372	12757502214907118
1664900	1652822	12078	1679	6719478	7100486	12757502223779712
1393738	1381220	12518	3070	10778226	10992784	12757502236431620
1653136	1640986	12150	785	3959868	4413320	12757502242527098
490328	478072	12256	2971	10415306	9790438	12757502253916328
1661920	1649734	12186	1889	7192010	7724642	12757502263252508
524320	512000	12320	3379	11606814	11047450	12757502275867028
1654690	1642102	12588	1766	6832824	7350152	12757502284835678
300584	288218	12366	3274	11376804	10506906	12757502297000352
1463480	1451284	12196	1153	5052536	5323414	12757502303996360
1652958	1640680	12278	1844	7550214	7582330	12757502313679216
1099936	1087642	12294	4103	14014616	13789620	12757502329278616
1327390	1315002	12388	2491	9055922	9189400	12757502340145606
985814	973418	12396	2528	9187820	8990584	12757502350799870
760366	747872	12494	2361	8609388	8236552	12757502360648348
1439626	1427288	12338	3613	12443482	12662086	12757502375010968
1664742	1652402	12340	4592	15761444	15818676	12757502392920942
241180	228862	12318	3249	11293014	10372784	12757502404938278
618136	605744	12392	4848	16105086	15539780	12757502422141058
1604768	1592372	12396	965	4657076	4892822	12757502428874048
931450	919048	12402	2984	10517030	10261892	12757502440791668
718810	706544	12266	3223	11208054	10764632	12757502453187908
810866	798292	12574	2530	9576428	8782856	12757502464042268
934848	922540	12308	2681	9567522	9358624	12757502475012316
384230	372086	12144	1560	6305354	5452704	12757502482168362
841232	828838	12394	3364	11686940	11308202	12757502495165378
1509940	1497424	12516	3365	12093972	11997746	12757502509236128
926600	914100	12500	3213	11209806	10942116	12757502521866312
987802	975440	12362	1309	5462274	5303384	12757502528784110
1162030	1149656	12374	3605	12600114	12350882	12757502543015858
248842	236402	12440	360	3108588	1751594	12757502546840336
1670472	1658028	12444	4757	15945978	16305588	12757502564926174
858044	845960	12084	142	2131700	1681266	12757502568390552
1661296	1648846	12450	2001	7622556	8048846	12757502578139408
182240	170022	12218	3810	12993032	11984532	12757502591789280
1450562	1438358	12204	1020	4674530	4903052	12757502598381938
660466	648200	12266	3852	13088166	12584942	12757502612600918
1120204	1108188	12016	56	1658396	1686112	12757502615850124
573072	560688	12384	4159	14058438	13420204	12757502630952574
192774	180342	12432	3229	11396510	10257378	12757502643010590
136708	124598	12110	375	2778228	1659584	12757502646393350
413626	401356	12270	1427	5775318	5081342	12757502653050998
1084396	1072278	12118	3318	11527202	11417266	12757502666154172
1156238	1144232	12006	88	2195684	1820582	12757502669973038
1245058	1232614	12444	3309	11596368	11548090	12757502683284320
1656610	1644188	12422	4516	15285024	15571772	12757502700692228
1476660	1464276	12384	4325	14570738	14823090	12757502717245452
153532	141386	12146	1821	7237134	6001568	12757502725104380
1606520	1594422	12098	52	1731936	2161922	12757502728909692
880852	868378	12474	4542	15199842	14872244	12757502745461780
770326	758326	12000	291	2588384	2038172	12757502749289888
1656538	1644076	12462	3259	11309838	11813144	12757502762722160
914138	901796	12342	4029	13538598	13372628	12757502777644410
1663658	1651078	12580	4554	15114198	15692702	12757502794890578
1138372	1125964	12408	2045	8123306	7656472	12757502804621812
508026	495622	12404	2378	8844174	8025862	12757502814442444
1551910	1539412	12498	3803	12882612	13330802	12757502829346358
692002	679624	12378	2660	9670710	9052852	12757502840176594
1325892	1313344	12548	4020	14034738	13757548	12757502856005104
1656802	1644322	12480	3310	11434076	11964496	12757502869561522
1663386	1650946	12440	3669	12607160	13042978	12757502884298974
934508	922232	12276	3489	12042874	11775014	12757502897753180
1471402	1459264	12138	640	3407592	3785564	12757502903099630
1183310	1171010	12300	1712	7123402	6708116	12757502911876842
1333060	1320790	12270	2758	10254942	9985346	12757502923935278
1661086	1648780	12306	1168	5498886	5555420	12757502931562838
771306	759094	12212	780	4018182	3505768	12757502936826334
538866	526728	12138	278	2389854	1770774	12757502940224254
161346	149028	12318	4858	16047332	15100356	12757502956927002
1664472	1652140	12332	2826	10460268	10520644	12757502969518654
952644	940146	12498	2268	8444508	8139346	12757502979389596
300844	288440	12404	3785	12882078	12028024	12757502993040566
1232596	1220246	12350	4697	15927978	15688772	12757503010669598
614906	602536	12370	2197	8128200	7610330	12757503019883426
865510	853102	12408	4071	14189934	13450082	12757503035406578
1062728	1050326	12402	3753	12991128	12693590	12757503049927620
194062	181870	12192	1188	5557694	4148260	12757503056148982
716934	704484	12450	1912	7727834	6841054	12757503065060866
1268202	1256008	12194	698	4095390	3758196	12757503070894516
1490440	1478056	12384	2219	8641914	8530306	12757503081496028
698948	686544	12404	4056	13830846	13237248	12757503096494760
1025258	1013056	12202	2425	8953346	8682536	12757503106942898
875594	863168	12426	2190	8561060	7831260	12757503116849322
304058	291986	12072	308	2422462	1624232	12757503120042818
315966	303846	12120	2187	8165904	7259566	12757503129024304
715460	703170	12290	1406	5785266	5322024	12757503135996102
1455550	1443388	12162	1209	5185272	5470526	12757503143105018
1518430	1506022	12408	2610	9826970	9730792	12757503154917758
674934	662694	12240	201	2604558	1676320	12757503158665366
1276102	1263950	12152	1784	7338594	7012832	12757503167748320
900064	887876	12188	2659	9427758	9259340	12757503178568546
799314	786860	12454	2130	7927742	7575030	12757503187763640
1005556	993280	12276	1284	5371818	5247692	12757503194608088
1660638	1648422	12216	2430	8761014	9333448	12757503205498666
1657690	1645186	12504	4695	15738590	16111232	12757503223363058
308604	296134	12470	4905	16169298	15388194	12757503240312316
436748	424590	12158	2076	7810506	7049292	12757503249027030
225404	213122	12282	2692	10062572	8681960	12757503259784480
701440	689182	12258	3880	13146984	12712946	12757503274099508
1650280	1637942	12338	3979	13676034	13957316	12757503289895888
377674	365266	12408	4091	14257946	13021468	12757503305003258
1556866	1544690	12176	551	3655398	3607292	12757503310683698
1656748	1644364	12384	1069	4834848	5257514	12757503317643170
553390	541024	12366	3150	11089580	10378802	12757503329759258
356614	344222	12392	3413	11931546	10970338	12757503342518546
917788	905498	12290	1759	6952998	6581920	12757503350861120
823268	811054	12214	1770	6795674	6520072	12757503358949108
1668450	1656012	12438	4588	15743598	15796512	12757503376829602
482158	469708	12450	1953	7847844	6726344	12757503385633526
753856	741376	12480	4215	14142772	13766944	12757503400998256
1079148	1066744	12404	4713	16115094	15584766	12757503418661086
1430086	1417676	12410	2835	10033848	10314088	12757503430594388
270826	258376	12450	308	2470394	1593574	12757503433804786
1657872	1645428	12444	4377	14597456	15155246	12757503450527232
1657180	1644652	12528	2844	9996620	10569212	12757503462656468
1210006	1197850	12156	137	1950396	2018182	12757503466288598
1210996	1197530	13466	1670	6563072	6608762	12757503474529028
1591222	1578824	12398	4240	14381630	14679220	12757503490968830
1204608	1192212	12396	4037	14088950	13687440	12757503506749666
1173572	1161188	12384	3400	11844950	11749314	12757503520237350
969702	957446	12256	120	2114816	1727636	12757503523789542
1527794	1515350	12444	2891	10282772	10579964	12757503536067650
1349446	1337008	12438	3402	12185238	11929396	12757503550069508
1308598	1295428	13170	4914	16221276	16414898	12757503568066640
203274	190846	12428	4014	13633644	12614736	12757503582371542
