# Loop @ Start frequency 2000000Hz took 1589.05 cycles
# Interval [1587 ; 1591]
# Q1 : 1584 ; Q3 : 1588
# Loop @ Target frequency 1300000Hz took 2446.53 cycles
# Interval [2444 ; 2449]
# Q1 : 2438 ; Q3 : 2442
# Confidence intervals do not overlap, alternatives are statistically different with selected confidence level
Change time (with write) [cycles]	Change time [cycles]	Write cost [cycles]	Wait time [us]	Time since last frequency change request [cycles]	Time since last frequency change [cycles]	Detected frequency change timestamp [cycles]
724022	699140	24882	3567	501062346	499992690	12757516748023974
349610	336840	12770	4812	16277410	15151032	12757516765223334
1459338	1446798	12540	907	4112516	4575464	12757516771358040
704150	691608	12542	3036	10618310	10192472	12757516783241754
759858	747132	12726	4996	16394374	16113694	12757516800961306
1552080	1539360	12720	2463	8816350	9323086	12757516811893348
562754	550130	12624	4156	14175120	13402566	12757516827197118
1663994	1651316	12678	3982	13396750	13982726	12757516842846582
1193096	1180590	12506	4075	13681476	13786512	12757516858288758
1683078	1670580	12498	3998	13658230	14047798	12757516874191966
1690256	1677822	12434	3427	12254584	12346146	12757516888699458
1399136	1386760	12376	2191	8078250	8355494	12757516898736746
1509710	1497006	12704	4544	14967508	15506772	12757516915792938
1555370	1542818	12552	3891	13152978	13601052	12757516931063274
1665156	1652586	12570	4101	14284136	14338952	12757516947576858
1256692	1244070	12622	3295	11322054	11519092	12757516960717024
508398	496020	12378	2535	9061362	8495286	12757516970853798
1280210	1268040	12170	27	1441354	1761456	12757516974169518
176202	163570	12632	2511	9193546	8091874	12757516984103146
839464	826652	12812	4626	15378636	15087806	12757517000885966
1511150	1498616	12534	4697	15871666	15971376	12757517018832498
1337908	1325352	12556	4859	16141158	16280512	12757517036888668
526678	514024	12654	1572	6697814	5626720	12757517044675946
145614	133378	12236	447	2768074	1882240	12757517048152666
903816	890358	13458	3556	12521392	11947280	12757517062139382
1267864	1255808	12056	4871	16116816	16245854	12757517080083386
387134	374636	12498	3275	11463032	10590966	12757517092499982
224504	212238	12266	1540	6047060	5230212	12757517099331618
1159196	1146572	12624	3078	10882356	10772856	12757517111935458
390704	378062	12642	1572	6299294	5491980	12757517119190892
206968	194662	12306	1286	5277092	4455180	12757517125238326
1012402	999886	12516	4158	13978246	13855214	12757517140792466
1033220	1021020	12200	156	1898200	1900602	12757517144285082
1295478	1283310	12168	590	3637122	3463038	12757517149778866
1393400	1380896	12504	1788	6871176	7143876	12757517158606902
960470	947964	12506	4822	15912754	15794016	12757517176044318
785408	773186	12222	271	2480628	1997318	12757517179867694
977662	965138	12524	2722	9683778	9520784	12757517191091666
385458	372624	12834	3041	10509582	9888394	12757517202545686
965478	953214	12264	1519	5976610	5910874	12757517210048206
865434	853050	12384	1506	6523026	5775460	12757517218019866
1000150	987594	12556	4306	14311994	14286298	12757517233891030
1283202	1270960	12242	3273	11809554	11481718	12757517247564220
1299410	1287114	12296	1904	7099228	7394286	12757517256529038
710480	698106	12374	2294	8356518	7992180	12757517266157682
1666278	1653652	12626	1597	6306170	6842058	12757517274694420
730034	717552	12482	2113	8072806	7453332	12757517284062558
1615280	1603010	12270	412	2770444	3249396	12757517289009162
863750	851510	12240	138	1809822	1676022	12757517292250158
1380450	1367936	12514	3347	11443322	11797482	12757517305636122
1309614	1296950	12664	16	1468986	1757502	12757517308975878
801912	789694	12218	1746	7190862	6428754	12757517317531780
1003956	991386	12570	4935	16209918	16173844	12757517335307860
242254	229650	12604	3464	12035126	11009134	12757517348145706
943706	931140	12566	3745	13218730	12550392	12757517362868718
1346096	1333454	12642	2732	10187052	9922568	12757517374964154
179490	167078	12412	1498	6499756	5062836	12757517382204612
1676796	1664214	12582	4146	14142444	14484926	12757517398588278
203758	191290	12468	1096	4786660	3883754	12757517404145576
1321056	1308804	12252	1260	5202982	5493476	12757517411233572
909658	897208	12450	4117	14257340	13630534	12757517426962684
947868	935396	12472	2011	7920132	7366326	12757517436395478
1267646	1255200	12446	172	2009166	2181068	12757517440234878
784382	771824	12558	2268	8387412	7972518	12757517449969200
1588000	1575634	12366	4094	14267928	14240822	12757517466386534
961334	948988	12346	745	3972042	3595768	12757517471904254
761598	749034	12564	2672	9547570	9191740	12757517482790086
205284	192746	12538	3355	11463132	10652406	12757517495037114
1672304	1659842	12462	1239	5732320	5794202	12757517503019718
717280	704714	12566	4099	13986680	13389406	12757517518306934
1668110	1655418	12692	3278	11345794	11890292	12757517531899518
175820	163188	12632	2673	9853872	8582946	12757517542507398
258170	245562	12608	2143	7850142	7081910	12757517551194198
980856	968248	12608	1737	6717798	6588058	12757517559470800
750710	738416	12294	1406	5668714	5369222	12757517566465482
450100	437642	12458	797	3824932	3244856	12757517571318614
1015134	1002882	12252	643	3320514	3348926	12757517576229186
1668078	1655394	12684	3558	12542534	12724028	12757517591017458
1251110	1238648	12462	4047	14158838	13796432	12757517607007362
295908	283464	12444	882	4243502	3345938	12757517612124558
319736	307136	12600	2473	9426978	8132330	12757517622446880
216798	204420	12378	1585	6347114	5371408	12757517629586686
0	0	0	0	0	0	0
1214712	1202090	12622	4264	14366430	14380452	12757517656128714
314900	302340	12560	2738	9993002	8919192	12757517667011598
589754	577850	11904	2733	9788650	9180686	12757517677967802
1245906	1233276	12630	4271	14230494	14436122	12757517694019398
1450874	1438254	12620	2902	10317094	10544670	12757517706363462
1665034	1652440	12594	3628	12284634	12933790	12757517720886466
550300	537686	12614	3111	11297328	10268702	12757517733317414
985476	973178	12298	266	2266196	2191362	12757517737143558
1295472	1282660	12812	4833	16171474	16171168	12757517755210180
1005526	993304	12222	157	2263270	1885504	12757517759053334
779534	767000	12534	226	2690718	1859550	12757517763101202
1253024	1240590	12434	1531	6014374	6244932	12757517770942998
523396	510866	12530	3004	11029540	9918484	12757517783073734
909012	896128	12884	3731	13188482	12483724	12757517797750246
1659526	1646656	12870	4131	13813758	14432538	12757517813803186
871194	858696	12498	3481	11945494	11697510	12757517827195006
1276730	1264530	12200	587	3324934	3438746	12757517832371178
1063302	1050712	12590	4252	14300898	14197654	12757517848313266
1355084	1342502	12582	3693	12833148	12814206	12757517863078518
709218	696598	12620	3638	12431572	12006694	12757517876795350
226100	213524	12576	2737	10118020	8828046	12757517887714998
1340796	1328190	12606	1854	6978160	7298552	12757517896608222
415756	403454	12302	262	2204860	1604822	12757517899804334
1668340	1655758	12582	2312	8454314	8997628	12757517910502300
1623828	1611584	12244	533	3234736	3627156	12757517915943738
1036994	1024340	12654	3593	12193240	12199554	12757517929752492
917328	905138	12190	99	1715316	1625978	12757517932960878
470712	457998	12714	4288	14799288	13715048	12757517948807418
633312	620700	12612	4109	14189268	13341336	12757517964206718
1445802	1433580	12222	2408	8770866	9063150	12757517975039202
391226	378644	12582	3027	11075534	9857198	12757517987084426
1367478	1354942	12536	4985	16815814	16694974	12757518005844226
1172264	1159932	12332	678	3676602	3611972	12757518011269692
850218	837588	12630	2117	8202686	7596214	12757518020898790
1160190	1147554	12636	2293	8763460	8431726	12757518031396528
1397606	1384820	12786	1789	7153222	7162790	12757518040522694
1666818	1654446	12372	914	4428014	4809534	12757518047193646
1250864	1238460	12404	4153	14452900	14091254	12757518063477762
1077224	1064944	12280	1515	6017000	6019412	12757518071148494
1667708	1655066	12642	1040	5135472	5188238	12757518078529694
822198	809672	12526	4496	15028278	14682642	12757518094961994
304880	292190	12690	3415	12244776	10937132	12757518108086142
233388	220812	12576	4104	14058206	12927448	12757518122981926
1416494	1403814	12680	3390	11997960	11972696	12757518136971522
1484406	1471770	12636	3186	11569850	11430630	12757518150599982
1676060	1663314	12746	4864	16175614	16644660	12757518169027212
915180	902600	12580	3823	12849846	12763458	12757518183374280
1669908	1657384	12524	4098	13966956	14346316	12757518199587070
718056	705846	12210	155	2070330	1590186	12757518202956918
1451858	1439402	12456	3875	13148260	13459076	12757518218131212
426614	414062	12552	4861	16571236	15382680	12757518235706622
1333302	1320442	12860	2928	10242874	10505844	12757518247860430
1076234	1064012	12222	110	1811862	1812602	12757518251326542
1211530	1198894	12636	1900	7709390	7310946	12757518260823526
1479314	1466622	12692	4545	15234468	15490286	12757518278114652
1602650	1590192	12458	3369	12105544	12096300	12757518292397172
947178	934682	12496	2297	8385582	8227658	12757518302312478
526640	513998	12642	4406	14960674	14122374	12757518318376572
462280	449974	12306	787	3801048	3227242	12757518323217614
1693220	1680678	12542	3521	12567364	12643448	12757518338051118
442840	430318	12522	2005	8028434	6852744	12757518347102080
1589420	1576800	12620	1318	5970272	5945892	12757518355234038
217130	204554	12576	4294	14403942	13477386	12757518370439118
1339818	1327378	12440	824	3983428	4217064	12757518376338460
836714	824492	12222	1278	5450534	5065164	12757518383203782
1023906	1011620	12286	2680	10048878	9458126	12757518394871598
183498	170688	12810	1094	4760074	3866554	12757518400391026
1480060	1467498	12562	3047	10596334	11007694	12757518413042380
708978	696714	12264	162	2503666	1602064	12757518416832406
270902	258380	12522	1420	5748558	4929888	12757518423427626
609798	597548	12250	1616	6535066	5857118	12757518431149878
604934	592256	12678	4621	15853602	14845956	12757518448207362
1453026	1440450	12576	1886	7057062	7502970	12757518457294722
406104	393580	12524	4189	14178954	13353880	12757518472457206
453756	441192	12564	4642	15528988	14756496	12757518489016398
219792	205990	13802	2200	8759340	7365382	12757518498569020
1679120	1666454	12666	4100	14089036	14362484	12757518514914834
1202910	1190044	12866	3859	12962352	13162372	12757518529690288
229076	216482	12594	1704	6545288	5733560	12757518537042572
1675512	1662872	12640	4153	14052708	14515482	12757518553345638
315974	303228	12746	3768	12770682	12001862	12757518567013182
359730	347022	12708	2718	9992274	8902956	12757518577941918
1113734	1100904	12830	3756	12731682	12762198	12757518592364382
1677404	1664748	12656	1692	6617790	7150532	12757518601236222
1671980	1659368	12612	4481	14858718	15489464	12757518618346976
1110314	1097600	12714	1863	7180902	7094102	12757518627215802
414970	402372	12598	2575	9204192	8528604	12757518637414360
638454	626082	12372	1574	6356982	5759468	12757518644985414
294500	281834	12666	4855	16038372	15243366	12757518661898238
1170104	1157858	12246	44	1588216	1712456	12757518665230962
260846	248102	12744	4716	16122826	14784044	12757518682192046
1219962	1207260	12702	3488	11997426	12068622	12757518695984562
157812	145382	12430	2537	9490002	8156160	12757518706211412
1669812	1657308	12504	3773	12806680	13371810	12757518721263190
492164	479946	12218	320	2516172	1859550	12757518724853142
1671836	1659302	12534	1013	5057976	5110952	12757518732156198
223526	211284	12242	613	3444296	2466548	12757518736400358
1599968	1587270	12698	4795	15826338	16356032	12757518754405092
976758	964338	12420	1000	4484386	4381386	12757518760467886
487574	474594	12980	2181	8190176	7423704	12757518769726482
678134	665448	12686	4979	16356480	15988680	12757518787335522
355158	342504	12654	1799	6933000	6144874	12757518795200986
1181878	1169372	12506	1483	5932320	6028726	12757518802893326
1151788	1139428	12360	1306	5382234	5468428	12757518810004180
1669732	1657276	12456	1083	4853976	5320864	12757518817103414
752986	740458	12528	2629	9333582	9025352	12757518827772014
361846	349398	12448	847	4084362	3307360	12757518832792006
1667534	1654976	12558	3437	11777262	12359700	12757518846814362
1251260	1238708	12552	2324	8434714	8614896	12757518857082492
1673088	1660578	12510	2335	8943018	9071106	12757518868272678
304574	291970	12604	4813	15938286	15119728	12757518885097694
834238	821320	12918	4546	15632794	14848304	12757518902142026
1008852	996360	12492	3083	11187108	10646190	12757518914916586
666206	653708	12498	4348	14914334	14089364	12757518931073514
261762	249184	12578	1639	6294190	5569654	12757518938205166
267018	254446	12572	4708	16115890	14769184	12757518955161886
752354	739844	12510	3991	13473526	13102198	12757518969965054
621290	608820	12470	895	4131670	3712076	12757518975310902
1210820	1198580	12240	130	2174860	2002176	12757518979273398
1669070	1656546	12524	3547	12276034	12692702	12757518993798102
163318	151060	12258	2350	8522672	7601858	12757519003087646
657284	644658	12626	3611	12455164	11876006	12757519016774106
782238	769524	12714	3071	10612786	10377218	12757519028744838
1675758	1662962	12796	3121	10719634	11426558	12757519041714438
1344348	1331548	12800	3537	12113652	12338644	12757519055781766
1375766	1363286	12480	1541	6002766	6397322	12757519063732278
1666992	1654332	12660	4851	15962900	16588978	12757519081941706
431148	418576	12572	3520	12008404	11374890	12757519094960830
756558	744070	12488	3752	12697722	12395044	12757519108993606
469640	456812	12828	1926	7220750	6645242	12757519117254222
195406	182766	12640	4751	15741466	14817570	12757519133769886
754798	741920	12878	2108	7711632	7474670	12757519142814056
425216	412674	12542	3409	11570380	11029086	12757519155389754
1673058	1660436	12622	1582	6356344	6816422	12757519163997018
1071100	1058788	12312	1307	5390982	5386678	12757519171041820
1495484	1482890	12594	3269	11193722	11682262	12757519184305532
579680	566918	12762	1444	5889912	5312912	12757519191350778
660644	648454	12190	367	2614638	2164562	12757519195199654
1063472	1050926	12546	4526	15011030	15019808	12757519211850714
1416558	1404266	12292	1010	4481690	4847736	12757519218324318
979518	967008	12510	3218	11272616	11019868	12757519231151500
1667586	1654950	12636	4507	15022494	15565500	12757519248417042
193838	181148	12690	3592	12200276	11353094	12757519261392840
463906	451384	12522	4429	14695842	14124512	12757519277127014
167498	154742	12756	2363	9049838	7646750	12757519286919462
1523408	1510894	12514	3697	12685728	12991586	12757519301707454
730574	718080	12494	765	3703990	3433130	12757519306720626
1084804	1072300	12504	3037	10626410	10578142	12757519319010460
1100050	1087820	12230	1186	5578638	5061062	12757519326262454
198890	186278	12612	2722	9927766	8753058	12757519336964538
1012340	999774	12566	2586	9716316	9158762	12757519348265022
1130084	1117160	12924	2562	9172540	9207990	12757519359148062
773542	761030	12512	3618	12475146	12011908	12757519372971614
1617886	1605682	12204	410	3247034	3250470	12757519378416046
1229212	1216760	12452	4858	16018656	16177474	12757519396241894
1664626	1652248	12378	1582	6305710	6802892	12757519404791054
998844	986386	12458	3846	13184644	12917584	12757519419556366
688432	675862	12570	3808	12816092	12488200	12757519433638616
1103844	1091320	12524	616	3241720	3357790	12757519438561246
831134	818898	12236	730	3595810	3419372	12757519443564942
588168	575502	12666	4975	16690208	15889524	12757519461416830
1300426	1288210	12216	3171	10906510	11195074	12757519474199294
545188	532516	12672	3263	11285938	10721296	12757519486606646
1675908	1663266	12642	3658	12396612	13026664	12757519501253086
988446	975564	12882	2970	10454690	10285326	12757519513279302
1058890	1046320	12570	1899	7339490	7148254	12757519522256446
1045420	1032816	12604	4467	14764998	14823874	12757519538643820
627342	614678	12664	4256	14128034	13773210	12757519553977182
1666428	1653630	12798	1769	7321840	7368640	12757519563542926
544936	532330	12606	4276	14473964	13747684	12757519579142626
828140	815642	12498	301	2549920	2139450	12757519583098038
1286058	1273494	12564	3424	12116622	11939940	12757519597077646
1672454	1659884	12570	2861	10082954	10641270	12757519609408542
751520	738918	12602	4112	13853952	13456752	12757519624577178
254440	241878	12562	4151	13845546	13072800	12757519639238920
289662	276894	12768	2256	8177346	7442406	12757519648267782
1335470	1322836	12634	4034	13732848	13804040	12757519663894712
824346	811744	12602	4903	16686852	15895888	12757519681969324
521610	509046	12564	1688	7061814	5970816	12757519690115358
489438	477166	12272	2109	7975690	7202044	12757519699139626
969522	956898	12624	1608	6207974	6179248	12757519706880430
1669602	1657302	12300	962	4644364	4949092	12757519713757744
1669824	1657370	12454	3338	11786384	12057552	12757519727773494
733730	721334	12396	735	3806770	3331872	12757519732880022
419742	407202	12540	1482	6447222	5251410	12757519740308562
843138	830730	12408	3071	10792376	10433092	12757519752505780
1674950	1662272	12678	4014	13595682	14086484	12757519768340778
1089740	1076994	12746	1443	5820244	5808426	12757519775815362
1511756	1499360	12396	1781	6881866	7238978	12757519784767080
1660362	1648106	12256	2561	9169634	9724772	12757519796156802
1663002	1650704	12298	2849	10537214	10584870	12757519808941962
614450	602132	12318	1244	5181462	4740546	12757519815300798
1162242	1149770	12472	2967	10527978	10436280	12757519827547602
707270	694788	12482	1604	6223564	5904516	12757519835041692
1338580	1326394	12186	39	2027448	1856230	12757519838971066
183894	171330	12564	1695	6492274	5655550	12757519846208326
1461522	1448914	12608	4374	14822110	14952994	12757519863057886
1671266	1658684	12582	3531	12575350	12636102	12757519877869794
969462	956748	12714	2513	9256060	8908648	12757519888663600
1160532	1147950	12582	2483	8890302	8991210	12757519899275772
458948	446400	12548	4695	15534588	14904870	12757519915833942
945898	933616	12282	2080	7638474	7568908	12757519925006230
176270	163608	12662	4985	16926754	15490676	12757519942672638
1470170	1457604	12566	4703	15514656	15944076	12757519960217652
885516	872910	12606	3532	12361094	11856052	12757519974025744
710840	698414	12426	2604	9301720	8929842	12757519984601298
903494	890886	12608	4218	14024082	13924472	12757520000090502
1318602	1306382	12220	596	3793200	3502326	12757520005767162
690340	677766	12574	4133	13902014	13456948	12757520020923100
1028258	1015736	12522	4664	15968950	15384810	12757520038481982
753938	741384	12554	3903	13385890	12836580	12757520053183962
963678	951084	12594	1905	7506766	7064440	12757520062216606
1670388	1657768	12620	3540	12108400	12662194	12757520076558766
408132	395604	12528	4592	15302082	14550546	12757520092837692
1204968	1192446	12522	4918	16159060	16322854	12757520110762666
1099214	1086990	12224	1158	4898830	4962270	12757520117322042
848386	835248	13138	856	4408722	3860704	12757520123140666
779112	766504	12608	3235	11578870	10860004	12757520136060400
129280	117000	12280	553	3612528	2182804	12757520140363786
692236	679732	12504	3179	10961056	10606742	12757520152577894
1607138	1594256	12882	4849	16210808	16514760	12757520170959162
467318	454654	12664	4083	14226282	13083242	12757520186220134
440344	427708	12636	4279	14741798	13645048	12757520201965574
240046	227278	12768	3894	13274802	12289952	12757520216041214
1073870	1061522	12348	1731	7191946	6652848	12757520224865934
1668086	1655418	12668	2542	9035050	9671708	12757520236132734
1246250	1233690	12560	1197	5122422	5227746	12757520243070318
344944	332248	12696	4572	15698154	14430808	12757520259674200
949490	936830	12660	4725	15604726	15490506	12757520276790318
1581318	1568908	12410	1616	6321134	6813954	12757520285257546
1667238	1654540	12698	2907	10499646	10766494	12757520297991190
774132	761424	12708	2035	8131816	7259068	12757520307465400
1136866	1124630	12236	251	2247582	2286932	12757520311410614
1268688	1256056	12632	4439	14736694	14946598	12757520327979220
1222798	1210266	12532	4084	13863560	13846072	12757520343627844
734594	721992	12602	3836	12958642	12613988	12757520357885478
1668882	1656174	12708	1843	7534956	7585762	12757520367648724
333312	320684	12628	2724	9699740	8882586	12757520378251638
1672572	1659776	12796	2228	8676392	8741820	12757520389164972
844426	831798	12628	4334	14606142	14215050	12757520405180746
775430	762770	12660	220	2675940	1833006	12757520409193998
1563240	1550590	12650	2469	8948770	9353332	12757520420268244
1446964	1434238	12726	4381	14916528	14956438	12757520437196230
932082	919364	12718	3324	11599174	11277410	12757520450283942
352484	340004	12480	1701	7055074	5843196	12757520458251972
1559548	1547022	12526	2389	8578686	9107172	12757520468952388
1388294	1375914	12380	1254	5485246	5542146	12757520476394958
1257898	1245378	12520	1146	4947768	5082022	12757520483163100
283932	271498	12434	1524	6573672	5245774	12757520490581110
1694028	1681580	12448	2838	10113514	10581936	12757520502974958
956058	943696	12362	757	3731374	3622950	12757520508225706
988550	976178	12372	1387	5687180	5535254	12757520515468016
1370816	1358384	12432	1916	7396416	7506696	12757520524795878
468400	455904	12496	778	3826758	3221148	12757520529657760
409646	397098	12548	3625	12554794	11656926	12757520543183598
1474246	1461998	12248	1366	6097666	5960548	12757520551314374
434958	422268	12690	4116	13964534	13153242	12757520566277838
1005948	993186	12762	3541	12140504	12000650	12757520579987418
1015460	1002818	12642	2343	8781424	8427792	12757520590346358
1194888	1182586	12302	138	1926220	2004744	12757520594030386
739118	726446	12672	3398	11610398	11309880	12757520606943702
1497402	1484906	12496	577	3230022	3620318	12757520612236158
706376	693528	12848	4330	14969584	14063892	12757520628474438
1666638	1654142	12496	1997	7599434	8040126	12757520638302558
1583498	1571202	12296	751	3840124	4230096	12757520644294902
510386	497864	12522	304	2291294	1817024	12757520647666226
224726	212334	12392	1683	6557314	5661516	12757520655006318
1610142	1597944	12198	24	2082546	2076240	12757520659261962
599208	586690	12518	4052	13781398	13125424	12757520674202920
980572	968244	12328	1074	4728654	4592782	12757520680480204
872900	860426	12474	192	2119146	1866660	12757520684029812
296822	284374	12448	1046	4544352	3820592	12757520689433534
174632	161984	12648	1820	7027616	6019304	12757520697197454
1448446	1436038	12408	1357	5689274	5903224	12757520704896946
1616556	1603918	12638	503	2954346	3523744	12757520710027270
1678152	1665644	12508	3001	10433102	11052066	12757520722706718
899258	886664	12594	4432	14720718	14560904	12757520738891442
1321382	1308704	12678	3206	11612652	11313858	12757520752386360
1169450	1156674	12776	901	4373622	4266492	12757520758492398
280512	267712	12800	4711	15744482	14775538	12757520775081760
477484	464764	12720	1660	6982276	5843320	12757520783105086
1369370	1356882	12488	689	4070612	3829566	12757520789108718
703906	691408	12498	3718	13139710	12233414	12757520803512374
1507190	1494438	12752	4450	14897820	15226626	12757520820480078
422116	409550	12566	3635	12489972	11699132	12757520833952294
1349224	1336708	12516	1159	4899970	5213930	12757520840763272
182950	170368	12582	4807	15896574	14968624	12757520857404550
852948	840244	12704	4644	15407084	15147606	12757520874229966
1040156	1027748	12408	339	2501848	2453796	12757520878334898
167716	155008	12708	3398	11765718	10736716	12757520890831528
456374	443564	12810	1625	6379322	5794232	12757520898230742
1397598	1384922	12676	3388	11913554	11936436	12757520912104578
781222	768622	12600	2588	9760834	8929388	12757520923208294
1669932	1657344	12588	4440	14689390	15355500	12757520940129760
749316	736660	12656	2426	8919166	8410204	12757520950360420
1475468	1463038	12430	1390	5669480	6032192	12757520958069014
503258	491052	12206	517	3177422	2449404	12757520962310346
205406	192858	12548	3612	12264154	11414492	12757520975342694
1657426	1644850	12576	3997	13902306	14017834	12757520991465706
658696	646060	12636	1515	6054436	5607664	12757520998748146
1673140	1660432	12708	4807	15845236	16458998	12757521016827974
1420940	1408518	12422	2226	8196886	8479076	12757521027011838
294674	281996	12678	2777	9952900	9006816	12757521037821012
1670530	1657726	12804	1518	5998844	6614398	12757521046053580
577640	564908	12732	4911	16153596	15675204	12757521063354702
1678546	1665994	12552	1246	5518068	5805930	12757521071114746
867744	855096	12648	3597	12776548	12032908	12757521085325086
294868	282160	12708	3397	11814734	10860586	12757521097995688
1075182	1062590	12592	1898	7139922	7154760	12757521106769862
1361894	1349274	12620	3990	13385090	13701896	12757521122077758
848756	836250	12506	1573	6728740	5956128	12757521130216974
815652	803184	12468	2998	10495546	10186200	12757521142089492
1534898	1522466	12432	4025	13690366	13980120	12757521157880742
851086	838624	12462	903	4141020	3951332	12757521163443014
1363612	1351090	12522	4058	13663444	13910338	12757521179030534
158686	146132	12554	2849	10463594	9081722	12757521190216094
1381886	1369388	12498	2038	7758546	7881222	12757521199921038
1414940	1402302	12638	2576	9166992	9518226	12757521211066638
370940	358716	12224	1794	6905166	6137756	12757521218905332
1681648	1669140	12508	3309	11436140	12006946	12757521232588528
1311336	1299146	12190	1021	4428864	4767602	12757521238919238
1581174	1568722	12452	2521	8991828	9523456	12757521250050268
574490	562290	12200	256	2419690	1740066	12757521253607598
192528	179994	12534	1647	6432012	5518014	12757521260791666
1078098	1065652	12446	3051	10528722	10609774	12757521272960266
1073932	1061800	12132	82	1764138	1715956	12757521276361948
766596	754072	12524	3606	12418774	11956038	12757521290109004
947416	934816	12600	1823	7388024	6800124	12757521299008066
339678	327146	12532	2797	10385774	9110406	12757521310297038
1678668	1666038	12630	2847	10214190	10595434	12757521322754446
538434	525834	12600	4533	14965814	14501360	12757521338826114
1440734	1428276	12458	2314	8344510	8782232	12757521349173882
1132190	1119834	12356	1416	5918856	5768526	12757521356787492
1400210	1387512	12698	4815	15992136	16209546	12757521374743212
505786	493206	12580	1925	7269708	6683140	12757521383078746
1253870	1241384	12486	804	4332782	4059980	12757521389226078
582066	569604	12462	3314	11850468	10900714	12757521402222640
1602996	1590528	12468	3590	12501588	12743668	12757521416890990
1316906	1304432	12474	4213	14621706	14323386	12757521433394838
341030	328604	12426	4843	15936310	15235598	12757521450235458
384884	372606	12278	2107	7814532	7092216	12757521458994462
508698	496278	12420	466	3289362	2297886	12757521463356258
854024	841770	12254	165	2105380	1747770	12757521466876962
1470350	1456884	13466	3640	12329082	12763766	12757521481239438
202128	189570	12558	929	4312264	3381870	12757521486316030
627010	614546	12464	4618	15361190	14847752	12757521502863494
263110	250678	12432	3585	12194658	11388062	12757521515883734
708494	696302	12192	169	2451730	1615410	12757521519606222
705344	692874	12470	887	4063810	3759420	12757521524933292
549038	499584	49454	3960	13869708	12798150	12757521539914932
1036634	1024046	12588	1222	5203416	5093346	12757521546798318
702730	690444	12286	256	2187170	1864564	12757521550253266
1377260	1364756	12504	2861	10014874	10337460	12757521562204932
700628	687626	13002	1736	6587146	6295092	12757521570051972
976796	964584	12212	747	4142668	3613056	12757521575733198
884844	872300	12544	4831	15914052	15738588	12757521593095614
1445810	1432874	12936	3066	11102734	11021202	12757521606208638
1011282	998662	12620	3173	11272844	10900048	12757521619056460
872072	859890	12182	840	4048648	3785322	12757521624537774
1109096	1096602	12494	3440	11935932	11800392	12757521638146914
1026206	1013882	12324	639	3801526	3340022	12757521643537974
675046	662524	12522	4969	16279200	15943082	12757521661054214
176024	163434	12590	2874	10140708	9176886	12757521671934018
1654686	1642152	12534	2794	9985770	10415232	12757521684139134
1298036	1285514	12522	1947	7451428	7523106	12757521693455358
348898	336202	12696	3675	12744130	11742424	12757521707114306
1385478	1372968	12510	2683	10039054	9811932	12757521719098758
1673750	1660968	12782	2129	8381502	8443776	12757521729718398
800060	787778	12282	1178	5232984	4722836	12757521736317852
186608	174218	12390	4357	14688256	13624410	12757521751752222
515152	502756	12396	2768	9719616	9208112	12757521762561734
1244650	1232358	12292	1728	6912078	6821548	12757521771294070
1271922	1259724	12198	1345	5626870	5706240	12757521778794550
1348158	1335724	12434	2397	8648682	8925574	12757521789360706
1164576	1152148	12428	4420	14855718	14803200	12757521805955140
979758	967062	12696	4668	15875862	15359586	12757521823389226
848150	835652	12498	2509	8945830	8767932	12757521833762598
587294	575090	12204	2084	7866226	7230906	12757521842791518
417132	404540	12592	1008	4413120	3843066	12757521848197092
469536	457280	12256	989	4833532	3839400	12757521854073642
1124812	1111688	13124	2209	8628844	8148314	12757521864401774
220304	207728	12576	2132	8203086	7004646	12757521873400698
210406	198210	12196	529	3206104	2203900	12757521877395286
990882	978186	12696	1889	7272618	7088288	12757521886232418
1519670	1507568	12102	480	2970956	3366570	12757521891301452
1202492	1190190	12302	1836	6852462	7102368	12757521899959800
928398	915996	12402	3609	12761428	12139448	12757521914227998
1360596	1348142	12454	3931	13634268	13535444	12757521929795142
1659012	1646766	12246	997	4374736	5051944	12757521936405430
1610990	1598828	12162	83	1705154	2265516	12757521940304958
1678820	1666602	12218	1970	7403994	7987436	12757521949964982
603372	590828	12544	897	4705040	3694856	12757521955853898
630400	618064	12336	3170	10868114	10526344	12757521967927240
884168	871682	12486	4614	15832298	15102000	12757521985222362
1663994	1651640	12354	4075	13652668	14290830	12757522001116062
599716	587498	12218	1936	7816844	6801872	12757522010113814
719598	707244	12354	3810	13432116	12537298	12757522024841740
1662782	1650392	12390	4699	16085966	16133162	12757522043167454
1509124	1496730	12394	2703	9950412	10006984	12757522055206750
1449308	1436842	12466	571	3508024	3567994	12757522060743626
917382	904930	12452	2121	7884424	7672588	12757522070118040
610826	598290	12536	204	2558470	1628802	12757522073863794
861522	849302	12220	653	3777874	3226322	12757522079079642
1622768	1610250	12518	4899	16625364	16693530	12757522097905842
747832	735602	12230	1951	7864168	6999388	12757522107098774
397154	384564	12590	1533	6202006	5396036	12757522114275132
204454	191922	12532	875	4274486	3237154	12757522119328966
1378998	1366746	12252	1820	6959502	7234656	12757522128243046
749018	736470	12548	1624	6465018	6014790	12757522136035002
1665470	1652976	12494	4226	14596690	14725868	12757522152873438
637756	625402	12354	2530	9017906	8644532	12757522163110814
520110	507894	12216	287	2884794	1786578	12757522167090498
658668	646414	12254	2017	7594916	7104690	12757522175920150
178558	166120	12438	4637	15495970	14466914	12757522192173146
268236	255810	12426	3099	11063560	9952948	12757522204078630
1185108	1172698	12410	3072	10836852	10785928	12757522216679686
1684656	1672128	12528	4460	14776524	15441528	12757522233717724
1157146	1144782	12364	2320	8563746	8508088	12757522244015386
258314	245804	12510	3691	13070830	11715420	12757522257913302
1417458	1405140	12318	3515	12072910	12342364	12757522271983606
1678602	1666098	12504	1689	7105570	7165044	12757522281340030
1666902	1654488	12414	4036	13723002	14153040	12757522297310142
468228	455844	12384	3330	11715230	10846084	12757522310073190
320388	308050	12338	3527	12581344	11286544	12757522323572806
297764	284766	12998	4512	15092446	14209050	12757522339535052
686046	673476	12570	4272	14221434	13875998	12757522355019318
1416722	1404344	12378	2431	9171214	9101858	12757522366183134
191204	178746	12458	1271	5302816	4400046	12757522372254198
633134	621080	12054	270	2551062	1850098	12757522376012174
985722	973334	12388	1835	7469114	6888444	12757522385044122
228716	216258	12458	2272	8821768	7437248	12757522394669238
1346550	1334364	12186	1381	5665848	5888902	12757522402257724
379980	367404	12576	2583	9505846	8520708	12757522412717884
1671556	1659212	12344	4192	14099444	14627702	12757522429063454
919866	907562	12304	4268	14398346	14104430	12757522444961058
223054	210732	12322	2526	9581906	8191444	12757522455343786
1324004	1311632	12372	4175	13959672	14228906	12757522471205622
782624	770244	12380	1343	5532270	5210580	12757522478098482
273578	261308	12270	2034	8111926	6771692	12757522487058882
288194	275682	12512	894	4704370	3374670	12757522492625142
1594402	1581902	12500	3835	13000054	13481042	12757522507797254
1674402	1662000	12402	1528	5994554	6653006	12757522516047762
1104036	1091642	12394	3525	12176212	12062066	12757522529909022
1428762	1416372	12390	2292	8486450	8697096	12757522540400478
1626486	1614286	12200	421	2768806	3296034	12757522545374830
1652174	1639638	12536	1282	5315314	5897460	12757522552924542
161262	149110	12152	1609	6221290	5387850	12757522559885506
1094856	1082190	12666	4497	14939500	14983498	12757522576495630
589910	577734	12176	1542	6265326	5612816	12757522583927742
1413508	1400928	12580	1225	5427554	5486988	12757522591344628
1518680	1506300	12380	3580	12229642	12640890	12757522605671802
607002	594866	12136	371	2557484	2119740	12757522609417092
1598128	1585750	12378	2230	8322498	8683308	12757522619937448
1495886	1482852	13034	2381	9164294	9027332	12757522631178114
1668586	1656222	12364	2057	8225414	8250508	12757522641649306
1526982	1514550	12432	3524	12087914	12477480	12757522655846442
235946	223532	12414	2149	8287054	7080572	12757522664949618
382032	369432	12600	4944	16416264	15585904	12757522682322526
1517596	1505086	12510	3449	12107910	12250414	12757522696524974
190574	178196	12378	4539	15216922	14180382	12757522712514678
695740	683654	12086	192	2213116	1681978	12757522715997734
1211524	1198906	12618	2481	9121694	9045436	12757522726907672
821660	809304	12356	4389	14622004	14364350	12757522742924622
1671044	1658694	12350	2949	10884048	10906404	12757522756056678
517084	504718	12366	3720	12731124	12055894	12757522769887966
993588	981240	12348	4840	16259076	15890004	12757522787714110
939890	927494	12396	701	3622270	3441522	12757522792852998
177158	164660	12498	4793	15881170	14930612	12757522809487722
207918	195464	12454	2731	9557414	8783256	12757522819831878
1517058	1504650	12408	3654	12400438	12862210	12757522834327630
1280500	1268108	12392	3423	11748620	11929592	12757522847936054
1306448	1294080	12368	3618	12326632	12544362	12757522862148162
288224	275748	12476	937	4824670	3498180	12757522867839852
1440554	1428222	12332	2350	8551062	8882730	12757522878407682
1514022	1501758	12264	523	3444710	3482668	12757522883943226
1589718	1577248	12470	45	2189166	2134462	12757522888301710
659630	647412	12218	445	2791052	2400246	12757522892336778
1622570	1610366	12204	445	3239322	3363900	12757522897776918
1276638	1264126	12512	4271	14273696	14465458	12757522913906686
1278644	1266104	12540	4308	14670416	14579910	12757522930432332
1665852	1653308	12544	4659	15471912	16014116	12757522948148118
1616960	1604820	12140	598	3424610	3815600	12757522953767802
276192	263662	12530	2719	9690854	8817988	12757522964317660
955648	943194	12454	2527	9584330	8929962	12757522975436164
242084	229526	12558	2390	8687704	7801050	12757522984940262
1430414	1418150	12264	1682	6489402	6878796	12757522993437102
324658	312410	12248	1631	6537014	5614660	12757523000876006
1401618	1389438	12180	128	2411050	2194326	12757523005262986
1151200	1138642	12558	4569	15125802	15230878	12757523022119740
1389346	1377196	12150	126	2408004	2178424	12757523026494014
1495454	1482980	12474	87	1706682	2157060	12757523030272362
306858	294398	12460	3824	13444842	12157566	12757523044598778
1664202	1651792	12410	3739	12760920	13265914	12757523059600546
722138	709706	12432	3153	11056356	10561550	12757523071961742
365018	352808	12210	318	2401758	1726416	12757523075303802
770316	757892	12424	2058	8171380	7339440	12757523084822382
472812	460346	12466	3238	11226072	10572846	12757523097094878
350748	338544	12204	312	2433280	1692574	12757523100456526
1233140	1220888	12252	3157	11133244	11090522	12757523113400118
263514	251016	12498	3223	11287666	10315782	12757523125530234
563756	551516	12240	243	2378136	1700646	12757523129047758
1505496	1493418	12078	467	3419270	3307560	12757523134550652
1589994	1577592	12402	4652	15538798	15940288	12757523152257106
631036	618568	12468	4695	15556512	15088832	12757523169024854
674414	661944	12470	762	4319342	3365666	12757523174596062
175010	162564	12446	963	4616050	3462006	12757523179962558
119690	107594	12096	400	2668906	1720116	12757523183328138
731898	719440	12458	3189	11383536	10686744	12757523196019540
1355470	1342788	12682	4682	15969858	15778708	12757523213989726
172294	159686	12608	1819	7474454	6027572	12757523222213174
191838	179582	12256	895	4696440	3274776	12757523227679598
533504	521298	12206	320	2479962	1900686	12757523231268492
342628	330176	12452	3966	13888366	12618824	12757523246077886
966410	953964	12446	714	4158634	3510660	12757523251780542
1334270	1321782	12488	2764	9751750	10011330	12757523263443498
844302	831780	12522	1471	6041294	5658542	12757523270908422
434882	422578	12304	1798	7349052	6219386	12757523279268134
651050	638454	12596	3201	11607628	10641792	12757523292102318
1665466	1653150	12316	1900	7576662	7759624	12757523301921586
885914	873426	12488	4672	15492426	15299060	12757523318880786
1592164	1579974	12190	153	2337500	2457988	12757523323387870
1672266	1659820	12446	3198	11023148	11655024	12757523336663500
1117754	1105424	12330	588	3415150	3280686	12757523341780518
1151300	1138434	12866	2721	9648252	9704222	12757523353156998
816432	804090	12342	1103	4805532	4523220	12757523359355562
1492880	1480332	12548	2384	8721396	9036738	12757523370144882
174350	161736	12614	2908	10212822	9286866	12757523381112018
251904	239686	12218	372	3138508	1775190	12757523385080206
1667446	1655008	12438	3139	11208614	11467744	12757523398533046
455206	442772	12434	1263	5420302	4646884	12757523404991534
578256	565812	12444	2561	9102680	8649212	12757523415248322
167192	154830	12362	1519	6305262	5123450	12757523422295520
1666996	1654450	12546	1868	7118508	7667266	12757523431657574
1683254	1670680	12574	3472	11882922	12485254	12757523445803174
505742	493352	12390	4907	16136754	15616292	12757523463028694
1662438	1649980	12458	4167	14371496	14543128	12757523479637500
541130	528572	12558	951	4370590	3791946	12757523485130478
1656144	1643848	12296	1851	7011624	7607266	12757523494374088
233030	220538	12492	1590	6406930	5397246	12757523501594358
1342934	1330746	12188	589	3179890	3516566	12757523506690722
1017568	1005110	12458	195	2081372	2006024	12757523510366786
621034	608404	12630	2721	9736554	9174370	12757523521301206
449234	436904	12330	2067	7757716	7043456	12757523530087002
1571180	1558604	12576	2388	8693826	9127950	12757523540926812
1400980	1388518	12462	4887	16386744	16431994	12757523559297346
802820	790206	12614	4998	16591216	16172492	12757523577266838
168558	156186	12372	1048	4792870	3733708	12757523582806906
232684	220440	12244	388	2699954	1803978	12757523586315844
473980	461336	12644	4060	13595124	13027952	12757523600961734
484068	471432	12636	918	4696420	3658746	12757523606715166
325050	312570	12480	3950	13268934	12547830	12757523620888842
220106	207714	12392	3299	11317106	10501766	12757523633000826
735766	723340	12426	2518	8976586	8677084	12757523643294166
583506	570982	12524	1972	7356850	6894814	12757523651806150
684764	672474	12290	2965	10261000	9963486	12757523663328198
1478382	1465944	12438	4362	14714802	14945426	12757523680097742
1677732	1665240	12492	4345	14658734	15083900	12757523697012132
807358	794878	12480	252	2639600	1970892	12757523701038124
1358748	1346454	12294	2260	8150712	8526486	12757523711124738
262316	250100	12216	3056	11077536	9822780	12757523723044278
904250	891998	12252	1249	5184332	5047616	12757523729710878
963646	951176	12470	3482	11838574	11795648	12757523743088414
1223630	1211472	12158	578	3139878	3357426	12757523748032298
444124	431730	12394	3726	12711262	12006268	12757523761762120
1613054	1600892	12162	432	2781550	3314256	12757523766732078
471644	459174	12470	1476	5867740	5298576	12757523773653342
1656928	1644640	12288	1578	6162512	6788884	12757523782051346
1449170	1436718	12452	2249	8124310	8591258	12757523792204958
234394	221942	12452	4532	15483550	14206144	12757523808498386
1200740	1188606	12134	38	1850224	1724978	12757523812125318
800346	788180	12166	701	3744202	3303420	12757523817249762
1393078	1380394	12684	2883	10196908	10430870	12757523829412946
286004	273518	12486	3978	13393802	12599466	12757523843671158
1108916	1096476	12440	3495	12071368	11978378	12757523857426158
1666406	1654022	12384	3730	12594554	13234902	12757523872265694
1029926	1017572	12354	4538	15132786	15019086	12757523889005718
1483320	1470816	12504	1181	5000488	5424950	12757523896067280
391990	379650	12340	2714	9777914	8914234	12757523906800750
782358	769974	12384	1225	5063082	4848574	12757523913206806
522980	510396	12584	2628	9497740	8790006	12757523923790598
386880	374424	12456	4001	13395530	12756532	12757523938130944
1380062	1367664	12398	1268	5222344	5575328	12757523945313240
1673506	1661056	12450	1116	5138266	5409904	12757523952684826
435974	423446	12528	4282	14509150	13651650	12757523968198302
1437860	1425630	12230	493	2837686	3309812	12757523973067038
1526394	1513814	12580	556	3225794	3587652	12757523978384034
787158	774568	12590	4864	16129560	15746556	12757523995865326
564364	551848	12516	3641	12316344	11859840	12757524009310966
1311344	1298876	12468	3694	12739156	12766950	12757524023923842
516882	504426	12456	3797	12972558	12281862	12757524037976958
1607938	1595786	12152	360	3022930	3079694	12757524043171226
1311842	1299372	12470	3414	11642346	11927888	12757524056693094
510618	498112	12506	2952	10228270	9742110	12757524067995106
703416	690960	12456	4922	16750894	15834052	12757524086010304
235130	222834	12296	998	4884642	3622356	12757524091689378
1061450	1048842	12608	2081	7729256	7688436	12757524101039358
1031018	1018808	12210	121	2372446	1791414	12757524105007386
743634	731200	12434	741	3800262	3361596	12757524110113126
1661606	1649228	12378	2532	9447222	9639402	12757524121784454
186872	174630	12242	1722	6556656	5741208	12757524129093774
1132938	1120538	12400	58	1788554	1704276	12757524132577698
255166	242942	12224	1754	6650622	5901962	12757524140047094
1666728	1654410	12318	2074	8223736	8274396	12757524150497118
675554	663006	12548	2597	9265782	8847354	12757524161007462
1582646	1570282	12364	2080	8238706	8207830	12757524171392966
1493228	1480824	12404	1836	6986568	7387520	12757524180440682
953778	941746	12032	130	1972128	1741704	12757524183929566
1235422	1222978	12444	2069	7837418	7827992	12757524193563974
293472	281054	12418	2678	9461264	8704076	12757524203884122
1391254	1378790	12464	4911	16580394	16488914	12757524222418256
272098	259646	12452	1080	4673534	3901034	12757524227928326
1672886	1660710	12176	967	4459276	4964244	12757524234623520
904542	892072	12470	2463	8936252	8671714	12757524245030446
1471808	1459298	12510	1022	5073352	4929162	12757524252137142
379378	367012	12366	3603	12495490	11561864	12757524265575086
386066	373830	12236	1355	5473654	4840148	12757524271995438
481666	469324	12342	3710	13111694	11981944	12757524286151506
1665928	1653528	12400	4999	16513146	17024658	12757524304894768
1263078	1250754	12324	3502	12495522	12139488	12757524319222878
1122704	1110222	12482	163	1869792	2009310	12757524322778682
1663314	1651110	12204	2809	9944328	10471698	12757524334949520
1409144	1396856	12288	1627	6879812	6677040	12757524343802562
721578	709152	12426	2610	9271722	8948256	12757524354356238
1094044	1081622	12422	3908	13455006	13188374	12757524369465536
653358	641112	12246	288	2446754	1909712	12757524373131078
1659992	1647626	12366	3458	11944042	12407418	12757524387297234
1020852	1008768	12084	299	2458428	2314518	12757524391344946
623926	611632	12294	986	4580036	3997354	12757524397113286
573406	561078	12328	2761	9847136	9232564	12757524408097486
1674130	1661776	12354	3415	11720298	12296104	12757524422052526
898758	886614	12144	1169	5509910	4793172	12757524429028674
1078250	1066002	12248	2529	9299614	9045672	12757524439991358
1206964	1193424	13540	2766	10287624	9881658	12757524452046646
947798	935490	12308	3818	13439350	12774780	12757524466994226
449262	436938	12324	1750	7254226	6087210	12757524475261782
559994	547686	12308	2372	8775902	8073686	12757524485159082
1275880	1263628	12252	1229	5481828	5350348	12757524492480254
546810	534582	12228	4289	14485068	13782028	12757524508074244
1594938	1582666	12272	3973	13688142	13885924	12757524523919026
166970	154688	12282	3125	11366718	9920690	12757524536015786
1412418	1400016	12402	1993	7969090	7771890	12757524545958466
1332440	1320054	12386	1045	4605552	4858386	12757524552459858
1665642	1653312	12330	4853	16053106	16586910	12757524570741162
1617896	1605546	12350	533	3081148	3610896	12757524576005838
975048	962910	12138	615	3525810	3212850	12757524581073346
328598	316548	12050	392	3184846	1902504	12757524585146562
949656	937488	12168	1915	7294902	7080762	12757524593956144
581722	569338	12384	3939	13719916	12771142	12757524608818804
1603490	1590996	12494	2399	9197914	9180510	12757524620204922
1636312	1623938	12374	503	3490970	3542552	12757524625900214
1022358	1010146	12212	766	3676354	3710974	12757524631167226
683718	671352	12366	256	2235582	1850946	12757524634647438
175066	162802	12264	2662	9493722	8542504	12757524644880226
280660	268092	12568	4682	16037988	14691660	12757524661760806
1211988	1199566	12422	2947	10264364	10426332	12757524673798606
749172	736882	12290	3937	13227972	12932074	12757524688336030
1044580	1032118	12462	1218	5308428	5090222	12757524695248574
125210	113192	12018	367	2919036	1623216	12757524698854452
1664724	1652352	12372	4643	15718544	15952812	12757524716800794
1067816	1055498	12318	3985	13912656	13396902	12757524732341358
372086	359906	12180	1715	6744042	5903292	12757524740022714
168888	156676	12212	948	4849132	3405964	12757524745625620
1570010	1557596	12414	1741	6905202	7178886	12757524754664538
1206106	1193692	12414	3084	10659522	10834808	12757524767092094
1660998	1648668	12330	1612	6724326	6878436	12757524776037678
929682	917482	12200	82	2258350	1574284	12757524779816590
1104788	1092692	12096	541	3628420	3116582	12757524785112494
1578050	1565720	12330	1064	5196366	5162940	12757524792448362
918344	906210	12134	1438	5920968	5618286	12757524799851438
1588300	1575664	12636	4076	13597902	14187454	12757524815626300
715638	703560	12078	224	2156802	1784376	12757524819066438
1488954	1476840	12114	447	2912758	3228310	12757524824029726
1055676	1043472	12204	757	4242550	3718830	12757524829917402
1671950	1659668	12282	4618	15829662	15890226	12757524847975998
1613988	1601818	12170	436	2727404	3319744	12757524852898126
997904	985638	12266	3427	11822596	11651858	12757524866282718
556334	544224	12110	270	2616572	1760114	12757524870019122
1658566	1646184	12382	3861	13273002	13632424	12757524885511006
1053878	1041390	12488	2504	8902450	8944044	12757524896030826
994800	982536	12264	748	4253604	3635040	12757524901864722
538310	526136	12174	979	4406170	3864476	12757524907372998
1280584	1268138	12446	2357	8719566	8735600	12757524917934776
1170756	1158328	12428	43	1925776	1723732	12757524921595984
726290	713792	12498	4633	15434106	14991486	12757524938315622
576888	564484	12404	2468	9126764	8358090	12757524948584266
1667590	1655098	12492	1151	5063682	5509804	12757524955876150
978854	966432	12422	3447	11687710	11694360	12757524969128202
1004930	992540	12390	3099	10764058	10681290	12757524981460902
1422160	1409920	12240	1272	5417124	5623294	12757524988863466
1336402	1323994	12408	4199	14060028	14302598	12757525004822414
1452346	1439832	12514	1753	7066888	7099444	12757525013904946
695966	683550	12416	3094	10788546	10375872	12757525025951958
810494	798148	12346	2978	10801574	10122842	12757525038127814
653234	640848	12386	4698	15697302	15114090	12757525055035782
1522836	1510324	12512	3538	12596954	12508822	12757525069717444
1175982	1163420	12562	1790	6825074	6936366	12757525078280262
795134	783036	12098	184	2071542	1740240	12757525081709442
1128012	1115452	12560	2449	8894020	8857864	12757525092295846
1340030	1327614	12416	4167	14058250	14206112	12757525108256238
391784	379442	12342	2790	9856066	9140430	12757525119069972
1614602	1602624	11978	8	2038276	2034356	12757525123284198
446150	433986	12164	345	2594158	1879596	12757525126917762
680478	667946	12532	2434	8673914	8360766	12757525136836878
841484	829262	12222	1518	6072462	5783676	12757525144312452
205728	193330	12398	3876	13199860	12203610	12757525158281866
359138	346668	12470	475	3064990	2182974	12757525162269066
1199818	1187678	12140	628	3334126	3475124	12757525167365606
380204	367772	12432	3792	12792932	12128114	12757525181103342
772098	759624	12474	2114	8359906	7519586	12757525190799978
918410	906038	12372	2550	9137916	8948766	12757525201418292
933986	921848	12138	138	2057568	1742460	12757525204974522
1334264	1321812	12452	4150	14457388	14175150	12757525221329652
569838	557394	12444	2659	9598834	8927826	12757525232060838
404022	391638	12384	1973	7914730	6706144	12757525240939390
1017546	1005170	12376	3768	12730154	12693024	12757525255248186
1229354	1217046	12308	4173	14126962	14116028	12757525271184558
1665168	1652846	12322	2066	8189856	8243856	12757525281601518
1158620	1146360	12260	157	2008914	2027330	12757525285335918
486254	473696	12558	3739	12642190	12073620	12757525299026322
508190	495662	12528	2993	10972250	9863450	12757525311073466
1195256	1182754	12502	728	4197064	3770372	12757525317027974
1313886	1301662	12224	183	2568918	2261044	12757525321471270
1677260	1664362	12898	4562	15238880	15728114	12757525338950846
1467700	1455242	12458	1618	6335286	6710252	12757525347342734
315488	302972	12516	970	4800920	3614970	12757525353020262
1521350	1508828	12522	4618	15805438	15741996	12757525370911302
1614396	1602216	12180	358	2844460	3084898	12757525375933630
1467040	1454656	12384	1157	4928118	5330254	12757525382894200
1285466	1273080	12386	3241	11457254	11386482	12757525396201494
647600	635124	12476	4692	15695380	15087722	12757525413107802
564328	552194	12134	411	3120520	2190526	12757525417355186
1613792	1601542	12250	546	3085746	3648704	12757525422615632
1664802	1652372	12430	3644	12279026	12970212	12757525437146034
503162	490788	12374	4623	15304158	14737944	12757525453519506
1511360	1498866	12494	2433	8907100	9187622	12757525464502938
223972	211528	12444	3730	12755736	11787008	12757525478045174
1522878	1510326	12552	3606	12234642	12712354	12757525492363006
1705998	1693550	12448	3548	12036882	12721482	12757525506669438
674506	662228	12278	901	4095812	3766972	12757525512027734
1475348	1463220	12128	193	2390304	2454036	12757525516455918
1184922	1172364	12558	897	4187718	4264744	12757525522390666
741588	729424	12164	687	3701606	3196684	12757525527397300
1665966	1653078	12888	4937	16336096	16838518	12757525545961600
1665732	1653528	12204	895	4308154	4743088	12757525552500724
302860	290506	12354	4204	14054388	13282914	12757525567422046
228228	215988	12240	1193	5221254	4198978	12757525573431790
467678	455194	12484	1157	4974530	4324532	12757525579438574
317502	305226	12276	1775	6827414	6027936	12757525587144582
1420350	1407840	12510	3359	11744680	11868090	12757525600871382
790248	777856	12392	2438	8764266	8486434	12757525610988520
1120698	1108258	12440	912	4581222	4248024	12757525617250846
1577178	1564756	12422	3817	13002850	13397976	12757525632390346
1513718	1501232	12486	1772	6780406	7211400	12757525641251562
989540	977250	12290	834	4126806	3885330	12757525646931612
1196084	1183636	12448	2446	8992992	8909702	12757525657684934
1209598	1197070	12528	3018	10485354	10640812	12757525669942270
1655450	1643028	12422	1080	4681906	5281962	12757525676840754
461376	449262	12114	326	2487888	1838310	12757525680354402
608704	596106	12598	2323	8665728	7957740	12757525690192606
766492	754288	12204	168	1984106	1670962	12757525693504924
369608	357170	12438	2089	7885512	7019784	12757525702322946
1219958	1207560	12398	2884	10300600	10251840	12757525714399572
956710	944204	12506	2153	8131546	7800482	12757525724048654
970722	958168	12554	2873	10532734	9968178	12757525736114950
1062956	1050554	12402	4577	15709874	15160588	12757525753452056
1170230	1157796	12434	2046	7659010	7692972	12757525762843038
276476	263480	12996	3282	11269004	10494402	12757525774953294
543906	531266	12640	2183	7987422	7475898	12757525784046786
262788	250446	12342	1024	5035700	3725006	12757525789909878
1413494	1400876	12618	3381	11625766	11931306	12757525803510978
678284	665750	12534	2619	9307744	8912130	12757525814061822
1668342	1655934	12408	2207	8529912	8673418	12757525824820600
1675638	1663230	12408	2764	9769514	10344026	12757525836829158
986986	974500	12486	1235	5224814	5080900	12757525843610746
1402968	1390520	12448	4500	15037212	15267180	12757525860610098
1483974	1471464	12510	2002	7419306	7877446	12757525870073746
809358	796910	12448	758	3921066	3473016	12757525875366918
1253108	1240720	12388	1917	7301642	7390114	12757525884483974
1326528	1314060	12468	4866	16034536	16286424	12757525902409786
281772	269444	12328	1565	6468282	5363040	12757525909721052
654662	642084	12578	2710	9557164	9162164	12757525920497160
954290	941822	12468	3802	12931206	12734046	12757525934946942
1306642	1294066	12576	3889	13651612	13342822	12757525950464188
1303302	1290896	12406	1803	6874214	7098960	12757525959203022
303454	290968	12486	3098	10771010	9975478	12757525970839030
228258	215814	12444	377	2534914	1756618	12757525974157750
658788	646408	12380	2894	10357780	9719086	12757525985733646
1514354	1502132	12222	1815	6835240	7346400	12757525994646012
1499438	1486820	12618	697	3467658	3983162	12757526000179814
857424	845160	12264	2187	8234500	7803604	12757526009833246
1473864	1461260	12604	3418	12261584	12099162	12757526024130054
419630	407382	12248	1080	5163066	4052040	12757526030273622
1329410	1316982	12428	4588	15656674	15460596	12757526047823718
1669244	1656882	12362	1679	6479200	7102262	12757526056546542
346094	333486	12608	3070	10657634	9942510	12757526068134582
1428038	1415438	12600	785	4015084	4188620	12757526074151760
181002	168558	12444	2971	10410018	9482040	12757526085322038
1671316	1659076	12240	1889	7365940	7733528	12757526094934934
1668832	1656314	12518	3379	11628292	12192194	12757526108813366
733550	721386	12164	1766	6902526	6428342	12757526117027322
230718	218296	12422	3274	11770578	10436344	12757526129630206
1256234	1244034	12200	1153	4847050	5116592	12757526136309222
1675190	1662674	12516	1844	7135362	7598226	12757526145697818
172730	160130	12600	4103	13870126	12864392	12757526160323838
654074	641756	12318	2491	9175870	8510250	12757526170729422
980452	968074	12378	2528	9007324	8957464	12757526181291374
1180514	1168080	12434	2361	8713278	8652564	12757526191763022
1677790	1665306	12484	3613	12243798	12900504	12757526206260910
1671306	1658870	12436	4592	15130382	15820326	12757526223648798
1360592	1348080	12512	3249	11276386	11494854	12757526236868880
354918	342474	12444	4848	16530314	15271204	12757526254356046
161030	148914	12116	965	4375054	3460758	12757526259468522
187098	174068	13030	2984	10538202	9523356	12757526270768658
299054	286640	12414	3223	11687766	10358348	12757526283330854
905172	892620	12552	2530	8970700	8888544	12757526293786510
397086	384616	12470	2681	9455058	8830794	12757526304214390
1025496	1013028	12468	1560	6509152	6100828	12757526312324980
1458408	1445956	12452	3364	11739740	11936484	12757526326096960
926478	913932	12546	3365	11596186	11399244	12757526339197546
1670802	1658316	12486	3213	11526342	11700214	12757526352975790
958078	945658	12420	1309	5342142	5284594	12757526359858886
1513662	1501082	12580	3605	12181024	12712980	12757526374130742
624530	612410	12120	360	2738170	2106246	12757526378075118
178142	165666	12476	4757	16266460	14840448	12757526395095000
1164288	1152090	12198	142	2049856	1992216	12757526398888518
343970	331550	12420	2001	7526196	6740916	12757526407331052
165214	152540	12674	3810	12795486	11970758	12757526420871566
1660878	1648650	12228	1020	4543034	5123822	12757526427649638
172098	159660	12438	3852	13371194	12106270	12757526441777626
1062908	1050738	12170	56	1643776	1641242	12757526445059742
1545620	1533164	12456	4159	13866496	14400272	12757526461048398
762824	750314	12510	3229	11178700	10837646	12757526473571802
214350	202102	12248	375	2562612	1740490	12757526476926088
308078	295790	12288	1427	6286546	4990202	12757526484097962
1486242	1473674	12568	3318	11957262	11823416	12757526498118462
1114726	1102204	12522	88	2306354	1804644	12757526502116446
358388	345830	12558	3309	11472632	10672620	12757526514522732
797534	784912	12622	4516	15103306	14722774	12757526531000654
1696190	1683596	12594	4325	14967610	15052892	12757526548240278
1155734	1143404	12330	1821	7056134	7013222	12757526557028534
1575758	1563578	12180	52	1846066	2141552	12757526561028102
953658	941074	12584	4542	15600070	14953656	12757526578159546
880154	867942	12212	291	2539090	2161316	12757526582156382
1694908	1682350	12558	3259	11738324	11855410	12757526596166606
1430958	1418388	12570	4029	13684292	13902632	12757526611857678
392540	380020	12520	4554	15064248	14429950	12757526627893466
641226	628600	12626	2045	7866430	7171864	12757526636977030
519426	506912	12514	2378	9075230	8039640	12757526647147662
1541114	1528538	12576	3803	12807634	13332684	12757526662071222
1069182	1056738	12444	2660	9630522	9438540	12757526673355302
1673894	1661382	12512	4020	13654500	14115480	12757526689259382
533894	521456	12438	3310	11502646	10843316	12757526701874658
650666	638130	12536	3669	13000106	12041858	12757526716096758
1406412	1393984	12428	3489	12134928	12254826	12757526730215626
1614566	1602326	12240	640	3495726	3942572	12757526735903718
234668	222184	12484	1712	7118932	5764556	12757526743837574
1600100	1587650	12450	2758	9679710	10264082	12757526755695918
1517130	1504882	12248	1168	4919980	5421226	12757526762718028
601030	588478	12552	780	4370734	3348034	12757526768269510
673396	661250	12146	278	2676252	1916998	12757526772193694
700700	688232	12468	4858	16219420	15645726	12757526789690358
976990	964422	12568	2826	9949080	9845074	12757526801192830
1107080	1094814	12266	2268	8574316	8297696	12757526811450714
759338	746826	12512	3785	12902478	12498422	12757526825717082
1106630	1094108	12522	4697	15640202	15569468	12757526843042936
1353576	1340986	12590	2197	8350342	8338972	12757526853324820
1663950	1651434	12516	4071	13758838	14250420	12757526869323882
602502	590016	12486	3753	12976182	12273660	12757526883484062
169702	157426	12276	1188	5017534	4136218	12757526889249494
1425794	1413324	12470	1912	7297772	7550190	12757526898553302
1230798	1218678	12120	698	3543138	3728466	12757526903901078
1409080	1396718	12362	2219	8188788	8455022	12757526914075574
1530596	1518144	12452	4056	13656446	14077508	12757526929840734
1279186	1266630	12556	2425	8654988	8940880	12757526940357586
1062706	1050370	12336	2190	8155906	8030080	12757526950152226
268056	255822	12234	308	2716672	1596060	12757526953715262
326116	313588	12528	2187	8067732	7280750	12757526962686014
214542	202062	12480	1406	5634054	4826982	12757526969110914
1669604	1657382	12222	1209	5638556	5699222	12757526976994586
661602	649156	12446	2610	9450792	8903670	12757526987688700
870412	858296	12116	201	2147128	1882178	12757526991282374
1245438	1233096	12342	1784	6751362	6990216	12757526999854878
430876	418430	12446	2659	9576940	8799734	12757527010437134
172432	159874	12558	2130	8043682	6950536	12757527019229008
1557004	1544656	12348	1284	5634738	5807110	12757527026997340
1451292	1438958	12334	2430	9194684	9127980	12757527038249622
1418924	1406502	12422	4695	15857312	15881792	12757527056102502
1439352	1426890	12462	4905	16696654	16527232	12757527074816404
469424	457142	12282	2076	7949292	7092416	12757527083836602
1690376	1677764	12612	2692	9835744	10152486	12757527095939598
1667258	1654856	12402	3880	13440334	13690062	12757527111625986
452728	440152	12576	3979	13405094	12767506	12757527126064168
483470	471110	12360	4091	13730170	13134696	12757527140855598
107598	95438	12160	551	3677046	2164626	12757527145217478
742634	730184	12450	1069	4701400	4351646	12757527151236612
498368	485828	12540	3150	11063512	10330230	12757527163376862
1410182	1397754	12428	3413	12017050	12033998	12757527177379434
220122	207684	12438	1759	6888918	5891464	12757527185063206
375530	363240	12290	1770	7318354	6084812	12757527193332198
1667982	1655562	12420	4588	15440806	15808698	12757527211016566
731118	718660	12458	1953	7272670	6987814	12757527219599986
1560646	1548214	12432	4215	14203066	14576014	12757527235941526
1672908	1660480	12428	4713	15522214	16187130	12757527253717660
1672908	1660416	12492	2835	9937682	10565358	12757527265910446
308654	296634	12020	308	2949342	1641786	12757527269774862
1383410	1370972	12438	4377	14569362	14888016	12757527286304598
1674552	1662150	12402	2844	10029888	10594718	12757527298588158
916056	903932	12124	137	1828528	1733306	12757527301914918
432216	420008	12208	1670	6416748	5842226	12757527309362142
1089642	1077136	12506	4240	14088738	14186784	12757527325118626
1363730	1351374	12356	4037	13642402	13856282	12757527340701078
161570	149076	12494	3400	11657622	10740486	12757527353098458
798368	786156	12212	120	1903686	1567872	12757527356378040
436812	424440	12372	2891	10356340	9497506	12757527367748470
937700	925356	12344	3402	11663592	11530482	12757527380924118
941856	929460	12396	4914	16323412	16052690	12757527398765802
1450728	1437444	13284	4014	13631554	13873708	12757527414424420
