# Loop @ Start frequency 2400000Hz took 1324.00 cycles
# Interval [1322 ; 1326]
# Q1 : 1320 ; Q3 : 1324
# Loop @ Target frequency 2200000Hz took 1445.25 cycles
# Interval [1443 ; 1448]
# Q1 : 1440 ; Q3 : 1444
# Confidence intervals do not overlap, alternatives are statistically different with selected confidence level
Change time (with write) [cycles]	Change time [cycles]	Write cost [cycles]	Wait time [us]	Time since last frequency change request [cycles]	Time since last frequency change [cycles]	Detected frequency change timestamp [cycles]
1214998	1193368	21630	3567	429338026	428689334	12756910306199690
547590	536946	10644	4812	16050680	15285566	12756910323163502
1023174	1012698	10476	907	4455422	4074304	12756910329002316
946680	936244	10436	3036	10765446	10368586	12756910341074026
828932	818368	10564	4996	16540654	16116268	12756910358803054
1201994	1191714	10280	2463	9064736	8909720	12756910369429736
199194	188788	10406	4156	14245412	12975334	12756910384235566
1664178	1653708	10470	3982	13460940	13916638	12756910399722244
429042	418614	10428	4075	13768698	12963124	12756910414280710
985206	974740	10466	3998	13768896	13287320	12756910429397332
1196256	1186026	10230	3427	11909826	11790194	12756910442878942
303328	292914	10414	2191	8499666	7198784	12756910452042196
1268110	1257508	10602	4544	15263936	15203808	12756910468935196
711054	700698	10356	3891	13228272	12692890	12756910483234966
1056544	1046064	10480	4101	13931806	13666974	12756910498583870
1242698	1232294	10404	3295	11578242	11438874	12756910511765280
1200190	1189868	10322	2535	9305936	9140798	12756910522631866
1320590	1310384	10206	27	1787912	1739214	12756910526101310
468756	458246	10510	2511	9456894	8320864	12756910536386112
1672198	1661004	11194	4626	15521986	15855354	12756910553939786
607742	597192	10550	4697	16003158	15003004	12756910570910640
842944	832644	10300	4859	16137488	15720824	12756910588250326
169800	159310	10490	1572	6371344	5212440	12756910595152232
1592860	1582478	10382	447	3290900	3282880	12756910600397176
1660400	1650018	10382	3556	12371702	12640664	12756910614788840
830628	820180	10448	4871	16194474	15744158	12756910632173836
167594	157004	10590	3275	11439076	10306120	12756910644140836
1120738	1110404	10334	1540	6573872	6067510	12756910652196256
1352240	1341840	10400	3078	11196560	10900946	12756910665105682
662390	651944	10446	1572	6480864	5702190	12756910672610426
1444682	1434484	10198	1286	5603116	5629016	12756910680018964
627388	617048	10340	4158	14352928	13411098	12756910695360360
1604068	1593850	10218	156	2028362	2405020	12756910699353946
1622150	1611990	10160	590	3547060	3724524	12756910704884936
859934	849714	10220	1788	7072606	6548278	12756910713200206
1665930	1655680	10250	4822	16375128	16433860	12756910731601462
1028668	1018400	10268	271	2459856	2176338	12756910735450640
436504	426120	10384	2722	9872950	8918934	12756910746120716
1661826	1651406	10420	3041	11049970	11101682	12756910759192018
275680	265218	10462	1519	6249896	5159150	12756910766078216
1521150	1510994	10156	1506	6447666	6364910	12756910774407922
740344	729868	10476	4306	14446620	13965794	12756910789956410
1428964	1418420	10544	3273	11385626	11561730	12756910803131422
157804	147460	10344	1904	7350590	6192082	12756910811000602
1485016	1474274	10742	2294	8490496	8762566	12756910821336502
340924	330494	10430	1597	6556072	5459180	12756910828593472
1671020	1660610	10410	2113	8020786	8331742	12756910838644942
161616	151350	10266	412	2966266	1730710	12756910842133692
1605016	1594760	10256	138	2360126	2355152	12756910846459232
179308	168804	10504	3347	11637968	10532564	12756910858636300
1211076	1200730	10346	16	1805166	1612366	12756910862013442
817228	806858	10370	1746	7165566	6378854	12756910870357006
1018270	1007800	10470	4935	16599728	16127120	12756910888335892
1129182	1118858	10324	3464	12152508	11834282	12756910901977750
1300326	1289952	10374	3745	13147464	12843886	12756910916787154
382954	371740	11214	2732	9857322	8896710	12756910927389452
573676	563296	10380	1498	6148916	5394680	12756910934472832
471760	461258	10502	4146	14355032	13219000	12756910949661736
166268	155980	10288	1096	5052942	3780602	12756910955240260
887930	877520	10410	1260	5713622	4995140	12756910962202152
1658158	1647704	10454	4117	13959882	14315364	12756910978179386
828978	818664	10314	2011	7732876	7183694	12756910987101046
860590	850354	10236	172	2195206	1711542	12756910990517622
662746	652300	10446	2268	8533270	7808560	12756911000073706
368054	357646	10408	4094	14193362	12956956	12756911014994922
990298	979794	10504	745	3823768	3558644	12756911020169416
1260158	1249408	10750	2672	9727056	9595760	12756911031515996
226574	216140	10434	3355	11797036	10604800	12756911043899592
1276610	1266406	10204	1239	5317702	5322026	12756911050854652
1103042	1092494	10548	4099	13858086	13708688	12756911066175320
424216	413890	10326	3278	11754212	10571600	12756911078713252
394822	384494	10328	2673	9684384	8732508	12756911089153040
1219944	1209648	10296	2143	8076934	7971180	12756911098810136
1682400	1672108	10292	1737	6843342	7218760	12756911107697746
712728	702378	10350	1406	5903596	5258994	12756911114674220
742634	732364	10270	797	3987994	3462374	12756911119765036
1557174	1546854	10320	643	3572886	3816904	12756911125254526
157758	147344	10414	3558	12262606	11142628	12756911138035546
1545608	1535202	10406	4047	13697716	13992970	12756911153639770
792184	781860	10324	882	4409872	3766694	12756911159201272
1279248	1268868	10380	2473	9346818	9017480	12756911170187536
869490	859140	10350	1585	6557178	5950340	12756911177975242
1007424	997034	10390	2540	9542998	8946528	12756911188884716
1141006	1130674	10332	4264	14375180	14240624	12756911204761012
193274	182742	10532	2738	9824988	8724156	12756911215138422
473554	463214	10340	2733	9905736	8991770	12756911225878916
359090	348736	10354	4271	14723572	13477732	12756911241321538
1658584	1648136	10448	2902	10343226	10683440	12756911253682852
1236846	1226380	10466	3628	12558250	12431906	12756911267839498
503276	492926	10350	3111	11206206	10152580	12756911279909592
544846	534654	10192	266	2736086	1676800	12756911283551686
1230552	1220224	10328	4833	16141580	16031694	12756911301285000
1273824	1263530	10294	157	2346942	2081928	12756911305266956
1002240	992056	10184	226	2457002	2014180	12756911309086632
1267806	1257474	10332	1531	6523160	6186156	12756911317238532
367380	357040	10340	3004	10525714	9693726	12756911328492302
250368	239854	10514	3731	13078162	11752104	12756911342181536
1043446	1033104	10342	4131	14355620	13744858	12756911357942206
1484272	1473892	10380	3481	12169706	12237512	12756911371955848
1236682	1226450	10232	587	3698346	3331098	12756911377251050
1651622	1641298	10324	4252	14462872	14713706	12756911393725954
917274	906940	10334	3693	12800712	12304528	12756911407803536
1460284	1449884	10400	3638	12481132	12685454	12756911422104946
359570	349148	10422	2737	9854204	8887184	12756911432679530
1338850	1328540	10310	1854	7486382	7224316	12756911441865412
582320	571984	10336	262	2541744	1702046	12756911445349766
161214	150888	10326	2312	8469682	7419020	12756911454341396
250250	240074	10176	533	3321934	2180720	12756911458273312
1079960	1069348	10612	3593	12370130	12170840	12756911472083276
1591156	1580986	10170	99	2253354	2224766	12756911476287712
975798	965424	10374	4288	14454000	14145010	12756911492076496
317184	306846	10338	4109	14248308	12952166	12756911507001922
1021814	1011654	10160	2408	9149660	8567364	12756911517553246
482540	472160	10380	3027	10941536	9881940	12756911529338732
1664878	1654484	10394	4985	16600662	16930518	12756911547966746
1307124	1296910	10214	678	3753586	3673170	12756911553388312
576860	566544	10316	2117	8017576	7250414	12756911562343016
1654178	1643820	10358	2293	8606842	8853768	12756911572964716
491370	481022	10348	1789	7298236	6181736	12756911581115908
417350	406938	10412	914	4289040	3488254	12756911586183666
1507408	1496844	10564	4153	13986252	14272400	12756911602037756
1668704	1658170	10534	1515	6101944	6541090	12756911610169186
432984	422424	10560	1040	4852240	3881954	12756911615814106
600800	590492	10308	4496	15395006	14391720	12756911632170572
699254	688870	10384	3415	11764826	11255330	12756911644994816
409274	398954	10320	4104	14223486	13028008	12756911659986616
560258	549958	10300	3390	12085982	11041542	12756911672992130
916066	905666	10400	3186	11182884	10805002	12756911685451282
893646	883234	10412	4864	16165922	15789522	12756911702871522
376320	365794	10526	3823	13087930	12151814	12756911716696192
344878	334538	10340	4098	13833152	12946718	12756911731234250
961672	951514	10158	155	2137736	1761990	12756911734694272
736044	725690	10354	3875	13268602	12669394	12756911749059166
721660	711244	10416	4861	16209938	15606534	12756911766349786
1667222	1656862	10360	2928	10503396	10767398	12756911778880834
1176412	1166212	10200	110	2110968	1843420	12756911782529212
964296	954046	10250	1900	7461452	6988086	12756911791325772
1513160	1502790	10370	4545	15271438	15452720	12756911808470272
539718	529372	10346	3369	11714284	10957644	12756911821084670
1664740	1654270	10470	2297	8569832	8874584	12756911831679202
1659794	1649524	10270	4406	14741698	15185704	12756911848440496
689000	678694	10306	787	3911964	3382008	12756911853401636
212194	201858	10336	3521	12340900	11087738	12756911866315106
1224834	1214534	10300	2005	7676090	7569218	12756911875600226
665144	654704	10440	1318	5526294	4953164	12756911882160590
355820	345318	10502	4294	14609934	13549358	12756911897495246
757038	746550	10488	824	4137108	3564484	12756911902756906
1367108	1356890	10218	1278	5484932	5534628	12756911909978276
179064	168640	10424	2680	9820392	8543460	12756911920345852
1335088	1324814	10274	1094	4850088	4953204	12756911926898096
188690	178290	10400	3047	11084718	9651700	12756911938540362
903808	893534	10274	162	2055936	1730416	12756911941868296
798768	788372	10396	1420	5937320	5391018	12756911948973170
1114618	1104100	10518	1616	6466568	6296494	12756911956923946
1569362	1558892	10470	4621	15776572	15744016	12756911974638784
1098942	1088662	10280	1886	7202286	7088128	12756911983308724
889780	872210	17570	4189	14342496	13770404	12756911998908076
946536	936184	10352	4642	15845730	15182760	12756912016069312
282430	272100	10330	2200	8513076	7211346	12756912025233942
1402118	1391758	10360	4100	14067576	14018754	12756912041072760
509570	499316	10254	3859	13502586	12405160	12756912055452942
1662932	1652700	10232	1704	6678980	7106696	12756912064163372
1345948	1335554	10394	4153	14252244	14118710	12756912080130836
1275324	1264900	10424	3768	13226538	12897804	12756912095000782
652694	642330	10364	2718	10086862	9132830	12756912106107406
900914	890480	10434	3756	12892580	12486976	12756912120269656
445644	435268	10376	1692	6694112	5852708	12756912127778520
980994	970608	10386	4481	15013072	14748304	12756912144140266
913254	902906	10348	1863	7202386	6834334	12756912152623342
806894	796388	10506	2575	9486954	8858864	12756912163285476
1387360	1376940	10420	1574	6513088	6442266	12756912171554652
1301904	1291480	10424	4855	16145360	16178070	12756912189369806
1605128	1594888	10240	44	1679558	2081090	12756912193034066
360930	350420	10510	4716	15909514	14820140	12756912209672582
1649704	1639316	10388	3488	12132246	12433944	12756912223824802
828994	818558	10436	2537	9176710	8789624	12756912234200516
804498	794124	10374	3773	12915648	12441794	12756912248290606
309504	299084	10420	320	2886412	1612970	12756912251856956
1504240	1493998	10242	1013	4615790	4880964	12756912258346216
1583540	1573224	10316	613	3612504	3763958	12756912263911496
1243380	1232984	10396	4795	16298180	15938104	12756912281822076
1604814	1594554	10260	1000	4723698	4942060	12756912288519436
158540	148264	10276	2181	8199552	7028806	12756912297246072
836732	826426	10306	4979	16469308	16082562	12756912314938984
1003870	993514	10356	1799	7336110	6732296	12756912323647856
210134	199860	10274	1483	6223378	4994390	12756912330450106
1668024	1657644	10380	1306	5477002	5921130	12756912337962656
195124	184808	10316	1083	4780610	3782254	12756912343307620
1149240	1138946	10294	2629	9638956	9372326	12756912354464548
1204828	1194184	10644	847	4125736	4082684	12756912360164726
1022034	1011564	10470	3437	12034910	11653468	12756912373590656
1660010	1649488	10522	2324	8791164	8958364	12756912384410546
1660274	1649860	10414	2335	8676622	8994468	12756912395116456
1035348	1024824	10524	4813	16355330	15786378	12756912412877000
905784	895250	10534	4546	15160606	14857340	12756912429313132
996884	986640	10244	3083	10845962	10568458	12756912441525506
467352	456808	10544	4348	14758244	13825324	12756912457118760
1657620	1647334	10286	1639	6648688	6908530	12756912465794312
1658604	1648294	10310	4708	15821400	16092646	12756912483641932
546998	536664	10334	3991	13686702	12837340	12756912498243136
746734	736444	10290	895	4630792	3768390	12756912503988666
1603892	1593752	10140	130	2347070	2337242	12756912508308664
776860	766544	10316	3547	12365962	11735866	12756912521820642
1659844	1649518	10326	2350	8717404	9037834	12756912532565300
1665398	1655054	10344	3611	12547088	12818802	12756912547146290
877718	867168	10550	3071	10771682	10413950	12756912559165190
767514	757014	10500	3121	11037100	10454264	12756912571337896
1537544	1527168	10376	3537	12246932	12469208	12756912585492260
986722	976474	10248	1541	6237032	5942602	12756912593085082
1440588	1430296	10292	4851	16466328	16304230	12756912611361736
1568384	1558060	10324	3520	12477588	12447040	12756912625777632
1277464	1266968	10496	3752	12897786	12851508	12756912640322546
268144	257466	10678	1926	7551770	6375210	12756912648510426
1200892	1190442	10450	4751	15926738	15765298	12756912666005914
788500	778110	10390	2108	8271206	7440830	12756912675434266
307292	296888	10404	3409	12160144	10855870	12756912688271470
1395484	1385080	10404	1582	6434690	6476040	12756912696470796
1350808	1340340	10468	1307	5508888	5607378	12756912703698896
700644	690094	10550	3269	11376346	10830954	12756912716145746
258634	248150	10484	1444	6272158	4925506	12756912723066262
879398	869044	10354	367	3055198	2321608	12756912727371266
1292278	1281484	10794	4526	15277028	15184378	12756912744308026
1660324	1649914	10410	1010	4665460	5028298	12756912751003076
1016110	1005404	10706	3218	11409906	10991680	12756912763797016
742978	732558	10420	4507	15095146	14576744	12756912780002786
403734	393178	10556	3592	12657922	11498690	12756912793433876
1283824	1273430	10394	4429	14920192	14884830	12756912810005832
986688	976152	10536	2363	9050242	8427504	12756912820411310
310274	299920	10354	3697	12872000	11720904	12756912833963146
1385724	1375440	10284	765	4211118	4029284	12756912839929072
916754	906290	10464	3037	11087848	10350678	12756912852302626
324078	313816	10262	1186	5196774	4219744	12756912858192616
1113888	1103548	10340	2722	10053206	9604504	12756912869729980
897298	887052	10246	2586	9428694	8980352	12756912880425454
1658864	1648468	10396	2562	9464682	9672164	12756912891916696
619582	609204	10378	3618	12574098	11794282	12756912905479730
151440	141104	10336	410	3178542	1723276	12756912909177712
1503798	1493594	10204	4858	16378526	16387930	12756912927428036
442496	432194	10302	1582	6522902	5523250	12756912934761812
1666038	1655724	10314	3846	13113382	13521312	12756912949911350
1681250	1670874	10376	3808	13059740	13424508	12756912965022770
995670	985394	10276	616	3844696	3183270	12756912970233302
810400	800260	10140	730	3781256	3339850	12756912975192766
1659568	1649314	10254	4975	16587526	16895250	12756912993807896
991360	981126	10234	3171	11119958	10827736	12756913006287502
724456	714090	10366	3263	11547980	10834440	12756913018929022
1350668	1340414	10254	3658	12536716	12642064	12756913033184856
1132098	1121818	10280	2970	10557912	10366370	12756913045243250
1322836	1312474	10362	1899	7477714	7352044	12756913054412716
1124850	1114536	10314	4467	15154512	14837294	12756913071061762
1256614	1246250	10364	4256	14639872	14339136	12756913087328322
379938	369604	10334	1769	6945120	6019054	12756913095038266
1319340	1308932	10408	4276	14709822	14460536	12756913111436008
618576	608428	10148	301	2576352	1865242	12756913115000224
361570	351196	10374	3424	12194458	10954122	12756913127923962
1344324	1334014	10310	2861	10353852	10253240	12756913139989406
1656676	1646304	10372	4112	14221460	14307584	12756913156236076
1655058	1644734	10324	4151	13968218	14423620	12756913172228506
1017024	1006704	10320	2256	8699904	8114482	12756913182314002
842934	832550	10384	4034	13854366	13261984	12756913197379846
1662916	1652536	10380	4903	16328996	16680716	12756913215741208
221940	211634	10306	1688	6764826	5619106	12756913223096452
178774	168412	10362	2109	8265010	6835318	12756913231909330
385908	375684	10224	1608	6407896	5542760	12756913239071896
843232	832938	10294	962	4833466	4067174	12756913245117050
1383904	1373530	10374	3338	11572744	11718106	12756913258443342
844098	833850	10248	735	3867408	3391268	12756913263524266
431252	421060	10192	1482	6370600	5212136	12756913270695452
507508	497120	10388	3071	10787256	10045464	12756913282360280
1540754	1530518	10236	4014	13673858	13898094	12756913297942046
595126	584768	10358	1443	5976820	5258220	12756913304882686
1431104	1420918	10186	1781	7111430	7106478	12756913313793466
631704	620884	10820	2561	9345266	8643274	12756913324139706
1325288	1314864	10424	2849	10327420	10195024	12756913336161496
1286002	1275662	10340	1244	5392096	5355074	12756913343209370
758188	747758	10430	2967	10509614	9983270	12756913354844746
1651442	1641110	10332	1604	6390770	6792590	12756913363256150
1614168	1603918	10250	39	1650410	2074298	12756913366891220
1662234	1651914	10320	1695	7022988	7080220	12756913375944946
970892	960322	10570	4374	14719336	14406718	12756913392004894
1141794	1131334	10460	3531	12466128	12055668	12756913405982086
1666060	1655660	10400	2513	9109132	9531844	12756913417128132
476190	465794	10396	2483	9109752	8253200	12756913427083852
1659954	1649524	10430	4695	16005366	16057034	12756913445117626
655254	644754	10500	2080	8177260	7224944	12756913454318776
373162	362522	10640	4985	16868162	15638258	12756913471928350
1343604	1333154	10450	4703	15668990	15763178	12756913489308866
807212	796936	10276	3532	12358600	11723520	12756913502845052
1664716	1654264	10452	2604	9384236	9803148	12756913514261596
567136	556724	10412	4218	14573960	13535866	12756913529771692
1313340	1302974	10366	596	3395676	3443860	12756913534848586
1449444	1439108	10336	4133	14324986	14165150	12756913550990756
1665924	1655650	10274	4664	15910852	15971134	12756913568937236
219214	208848	10366	3903	13567954	12248512	12756913583092520
970480	960330	10150	1905	7648790	7015354	12756913592080276
1295074	1284770	10304	3540	12541616	12234074	12756913606286026
1662368	1652078	10290	4592	15316018	15751564	12756913623632050
443438	433234	10204	4918	16327302	15506214	12756913640771616
1083232	1072944	10288	1158	5005058	4893998	12756913647229640
748830	738630	10200	856	4350870	3655468	12756913652698396
1449748	1439464	10284	3235	11630102	11474470	12756913666146136
1492814	1482812	10002	553	3334580	3491748	12756913671343010
1031894	1021664	10230	3179	11397262	10890610	12756913684140616
1661794	1651620	10174	4849	16191564	16533278	12756913702362866
959210	948996	10214	4083	14011632	13523204	12756913717702302
840266	830012	10254	4279	14399698	13990760	12756913733311048
1664868	1654582	10286	3894	13279938	13664914	12756913748624260
982180	972030	10150	1731	6867476	6506950	12756913756842586
659050	648794	10256	2542	9174302	8612764	12756913767045526
1435394	1425180	10214	1197	5250688	5359844	12756913774100896
536374	526116	10258	4572	15252704	14563426	12756913790258482
1658256	1648030	10226	4725	16091194	16143910	12756913808377042
1085814	1075764	10050	1616	6783610	6267160	12756913816615726
1528734	1518516	10218	2907	10285854	10576670	12756913828799842
1134214	1123994	10220	2035	7676072	7568810	12756913837979656
539190	529074	10116	251	2711058	1634240	12756913841598622
221394	211024	10370	4439	15236022	13851174	12756913857445586
809618	799264	10354	4084	13813886	13374314	12756913872438616
1065394	1055050	10344	3836	13143720	12890194	12756913887015466
1329506	1318460	11046	1843	7292756	7187098	12756913896006866
864324	854010	10314	2724	10010798	9359710	12756913907249932
1047384	1037020	10364	2228	8630898	8059234	12756913917297676
889534	878988	10546	4334	14589456	14203668	12756913933145900
1407776	1397644	10132	220	2333480	2409776	12756913937255576
1656014	1645804	10210	2469	9243592	9387400	12756913948553596
1112730	1102434	10296	4381	14750832	14569964	12756913964785576
169404	159158	10246	3324	11486674	10461124	12756913976810530
1532630	1522454	10176	1701	7039344	6965368	12756913985751746
1243368	1233226	10142	2389	9033226	8738474	12756913996398586
1656826	1646514	10312	1254	5428758	5752338	12756914003854426
1662174	1652030	10144	1146	4990730	5436684	12756914010875096
318260	307792	10468	1524	6437178	5214072	12756914017992140
1260800	1250210	10590	2838	10437010	10089784	12756914030050362
981220	970838	10382	757	4211648	3584908	12756914035603936
284260	274046	10214	1387	5828826	4769360	12756914042078006
1668998	1658724	10274	1916	7675688	7739860	12756914051782966
702024	691670	10354	778	4163492	3367250	12756914057008372
179230	168790	10440	3625	12792774	11364130	12756914070351646
1202544	1192070	10474	1366	5813770	5627950	12756914077728976
949912	939062	10850	4116	13895116	13604984	12756914092934720
1658818	1648474	10344	3541	12541198	12593140	12756914107509676
1574838	1564524	10314	2343	8546506	8921866	12756914117990746
961060	950794	10266	138	2180394	1709960	12756914121492166
461730	451384	10346	3398	11951422	10965206	12756914134266332
1094302	1084218	10084	577	3265368	3156148	12756914138987270
282480	272210	10270	4330	14923648	13578244	12756914154552662
659596	649300	10296	1997	7725500	6972094	12756914163297922
1331268	1320868	10400	751	4019990	3918834	12756914169009710
946258	935950	10308	304	2851636	2190800	12756914173167926
1664398	1653930	10468	1683	6779778	7037694	12756914181972866
1250364	1240244	10120	24	1632102	1657030	12756914185216186
980824	970478	10346	4052	13731132	13442660	12756914200288196
1523264	1512916	10348	1074	4875222	5076430	12756914207046916
1014964	1004768	10196	192	2514432	1924490	12756914210938196
592218	581892	10326	1046	5071168	4057848	12756914216962190
1330556	1320300	10256	1820	7298954	7113360	12756914225951996
1134940	1124674	10266	1357	5696906	5534968	12756914233142956
1285398	1275030	10368	503	3335832	3126264	12756914238123856
1670444	1659864	10580	3001	10924114	10987612	12756914251079160
1680948	1670398	10550	4432	15017578	15289688	12756914268143330
1447164	1436764	10400	3206	11169942	11385000	12756914281129076
326014	315720	10294	901	4624308	3358968	12756914286439766
297434	287020	10414	4711	15774526	14730758	12756914302872166
1650714	1640404	10310	1660	6909038	6955594	12756914311791442
1457286	1447032	10254	689	3651826	3855686	12756914317260634
588504	578180	10324	3718	12855988	12049926	12756914331066072
1255246	1244934	10312	4450	15267038	14909368	12756914347948366
836206	825830	10376	3635	12825430	12051170	12756914361970102
1674906	1664616	10290	1159	5176788	5479738	12756914369180674
730598	720374	10224	4807	16327666	15453780	12756914386600896
1671948	1661418	10530	4644	15462256	15906648	12756914404095950
665756	655474	10282	339	2908962	2018032	12756914408049034
1550380	1540124	10256	3398	12112550	12058000	12756914422072576
1667326	1657040	10286	1625	6586820	6865836	12756914430686372
1400438	1390078	10360	3388	11735344	11876032	12756914444183800
825864	815524	10340	2588	9680860	8905960	12756914455051156
665260	654864	10396	4440	14945036	14291864	12756914471022316
1590318	1579892	10426	2426	9206458	9185598	12756914482180130
632490	622166	10324	1390	5933286	5127964	12756914489105632
1604536	1594290	10246	517	3490586	3487226	12756914494560982
952244	941780	10464	3612	12367618	12097684	12756914508241726
1675214	1664814	10400	3997	13854826	13973374	12756914524132846
352530	342194	10336	1515	6134572	5225180	12756914530980782
1330020	1319722	10298	4807	16331352	16054244	12756914549002882
1420754	1410544	10210	2226	8601416	8418206	12756914559386246
462774	452238	10536	2777	10085862	9110800	12756914570295136
1650280	1639914	10366	1518	6488732	6531124	12756914578794256
774208	763920	10288	4911	16240966	15809634	12756914596171946
1660944	1650728	10216	1246	5680114	5727404	12756914603873546
560154	549904	10250	3597	12638158	11660154	12756914617432016
275668	265414	10254	3397	12012586	10780714	12756914630079836
550426	540100	10326	1898	7337736	6581340	12756914638327772
1333224	1322798	10426	3990	13895416	13611050	12756914653916456
703858	693604	10254	1573	6304170	5767950	12756914661284156
947414	937014	10400	2998	10743620	10255584	12756914673334666
379258	368952	10306	4025	13779170	12760522	12756914687853720
287918	277720	10198	903	4646698	3326560	12756914693149696
1349214	1338796	10418	4058	14087492	13831940	12756914708948002
1575610	1565234	10376	2849	10462182	10437204	12756914721346556
1663164	1652890	10274	2038	7863732	8098634	12756914731232896
880970	870496	10474	2576	9448882	8926924	12756914741922532
1662114	1651874	10240	1794	7308312	7369516	12756914751254422
161074	150918	10156	3309	11560786	10403258	12756914763356080
340772	330360	10412	1021	4796726	3733224	12756914768872172
645660	635336	10324	2521	9406428	8525830	12756914779284112
914774	904590	10184	256	2427258	2019462	12756914782986102
1454484	1444170	10314	1647	6592266	6718840	12756914791394172
616180	605806	10374	3051	10839080	10085586	12756914803209852
1149344	1139240	10104	82	1908322	1732214	12756914806628206
993294	983038	10256	3606	12583596	12122800	12756914820565726
1287214	1276864	10350	1823	7197042	7081278	12756914829410426
252130	241820	10310	2797	10270152	8959196	12756914840293112
194038	183708	10330	2847	10469478	9050374	12756914851317746
390772	380420	10352	4533	15227148	14295230	12756914867296132
1168218	1157934	10284	2314	8839336	8431782	12756914877662720
388734	378498	10236	1416	6065092	4962860	12756914884476326
196878	186410	10468	4815	16346858	14945164	12756914901379966
1481400	1471134	10266	1925	7457510	7579504	12756914910679476
727848	717678	10170	804	4156072	3470508	12756914915923700
630230	619816	10414	3314	11616926	10884610	12756914928530982
175050	164700	10350	3590	12429258	11257550	12756914941495972
281550	271330	10220	4213	14314932	13228430	12756914956453282
1146580	1136244	10336	4843	16294476	15978334	12756914974255226
1187048	1176642	10406	2107	7966152	7828308	12756914983768200
1606454	1596244	10210	466	3013886	3336244	12756914988748826
1072794	1062580	10214	165	2175430	1900670	12756914992357246
641634	631140	10494	3640	12627684	11872456	12756915005986852
170318	160124	10194	929	4723040	3288512	12756915011240920
919460	909114	10346	4618	15762622	15078014	12756915028283482
872204	861896	10308	3585	12425696	11937824	12756915041940776
1578154	1567954	10200	169	2451812	2419090	12756915046330936
1338832	1328596	10236	887	4388174	4330354	12756915052418632
1671108	1660824	10284	3960	13507752	13860254	12756915067957880
1070562	1060364	10198	1222	5597332	5064148	12756915074986200
568630	558470	10160	256	2503050	1671442	12756915078416962
1188278	1177990	10288	2861	10516580	10087582	12756915090481510
459668	449504	10164	1736	6762090	5990922	12756915098064260
825520	814964	10556	747	4175532	3398330	12756915103425212
1339760	1329508	10252	4831	16176440	16134164	12756915121301360
585720	575410	10310	3066	10964614	10101710	12756915133213232
1078118	1067644	10474	3173	11068162	10912348	12756915145719190
225472	215052	10420	840	4107802	3077156	12756915150412384
1377364	1367044	10320	3440	11975328	12008990	12756915164125496
1105120	1094974	10146	639	3855536	3353684	12756915169447046
762648	752378	10270	4969	16611436	15972934	12756915187181746
1389126	1378702	10424	2874	10400118	10326806	12756915199330834
858562	848274	10288	2794	10027302	9557948	12756915210577370
1664748	1654608	10140	1947	7390708	7827944	12756915219994160
176468	166190	10278	3675	12586796	11513116	12756915233117236
1477990	1467530	10460	2683	9973988	9843930	12756915244929922
579744	569614	10130	2129	7963648	7289764	12756915253833416
166554	156144	10410	1178	5126992	4027920	12756915259486796
1332464	1322228	10236	4357	14691452	14708600	12756915275871656
1662740	1652428	10312	2768	10224706	10282604	12756915288119756
1607712	1597464	10248	1728	6797548	7115084	12756915296884790
1076560	1066174	10386	1345	5966506	5438974	12756915304287852
164366	154160	10206	2397	8841966	7675646	12756915313653268
848008	837568	10440	4420	14915922	14413310	12756915329777336
650918	640514	10404	4668	15750662	14957184	12756915346538060
1661596	1651244	10352	2509	9217844	9506804	12756915357778516
1290556	1280130	10426	2084	7804316	7864216	12756915367233202
1104904	1094728	10176	1008	4675904	4458220	12756915373374466
858546	848264	10282	989	4744832	4155066	12756915379338402
358408	348094	10314	2209	8270446	7306342	12756915388328760
1319016	1308496	10520	2132	8177216	8036660	12756915398184418
1607648	1597152	10496	529	3561036	3535026	12756915403812334
1052094	1041668	10426	1889	7212332	7048320	12756915412442026
1604018	1593654	10364	480	3107526	3384314	12756915417519230
189200	178704	10496	1836	7044886	6027360	12756915425119092
1199290	1188916	10374	3609	12751342	12343696	12756915439435572
1091016	1080642	10374	3931	13559866	13193458	12756915454447504
683924	673660	10264	997	4768074	4004800	12756915460259592
1285048	1274850	10198	83	1843058	1868994	12756915463748926
1065224	1054894	10330	1970	7548988	7298768	12756915472723276
1206558	1196282	10276	897	4295150	4229322	12756915478584080
493342	482732	10610	3170	11258058	10316778	12756915490695470
931872	921292	10580	4614	15400808	15084404	12756915507394480
399860	389148	10712	4075	13845214	12940106	12756915522006506
1191768	1181188	10580	1936	7738702	7323134	12756915531298310
429468	419094	10374	3810	13055536	12168758	12756915545144446
736918	726554	10364	4699	16004746	15137600	12756915562248026
473904	463590	10314	2703	9758122	8901216	12756915572840252
1308792	1298652	10140	571	3349698	3355982	12756915577859254
1534240	1523970	10270	2121	8288914	8219140	12756915588042132
1472974	1462730	10244	204	2559516	2419554	12756915592434296
1604318	1594120	10198	653	3592394	3894110	12756915597991736
461816	451396	10420	4899	16257300	15459334	12756915615070122
892444	882280	10164	1951	7786478	7067836	12756915624108322
1165454	1155016	10438	1533	6489498	6092866	12756915632123982
305980	295630	10350	875	4558792	3261004	12756915637349082
164158	153978	10180	1820	7157092	5946372	12756915645039650
160988	150698	10290	1624	6807870	5357808	12756915652369160
352078	341800	10278	4226	14398050	13336788	12756915667479880
597388	587148	10240	2530	9360818	8508128	12756915677799400
464930	454734	10196	287	2532056	1659654	12756915681156566
712484	702210	10274	2017	7826236	7084808	12756915690056686
677238	666774	10464	4637	15531922	14892924	12756915706626056
858568	848220	10348	3099	10990858	10470708	12756915718835916
157458	147172	10286	3072	10791984	9689742	12756915730145350
1261654	1251404	10250	4460	14989332	14947204	12756915746755706
1205784	1195526	10258	2320	8571470	8483810	12756915756893726
1224716	1214412	10304	3691	12600262	12606898	12756915771099004
167530	157230	10300	3515	12463306	11023670	12756915784090572
1661812	1651408	10404	1689	6853112	7051694	12756915792965300
975790	964870	10920	4036	13741344	13389670	12756915808063906
1277098	1266710	10388	3330	11515332	11579668	12756915821216750
1455462	1444806	10656	3527	12498978	12347440	12756915835530582
1226324	1215834	10490	4512	15204148	15067198	12756915852322126
1176214	1165840	10374	4272	14428812	14299028	12756915868287116
281908	271294	10614	2431	8983216	7893260	12756915877912886
1182808	1172634	10174	1271	5393702	5323154	12756915884850406
573296	563104	10192	270	2397198	1717004	12756915888179576
1026578	1016150	10428	1835	7076666	6856818	12756915896641910
176246	165912	10334	2272	8743430	7314526	12756915905922568
843722	833434	10288	1381	6080512	5310948	12756915913207340
179178	168924	10254	2583	9295338	8246200	12756915923041966
1478560	1468240	10320	4192	14149816	14369804	12756915939030492
204714	194414	10300	4268	14671160	13315838	12756915954265526
1150278	1139914	10364	2526	9237282	9047068	12756915965012896
1582278	1571984	10294	4175	14390228	14412590	12756915981346106
862450	852120	10330	1343	5784336	5218290	12756915988354032
1290760	1280464	10296	2034	7893956	7715864	12756915997898686
527194	516926	10268	894	4280774	3539608	12756916003067074
385484	375116	10368	3835	13074092	12199770	12756916016887332
883798	873454	10344	1528	6203642	5793084	12756916024335136
1064134	1053804	10330	3525	12213542	11952050	12756916037974616
167148	156796	10352	2292	8775758	7363900	12756916047277396
125106	114882	10224	421	3043404	1720864	12756916050805962
1176650	1166106	10544	1282	5620006	5349886	12756916057962952
1663378	1653010	10368	1609	6420764	6815858	12756916066407886
913424	902908	10516	4497	15192592	14717824	12756916082873086
1388640	1378384	10256	1542	6570756	6341904	12756916091192686
961580	950474	11106	1225	5610830	4966244	12756916098125246
1654176	1643712	10464	3580	12657258	12704472	12756916112797684
142644	132394	10250	371	2827236	1588624	12756916116128656
334534	324146	10388	2230	8542446	7347304	12756916125383066
1587958	1577704	10254	2381	8780756	9050214	12756916136112050
707554	697118	10436	2057	8098602	7201404	12756916145278856
1492114	1481654	10460	3524	12490856	12375330	12756916159621346
440434	430080	10354	2149	8061510	7217328	12756916168491076
680132	669706	10426	4944	16358714	15822300	12756916185898172
973292	962782	10510	3449	11890040	11640152	12756916199129644
224308	213968	10340	4539	15537084	14155488	12756916215260576
1226212	1215968	10244	192	2509998	2146608	12756916219366160
1507938	1497608	10330	2481	9075978	9277674	12756916230317596
1037056	1026674	10382	4389	15054356	14518588	12756916246777576
1405398	1395002	10396	2949	10400526	10576868	12756916258952960
301338	290944	10394	3720	12726658	11780578	12756916272349550
1196552	1186226	10326	4840	16403236	16028106	12756916290319294
1324780	1314610	10170	701	3720356	3766648	12756916295733016
158444	148158	10286	4793	15921414	14849828	12756916312200830
351600	341284	10316	2731	9806090	8869770	12756916322728502
1489938	1479638	10300	3654	12511606	12771138	12756916337098550
1544306	1533766	10540	3423	12189772	12131872	12756916351201564
1232008	1221724	10284	3618	12364978	12403574	12756916365168386
434602	424236	10366	937	4597306	3582116	12756916370569378
1536378	1526048	10330	2350	8606396	8912714	12756916381080836
1432228	1421904	10324	523	3364718	3341094	12756916386247196
1219674	1209414	10260	45	1666772	1697844	12756916389503472
145636	135262	10374	445	3271874	1846538	12756916393289914
252324	242114	10210	445	3077946	1930408	12756916396988056
670014	659628	10386	4271	14728396	13796024	12756916412756306
200130	189784	10346	4308	14499690	13437954	12756916427825622
1272288	1261944	10344	4659	15485682	15561190	12756916444951756
1216874	1206570	10304	598	3743258	3350556	12756916450280622
1665618	1655124	10494	2719	9724758	10147294	12756916462039546
307574	296702	10872	2527	9192542	8219072	12756916471907840
582516	572034	10482	2390	9100796	8079690	12756916481960592
1456388	1445950	10438	1682	6890632	6834604	12756916490675950
1144778	1134234	10544	1631	6410846	6371116	12756916498600756
871484	861084	10400	128	1955484	1600214	12756916501796240
436770	426370	10400	4569	15356076	14457680	12756916517957222
920208	909842	10366	126	2326306	1641618	12756916521571250
1571544	1561020	10524	87	1817720	2195604	12756916525329236
269714	259274	10440	3824	13198422	12061328	12756916539165496
348930	338420	10510	3739	12961158	11883976	12756916552844572
1662240	1651786	10454	3153	11013400	11443730	12756916565889982
400244	389814	10430	318	2671890	1697394	12756916569329906
597290	586800	10490	2058	7709016	7111314	12756916578002782
691558	681164	10394	3238	11454828	10725830	12756916590517646
910004	899644	10360	312	2499680	2187490	12756916594294726
651850	641444	10406	3157	11192394	10447514	12756916606507966
455838	445418	10420	3223	11211698	10446430	12756916618543906
661814	651488	10326	243	2302570	1735424	12756916621877536
1611410	1601056	10354	467	3093160	3353676	12756916626951342
1662518	1652540	9978	4652	15713128	15930594	12756916644696506
175700	165300	10400	4695	15931872	14572870	12756916661173102
549558	539284	10274	762	4232820	3176064	12756916666323646
157462	147048	10414	963	4514280	3384478	12756916671363724
630858	620542	10316	400	2866676	2173414	12756916675231090
858434	848010	10424	3189	11151800	10748088	12756916687609816
1470524	1460176	10348	4682	15603478	15828264	12756916705051042
1659574	1649236	10338	1819	7112494	7449220	12756916714191852
448800	438470	10330	895	4469368	3472420	12756916719478712
864284	854084	10200	320	2590078	2167540	12756916723303096
1416520	1406114	10406	3966	13615096	13630904	12756916738703146
1423244	1412934	10310	714	3706594	3904090	12756916744222816
733540	723184	10356	2764	10004314	9350684	12756916755328196
597574	587250	10324	1471	6142256	5345264	12756916762438036
1504168	1493844	10324	1798	6932428	7230348	12756916771272836
1095600	1085234	10366	3201	11291630	11020112	12756916784027072
607580	597210	10370	1900	7634394	6637904	12756916792637486
828880	818486	10394	4672	15567646	15154860	12756916809403512
1367868	1357404	10464	153	2092696	2169764	12756916813231756
915874	905422	10452	3198	11190020	10831498	12756916825706074
1604604	1594404	10200	588	3328824	3709290	12756916831006912
1071474	1061016	10458	2721	9962408	9559866	12756916842409452
418632	408210	10422	1103	4897346	4064286	12756916848092592
1699990	1689824	10166	2384	8759556	9178944	12756916858921376
1017390	1006970	10420	2908	10659312	10067636	12756916870967662
176448	166074	10374	372	3061760	1635862	12756916874574080
977684	967314	10370	3139	11010260	10715960	12756916886930926
1488528	1478264	10264	1263	5402508	5613460	12756916894190776
1004370	993960	10410	2561	9477880	9014464	12756916905061806
601578	590974	10604	1519	6315622	5492324	12756916912347800
947624	936988	10636	1868	7508224	6881944	12756916921172716
1337784	1327334	10450	3472	12326196	12074240	12756916935204566
1022072	1011548	10524	4907	16455862	16053842	12756916953049774
1668494	1658060	10434	4167	14238166	14487384	12756916969325146
862418	852080	10338	951	4716350	4053710	12756916975274066
1422506	1412066	10440	1851	7350776	7308278	12756916984414826
658684	648190	10494	1590	6600716	5763540	12756916992043152
1202002	1191822	10180	589	3489962	3310796	12756916997102728
778838	768678	10160	195	2535636	1708158	12756917000785800
425124	414750	10374	2721	9986538	8914640	12756917011565752
154434	144110	10324	2067	7746522	6685090	12756917019836782
718994	708400	10594	2388	8814098	8210970	12756917029736292
912658	902230	10428	4887	16198338	15882140	12756917047216946
1106718	1096390	10328	4998	16662436	16411000	12756917065353466
1653884	1643560	10324	1048	4745690	5135188	12756917072119876
115116	104748	10368	388	3119340	1619996	12756917075722924
1658960	1648568	10392	4060	14005376	14154804	12756917091755396
248398	238120	10278	918	4437946	3340848	12756917096809646
1708250	1697764	10486	3950	13653882	13875666	12756917112542562
1358996	1348564	10432	3299	11433400	11575814	12756917125706276
1232318	1221882	10436	2518	9118868	9112424	12756917136425930
1664338	1653774	10564	1972	7540912	7910558	12756917146001280
1147396	1136836	10560	2965	10633984	10365784	12756917158150276
891960	881626	10334	4362	14730034	14292078	12756917174140426
500390	489836	10554	4345	14955186	13848764	12756917189964382
476938	466700	10238	252	2702922	1577324	12756917193514406
1690214	1679900	10314	2260	8323612	8800000	12756917203912996
941258	930864	10394	3056	10710248	10441144	12756917215931796
1273514	1263044	10470	1249	5307810	5371834	12756917222881346
795464	784944	10520	3482	12190610	11562638	12756917236236496
1606884	1596670	10214	578	3533388	3682846	12756917241746752
184980	174470	10510	3726	12783372	11681420	12756917255082892
1570888	1560628	10260	432	3255556	3210238	12756917260278784
464044	453674	10370	1476	6022790	5226090	12756917267133052
1664534	1654230	10304	1578	6696392	6732910	12756917275860702
315512	305060	10452	2249	8346140	7409566	12756917284891112
490948	480562	10386	4532	15150844	14399040	12756917300901960
1212924	1202540	10384	38	2070036	1671460	12756917304554056
1304090	1293640	10450	701	3669080	3746800	12756917309894782
1343634	1333258	10376	2883	10472382	10316264	12756917322079576
849872	839438	10434	3978	13904270	13099394	12756917337202760
1210988	1200638	10350	3495	12227816	12016158	12756917351019976
779360	768964	10396	3730	13118056	12289300	12756917365286542
228048	217748	10300	4538	15281116	14153956	12756917381163316
1510080	1499774	10306	1181	5483792	5391160	12756917388526912
434714	424344	10370	2714	9901492	8900394	12756917399231626
961474	951194	10280	1225	5611270	4970854	12756917406172106
291068	280664	10404	2628	9521474	8501708	12756917416354016
752350	742030	10320	4001	13785872	13071280	12756917431262092
1592324	1581984	10340	1268	5622502	5760098	12756917438845126
1267148	1256862	10286	1116	4984392	4952018	12756917445466450
1666706	1656240	10466	4282	14378722	14825902	12756917461881028
1604106	1593844	10262	493	3070358	3426328	12756917466924364
1215600	1205310	10290	556	3381592	3223964	12756917471890172
1377786	1367416	10370	4864	16399150	16279648	12756917490036688
163820	153430	10390	3641	12808100	11404910	12756917503377292
504002	493550	10452	3694	12756248	11903978	12756917517005990
606344	595904	10440	3797	13101754	12317138	12756917531082196
331394	321164	10230	360	3028282	1753360	12756917534811676
1665534	1655148	10386	3414	11837332	12228410	12756917548683146
1405130	1394760	10370	2952	10461462	10585716	12756917560918232
571120	560678	10442	4922	16392790	15646798	12756917578251076
991556	981264	10292	998	4653176	4322550	12756917584265222
780700	770296	10404	2081	8014196	7352594	12756917593428136
912908	902764	10144	121	2142546	1620688	12756917596852586
877294	867030	10264	741	4164966	3437214	12756917602264086
1252588	1242158	10430	2532	9352136	9176552	12756917613237320
390846	380420	10426	1722	6785140	5894892	12756917620788612
1152298	1141918	10380	58	1762244	1676232	12756917624079040
1484154	1473374	10780	1754	7207892	7085310	12756917633147206
1171390	1160736	10654	2074	8163490	7729214	12756917642857776
276846	266260	10586	2597	9449690	8398740	12756917652959122
1176504	1166096	10408	2080	7739982	7745426	12756917662244822
172360	162146	10214	1836	7286482	6011310	12756917670072792
1605270	1595004	10266	130	2345566	2338308	12756917674390876
1107124	1096968	10156	2069	7864116	7645398	12756917683730420
1662034	1651624	10410	2678	9651400	10023462	12756917695412950
1109708	1099390	10318	4911	16334776	16154188	12756917713225030
750196	739924	10272	1080	5019590	4326370	12756917719363156
1022084	1011760	10324	967	4673686	4262290	12756917725429336
943066	932726	10340	2463	9152536	8659556	12756917735894272
639920	629474	10446	1022	5008074	4042438	12756917741909216
582296	571974	10322	3603	12555692	11712110	12756917755415456
1222284	1211804	10480	1355	5851810	5623564	12756917762858266
442892	432514	10378	3710	13088900	11890176	12756917776759114
1165920	1155600	10320	4999	16552860	16470074	12756917794847026
397350	387030	10320	3502	12081486	11223220	12756917807693152
926042	915682	10360	163	2169920	1757482	12756917811157924
670130	659606	10524	2809	9967216	9420590	12756917822164252
1671220	1660786	10434	1627	6817952	6884092	12756917831021692
181684	171304	10380	2610	9811578	8339010	12756917841384152
566934	556576	10358	3908	13476618	12607826	12756917855797072
551678	541498	10180	288	2546658	1758188	12756917859265576
461678	451330	10348	3458	12304708	11153904	12756917872401316
790884	780634	10250	299	2560646	2030554	12756917876121436
803450	793260	10190	986	4901480	4098470	12756917882194702
1482954	1472644	10310	2761	10213566	10093220	12756917894259176
1450924	1440440	10484	3415	12184372	12015690	12756917908263816
184924	174610	10314	1169	5222682	4027100	12756917914040156
1339528	1329260	10268	2529	9349338	9252020	12756917925098336
299054	288584	10470	2766	10232892	8923214	12756917935999506
655040	644576	10464	3818	13011592	12428086	12756917950036042
816656	806326	10330	1750	6921346	6398842	12756917958143818
522716	512110	10606	2372	9053270	7967286	12756917968088682
753150	742836	10314	1229	5339846	4775424	12756917974550362
1295324	1284998	10326	4289	14471296	14475794	12756917990685526
164944	154570	10374	3973	13656422	12399646	12756918004875886
718766	708454	10312	3125	10932572	10415486	12756918016895486
1445002	1434584	10418	1993	7554746	7753494	12756918026262322
900726	890378	10348	1045	4689918	4374592	12756918032221594
997688	987218	10470	4853	16455922	15866764	12756918050042536
1605344	1595020	10324	533	3550692	3546364	12756918055567596
1607194	1596964	10230	615	3615804	3793894	12756918061175170
754818	744574	10244	392	2864950	2271330	12756918065162306
1578472	1568088	10384	1915	7686722	7655824	12756918074797030
1238158	1227882	10276	3939	13330896	13371252	12756918089735540
166434	156020	10414	2399	8724920	7700404	12756918098995346
1500820	1490500	10320	503	3367202	3349060	12756918104232392
1062280	1051954	10326	766	4209500	3701070	12756918109872522
594498	584228	10270	256	2426298	1705088	12756918113262640
1541220	1530890	10330	2662	9931240	9867220	12756918125103442
1510388	1499930	10458	4682	15968968	15868970	12756918142952266
161582	151162	10420	2947	10407198	9327084	12756918153889440
1436174	1425754	10420	3937	13344496	13564654	12756918169039096
644032	633732	10300	1218	5225378	4633064	12756918175277300
576038	565814	10224	367	2757548	2020220	12756918178989296
1456392	1445982	10410	4643	15463856	15697908	12756918196276820
965390	955020	10370	3985	13507762	13237660	12756918211118422
397078	386844	10234	1715	6793398	5873730	12756918218690786
166636	156190	10446	948	4377624	3350960	12756918223605232
251570	241354	10216	1741	6808642	5808800	12756918231034732
1659470	1648990	10480	3084	11013026	11233696	12756918244076062
947344	936938	10406	1612	6560796	6115034	12756918251953550
1601692	1591332	10360	82	2208662	2193492	12756918256133590
446840	436454	10386	541	3258760	2409110	12756918260207382
375766	365520	10246	1064	5138246	3905426	12756918266089168
1513770	1503392	10378	1438	6255102	6164548	12756918274227508
1659170	1648660	10510	4076	14010016	14204694	12756918290265262
567494	557244	10250	224	2658710	1581674	12756918293860460
1495054	1484594	10460	447	3288094	3177194	12756918299011130
951400	940920	10480	757	3804956	3567796	12756918304142052
1050058	1039470	10588	4618	15404122	15214470	12756918320971046
1584076	1573602	10474	436	3257826	3231806	12756918326179978
1537050	1526648	10402	3427	12208776	12135938	12756918340292386
1012358	1001972	10386	270	2594646	2156698	12756918344260060
158510	148180	10330	3861	13495430	12050030	12756918358274962
1067686	1057336	10350	2504	9112100	8897930	12756918368815252
1273840	1263618	10222	748	3775472	3849970	12756918374226106
287388	276934	10454	979	4805768	3554160	12756918379680356
158588	148258	10330	2357	8698490	7550978	12756918388898440
1109384	1099036	10348	43	1814562	1592768	12756918392183716
1189308	1178964	10344	4633	15801788	15390370	12756918409535686
916806	906302	10504	2468	8970918	8638318	12756918419783194
1680594	1670120	10474	1151	4987752	5459784	12756918426811186
1235774	1225384	10390	3447	11885580	11889684	12756918440292360
1660244	1649808	10436	3099	11216482	11269660	12756918453529426
1550144	1539570	10574	1272	5367976	5693110	12756918460808866
1504864	1494400	10464	4199	14167286	14424818	12756918476841466
857874	847524	10350	1753	7014906	6440364	12756918485074426
1665950	1655634	10316	3094	11200628	11263804	12756918498300086
1664518	1654122	10396	2978	10590956	10914116	12756918510937684
1179588	1169168	10420	4698	15852088	15578284	12756918528329366
872664	862304	10360	3538	12283422	11796700	12756918541846732
1217804	1207470	10334	1790	6931348	6911434	12756918550356496
716248	705934	10314	184	2232688	1601440	12756918553664896
916440	906064	10376	2449	9006710	8581880	12756918563948192
867288	856948	10340	4167	14106642	13674148	12756918579282620
164260	153894	10366	2790	10149238	8852726	12756918589955592
1289364	1279260	10104	8	1965580	1648054	12756918593569576
269666	259370	10296	345	2778688	1641586	12756918596977618
1322850	1312544	10306	2434	9231184	8943038	12756918607892446
1664044	1653750	10294	1518	6495750	6543346	12756918616413226
546660	536324	10336	3876	13170440	12491864	12756918630490876
134930	124694	10236	475	3199362	1892392	12756918634185352
1284744	1274494	10250	628	3612910	3500724	12756918639444526
223540	213204	10336	3792	12968746	11910226	12756918652997562
1584324	1573844	10480	2114	8269096	8249750	12756918663211436
325770	315374	10396	2550	9578686	8294036	12756918673475582
1135954	1125644	10310	138	2043154	1885768	12756918677015300
1309250	1298884	10366	4150	14359616	14066524	12756918693044966
755198	744824	10374	2659	9850590	9048840	12756918704010606
554242	543938	10304	1973	7847172	6794088	12756918712773500
344206	333790	10416	3768	12847964	11958578	12756918726324766
396944	386460	10484	4173	14219952	13221940	12756918741303202
872478	862190	10288	2066	7941330	7391824	12756918750476146
1486810	1476494	10316	157	2035764	2294918	12756918754358686
1238840	1228214	10626	3739	12787216	12766234	12756918768745942
1669344	1659054	10290	2993	10845910	10964410	12756918781621006
1214630	1204370	10260	728	3861650	3729496	12756918787056322
1514490	1504310	10180	183	2148296	2400824	12756918791079396
176200	165868	10332	4562	15594572	14165944	12756918807210736
459944	449588	10356	1618	6577402	5640550	12756918814608526
592076	581852	10224	970	4477504	3832822	12756918820038148
775182	764828	10354	4618	15550988	14941918	12756918836724160
226414	216164	10250	358	2613986	1633944	12756918839925496
1675594	1665284	10310	1157	5039568	5473968	12756918847001336
965012	954648	10364	3241	11545472	11002522	12756918859872600
1651684	1641240	10444	4692	15982602	16030340	12756918877867196
1607600	1597418	10182	411	2914292	3171408	12756918882749480
1521284	1511064	10220	546	3225262	3490606	12756918887855806
868708	858222	10486	3644	12849826	12113738	12756918901934400
1205658	1195274	10384	4623	15782430	15380324	12756918919283026
370290	360010	10280	2433	9079632	7987116	12756918929093372
536840	526450	10390	3730	13120584	12037716	12756918943111152
1661530	1651096	10434	3606	12468852	12789910	12756918957602172
820464	810050	10414	3548	12188522	11775124	12756918970971346
362116	351844	10272	901	4637696	3394780	12756918976331236
825942	815508	10434	193	2296452	1740854	12756918979814950
615768	605476	10292	897	4356736	3638394	12756918985147636
1084828	1074508	10320	687	3789552	3476790	12756918990381356
1665966	1655568	10398	4937	16483002	16779358	12756919008889984
478994	468580	10414	895	4396822	3493970	12756919014125842
414550	404210	10340	4204	14526968	13333576	12756919029427042
1660118	1649788	10330	1193	5297848	5567132	12756919036745110
1656114	1645602	10512	1157	5081882	5457370	12756919043843322
175600	164964	10636	1775	6971192	5824270	12756919051350496
1513600	1503174	10426	3359	11840764	11904104	12756919065064120
1576274	1565800	10474	2438	9054382	9207764	12756919076053906
674440	664104	10336	912	4671846	3741708	12756919081760426
994504	984104	10400	3817	12974476	12754108	12756919096090326
1664518	1654118	10400	1772	7003506	7306624	12756919105119526
473530	463180	10350	834	4395730	3306116	12756919110348332
352400	342196	10204	2446	9004202	8009046	12756919120064942
1558690	1548380	10310	3018	10690472	10927780	12756919132674106
220882	210458	10424	1080	4809084	3791358	12756919138064390
785960	775698	10262	326	2739076	2099330	12756919141948556
1164814	1154380	10434	2323	8893676	8453314	12756919152389620
1429234	1419046	10188	168	2283436	2267686	12756919156464046
597444	587116	10328	2089	7849908	7188374	12756919165272316
1528632	1518038	10594	2884	10432356	10497238	12756919177594534
160662	150314	10348	2153	8018042	6941224	12756919186133080
1557798	1547448	10350	2873	10260126	10493118	12756919198310630
488630	478194	10436	4577	15625808	14522994	12756919214786012
581060	570544	10516	2046	8077956	7055080	12756919223806152
364592	354212	10380	3282	11589856	10524958	12756919236121024
488378	477940	10438	2183	8158144	7358612	12756919245127780
496680	486418	10262	1024	4840746	3896818	12756919250825626
305630	295240	10390	3381	11863152	10777404	12756919263354352
754368	743960	10408	2619	9581172	8929880	12756919274050876
1656494	1646164	10330	2207	8548610	8598068	12756919284617056
833806	823344	10462	2764	9936692	9441760	12756919295748046
1666234	1655764	10470	1235	5381234	5697704	12756919303155862
1199410	1188950	10460	4500	15176166	15003914	12756919319892296
733104	722634	10470	2002	7943026	7062770	12756919328928506
571684	561366	10318	758	4215512	3177030	12756919334076502
766194	755728	10466	1917	7681488	6840550	12756919342884526
1243358	1232858	10500	4866	16124278	16142988	12756919360612870
455772	445474	10298	1565	6487982	5476794	12756919367918040
715038	704644	10394	2710	10051800	9162554	12756919379044606
1214156	1203600	10556	3802	13324232	12930420	12756919393942592
1244592	1234166	10426	3889	13197550	13219792	12756919408760974
891258	880964	10294	1803	6985756	6626938	12756919416997246
257778	247380	10398	3098	10972308	9866888	12756919428586846
792480	782276	10204	377	2736962	2258126	12756919432476628
297448	287088	10360	2894	10256100	9294602	12756919443390580
302706	291660	11046	1815	7192932	6070980	12756919451246212
1338712	1328254	10458	697	4029198	3759924	12756919456975040
1671060	1660546	10514	2187	8485668	8552722	12756919467492268
747740	737244	10496	3418	11977910	11313256	12756919480578772
285654	275246	10408	1080	5089740	3855922	12756919486315042
1605094	1594574	10520	4588	15314456	15672920	12756919503595636
261972	251454	10518	1679	6620696	5625314	12756919510839110
1092938	1082424	10514	3070	10816856	10618538	12756919523109020
1101324	1090838	10486	785	4289826	3786250	12756919528860766
523248	512798	10450	2971	10528674	9751214	12756919540272316
1472544	1462288	10256	1889	7320026	7463962	12756919549425120
1495700	1485326	10374	3379	11902076	11944186	12756919563182712
801714	791196	10518	1766	6918502	6425966	12756919571263982
278390	268016	10374	3274	11749674	10414670	12756919583652056
1664892	1654352	10540	1153	5143924	5452132	12756919590820858
1037330	1026974	10356	1844	7064332	6892250	12756919599282742
1656012	1645674	10338	4103	13989542	14274074	12756919615287910
1322864	1312468	10396	2491	9058204	9114910	12756919626028636
1413524	1403020	10504	2528	9513376	9316776	12756919637315712
473334	463094	10240	2361	9009172	7877694	12756919647158966
158804	148404	10400	3613	12598876	11309284	12756919660276546
1659254	1648754	10500	4592	15367576	15739570	12756919677663406
1555754	1545340	10414	3249	11528982	11615738	12756919691108776
267348	256784	10564	4848	16449052	15112298	12756919708184816
175308	165054	10254	965	4451206	3398068	12756919713171736
1670354	1659784	10570	2984	10607596	10937500	12756919725809416
205692	195284	10408	3223	11198812	10189604	12756919737573410
163566	153190	10376	2530	9278322	8072386	12756919747374982
1660112	1649792	10320	2681	9622416	10020766	12756919759017364
677504	667268	10236	1560	6281416	5680480	12756919766337166
1664284	1653868	10416	3364	12005464	12069678	12756919780367030
1563588	1553208	10380	3365	11881968	11972560	12756919794174376
1519242	1508836	10406	3213	11263518	11472716	12756919807316728
1654862	1644286	10576	1309	5715772	5910268	12756919815048334
1118436	1107946	10490	3605	12479882	12243356	12756919829006548
412074	401708	10366	360	2685920	1825938	12756919832466356
206124	195508	10616	4757	16123212	14779048	12756919849155376
1108630	1098264	10366	142	2125288	1870750	12756919852748502
1362650	1352374	10276	2001	7646808	7686912	12756919862118890
1452586	1442254	10332	3810	13371804	13191776	12756919877302102
189914	179448	10466	1020	5034316	3579254	12756919882887230
953488	943104	10384	3852	13186400	12820614	12756919897388160
1492974	1482610	10364	56	1837602	2008930	12756919901079226
1472024	1461516	10508	4159	14395114	14256224	12756919917306742
1672060	1659868	12192	3229	11612612	11671538	12756919930950976
319666	309318	10348	375	3068692	1781138	12756919934701474
370314	359896	10418	1427	5963622	4979896	12756919941396322
775294	764888	10406	3318	11678876	11043964	12756919954209880
1614280	1603944	10336	88	1928120	2213656	12756919958113692
707618	697152	10466	3309	11847282	10949684	12756919971028220
1040870	1030374	10496	4516	15465470	14892694	12756919987921222
169550	159184	10366	4325	14544986	13449710	12756920002996166
1350954	1340656	10298	1821	7050594	7136520	12756920011758532
1086062	1075848	10214	52	1751818	1578972	12756920014956470
724398	714034	10364	4542	15133644	14655434	12756920031175486
1071198	1060944	10254	291	2646956	2279598	12756920035254416
406574	396280	10294	3259	11402126	10496454	12756920047423436
570856	560534	10322	4029	13838630	12964644	12756920062193062
982194	971800	10394	4554	15332056	14947714	12756920078867902
542502	532210	10292	2045	8100002	6999968	12756920087894770
1474008	1463608	10400	2378	8886798	8926208	12756920098616026
1667860	1657384	10476	3803	13070750	13385656	12756920113714632
1658804	1648374	10430	2660	9567124	9956204	12756920125300102
1673668	1663358	10310	4020	13683880	14041762	12756920141018660
1664240	1653870	10370	3310	11855782	11909842	12756920154899362
228660	218190	10470	3669	12520466	11546494	12756920168009322
1668064	1657696	10368	3489	12030758	12446276	12756920182069772
960426	950278	10148	640	3610920	3211958	12756920187000814
492372	482128	10244	1712	6984656	5954592	12756920194838060
1303740	1293386	10354	2758	9884432	9893976	12756920206387992
314224	303824	10400	1168	5189792	4147154	12756920212252186
820028	809660	10368	780	4042022	3489618	12756920217474836
694546	684336	10210	278	2494520	1861360	12756920221024642
1380154	1369724	10430	4858	16331828	16258054	12756920239096096
1659700	1649400	10300	2826	10299652	10455676	12756920251416072
1661280	1650864	10416	2268	8368750	8786060	12756920261806072
517772	507378	10394	3785	13273356	12183116	12756920275956334
1664552	1654166	10386	4697	15648802	16060712	12756920293629904
210768	200470	10298	2197	8286016	7123910	12756920302486666
1081978	1071664	10314	4071	13850112	13604080	12756920317780686
406884	396530	10354	3753	12819518	11976326	12756920331366862
1515704	1505318	10386	1188	5191472	5407464	12756920338434476
263698	253290	10408	1912	7428692	6322968	12756920346487466
1455024	1444804	10220	698	3844670	3880160	12756920352147146
1664430	1654100	10330	2219	8372800	8653050	12756920362544422
308394	297990	10404	4056	13921252	12784810	12756920377134566
1367056	1356710	10346	2425	8929166	8963006	12756920387791492
456464	445970	10494	2190	8190876	7346800	12756920396799406
453812	443602	10210	308	2552872	1713338	12756920400166774
591486	581122	10364	2187	8251246	7492648	12756920409369934
988184	977730	10454	1406	5988712	5532298	12756920416707256
158702	148438	10264	1209	5218100	4114888	12756920422444144
855140	844738	10402	2610	9602060	9002674	12756920433262676
1452854	1442544	10310	201	2229560	2391338	12756920437305226
1662634	1652210	10424	1784	7114746	7339004	12756920446442756
419574	409138	10436	2659	9687208	8715954	12756920456911046
738138	727704	10434	2130	8327148	7458104	12756920466345916
1360080	1349646	10434	1284	5644140	5549796	12756920473719928
1658664	1648396	10268	2430	8894372	9277980	12756920484655252
1652146	1641794	10352	4695	15642704	16049110	12756920502318826
1122826	1112504	10322	4905	16412966	16148266	12756920520222862
797608	787254	10354	2076	7891398	7358074	12756920529280466
1328236	1317724	10512	2692	9701238	9729676	12756920540678236
1570968	1560594	10374	3880	13150156	13526838	12756920555768776
1273728	1263334	10394	3979	13877656	13527070	12756920571289066
172790	162338	10452	4091	14035226	12759304	12756920585864966
1519362	1509148	10214	551	3306152	3512736	12756920591057434
1495922	1485554	10368	1069	5151958	5041584	12756920598073340
618780	608224	10556	3150	11328092	10392840	12756920610388952
678986	668642	10344	3413	11858062	11239328	12756920623294714
1665154	1654658	10496	1759	6841770	7273854	12756920632170136
345938	335444	10494	1770	7049562	5989872	12756920639934480
783592	773262	10330	4588	15686634	14862144	12756920656773170
1404464	1394154	10310	1953	7446924	7594056	12756920665992696
1294978	1284604	10374	4215	14204986	14255148	12756920681862360
158480	148052	10428	4713	15788966	14604390	12756920698180498
1161864	1151374	10490	2835	10260874	9990650	12756920709973286
503138	492922	10216	308	2489092	1768874	12756920713334050
1551008	1540594	10414	4377	14703664	14995280	12756920729968996
870316	859850	10466	2844	10441202	9727070	12756920741649022
1019914	1009644	10270	137	1958844	1775314	12756920744995030
190808	180344	10464	1670	6969306	5534726	12756920752522166
848950	838604	10346	4240	14379406	13883364	12756920768117876
615820	605470	10350	4037	13987330	13041594	12756920783088692
1664570	1654066	10504	3400	12154576	12212500	12756920797276282
1434324	1424038	10286	120	2146670	2139710	12756920801227106
880820	870438	10382	2891	10668176	9878984	12756920813145056
1516398	1506008	10390	3402	12132348	12043258	12756920827161976
1540344	1529920	10424	4914	16515556	16591580	12756920845586336
592474	581972	10502	4014	13601178	12953738	12756920860147714
