# Loop @ Start frequency 2500000Hz took 1270.97 cycles
# Interval [1269 ; 1273]
# Q1 : 1268 ; Q3 : 1270
# Loop @ Target frequency 1300000Hz took 2447.60 cycles
# Interval [2444 ; 2451]
# Q1 : 2438 ; Q3 : 2442
# Confidence intervals do not overlap, alternatives are statistically different with selected confidence level
Change time (with write) [cycles]	Change time [cycles]	Write cost [cycles]	Wait time [us]	Time since last frequency change request [cycles]	Time since last frequency change [cycles]	Detected frequency change timestamp [cycles]
0	0	0	0	0	0	0
474114	463876	10238	4812	15938508	15210972	12756818391503760
568002	557874	10128	907	4123204	3612906	12756818396871078
1261074	1250614	10460	3036	10732064	10682184	12756818409425118
974122	963738	10384	4996	16485252	16265350	12756818427448746
1095620	1085440	10180	2463	8911558	8804416	12756818438039446
1497564	1487220	10344	4156	14394206	14273488	12756818454495360
1002214	991920	10294	3982	13357486	13257846	12756818469419520
200492	190274	10218	4075	13772126	12732646	12756818483956390
1697220	1687032	10188	3998	13425772	14001054	12756818499645512
428452	418154	10298	3427	11600634	11021942	12756818512239868
530216	520084	10132	2191	7922354	7424834	12756818521257544
1398684	1388416	10268	4544	14954904	15336192	12756818538173922
1534770	1524576	10194	3891	13218862	13518358	12756818553492978
250994	240824	10170	4101	13632192	12860594	12756818567942972
185380	175180	10200	3295	11550672	10384718	12756818580244024
711106	700956	10150	2535	9021544	8634678	12756818590541598
1592370	1582374	9996	27	1578894	2012016	12756818594278098
1374750	1364598	10152	2511	9474080	9229228	12756818605693878
901884	891644	10240	4626	15285554	15101586	12756818622445232
1597254	1586972	10282	4697	15422486	15993738	12756818640029606
1323378	1313208	10170	4859	15980574	16203634	12756818657901618
1662666	1652724	9942	1572	6158298	6702186	12756818666282922
1609560	1599564	9996	447	3328132	3283770	12756818671787586
1663470	1653416	10054	3556	12065782	12642812	12756818686081736
1512650	1502294	10356	4871	16075652	16428134	12756818704232606
726990	716784	10206	3275	11150970	10867638	12756818716675638
1668152	1658042	10110	1540	6031886	6615764	12756818724940346
1149866	1139716	10150	3078	10701122	10700500	12756818737357426
830582	820446	10136	1572	6221106	5873342	12756818744972366
638292	628260	10032	1286	5418954	4826532	12756818751594960
555192	544966	10226	4158	13805928	13338876	12756818766521280
1329004	1318960	10044	156	2013884	2132854	12756818770428688
1241532	1231464	10068	590	3298502	3346176	12756818775533880
1034326	1024206	10120	1788	6970148	6724848	12756818784101892
1426552	1416384	10168	4822	16265874	16194534	12756818802358758
808764	798804	9960	271	2680604	1958416	12756818806412892
309408	299274	10134	2722	9692694	8794706	12756818816978294
736226	726068	10158	3041	10680742	10176368	12756818828960728
873294	863152	10142	1519	6253652	5758548	12756818836651932
793354	783198	10156	1506	5985686	5638798	12756818843997360
1273490	1263286	10204	4306	14584232	14498260	12756818860420804
616914	606796	10118	3273	11236558	10751400	12756818872840098
916310	906224	10086	1904	7129384	6953114	12756818881450826
1407628	1397164	10464	2294	8460572	8611106	12756818891884648
1317406	1307070	10336	1597	6587138	6434050	12756818900354082
1506234	1496028	10206	2113	7891340	8167588	12756818910317778
613894	603912	9982	412	2825236	2184864	12756818914321758
988914	978942	9972	138	1805002	1739610	12756818917680762
1518466	1508310	10156	3347	11439158	11875072	12756818931202578
1235802	1225788	10014	16	1616736	1621104	12756818934618000
1663768	1653734	10034	1746	6703842	7227184	12756818943549844
791410	781226	10184	4935	16109112	15900304	12756818961018124
723880	713662	10218	3464	12082734	11427820	12756818974388728
1672886	1662718	10168	3745	12563350	13218436	12756818989188826
1677228	1666944	10284	2732	9542998	10190406	12756819000976292
231136	220902	10234	1498	5987190	5051958	12756819007766742
1500232	1490096	10136	4146	13810522	14247782	12756819023641120
1493364	1483098	10266	1096	4719974	5110590	12756819030419216
1673352	1663254	10098	1260	5202240	5781102	12756819037859946
1300848	1290612	10236	4117	14269184	13961220	12756819054023294
1018782	1009000	9782	2011	7707204	7375738	12756819063315558
1179364	1169322	10042	172	2355764	2032570	12756819067414746
591150	581010	10140	2268	8325830	7718370	12756819076897766
1003416	993220	10196	4094	13627994	13592820	12756819092094960
735474	725406	10068	745	3989958	3303096	12756819097384818
1675320	1664936	10384	2672	9512226	10009652	12756819109134992
557080	546850	10230	3355	11641640	10936580	12756819121900900
1340962	1330840	10122	1239	5125834	5386858	12756819128955000
433272	423012	10260	4099	13807202	13037878	12756819143760000
1672928	1662848	10080	3278	11298854	11821296	12756819157294532
553954	543742	10212	2673	9419186	8892870	12756819167835894
708226	698008	10218	2143	7911170	7459486	12756819177019720
1667796	1657608	10188	1737	7056538	7206610	12756819186308640
1192586	1182578	10008	1406	5818636	5737062	12756819193887254
850762	840726	10036	797	3751874	3573786	12756819199079394
978736	968806	9930	643	3306560	3239860	12756819203930140
1324776	1314606	10170	3558	12128460	12322300	12756819217947774
261918	251688	10230	4047	13485906	12713452	12756819232259478
494898	484914	9984	882	4023930	3474046	12756819237340986
1186888	1176618	10270	2473	9037102	8925990	12756819248131074
197418	187128	10290	1585	6155138	5276082	12756819255048822
822184	812056	10128	2540	9196094	8762596	12756819265630948
291734	281546	10188	4264	14186488	13390970	12756819280693574
622480	612382	10098	2738	9603352	9156036	12756819291481560
398588	388568	10020	2733	9597218	8915974	12756819302044084
1349978	1339728	10250	4271	14167554	14471528	12756819318124652
1709514	1699182	10332	2902	10240446	10732318	12756819330638394
671986	661770	10216	3628	12230294	11866882	12756819344107398
819846	809684	10162	3111	11232534	10467950	12756819356723792
597340	587404	9936	266	2182506	1731796	12756819360068772
1089978	1079748	10230	4833	16089004	15891946	12756819377812518
914256	904354	9902	157	1842030	1720932	12756819381132480
666192	656262	9930	226	2057900	1680648	12756819384422052
446524	436468	10056	1531	6368102	5367202	12756819391801426
803750	793488	10262	3004	10374090	10132734	12756819403543706
1669896	1659682	10214	3731	12738776	13173120	12756819418518378
1248750	1238484	10266	4131	13724432	13951568	12756819434055416
1420944	1410792	10152	3481	12283788	12178366	12756819448327212
1284574	1274718	9856	587	3155828	3380676	12756819453332640
1055514	1045360	10154	4252	14109158	14119362	12756819469061742
1520190	1510062	10128	3693	12394236	12912082	12756819483566118
1061480	1051346	10134	3638	12436720	12287958	12756819497628974
1673540	1663342	10198	2737	9836722	10205090	12756819509703946
617830	607598	10232	1854	7339308	6503528	12756819518228470
536120	526144	9976	262	2649238	1659164	12756819521980726
165018	154866	10152	2312	8709380	7414366	12756819531402402
376784	366806	9978	533	2988320	2304146	12756819535319326
225462	215262	10200	3593	12308244	11308342	12756819548402718
1140582	1130646	9936	99	1935726	1766170	12756819552029346
1225986	1215738	10248	4288	14479542	14389998	12756819568285422
1185414	1175334	10080	4109	13810878	13815526	12756819583828998
1323854	1313680	10174	2408	8597542	8860036	12756819594298840
195750	185670	10080	3027	10611926	9585694	12756819605657226
586824	576702	10122	4985	16269316	15836544	12756819623062932
1412894	1402682	10212	678	3932592	3772306	12756819628958980
938906	928840	10066	2117	8290004	7605884	12756819638735788
1672892	1662924	9968	2293	8205438	8866380	12756819649163732
961228	951202	10026	1789	6708634	6645376	12756819657382948
418120	408074	10046	914	4326052	3484180	12756819662676004
1047636	1037530	10106	4153	13816856	13808266	12756819678090438
315490	305346	10144	1515	6337240	5178072	12756819685292514
1673708	1663768	9940	1040	4503068	5117092	12756819692019988
412104	402042	10062	4496	15396314	14198490	12756819708380598
1671344	1661228	10116	3415	11556112	12222126	12756819722186072
902130	891994	10136	4104	14172552	13516080	12756819737809014
1658020	1647970	10050	3390	11497262	12133150	12756819751512240
720050	709758	10292	3186	10940466	10586120	12756819763725134
801934	791808	10126	4864	15936726	15691338	12756819781013226
283518	273444	10074	3823	12841014	12056004	12756819794687172
713130	703032	10098	4098	13654522	13306896	12756819809605398
1006940	997036	9904	155	1796708	1799930	12756819812957986
1563700	1553430	10270	3875	13141508	13491864	12756819828212946
670692	660586	10106	4861	16149912	15547942	12756819845687358
1530738	1520488	10250	2928	10105708	10621684	12756819857869638
987598	977720	9878	110	1825014	1646246	12756819861232246
831844	821660	10184	1900	7074570	6846662	12756819869690026
0	0	0	0	0	0	0
1210770	1200678	10092	3369	11842176	11622732	12756819898977452
804552	794386	10166	2297	8815596	8008606	12756819909148200
1661344	1651278	10066	4406	14656198	15178762	12756819926017026
824308	814290	10018	787	4291334	3507718	12756819931686534
803042	792926	10116	3521	11977850	11671594	12756819945013630
655760	645688	10072	2005	7461740	6987652	12756819953680486
1364786	1354844	9942	1318	5505998	5638416	12756819961099592
329384	319222	10162	4294	14242406	13509874	12756819976219870
656664	646704	9960	824	3933672	3453090	12756819981359778
1023088	1012938	10150	1278	5433174	5178270	12756819988364514
356354	346166	10188	2680	9504174	8708956	12756819998774500
1251520	1241464	10056	1094	4619334	4857412	12756820005191548
1094420	1084240	10180	3047	10550820	10542478	12756820017386146
1086962	1069490	17472	162	2065272	1901762	12756820021086926
314344	304254	10090	1420	5598042	4895196	12756820027548198
1675390	1665262	10128	1616	6220138	6842548	12756820035990460
1504884	1494574	10310	4621	15261914	15664944	12756820053310518
1005002	994790	10212	1886	7193398	6980558	12756820062058706
1412798	1402650	10148	4189	14107542	14281766	12756820078128374
1481206	1471082	10124	4642	15253082	15724720	12756820095411928
483060	472898	10162	2200	7946542	7396758	12756820104392192
179572	169418	10154	4100	13818888	12779618	12756820118939446
320632	310486	10146	3859	13096320	12200264	12756820132904806
1276034	1265962	10072	1704	7045510	6706358	12756820141773424
456684	446580	10104	4153	13827936	13215106	12756820156607058
1666128	1655992	10136	3768	12659840	13274634	12756820171482078
1666918	1656804	10114	2718	9563896	10133494	12756820183268958
879364	869214	10150	3756	12673736	12449632	12756820197374034
157446	147330	10116	1692	6649748	5551462	12756820204729974
791898	781816	10082	4481	14832230	14534808	12756820220903598
421188	410586	10602	1863	7027396	6327498	12756820228901054
1002290	992222	10068	2575	9648570	9039710	12756820240101014
854178	844122	10056	1574	6161510	5895124	12756820247665638
1100844	1090674	10170	4855	15870456	15961272	12756820265184386
1371478	1361576	9902	44	1928190	1834258	12756820269031546
1556766	1546626	10140	4716	15696938	16000710	12756820286836134
1497912	1487772	10140	3488	11869294	12268396	12756820300754052
1666546	1656344	10202	2537	8989668	9589648	12756820311960586
802266	791990	10276	3773	13083316	12423524	12756820326398966
915940	906056	9884	320	2361988	2205502	12756820330226824
1596448	1586328	10120	1013	4583714	4958404	12756820336956000
1205572	1195502	10070	613	3776252	3370660	12756820342491064
1001866	991668	10198	4795	15929808	15683886	12756820359972480
190888	180800	10088	1000	4683574	3512974	12756820365395788
426676	416564	10112	2181	7906470	7295770	12756820374278044
1025024	1014764	10260	4979	16443496	16256048	12756820392298052
1019822	1009788	10034	1799	6951080	6734528	12756820400819666
694900	684720	10180	1483	6005452	5464338	12756820408069800
775070	765002	10068	1306	5527694	5015566	12756820414922884
1437582	1427526	10056	1083	5177240	5009088	12756820422104022
303294	293124	10170	2629	9221300	8500484	12756820432178132
510816	500850	9966	847	4267904	3376176	12756820437506520
189110	178880	10230	3437	11889750	10805214	12756820450135094
1671986	1661648	10338	2324	8606448	8958862	12756820460964880
1353736	1343632	10104	2335	8598474	8698750	12756820471468924
1672220	1662062	10158	4813	15823262	16406888	12756820489514380
497538	487458	10080	4546	15147374	14432002	12756820505713542
1067174	1056412	10762	3083	10724768	10623790	12756820518054280
383518	373340	10178	4348	14552716	13726966	12756820533541366
402058	391928	10130	1639	6449748	5639594	12756820540940320
1328170	1318030	10140	4708	15945840	15746944	12756820558761484
1493262	1483132	10130	3991	13309686	13770498	12756820574112546
631916	621834	10082	895	4625796	3641180	12756820579919432
1037142	1026992	10150	130	2331332	1757990	12756820583838332
194970	184720	10250	3547	12561882	11141010	12756820597143558
168112	157936	10176	2350	8498940	7532758	12756820606358898
1095118	1084878	10240	3611	12473774	12235746	12756820620502494
1316378	1306196	10182	3071	10734900	10838670	12756820633102412
1495314	1485108	10206	3121	10716794	11167344	12756820645863594
1046024	1035860	10164	3537	11953576	11962058	12756820659412112
840412	830282	10130	1541	6211216	5782456	12756820667011960
878238	868098	10140	4851	16461974	15728794	12756820684902498
608078	597860	10218	3520	12475454	11473268	12756820698534430
1334478	1324312	10166	3752	12634108	12894406	12756820713052098
1315080	1304998	10082	1926	7582680	7411462	12756820722496194
967688	957506	10182	4751	15762748	15517612	12756820739777080
1661266	1651090	10176	2108	7791812	8300398	12756820749778638
361310	351198	10112	3409	11656590	10894022	12756820762365734
197486	187380	10106	1582	6115444	5264966	12756820769229266
705652	695454	10198	1307	5849880	4949380	12756820776333798
1044824	1034664	10160	3269	11358824	11158512	12756820789288052
1563656	1553652	10004	1444	5782146	6215840	12756820797184454
941198	931016	10182	367	2698678	2370494	12756820801377484
1660840	1650720	10120	4526	15112450	15536854	12756820818698880
188044	178054	9990	1010	4579678	3540902	12756820824019948
346046	335834	10212	3218	11416286	10308502	12756820836332146
321542	311374	10168	4507	15079756	14141866	12756820852280848
1668716	1658644	10072	3592	12355938	12747004	12756820866853588
161476	151448	10028	4429	14650754	13746824	12756820882220380
979050	968966	10084	2363	8508032	8380646	12756820892256134
726852	716198	10654	3697	12764670	12122448	12756820906298054
625090	615070	10020	765	3904478	3247786	12756820911377022
508474	498352	10122	3037	10540726	9927636	12756820922977560
1477874	1467884	9990	1186	5406558	5357456	12756820930411694
1570192	1560162	10030	2722	9696788	10049556	12756820942227198
170686	160600	10086	2586	9250028	8243496	12756820952197812
223236	212938	10298	2562	9464650	8223970	12756820962432198
1040824	1030770	10054	3618	12225614	12198468	12756820976247918
148792	138782	10010	410	3168142	1707424	12756820980114646
268046	257972	10074	4858	16181516	15138096	12756820997113946
181102	171008	10094	1582	6590738	5246816	12756821004434446
909476	899382	10094	3846	12958708	12750896	12756821018852336
669504	659268	10236	3808	12967944	12396288	12756821033038214
1543908	1533938	9970	616	3781698	3716972	12756821038913792
1293438	1283218	10220	730	3550416	3810918	12756821044304946
358780	348490	10290	4975	16317524	15578742	12756821061528186
1522460	1512370	10090	3171	10854122	11343652	12756821074480960
1287018	1276636	10382	3263	11127478	11385258	12756821087444202
1142482	1132348	10134	3658	12764586	12421760	12756821101899046
1076138	1066130	10008	2970	10311492	10294268	12756821113834256
1413138	1402986	10152	1899	7154420	7428594	12756821122952418
1666652	1656430	10222	4467	14793562	15365960	12756821139963244
1073500	1063396	10104	4256	14294224	14140854	12756821155884954
1252306	1242036	10270	1769	6724874	6877842	12756821164410978
1675704	1665498	10206	4276	14396092	14804332	12756821181035052
1231416	1221606	9810	301	2472292	2462620	12756821185307574
1496632	1486516	10116	3424	11656292	12074838	12756821199007902
1118228	1108208	10020	2861	10256922	10009748	12756821210933336
910906	900796	10110	4112	13753894	13548138	12756821226145506
1668120	1657952	10168	4151	13880982	14421776	12756821242241294
1018884	1008826	10058	2256	8263624	8103072	12756821252073240
513902	503882	10020	4034	14020120	12917570	12756821267155334
334282	324136	10146	4903	16585160	15339272	12756821284624870
177438	167326	10112	1688	6545112	5560750	12756821291893482
630918	621024	9894	2109	8259132	7273554	12756821301331662
556966	547008	9958	1608	6517808	5699652	12756821308955400
475378	465266	10112	962	4316392	3684652	12756821314296946
1682262	1672170	10092	3338	11553550	12004350	12756821328083058
1341798	1331880	9918	735	3862012	3871122	12756821333836146
1531966	1521940	10026	1482	6352514	6297400	12756821342268840
873404	863322	10082	3071	11148962	10393766	12756821354841926
1660104	1650138	9966	4014	13508172	14005584	12756821370557238
1206304	1195702	10602	1443	5679374	5852900	12756821377995646
1670242	1660038	10204	1781	6720902	7329870	12756821386935498
1667384	1657374	10010	2561	9066534	9663666	12756821398221932
432212	422110	10102	2849	10100600	9290894	12756821409305584
1571010	1561086	9924	1244	5170760	5623746	12756821416594734
1480428	1470208	10220	2967	10374824	10690392	12756821429005602
1671706	1661566	10140	1604	6741180	6803572	12756821437966000
1439524	1429624	9900	39	1556718	1888582	12756821441513920
1163084	1153048	10036	1695	6773474	6566572	12756821450000704
1669506	1659420	10086	4374	15027348	15089376	12756821467246440
1659786	1649676	10110	3531	12067586	12558714	12756821481527898
964698	954694	10004	2513	9126504	8817942	12756821492169894
1185742	1175704	10038	2483	9372662	8947612	12756821503303084
1674966	1664794	10172	4695	15526962	16056190	12756821521052466
879148	869046	10102	2080	7821414	7437234	12756821530306818
1114350	1104264	10086	4985	16533174	16365834	12756821548502442
170568	160554	10014	4703	15575514	14576270	12756821564797814
1289120	1279034	10086	3532	12051380	12191686	12756821578687060
870378	860310	10068	2604	9285028	8995032	12756821589392912
182080	172058	10022	4218	14103274	13136672	12756821604228820
345078	335170	9908	596	3358662	2457916	12756821608483122
1311794	1301602	10192	4133	13904316	14012716	12756821624249806
761994	751920	10074	4664	15896434	15052410	12756821641456914
936882	926634	10248	3903	13266702	12949224	12756821656213266
1381736	1371670	10066	1905	7085292	7412110	12756821665229800
673906	663954	9952	3540	12104650	11597986	12756821678558706
878520	868544	9976	4592	15166780	14958966	12756821695167446
479058	469006	10052	4918	16302234	15534132	12756821712515892
1668330	1658368	9962	1158	5008530	5471070	12756821719756794
893116	883054	10062	856	3902658	3792992	12756821725138000
1041454	1031322	10132	3235	11197034	11059822	12756821737940382
1556782	1546880	9902	553	3054414	3549068	12756821743115710
363030	352696	10334	3179	11048046	10217002	12756821755096638
1666974	1656786	10188	4849	16105058	16516110	12756821773433238
1469846	1459662	10184	4083	13592892	14027306	12756821789065616
171910	161824	10086	4279	14676502	13316978	12756821804477104
510858	500790	10068	3894	13247420	12503454	12756821818798902
1668632	1658650	9982	1731	6609986	7185604	12756821827642444
1116362	1106344	10018	2542	8958308	9063040	12756821838304588
1663498	1653162	10336	1197	5172370	5584530	12756821845705494
678684	668454	10230	4572	15033418	14700688	12756821861983758
1033282	1023286	9996	4725	15980646	15511888	12756821879562474
1548240	1538208	10032	1616	6177776	6721794	12756821887853054
1405862	1395802	10060	2907	10082612	10443004	12756821899906828
354722	344756	9966	2035	7487338	6784224	12756821908313186
772092	762246	9846	251	2234082	1861458	12756821911882146
1698076	1687942	10134	4439	14729204	15319990	12756821928874084
1673558	1663400	10158	4084	13661320	14235712	12756821944777804
1116476	1106258	10218	3836	12852660	12933794	12756821959313908
161994	152040	9954	1843	6967684	6017790	12756821967029934
1667866	1657720	10146	2724	9530384	10157932	12756821978792440
1660342	1650084	10258	2228	8618602	8665260	12756821989640214
298600	288472	10128	4334	14302846	13607272	12756822004808260
737910	727876	10034	220	2143632	1733760	12756822008252520
1675628	1665646	9982	2469	9115746	9402082	12756822019608520
1043972	1033898	10074	4381	14598410	14494418	12756822035814926
328078	317976	10102	3324	11294216	10615692	12756822048001440
1553814	1543728	10086	1701	6654538	6981494	12756822056775332
1667612	1657576	10036	2389	8488168	9157750	12756822067501960
1007174	997130	10044	1254	5199066	5098844	12756822074272892
1469648	1459520	10128	1146	5015594	5237280	12756822081322832
344640	334686	9954	1524	6035016	5244300	12756822088266654
1383798	1373766	10032	2838	9833554	10215594	12756822100047318
1160486	1150392	10094	757	3755982	3764030	12756822105528494
748106	738126	9980	1387	5743230	5236626	12756822112586414
860742	850576	10166	1916	7098510	6934810	12756822121112118
1667430	1657286	10144	778	3936114	4334826	12756822127282136
838758	828386	10372	3625	12362382	12026894	12756822141046832
628852	618852	10000	1366	6052968	5054892	12756822148292226
1368430	1358176	10254	4116	13786080	14024134	12756822164011348
292960	282820	10140	3541	12551286	11227660	12756822177421504
1010612	1000656	9956	2343	8698514	8359974	12756822187695566
842958	833048	9910	138	1778494	1594802	12756822190882892
978316	968188	10128	3398	12123728	11486028	12756822204546282
1427394	1417512	9882	577	3397558	3493518	12756822209936658
754570	744450	10120	4330	14310218	14051622	12756822225566226
291860	281858	10002	1997	7556810	6607658	12756822233977468
1186234	1175998	10236	751	4208884	3771850	12756822239935750
465382	455422	9960	304	2392978	1712986	12756822243357106
406692	396580	10112	1683	6379914	5779080	12756822250708800
1230062	1220108	9954	24	1470196	1640476	12756822253974424
434558	424382	10176	4052	14071942	12898772	12756822269044412
222800	212594	10206	1074	5160646	3774980	12756822274991986
880200	870354	9846	192	2521166	1792080	12756822278956526
1609574	1599460	10114	1046	4817722	5079074	12756822285947020
883154	873148	10006	1820	6951726	6666730	12756822294352006
1597570	1587510	10060	1357	5602202	5996970	12756822302147598
1613426	1603528	9898	503	3346210	3456826	12756822307676440
1265636	1255510	10126	3001	10424558	10586476	12756822319931740
1547776	1537536	10240	4432	15209588	15149358	12756822337252518
1181798	1171706	10092	3206	11050674	11115410	12756822350055364
199994	190010	9984	901	4647512	3234580	12756822355466380
1287202	1277132	10070	4711	15678440	15724672	12756822372999646
169018	158934	10084	1660	6345652	5474604	12756822380078958
701164	691106	10058	689	4007414	3100274	12756822385348888
1126672	1116624	10048	3718	12509102	12590380	12756822399550812
332252	322308	9944	4450	14856194	13990140	12756822415304126
1670180	1660102	10078	3635	12216848	12885344	12756822429754006
1673072	1663080	9992	1159	4801238	5478704	12756822436796216
695990	685760	10230	4807	15830070	15421160	12756822453893294
1185972	1175908	10064	4644	15516560	15423676	12756822471161520
231958	222382	9576	339	2483716	1589836	12756822474442180
1070642	1060592	10050	3398	11723640	11579288	12756822487800448
268050	257936	10114	1625	6255682	5469444	12756822494890112
1453818	1443672	10146	3388	11560616	11932084	12756822508469538
792420	782410	10010	2588	9144224	8901448	12756822518971674
937492	927346	10146	4440	14847608	14563924	12756822535320378
1148718	1138750	9968	2426	8644506	8747436	12756822545680542
432606	422622	9984	1390	5461502	4931430	12756822552162386
159114	149166	9948	517	3273304	2043238	12756822556159794
1664738	1654584	10154	3612	12224316	12820140	12756822570612734
1464386	1454228	10158	3997	13461556	13765828	12756822586101166
1666620	1656626	9994	1515	6168414	6539396	12756822594498026
1429048	1418904	10144	4807	15857768	16155972	12756822612349482
255540	245298	10242	2226	8243662	7253522	12756822621411806
1667108	1656876	10232	2777	9723956	10317152	12756822633367352
727306	717302	10004	1518	6170654	5610112	12756822640831600
1377820	1367686	10134	4911	16082838	16415854	12756822658858924
1359184	1349126	10058	1246	5099932	5427484	12756822665882668
1096906	1086816	10090	3597	12325274	12200062	12756822679869558
625806	615522	10284	3397	11880978	11129712	12756822692938422
1127452	1117516	9936	1898	7263930	7145834	12756822701891980
1650314	1639684	10630	3990	13354420	13929440	12756822717460180
736698	726544	10154	1573	6064912	5784732	12756822724831002
230230	220078	10152	2998	10925036	9542840	12756822736547470
580096	569992	10104	4025	13414880	12964000	12756822751107724
301942	292036	9906	903	4318844	3341392	12756822756291646
1667454	1657286	10168	4058	13475792	14150886	12756822771999086
694994	684946	10048	2849	10287794	9559486	12756822783551986
831922	821722	10200	2038	7497390	7284668	12756822792446206
619598	609500	10098	2576	9243912	8665454	12756822802873652
1304784	1294684	10100	1794	7322616	7011796	12756822812067612
174906	164806	10100	3309	11857324	10415272	12756822824663202
1623558	1613614	9944	1021	4524052	5016384	12756822831376362
1048616	1038464	10152	2521	8912054	8931424	12756822841905208
649138	639238	9900	256	2713986	1754542	12756822845833426
480594	470586	10008	1647	6371504	5748984	12756822853248918
549148	539106	10042	3051	10730432	10020318	12756822865091502
1275786	1265986	9800	82	1873238	1858912	12756822868805094
963780	953636	10144	3606	12238466	12095316	12756822882595712
1664010	1653988	10022	1823	6813736	7455690	12756822891637158
1671002	1660736	10266	2797	9788144	10380382	12756822903663664
1232666	1222566	10100	2847	10020080	10094000	12756822915487214
161678	151582	10096	4533	14968508	14084800	12756822931182544
1671864	1661896	9968	2314	8494882	8935786	12756822941913858
836830	826720	10110	1416	5886382	5412788	12756822949201564
753702	743622	10080	4815	16012992	15502668	12756822966531132
1669072	1659006	10066	1925	7293620	7765906	12756822976057146
725530	715318	10212	804	3844974	3469564	12756822981195184
1153912	1143796	10116	3314	11336432	11409384	12756822994250658
721848	711780	10068	3590	12340720	11803726	12756823007879262
1571986	1561876	10110	4213	14285340	14520500	12756823024301500
1093518	1083426	10092	4843	16149200	15924628	12756823042112706
1182328	1172314	10014	2107	7959802	7824016	12756823051820694
1606334	1596460	9874	466	2783122	3339898	12756823056775960
937656	927596	10060	165	1871026	1767908	12756823060153712
1437090	1426932	10158	3640	12432466	12671080	12756823074588132
510702	500670	10032	929	4138570	3628170	12756823079803218
1254896	1244774	10122	4618	15524922	15414866	12756823097149016
1086556	1076536	10020	3585	12465522	12154634	12756823111265740
986344	976438	9906	169	2232342	1829998	12756823115047398
346698	336714	9984	887	4599788	3339252	12756823120558146
783538	773538	10000	3960	13244430	12973554	12756823135178394
930290	920170	10120	1222	5294254	4926848	12756823141966390
581750	571734	10016	256	2710212	1684314	12756823145819894
971676	961548	10128	2861	10340036	9872194	12756823157696640
1012702	1002702	10000	1736	6649948	6546126	12756823165923240
1060542	1050396	10146	747	4185784	3634066	12756823171732452
1075590	1065402	10188	4831	15881422	15871090	12756823189255986
916290	906232	10058	3066	10923824	10429642	12756823201660878
1011754	1001566	10188	3173	10896234	10845280	12756823214132040
824412	814300	10112	840	4475416	3686766	12756823219996314
730732	720600	10132	3440	11645580	11364510	12756823232939778
1111340	1101472	9868	639	3584480	3363746	12756823238198806
478176	468118	10058	4969	16820466	15709324	12756823256061840
948586	938442	10144	2874	10558366	9888726	12756823268132718
1264630	1254364	10266	2794	10308714	9965710	12756823280270704
739466	729352	10114	1947	7609170	6903148	12756823289185228
634468	624246	10222	3675	12951176	11969752	12756823303335402
1149742	1139686	10056	2683	9495306	9516314	12756823314544366
1668848	1658840	10008	2129	7742632	8378480	12756823324521040
179620	169608	10012	1178	5142442	4043722	12756823330409322
233318	223086	10232	4357	14488162	13610702	12756823345693886
1195912	1185802	10110	2768	9684522	9816142	12756823357137646
1664992	1654878	10114	1728	6650114	7174726	12756823366019826
1230084	1212642	17442	1345	5462500	5594934	12756823373282718
931388	921396	9992	2397	8906610	8443536	12756823383686576
1546374	1536348	10026	4420	14600750	15113298	12756823400421354
1136612	1126520	10092	4668	15697140	15444890	12756823417822406
1216470	1206414	10056	2509	8906166	9063750	12756823428509154
813352	803308	10044	2084	7822892	7389802	12756823437707238
254536	244586	9950	1008	4546182	3607810	12756823443071380
347550	337390	10160	989	4313328	3644754	12756823448297238
1231024	1220954	10070	2209	8422368	8181014	12756823458515644
260764	250852	9912	2132	8012328	6979612	12756823467353118
1442022	1432044	9978	529	2962338	3364428	12756823472344386
1029172	1019082	10090	1889	7355672	7020538	12756823481293278
1612238	1602354	9884	480	3235062	3387246	12756823486703912
1573678	1563630	10048	1836	6909010	7406662	12756823495754838
746512	736354	10158	3609	12178348	11884678	12756823509248686
740618	730538	10080	3931	13352714	12841514	12756823523908030
839412	829442	9970	997	4690114	4160544	12756823530001694
1604276	1594348	9928	83	2246884	2191456	12756823534417870
966222	956092	10130	1970	7448398	7197906	12756823543402026
1021492	1011484	10008	897	4135248	4044982	12756823549122820
1058886	1048812	10074	3170	10975368	10885622	12756823561721426
653806	643750	10056	4614	15197788	14811436	12756823578136480
1008826	998598	10228	4075	13641014	13541650	12756823593351360
1664724	1654644	10080	1936	7243160	7796132	12756823602824366
1670508	1660334	10174	3810	12946674	13409810	12756823618010174
804514	794368	10146	4699	15499692	15206154	12756823634883102
967898	957892	10006	2703	9778434	9395348	12756823646219044
1468702	1458700	10002	571	3662706	3516862	12756823651915486
534970	524818	10152	2121	7677840	7220572	12756823660693744
766852	756850	10002	204	2000476	1716382	12756823664026278
889670	879714	9956	653	3900910	3182010	12756823669380686
1123646	1113622	10024	4899	16126442	16141496	12756823687195006
1373904	1363974	9930	1951	7433076	7551706	12756823696567638
699940	689976	9964	1533	6091368	5626914	12756823703923674
271214	261230	9984	875	4060052	3227298	12756823708819334
894098	883910	10188	1820	7399774	6680886	12756823717678646
424388	414256	10132	1624	6340754	5624932	12756823725008440
1476904	1466730	10174	4226	14359352	14461920	12756823741408614
904710	894494	10216	2530	9052030	8830302	12756823751931146
478570	468664	9906	287	2430088	1673164	12756823755404764
543126	533012	10114	2017	7397432	6919086	12756823763909312
406564	396506	10058	4637	15439386	14622628	12756823780320508
577668	567534	10134	3099	10733624	10188480	12756823792196894
1224692	1214600	10092	3072	10691668	10756896	12756823804677812
1675438	1665370	10068	4460	14822950	15360430	12756823821742218
1363912	1353756	10156	2320	8304154	8638674	12756823831962714
557184	547152	10032	3691	12431184	11932252	12756823845501066
689468	679424	10044	3515	12062600	11539292	12756823858802096
344432	334288	10144	1689	6494512	5731708	12756823866190708
1075922	1065858	10064	4036	13535310	13486266	12756823881351086
959690	949572	10118	3330	11460854	11255352	12756823894322774
175020	164914	10106	3527	12038722	11060994	12756823907087034
1496226	1486102	10124	4512	15185718	15330070	12756823924318506
785416	775192	10224	4272	14295620	13900406	12756823939948960
1681034	1670940	10094	2431	8672100	9287928	12756823950849854
1222910	1212836	10074	1271	5326766	5359588	12756823957951870
590100	580104	9996	270	2207074	1729656	12756823961299560
1465712	1455678	10034	1835	7429086	7288982	12756823970746856
1312662	1302632	10030	2272	8301998	8442680	12756823980910334
708862	698706	10156	1381	5537572	5182198	12756823987705002
959400	949308	10092	2583	9165166	9022260	12756823998376832
1240540	1230484	10056	4192	13989138	14117872	12756824014155340
164866	154470	10396	4268	14307158	13271218	12756824029175418
1154922	1144786	10136	2526	9030020	9045054	12756824039910462
1670632	1660084	10548	4175	14445998	14498800	12756824056575820
1677230	1667270	9960	1343	5363458	6026330	12756824064169454
578820	568554	10266	2034	7894208	7029088	12756824073196134
302784	292740	10044	894	4124494	3310608	12756824078172612
811904	801800	10104	3835	13420662	12621668	12756824092975832
300050	290056	9994	1528	5970288	5203334	12756824099796664
1154742	1144680	10062	3525	12103842	12036384	12756824113604622
1339412	1329264	10148	2292	8406858	8528642	12756824123899256
685344	675382	9962	421	3116580	2294458	12756824128252398
677680	667648	10032	1282	5228996	4845004	12756824134709334
274114	264044	10070	1609	6210548	5419474	12756824141743228
1512980	1501978	11002	4497	14869420	15304126	12756824158673920
697826	687698	10128	1542	6117162	5642762	12756824166038306
1666890	1656822	10068	1225	5002124	5660846	12756824173256546
1668662	1658492	10170	3580	12267060	12713926	12756824187744028
191234	181296	9938	371	2676272	1631216	12756824191162934
1325874	1315700	10174	2230	8088018	8331872	12756824201126666
1431520	1421322	10198	2381	8991134	8888382	12756824212096626
820432	810406	10026	2057	7661860	7306074	12756824221128618
175774	165678	10096	3524	12016164	11054766	12756824233871274
1595160	1585136	10024	2149	7739486	8357334	12756824243778566
325746	315606	10140	4944	16367866	15453396	12756824261026278
665432	655280	10152	3449	11727274	11318346	12756824273966072
509874	499842	10032	4539	15191046	14424768	12756824290217658
1383142	1373320	9822	192	2058440	2288810	12756824294209510
312492	302538	9954	2481	9361350	8069848	12756824304434040
1231756	1221712	10044	4389	14754358	14698698	12756824320970322
391046	380784	10262	2949	10233672	9547364	12756824332143152
968384	958252	10132	3720	12500634	12433490	12756824346161644
1102398	1092316	10082	4840	15935714	15918900	12756824363747262
1001566	991464	10102	701	3450046	3428016	12756824368746360
0	0	0	0	0	0	0
761872	751776	10096	2731	9536794	9267688	12756824397477972
348186	338074	10112	3654	12405272	11614530	12756824410780818
1666296	1656270	10026	3423	11604108	12241758	12756824424600258
1093224	1083088	10136	3618	12186004	12253044	12756824438435040
439238	429278	9960	937	4428546	3576738	12756824443850666
1664260	1654060	10200	2350	8971842	9027604	12756824455036168
1433724	1423854	9870	523	3028484	3327322	12756824460052158
1241642	1231540	10102	45	1507592	1706800	12756824463349768
491386	481424	9962	445	2733402	2154718	12756824467124866
196080	186130	9950	445	2750142	1858194	12756824470618542
322800	313140	9660	4271	14268770	13451682	12756824485761798
1237542	1227270	10272	4308	14275328	14461708	12756824501825478
1368230	1358024	10206	4659	15510444	15642738	12756824519252192
1312402	1302460	9942	598	3548396	3444424	12756824524664386
222260	212118	10142	2719	9501202	8689982	12756824534935334
1031750	1021790	9960	2527	8964408	8926028	12756824545480832
363212	353198	10014	2390	8547600	7847724	12756824554940186
1272120	1261866	10254	1682	6808116	6645292	12756824563570854
1675030	1664978	10052	1631	6244656	6886360	12756824572039624
919278	909306	9972	128	1780882	1632534	12756824575294386
1489914	1479676	10238	4569	15211970	15493788	12756824592544452
1300686	1290562	10124	126	1919788	2008698	12756824596314906
995870	986054	9816	87	1856828	1586030	12756824599718230
1264410	1254250	10160	3824	12935094	13038798	12756824614466478
688932	678850	10082	3739	12580814	12208872	12756824628286932
554900	544754	10146	3153	11110740	10322382	12756824640501614
591694	581764	9930	318	2635296	1874378	12756824644279528
1678842	1668858	9984	2058	7695056	8169744	12756824654201718
1652872	1642680	10192	3238	11630854	11676964	12756824668035906
333662	323760	9902	312	2286624	1597088	12756824671209086
975756	965562	10194	3157	11036692	10754038	12756824683771920
735214	725170	10044	3223	11011892	10711302	12756824696068626
663880	654050	9830	243	2671528	1720526	12756824699953900
1617844	1607778	10066	467	2893684	3345546	12756824705017158
1022924	1012820	10104	4652	15905150	15275952	12756824722499414
295372	285268	10104	4695	15428744	14678866	12756824738774506
564618	554604	10014	762	3626832	3177288	12756824743515132
1666814	1656840	9974	963	4316640	4878780	12756824750049452
1608592	1598710	9882	400	2893394	3135980	12756824755100146
679608	669520	10088	3189	11029018	10552782	12756824767363920
1085726	1075592	10134	4682	15375396	15429200	12756824784374654
1009048	999006	10042	1819	6874148	6783892	12756824792836794
300268	290172	10096	895	4010060	3308940	12756824797697754
440684	430804	9880	320	2400284	1729820	12756824801088466
241336	231242	10094	3966	13809618	12442804	12756824815686088
1398696	1388734	9962	714	3527996	3866158	12756824821162200
331368	321504	9864	2764	9797386	8934528	12756824831839094
173410	163352	10058	1471	5750736	4907824	12756824838313444
1382326	1372230	10096	1798	6768878	7093768	12756824847013578
291326	281154	10172	3201	11151304	10201776	12756824859004496
170626	160710	9916	1900	7028704	6187938	12756824866752240
1223692	1213736	9956	4672	15394184	15548506	12756824883919066
783378	773494	9884	153	2105260	1571076	12756824887357572
1040164	1030098	10066	3198	11112384	10943304	12756824900058840
1353246	1343256	9990	588	3700254	3442904	12756824905663352
1209618	1199586	10032	2721	9617160	9682494	12756824917039458
185748	175766	9982	1103	4715108	3816986	12756824922486254
1168960	1158884	10076	2384	8751690	8634100	12756824932956988
1512144	1501894	10250	2908	10660752	10545174	12756824945675838
0	0	0	0	0	0	0
576116	566012	10104	3139	11167288	10302692	12756824961176816
1701306	1691186	10120	1263	5375786	5812116	12756824968805666
1002238	992102	10136	2561	9025124	8998732	12756824979386806
494292	484278	10014	1519	6100854	5372496	12756824986531800
1036902	1026762	10140	1868	6967826	6967360	12756824995086414
492412	482304	10108	3472	11750800	11214064	12756825007878318
634776	624606	10170	4907	16638372	15652852	12756825025699746
545408	535488	9920	4167	13858758	13348080	12756825040652672
1668432	1658466	9966	951	4230126	4846792	12756825047103132
784354	774178	10176	1851	7488164	6655738	12756825055928040
187918	177786	10132	1590	6385340	5276080	12756825063050280
141942	132002	9940	589	3519198	2234870	12756825067260206
1071230	1061348	9882	195	2003508	1986290	12756825070883110
281162	270952	10210	2721	9632948	8756350	12756825081340408
1030664	1020446	10218	2067	7620062	7547886	12756825090541892
1182538	1172248	10290	2388	8699798	8659590	12756825100974414
561764	551718	10046	4887	16569142	15518288	12756825118655192
1238348	1228268	10080	4998	16328424	16527584	12756825136771532
390090	380088	10002	1048	4518142	3858780	12756825142229238
617300	607278	10022	388	2581462	2124428	12756825145979096
340878	330640	10238	4060	14093218	12822222	12756825160963542
442302	432246	10056	918	4688406	3519498	12756825166643706
1453238	1443142	10096	3950	13256930	13606384	12756825181903906
1177448	1167290	10158	3299	11816624	11381086	12756825195449386
931674	921546	10128	2518	8942756	8796726	12756825205873278
1570344	1560324	10020	1972	7844770	7804294	12756825215837880
789880	779780	10100	2965	10439466	9995138	12756825227615680
174850	164644	10206	4362	14625264	13559916	12756825242985720
1109110	1099024	10086	4345	14783400	14445220	12756825259426204
781714	771748	9966	252	2130714	1865954	12756825262887868
1269772	1259464	10308	2260	8252524	8364304	12756825272959288
1104616	1094410	10206	3056	10709744	10581460	12756825285322324
1684448	1674184	10264	1249	5281170	5752120	12756825292833724
417774	407646	10128	3482	11794532	11170590	12756825305600814
1303560	1293628	9932	578	3294000	3364858	12756825310748598
1343722	1333566	10156	3726	12630576	12826506	12756825325271394
251202	241266	9936	432	2704356	1873606	12756825328775958
797078	786946	10132	1476	5897520	5546116	12756825336019924
179578	169390	10188	1578	6279248	5233198	12756825343028386
491226	481210	10016	2249	8242188	7553746	12756825352309746
1224508	1214296	10212	4532	15158736	15119140	12756825369240604
1608248	1598160	10088	38	1699844	2071440	12756825373099172
1659090	1649046	10044	701	3486714	4087552	12756825378797658
1034462	1024292	10170	2883	10014420	9992876	12756825390402028
948264	938074	10190	3978	13475196	13184118	12756825405376158
524334	514252	10082	3495	11857362	11334768	12756825418306518
342112	331966	10146	3730	12900992	11837598	12756825432098178
1240532	1230464	10068	4538	15042750	15153308	12756825448933856
1273276	1263290	9986	1181	5486670	5139856	12756825456245404
609016	598998	10018	2714	9598964	9063696	12756825467002038
1664304	1654234	10070	1225	5607110	5660610	12756825474842238
354400	344290	10110	2628	9276168	8549050	12756825485028070
1473734	1463614	10120	4001	13914518	13778164	12756825500965306
1561476	1551276	10200	1268	5742278	5686558	12756825508819578
1662642	1652566	10076	1116	4701872	5333296	12756825515738598
761624	751310	10314	4282	14422900	13907924	12756825531472204
392740	382792	9948	493	2937846	2199068	12756825535353208
1606516	1596494	10022	556	3369030	3599494	12756825540876826
645234	635058	10176	4864	16017426	15532894	12756825558091398
568484	558348	10136	3641	12308070	11796780	12756825571518692
170466	160242	10224	3694	12700760	11556198	12756825584938986
565774	555610	10164	3797	12909466	12279780	12756825598963920
265426	255388	10038	360	2466004	1675366	12756825602243058
1506278	1496190	10088	3414	12162036	12054786	12756825616461212
1594120	1583926	10194	2952	10486470	10758208	12756825629089264
971672	961652	10020	4922	16143906	16033716	12756825646759532
352996	342994	10002	998	4500326	3670946	12756825652162528
1657328	1647164	10164	2081	7756248	8214938	12756825662122376
1087500	1077584	9916	121	2303672	1780040	12756825666065894
588874	578898	9976	741	3742848	3136572	12756825670948494
1380698	1370752	9946	2532	9517208	9290924	12756825682395004
1674122	1664172	9950	1722	6638112	7160430	12756825691281086
1247774	1237868	9906	58	1522058	1750558	12756825694604866
1464862	1454866	9996	1754	6824548	7047616	12756825703441546
616372	606364	10008	2074	7700504	7154662	12756825712307980
892136	882072	10064	2597	9230578	8996534	12756825722978186
406174	395992	10182	2080	7810040	6961840	12756825731743212
164796	154810	9986	1836	6994142	5991414	12756825739450998
1021468	1011608	9860	130	1917662	1740086	12756825742941520
891556	881578	9978	2069	7681076	7415600	12756825752062660
504872	494764	10108	2678	9983438	8872870	12756825763099888
174584	164014	10570	4911	16192268	15204700	12756825780014704
1671588	1661642	9946	1080	4790168	5234468	12756825787024694
307384	297386	9998	967	4442430	3532306	12756825792328648
1111962	1102008	9954	2463	8837612	8814288	12756825802827258
348650	338666	9984	1022	4483400	3737944	12756825808208404
1032022	1021960	10062	3603	12332932	12146356	12756825822123406
1142792	1132820	9972	1355	5633174	5529610	12756825829447084
793062	782928	10134	3710	12566710	12226506	12756825843355518
625894	615860	10034	4999	16384154	15917110	12756825860915368
1268910	1258888	10022	3502	12065636	12079266	12756825874796034
864462	854610	9852	163	1910156	1681906	12756825878120706
761066	751094	9972	2809	10346516	9496448	12756825889779446
346898	336988	9910	1627	6347370	5546374	12756825897024124
249942	239932	10010	2610	9255442	8392854	12756825907079118
1657666	1647484	10182	3908	13177720	13682272	12756825922463680
400254	390330	9924	288	2466390	1592764	12756825925878198
1069816	1059638	10178	3458	11694570	11749960	12756825939192844
373072	363126	9946	299	2220682	1597824	12756825942335958
1613664	1603512	10152	986	4451636	4893672	12756825948948840
1680094	1669974	10120	2761	9663660	10273452	12756825960846240
160172	149956	10216	3415	11623490	10713034	12756825973183444
1258644	1248702	9942	1169	4964352	5093524	12756825979968438
1671900	1661934	9966	2529	9015004	9587006	12756825991222052
803852	793680	10172	2766	9736866	9419976	12756826002331532
1287636	1277518	10118	3818	13004188	13051290	12756826017187278
1534778	1524600	10178	1750	6767970	7111092	12756826026053966
1206354	1196106	10248	2372	9076022	8643476	12756826036904054
1465492	1455268	10224	1229	5051574	5480048	12756826043987020
1396254	1386004	10250	4289	14531292	14569648	12756826060480638
1563422	1553310	10112	3973	13429686	13791206	12756826076040254
270730	260430	10300	3125	11304112	9962686	12756826088182722
332640	322482	10158	1993	7910846	6634320	12756826096989926
284282	274030	10252	1045	4573078	3749852	12756826102409608
535994	525896	10098	4853	16085060	15398108	12756826119595228
256050	246124	9926	533	3072112	2189992	12756826123487298
898176	888198	9978	615	3445382	3095156	12756826128394292
1618590	1608690	9900	392	2539522	3127794	12756826133116278
1670164	1660076	10088	1915	7681124	7740154	12756826143035548
862876	852840	10036	3939	13333980	12990708	12756826157800302
1677106	1667034	10072	2399	8654402	9195954	12756826168697562
1613136	1603254	9882	503	2954892	3458440	12756826173832320
849036	839008	10028	766	3674578	3478660	12756826178919360
1344100	1334176	9924	256	2677168	2447780	12756826183505740
1671392	1661366	10026	2662	9581856	9995884	12756826195322824
443430	403226	40204	4682	15628182	14817146	12756826211962466
1119724	1109444	10280	2947	10181364	10278158	12756826223904088
530898	520710	10188	3937	13729890	12652518	12756826238728722
1014644	1004722	9922	1218	5133368	4996006	12756826245437710
288144	278260	9884	367	2524572	1725210	12756826248814458
1092234	1082110	10124	4643	15459914	15325590	12756826265929938
1662150	1652016	10134	3985	13363162	13927462	12756826281521238
240258	230320	9938	1715	6626804	5711118	12756826288952346
657952	647812	10140	948	4221628	3831682	12756826294395166
365806	355826	9980	1741	6715168	5914400	12756826302040246
1658854	1648690	10164	3084	11010516	11225966	12756826315271968
1109722	1099660	10062	1612	6159216	6281272	12756826323111964
1611212	1601342	9870	82	1806696	2193630	12756826327094126
1242788	1232790	9998	541	2995484	3198630	12756826331900432
1393302	1383386	9916	1064	4566258	4914108	12756826338422894
1001004	990890	10114	1438	5720894	5643632	12756826345707416
484308	474324	9984	4076	13641000	13020306	12756826360397640
614418	604606	9812	224	2259442	1621150	12756826363837866
1608102	1598010	10092	447	3285078	3284778	12756826369296978
1547046	1537036	10010	757	3847858	4150458	12756826375260720
695040	684932	10108	4618	15313800	14853054	12756826391836346
174690	164780	9910	436	2839642	1816832	12756826395416336
1391178	1381056	10122	3427	11635484	11983552	12756826409005452
572786	562914	9872	270	2201660	1719530	12756826412344214
1700910	1690794	10116	3861	13302658	13596138	12756826427934054
1234672	1224606	10066	2504	8858552	9067758	12756826438595502
1186030	1176064	9966	748	3781250	3761808	12756826444125582
1659068	1648862	10206	979	4341172	4926064	12756826450689268
164386	154404	9982	2357	8459720	7555692	12756826459882200
1191162	1180970	10192	43	2077694	1658868	12756826463716334
1540288	1530148	10140	4633	15832898	15744510	12756826481651760
522886	512896	9990	2468	8717872	8248012	12756826491456738
1698338	1688276	10062	1151	5010330	5482058	12756826498728724
1666090	1656050	10040	3447	11690672	12320944	12756826512655408
364916	354868	10048	3099	10754030	9978466	12756826524343468
1461876	1451840	10036	1272	5535278	5606436	12756826531905032
370624	360058	10566	4199	14001662	13277776	12756826546840786
1444860	1434732	10128	1753	6679040	7030190	12756826555529006
1243618	1233550	10068	3094	10745662	10842416	12756826568083546
565998	555956	10042	2978	10808192	9817416	12756826580041952
1665418	1655398	10020	4698	15726500	16065062	12756826598024428
911474	901426	10048	3538	12499948	11837360	12756826612028446
1653788	1643634	10154	1790	6775580	7347810	12756826621019252
964196	954260	9936	184	2156468	1851816	12756826624708292
806358	796186	10172	2449	8799974	8474616	12756826634878920
1527184	1517032	10152	4167	13845162	14337160	12756826650815704
746262	736020	10242	2790	9714306	9434470	12756826661844786
1267368	1257644	9724	8	1362492	1628132	12756826665040352
945444	935532	9912	345	2673054	2315640	12756826669224018
358058	347914	10144	2434	8696534	7978214	12756826678842364
731994	722064	9930	1518	5927604	5614698	12756826686067038
163004	152912	10092	3876	13147674	12103010	12756826699938910
1615490	1605520	9970	475	2801276	3376264	12756826704946984
1192980	1183146	9834	628	3394320	3410460	12756826710103232
1180666	1170532	10134	3792	13029558	12888230	12756826724875846
1582540	1572526	10014	2114	8035330	8248030	12756826735058524
268360	258224	10136	2550	8963848	8236930	12756826744860064
1046072	1036130	9942	138	1802502	1798190	12756826748274506
1514206	1504174	10032	4150	14035530	14272840	12756826764389470
666796	656770	10026	2659	9399396	8961880	12756826775022910
377842	367810	10032	1973	7852916	6619702	12756826783817386
1656450	1646304	10146	3768	12694732	13272750	12756826798755654
1663830	1653706	10124	4173	13861878	14489718	12756826814849934
1665906	1655794	10112	2066	7583730	8187418	12756826824668694
1084290	1074384	9906	157	1973136	1893636	12756826828295118
1668750	1658674	10076	3739	12634880	13195950	12756826843164714
1281590	1271388	10202	2993	10545984	10576448	12756826855560332
596306	586302	10004	728	3547156	3113066	12756826860286214
725786	715894	9892	183	2006078	1609978	12756826863582106
172576	162574	10002	4562	15013614	14164876	12756826879334350
1673634	1663698	9936	1618	6307262	6854696	12756826887904574
1618506	1608398	10108	970	4406722	4860858	12756826894493792
1679964	1669926	10038	4618	15347082	15840554	12756826912090652
209864	199964	9900	358	2397232	1618538	12756826915265552
1239810	1229814	9996	1157	4899802	5040958	12756826922065818
810470	800304	10166	3241	11628324	10847852	12756826935068606
1519216	1509052	10164	4692	15470962	15899158	12756826952624404
253666	243624	10042	411	2913004	1821138	12756826956354138
1616838	1606888	9950	546	3002826	3589306	12756826961539182
1282198	1272090	10108	3644	12367802	12542538	12756826975756014
198392	188294	10098	4623	15215214	14371742	12756826991734766
520796	510770	10026	2433	8723538	8140026	12756827001541736
429844	419830	10014	3730	12695482	11932040	12756827015230180
637656	627426	10230	3606	12720752	11769802	12756827029151358
1279058	1268764	10294	3548	12026062	12235454	12756827043021430
320834	310700	10134	901	4057574	3356236	12756827047965220
937966	927978	9988	193	1946684	1855264	12756827051413692
273526	263568	9958	897	4228434	3295126	12756827056480626
1604146	1594228	9918	687	3478796	3998910	12756827062127022
1676716	1666612	10104	4937	16139342	16789958	12756827080510264
813308	803382	9926	895	4151142	3828584	12756827086045652
978056	968012	10044	4204	14150676	13897616	12756827101740626
1355446	1345288	10158	1193	4940202	5262694	12756827108597590
1219486	1209522	9964	1157	4913480	5020464	12756827115294480
300984	290060	10924	1775	6765848	5950148	12756827122926746
882270	872112	10158	3359	11896818	11272626	12756827136269754
566800	556660	10140	2438	8726834	8200906	12756827146127154
530290	520348	9942	912	4067870	3598222	12756827151289366
598656	588600	10056	3817	12906140	12360936	12756827165358480
551482	541316	10166	1772	6904848	6194558	12756827173377268
389688	379754	9934	834	3984686	3224090	12756827178315374
1318996	1308862	10134	2446	8782216	8977868	12756827188980604
191026	180928	10098	3018	10982052	9562988	12756827200719160
163250	152978	10272	1080	4633030	3731966	12756827206078586
817864	807934	9930	326	2476122	2129488	12756827209935544
1049506	1039242	10264	2323	8907908	8339778	12756827220456852
1333778	1323878	9900	168	1994114	2173790	12756827224347572
453794	443680	10114	2089	7664726	7043590	12756827233029880
216328	206074	10254	2884	9987984	9185444	12756827243800390
565442	555352	10090	2153	7813880	7348234	12756827252745148
1540394	1530254	10140	2873	9953912	10478072	12756827264805844
164640	154366	10274	4577	15019518	14201272	12756827280558438
1578124	1568120	10004	2046	7884718	8038358	12756827290585528
1496608	1486498	10110	3282	11213868	11656588	12756827303864368
388326	378216	10110	2183	8065258	7258150	12756827312881080
1672100	1662038	10062	1024	4690236	5073590	12756827319809414
1670460	1660252	10208	3381	11674212	12128938	12756827333721834
504340	494170	10170	2619	9403742	8681050	12756827344198080
1208388	1198298	10090	2207	8074124	8150750	12756827354045534
1222752	1212696	10056	2764	10221504	9832178	12756827366055392
937600	927536	10064	1235	5644174	4970764	12756827373201748
418216	408250	9966	4500	14896906	14225432	12756827389080508
1364334	1354372	9962	2002	7357700	7692816	12756827398367760
772272	762298	9974	758	3637854	3379590	12756827403342480
860958	850830	10128	1917	7103322	6937816	12756827411871198
724592	714488	10104	4866	15907400	15625724	12756827429066792
1656296	1646276	10020	1565	6433182	6678854	12756827437720136
585398	575260	10138	2710	9521152	9034418	12756827448396430
907422	897196	10226	3802	12883722	12624084	12756827462752182
1590870	1580850	10020	3889	13014962	13566144	12756827477921306
1496464	1486402	10062	1803	6917054	7230074	12756827486925304
1254694	1244716	9978	3098	10699020	10865506	12756827499445366
725288	715000	10288	377	2486648	2190232	12756827503222750
1670048	1659894	10154	2894	10054152	10670766	12756827515513532
1668828	1658808	10020	1815	6788902	7439204	12756827524536014
662300	652336	9964	697	3504436	3098410	12756827529269806
1673886	1663678	10208	2187	7914954	8558226	12756827539421754
1177862	1167746	10116	3418	11727870	11746502	12756827552893586
1680602	1670534	10068	1080	4786470	5250220	12756827559923884
1575660	1565526	10134	4588	15429036	15663246	12756827577498114
173694	163762	9932	1679	6407574	5536224	12756827584649802
736914	726722	10192	3070	10676886	10263366	12756827596627946
1188916	1178644	10272	785	3743706	3876002	12756827602123084
162088	151960	10128	2971	10515314	9393450	12756827613364080
976448	966368	10080	1889	7009512	6968076	12756827621915132
1239420	1229310	10110	3379	11540680	11691786	12756827635284114
1465282	1455328	9954	1766	6884256	7089640	12756827644198314
437736	427596	10140	3274	11435932	10575516	12756827656632960
1672324	1662224	10100	1153	4832654	5460658	12756827663700688
810562	800446	10116	1844	6865854	6665866	12756827671946350
404158	394002	10156	4103	14233420	13022902	12756827687147958
406448	396316	10132	2491	9401050	8199904	12756827697520648
1014604	1004478	10126	2528	8969628	8919472	12756827708071278
1495880	1485824	10056	2361	9015598	8899462	12756827719147366
1664512	1654440	10072	3613	12539246	12815424	12756827733915372
1494156	1484046	10110	4592	15304200	15574218	12756827751283518
1582188	1572072	10116	3249	11427340	11644026	12756827764857534
1018986	1008878	10108	4848	15866356	15865926	12756827782311692
1612746	1602702	10044	965	4612758	4839258	12756827789103738
284370	274144	10226	2984	10881474	9552624	12756827800869318
1670722	1660650	10072	3223	11597370	11657514	12756827814700158
245182	235154	10028	2530	9171702	8155154	12756827824680550
546146	536150	9996	2681	9381720	8908470	12756827835172412
358152	348072	10080	1560	6124088	5366158	12756827842218240
1277202	1267102	10100	3364	11786092	11683354	12756827855848266
177960	167838	10122	3365	11751036	10588896	12756827868342714
1674826	1664740	10086	3213	11114796	11629426	12756827881697500
649780	639664	10116	1309	5313564	4903714	12756827888229544
873268	863106	10162	3605	12604172	12002880	12756827902271280
176932	167082	9850	360	2719052	1590292	12756827905732098
1134678	1124442	10236	4757	15710116	15709240	12756827923141866
1098480	1088586	9894	142	2003782	1861552	12756827926807914
428112	418002	10110	2001	7457168	6754552	12756827935256946
599370	589276	10094	3810	12942330	12341122	12756827949363198
508220	498208	10012	1020	4453148	3897070	12756827954889646
1124226	1114228	9998	3852	13502454	12998512	12756827970081174
1604010	1594026	9984	56	1932534	2109310	12756827974182438
1345336	1335220	10116	4159	13838558	14129080	12756827989932724
898438	888258	10180	3229	11609150	10899858	12756828003004734
211966	201962	10004	375	2838684	1696232	12756828006622108
749438	739450	9988	1427	5611220	5358530	12756828013549444
1684420	1674268	10152	3318	11582716	11952406	12756828027380848
1441250	1431212	10038	88	1898540	2040736	12756828031288888
675630	665312	10318	3309	11299544	10917428	12756828043826672
1668526	1658248	10278	4516	14876178	15522640	12756828060936424
1161198	1151032	10166	4325	14436654	14443344	12756828077102598
173194	163226	9968	1821	7404982	5960812	12756828085242928
1146332	1136344	9988	52	1509366	1640618	12756828088463704
855330	845154	10176	4542	15052944	14786630	12756828104960006
593114	583202	9912	291	2311312	1801190	12756828108429886
329938	319858	10080	3259	11294544	10422078	12756828120617214
1549110	1539088	10022	4029	13477322	13939170	12756828136193358
1181046	1170864	10182	4554	15144034	15142506	12756828153070374
1435960	1425796	10164	2045	7571254	7887184	12756828162627280
1107922	1097796	10126	2378	8655926	8555178	12756828172942002
988534	978434	10100	3803	12755360	12701768	12756828187233460
628534	618474	10060	2660	9470834	8920470	12756828197881434
1674688	1664560	10128	4020	13593254	14037050	12756828213700528
1430832	1420654	10178	3310	11383144	11668674	12756828227068362
697088	686918	10170	3669	12923576	12009320	12756828241239374
1234710	1224498	10212	3489	11841546	12006900	12756828254861994
1240486	1230310	10176	640	3616306	3485182	12756828260269966
1359636	1349710	9926	1712	7065178	6813778	12756828269242080
272418	262430	9988	2758	10200740	8857652	12756828280264172
1214438	1204466	9972	1168	4983364	5040344	12756828287033446
735618	725700	9918	780	4280094	3402252	12756828292597266
444704	434776	9928	278	2411522	1606696	12756828295999564
321328	311326	10002	4858	15943182	15193156	12756828312813088
1665466	1655360	10106	2826	9954614	10453256	12756828324985588
1085414	1075370	10044	2268	8334006	8203454	12756828334958486
209574	199462	10112	3785	12798382	11868768	12756828348514422
157396	147284	10112	4697	15579486	14546476	12756828364803484
801164	791246	9918	2197	8052316	7706474	12756828374204546
220478	210356	10122	4071	14122980	12734498	12756828389097212
234834	224844	9990	3753	13171404	11796290	12756828403052534
1429380	1419448	9932	1188	5113474	5315748	12756828410146080
728546	718436	10110	1912	7671536	6782310	12756828419097326
1664564	1654564	10000	698	4029414	4084024	12756828425339824
1221098	1211044	10054	2219	8299874	8193334	12756828435410470
1669346	1659318	10028	4056	13722038	14139788	12756828451352894
1589410	1579414	9996	2425	8672052	9178996	12756828462167164
518390	508478	9912	2190	8093318	7403052	12756828471331934
950294	940118	10176	308	2516570	2203364	12756828475349294
461848	452172	9676	2187	8081114	7338492	12756828484438200
990814	980640	10174	1406	5793968	5529756	12756828491772960
1025808	1015692	10116	1209	5102618	4976344	12756828498452292
503940	493800	10140	2610	9248578	8645670	12756828508752746
807100	797152	9948	201	1991138	1737668	12756828512099704
1351294	1341160	10134	1784	7285548	7023580	12756828521284444
1501010	1491006	10004	2659	9897878	9789926	12756828533232134
1556812	1546886	9926	2130	8117482	8263004	12756828543454840
1675680	1665618	10062	1284	5243904	5849076	12756828550951278
671984	661920	10064	2430	9208128	8274324	12756828561383432
1668978	1658676	10302	4695	15490386	16049590	12756828579089838
997912	987928	9984	4905	16645762	16010360	12756828597286060
1672476	1662380	10096	2076	7714432	8215544	12756828607223672
905002	894872	10130	2692	9660570	9291202	12756828618343966
918144	908190	9954	3880	13168660	12861456	12756828632980458
763944	753798	10146	3979	13397484	13003362	12756828647692026
173422	163204	10218	4091	13687854	12749518	12756828662101990
1524646	1514584	10062	551	3584936	3503440	12756828667763008
1431846	1421818	10028	1069	4651254	4962720	12756828674395254
850080	839952	10128	3150	11303710	10610934	12756828687098982
1178596	1161220	17376	3413	11759062	11723744	12756828700611310
1347668	1337636	10032	1759	6770336	6941864	12756828709277192
1669484	1659370	10114	1770	6893408	7308682	12756828718389190
609410	599334	10076	4588	15231464	14669652	12756828734783774
382154	372086	10068	1953	7290568	6559102	12756828743005486
1303330	1293176	10154	4215	14004368	14248522	12756828758861284
388050	377914	10136	4713	15545610	14823834	12756828775364658
194754	184528	10226	2835	9981192	9012024	12756828786092478
949154	939188	9966	308	2765552	2200942	12756828790354600
1530896	1520674	10222	4377	14641634	14961856	12756828807074068
1344504	1334560	9944	2844	10394048	10186162	12756828819386118
1442764	1432798	9966	137	2059710	2182924	12756828823437928
1655712	1645666	10046	1670	6398074	6983992	12756828832039998
1493758	1483666	10092	4240	14044442	14514534	12756828848126598
1454510	1444304	10206	4037	14022580	13866008	12756828864153296
1572244	1561972	10272	3400	11613334	12078280	12756828877888684
889550	879436	10114	120	1751516	1579366	12756828881084824
299174	288826	10348	2891	10229634	9283690	12756828892163824
1549164	1539066	10098	3402	11643102	12061942	12756828905906238
1662334	1652064	10270	4914	16269266	16699866	12756828924389826
1696924	1686792	10132	4014	13463918	14041524	12756828940101240
