# Loop @ Start frequency 2500000Hz took 1271.87 cycles
# Interval [1269 ; 1274]
# Q1 : 1268 ; Q3 : 1270
# Loop @ Target frequency 1800000Hz took 1764.75 cycles
# Interval [1762 ; 1767]
# Q1 : 1760 ; Q3 : 1762
# Confidence intervals do not overlap, alternatives are statistically different with selected confidence level
Change time (with write) [cycles]	Change time [cycles]	Write cost [cycles]	Wait time [us]	Time since last frequency change request [cycles]	Time since last frequency change [cycles]	Detected frequency change timestamp [cycles]
429788	409094	20694	3567	428928452	429014654	12756771616218710
0	0	0	0	0	0	0
0	0	0	0	0	0	0
0	0	0	0	0	0	0
851222	841010	10212	4996	16659546	16139432	12756771668908058
1042134	1031922	10212	2463	9317236	8750388	12756771679696818
1040538	1030310	10228	4156	14032728	13815990	12756771695198450
382930	372646	10284	3982	13864856	12637244	12756771709870510
1077596	1067500	10096	4075	13751378	13610774	12756771725128654
639678	629368	10310	3998	13912400	12940686	12756771740110278
835034	824858	10176	3427	12204990	11430236	12756771753579074
362210	352242	9968	2191	8052140	7257470	12756771762423254
471388	461210	10178	4544	15272186	14407412	12756771778595368
162886	152698	10188	3891	13262464	12147226	12756771792449290
1665724	1655464	10260	4101	13764826	14277548	12756771808309084
661708	651422	10286	3295	11506508	10875314	12756771820907770
925176	915022	10154	2535	9138728	8849278	12756771831398124
1605940	1596004	9936	27	1666810	2023660	12756771835101604
1224200	1214054	10146	2511	9198424	9080516	12756771845952248
821672	810746	10926	4626	15433962	15005486	12756771862660154
1466582	1456348	10234	4697	15681592	15862474	12756771880236028
1386790	1376550	10240	4859	16290640	16276062	12756771898341150
881292	871186	10106	1572	6444400	5925300	12756771906096030
539790	529858	9932	447	3288458	2215734	12756771910351638
823772	813466	10306	3556	12294056	11802040	12756771923900218
287642	277328	10314	4871	16427978	15203386	12756771941043190
1675772	1665544	10228	3275	11379272	11817248	12756771954528664
1657862	1647806	10056	1540	6396652	6606908	12756771963010588
1101230	1090986	10244	3078	10905444	10648482	12756771975449108
850622	840374	10248	1572	6396740	5893554	12756771983126690
864976	854984	9992	1286	5789866	5049502	12756771990210310
1564806	1554544	10262	4158	14159042	14347164	12756772006362528
812174	802166	10008	156	2057476	1617572	12756772009662268
0	0	0	0	0	0	0
1657980	1647754	10226	1788	6988784	7344624	12756772023623028
1666794	1656660	10134	4822	16163274	16451062	12756772041885588
712516	702506	10010	271	2268896	1858508	12756772045300900
1664980	1654744	10236	2722	9717450	10151188	12756772057114648
1666974	1656670	10304	3041	10583354	11108596	12756772069797588
634820	624734	10086	1519	6077760	5516810	12756772076942000
919626	909528	10098	1506	6401526	5764228	12756772084691100
197808	187488	10320	4306	14413052	13423472	12756772099729940
1455922	1445770	10152	3273	11316608	11587810	12756772112932810
509942	499832	10110	1904	7273812	6545500	12756772121145088
1663846	1653698	10148	2294	8810896	8869376	12756772132073830
1664400	1654120	10280	1597	6470208	6782344	12756772140640068
1412454	1402400	10054	2113	7850824	8073104	12756772150333568
1620892	1610890	10002	412	2948358	3191770	12756772155333700
1462636	1452534	10102	138	2128430	2234734	12756772159356480
778296	768022	10274	3347	11594502	11133282	12756772172161158
1389574	1379584	9990	16	2001326	1774666	12756772175979834
1654656	1644492	10164	1746	7171578	7217370	12756772185236664
1056362	1046002	10360	4935	16417938	16163956	12756772203146464
1233872	1223706	10166	3464	11935242	11938754	12756772216744148
1424976	1414800	10176	3745	12743706	12970864	12756772231343100
931416	920982	10434	2732	9812744	9446826	12756772242512910
424398	414392	10006	1498	6216496	5247320	12756772249583984
994636	984458	10178	4146	14041430	13738582	12756772265049880
1252296	1242126	10170	1096	5228878	4868938	12756772271984664
1195148	1184618	10530	1260	5721328	5302996	12756772279329040
956114	945962	10152	4117	13923268	13608716	12756772294626160
1149636	1139256	10380	2011	7648860	7499616	12756772303843380
994824	984816	10008	172	2054634	1837806	12756772307309958
894318	884182	10136	2268	8727332	8011876	12756772317349338
516812	506498	10314	4094	13774566	13100946	12756772332059108
821104	811136	9968	745	3803120	3381520	12756772337101138
972052	961830	10222	2672	9925332	9299422	12756772348415658
677358	666944	10414	3355	11639672	11051156	12756772361149160
753842	743540	10302	1239	5645292	4793470	12756772367965618
588928	578622	10306	4099	14202408	13186068	12756772383175230
1035322	1025126	10196	3278	11752364	11177624	12756772396380430
904602	894344	10258	2673	9609206	9234966	12756772407314468
193402	183248	10154	2143	8059564	6938204	12756772415986000
872922	862660	10262	1737	6940768	6402312	12756772424219604
667920	657808	10112	1406	6150222	5206186	12756772431455040
972786	962644	10142	797	4286586	3686898	12756772437135090
1494032	1483960	10072	643	3872336	3747236	12756772442917888
804220	793988	10232	3558	12447084	11784898	12756772456588084
891638	881408	10230	4047	13716026	13333026	12756772471642958
885564	875520	10044	882	4279216	3855960	12756772477227744
522330	512174	10156	2473	8927014	8254892	12756772487097224
979552	969376	10176	1585	6681500	6052844	12756772495174420
1663622	1653466	10156	2540	9332872	9596942	12756772506588034
953980	943850	10130	4264	14334604	14044388	12756772522300408
177538	166952	10586	2738	9923820	8701480	12756772532819218
215928	205672	10256	2733	9705292	8727120	12756772543159164
155274	145068	10206	4271	14429602	13269002	12756772558161800
1083784	1073482	10302	2902	10420906	10098554	12756772570083304
890294	880022	10272	3628	12505526	12079734	12756772583896640
362470	352270	10200	3111	11166306	10003510	12756772595843194
0	0	0	0	0	0	0
1358196	1347918	10278	4833	16085136	16151886	12756772617211710
879460	869448	10012	157	1940474	1679842	12756772620450114
1026586	1016602	9984	226	2299580	2035060	12756772624191754
322038	311924	10114	1531	6114458	5235678	12756772631068250
1363220	1352990	10230	3004	10931974	10682414	12756772643781794
1364972	1354708	10264	3731	12633012	12861476	12756772658200288
1538702	1528336	10366	4131	14318714	14251244	12756772674475864
1668840	1658610	10230	3481	12012580	12416664	12756772688576844
1190530	1180498	10032	587	3350390	3278230	12756772693539754
628744	618548	10196	4252	14451766	13684958	12756772709037844
618982	608792	10190	3693	12997934	12002120	12756772723073770
857946	847756	10190	3638	12408144	12076050	12756772736756880
957638	947408	10230	2737	9657906	9479396	12756772747792658
1536272	1526132	10140	1854	7053082	7415444	12756772756799284
986956	976920	10036	262	2354574	2101116	12756772760559804
995020	984658	10362	2312	8480414	8246020	12756772770453514
1423934	1413968	9966	533	3436222	3349588	12756772775730880
1240302	1230114	10188	3593	12509790	12325302	12756772789898190
1147602	1137512	10090	99	2255328	1790624	12756772793717228
1660132	1649932	10200	4288	14314982	14823550	12756772810113148
1014254	1004040	10214	4109	13780824	13644156	12756772825329698
1096754	1086552	10202	2408	8930114	8631914	12756772835776568
1455246	1445068	10178	3027	10760834	10844058	12756772848411978
1242130	1232012	10118	4985	16422036	16491008	12756772866491524
1000928	990824	10104	678	3718256	3359562	12756772871628608
1537980	1527688	10292	2117	7897936	8203498	12756772881482580
1664216	1654100	10116	2293	8610216	8857734	12756772892176700
317492	307292	10200	1789	7311232	6001634	12756772900224728
275126	265154	9972	914	4472028	3340232	12756772905390014
1295916	1285384	10532	4153	14012018	14056596	12756772921111974
463100	452960	10140	1515	6051432	5327890	12756772928045740
1485382	1475452	9930	1040	5058288	4927634	12756772935005980
521488	511406	10082	4496	15282762	14307346	12756772951227370
1462218	1452132	10086	3415	11850524	12011844	12756772964959800
1074348	1064088	10260	4104	13845632	13686120	12756772980296600
1664978	1654894	10084	3390	11742512	12140806	12756772994124910
232180	222016	10164	3186	11242514	10098914	12756773006022484
1183156	1173080	10076	4864	16494690	16070242	12756773024119840
883040	872940	10100	3823	13378810	12656760	12756773038799228
1024788	1014636	10152	4098	13780522	13618590	12756773054019284
954476	944276	10200	155	2406374	1747850	12756773057800778
1169214	1159038	10176	3875	13397406	13096356	12756773072785458
1521696	1511388	10308	4861	16260100	16401924	12756773090987690
1379484	1369380	10104	2928	10708756	10472062	12756773103517488
1258664	1248584	10080	110	2005776	1919396	12756773107197590
1664970	1654698	10272	1900	7223960	7680590	12756773116507790
1419746	1409534	10212	4545	15251766	15352724	12756773133597500
1104524	1094276	10248	3369	11581854	11518122	12756773146702448
559660	549396	10264	2297	8385000	7764516	12756773156061114
174636	164362	10274	4406	15123344	13692544	12756773171777904
529150	518986	10164	787	4262760	3215272	12756773176986910
657254	646946	10308	3521	12488570	11525604	12756773190553178
567766	557674	10092	2005	7613290	6900218	12756773199152110
1058274	1048124	10150	1318	5654714	5334080	12756773206283888
540838	530480	10358	4294	14461478	13721684	12756773221703734
1049816	1039506	10310	824	3990524	3848036	12756773227162964
225610	215536	10074	1278	5501526	4380014	12756773233306174
573230	562962	10268	2680	9631260	8926202	12756773243928530
195472	185322	10150	1094	5221458	3800416	12756773249763984
1298512	1288324	10188	3047	10669492	10748862	12756773262150318
1362934	1352948	9986	162	2193954	2178122	12756773266126468
655750	645628	10122	1420	5937054	5235404	12756773273137924
1674872	1664720	10152	1616	6771554	6840452	12756773282001500
861814	851578	10236	4621	15777406	15022648	12756773299062120
1659452	1649204	10248	1886	7386028	7634032	12756773308524124
981598	971392	10206	4189	14119260	13849288	12756773324043988
1660910	1650406	10504	4642	15831356	15883108	12756773341956364
1671848	1661542	10306	2200	8547142	8585918	12756773352595174
1650876	1640616	10260	4100	13895094	14261468	12756773368562288
354682	344460	10222	3859	13034708	12234444	12756773382371268
1660826	1650756	10070	1704	6808854	7091930	12756773391258464
1665964	1655764	10200	4153	14120426	14425564	12756773407464210
719002	708752	10250	3768	12933814	12326930	12756773421538690
339240	329086	10154	2718	9676294	8803014	12756773431972254
794012	783756	10256	3756	13175550	12364196	12756773446359080
363344	353072	10272	1692	6700366	5758298	12756773453841578
1418650	1408360	10290	4481	15305944	15159242	12756773470983778
1159840	1149598	10242	1863	7512916	7064878	12756773480074840
213330	202552	10778	2575	9641830	8247594	12756773490348684
382012	371860	10152	1574	6383704	5424022	12756773497532740
1474594	1464346	10248	4855	16037762	16336588	12756773515463460
1526884	1516848	10036	44	1640170	1988106	12756773519047338
1430156	1419812	10344	4716	16055084	15875376	12756773536949984
1383560	1373262	10298	3488	12377018	12151766	12756773551128608
1663786	1653498	10288	2537	9484772	9587266	12756773562695118
1659434	1649222	10212	3773	12977660	13279752	12756773577751124
310546	300598	9948	320	2510014	1598038	12756773580990274
167070	156532	10538	1013	4615670	3528796	12756773586189174
1182548	1172564	9984	613	3405406	3347740	12756773591197204
345058	334862	10196	4795	16132274	15026726	12756773608092640
1668632	1658554	10078	1000	4867188	4991770	12756773615048884
256902	246664	10238	2181	7993380	7114408	12756773623720230
1657364	1647236	10128	4979	16375490	16888542	12756773642168348
297652	287548	10104	1799	7248964	6013182	12756773650134480
158440	148244	10196	1483	6039648	4925974	12756773656750288
1251052	1240996	10056	1306	5429478	5489888	12756773663849680
1684766	1674422	10344	1083	4964244	5267114	12756773670915650
978862	968598	10264	2629	9487148	9177018	12756773681804328
486254	476102	10152	847	4380300	3350144	12756773687087948
177876	167630	10246	3437	12227308	10795368	12756773699909498
1433394	1423170	10224	2324	8839010	8718450	12756773710598658
155772	145536	10236	2335	8734804	7473198	12756773719906964
984282	974034	10248	4813	15936762	15720124	12756773737247358
1012374	1002152	10222	4546	15128342	14948640	12756773753805254
461354	451136	10218	3083	11170696	10019562	12756773765854394
1550864	1540626	10238	4348	14969620	14895770	12756773782794314
196338	186126	10212	1639	6432272	5431322	12756773789840810
819866	809362	10504	4708	15812192	15239618	12756773806889458
797040	786858	10182	3991	13448190	13072768	12756773821552788
847200	837168	10032	895	4437764	3856864	12756773827256604
1291016	1281086	9930	130	1908486	2009612	12756773830872860
1160266	1150060	10206	3547	12220540	12104350	12756773844674134
558246	547788	10458	2350	8605714	7922770	12756773854253904
776470	766236	10234	3611	12549286	11912826	12756773867997084
775066	764734	10332	3071	11141394	10296370	12756773880329524
233012	222562	10450	3121	10872716	9905044	12756773891854858
814502	804308	10194	3537	12313344	11729066	12756773905401614
171234	161134	10100	1541	6254864	5113830	12756773912246598
177724	167542	10182	4851	16453220	15025810	12756773929294738
1665914	1655660	10254	3520	12116216	12534304	12756773943496768
244620	234370	10250	3752	12828686	11803038	12756773956989114
620820	610680	10140	1926	7321866	6715978	12756773965350354
922320	912044	10276	4751	15961130	15472644	12756773982651554
411278	401042	10236	2108	8009286	7049560	12756773991490384
379996	369676	10320	3409	11994986	10913558	12756774004283710
958420	948322	10098	1582	6460400	6023848	12756774012119968
1239588	1229258	10330	1307	5502528	5481602	12756774019281740
563904	553672	10232	3269	11521224	10678282	12756774031783908
741244	730884	10360	1444	5872940	5394838	12756774038817984
375832	365802	10030	367	2732438	1803022	12756774042343284
329338	319038	10300	4526	15169274	14204052	12756774058261020
1656854	1646558	10296	1010	4533524	5010040	12756774064870978
319776	309516	10260	3218	11279036	10281658	12756774076888320
654316	644080	10236	4507	15049784	14472926	12756774093007420
1013150	1002770	10380	3592	12696512	12091190	12756774107136590
283480	273338	10142	4429	15198938	13868300	12756774123038548
370242	359932	10310	2363	8778738	7771440	12756774132609870
1053516	1043220	10296	3697	12882090	12449492	12756774146994620
1000586	990512	10074	765	3875046	3620408	12756774152290010
413642	403376	10266	3037	11032298	9833980	12756774164153578
1170594	1160202	10392	1186	5484524	5048454	12756774171225498
367974	357868	10106	2722	9801606	8845014	12756774181813878
1675140	1664854	10286	2586	9281442	9746868	12756774193189260
1116652	1106532	10120	2562	9174112	9114960	12756774203898984
332046	321762	10284	3618	12772820	11490316	12756774217420434
197424	187420	10004	410	2730466	1754962	12756774220763598
1055530	1045414	10116	4858	16128530	15926020	12756774238367010
895794	885554	10240	1582	6337008	5958836	12756774246018770
378930	368664	10266	3846	13023510	12219474	12756774259840938
1040430	1030212	10218	3808	12901590	12766222	12756774274200948
1312690	1302508	10182	616	3441866	3488434	12756774279372660
1230894	1220682	10212	730	3840710	3745758	12756774284863638
1669464	1659242	10222	4975	16826792	16887830	12756774303777410
1200860	1190546	10314	3171	10970460	11023352	12756774316369910
782414	772022	10392	3263	11482842	10880246	12756774329054330
1031568	1021316	10252	3658	12835552	12309218	12756774343340300
1573182	1562942	10240	2970	10625758	10792154	12756774355955228
952170	941856	10314	1899	7217540	6965844	12756774364543404
1598384	1588160	10224	4467	15013770	15298232	12756774381572804
1049476	1039280	10196	4256	14285436	14115718	12756774397326220
262280	252186	10094	1769	6878628	5885534	12756774404883278
1452510	1442262	10248	4276	14742500	14578182	12756774421498950
367388	357290	10098	301	2537812	1598776	12756774424822360
1329394	1319116	10278	3424	11703254	11914744	12756774438285808
1084324	1074088	10236	2861	10136546	9983528	12756774449934448
394916	384648	10268	4112	14254100	13040160	12756774465011690
286104	275778	10326	4151	14375106	13045468	12756774480100878
1674184	1663928	10256	2256	8703536	8763292	12756774490907608
896856	886474	10382	4034	13597464	13308412	12756774505834050
798322	787978	10344	4903	16202184	15812548	12756774523265064
1117144	1106908	10236	1688	6743616	6507736	12756774531553924
708018	698186	9832	2109	7824456	7357368	12756774540515618
352610	342438	10172	1608	6615698	5503086	12756774547914788
574782	564702	10080	962	4404058	3792486	12756774553323690
1672180	1661918	10262	3338	11576984	12000278	12756774567003298
829770	819646	10124	735	3745380	3366948	12756774572012010
603734	593568	10166	1482	6378532	5376326	12756774579420890
215106	204950	10156	3071	10774014	9743768	12756774590836268
1006844	996554	10290	4014	13648126	13357304	12756774605919124
381868	371662	10206	1443	6287482	5038846	12756774613018870
1080440	1070166	10274	1781	6870476	6748734	12756774621400220
1480978	1470618	10360	2561	9633244	9498360	12756774632943390
1656002	1645800	10202	2849	10387802	10519476	12756774645413198
1423146	1412926	10220	1244	5306374	5484306	12756774652575810
1715928	1705724	10204	2967	10519058	10934102	12756774665238344
0	0	0	0	0	0	0
1283354	1273370	9984	39	1788640	1737626	12756774677130518
613780	603490	10290	1695	7008016	6023182	12756774685182304
893030	882774	10256	4374	14686892	14321514	12756774701192270
1570922	1560620	10302	3531	12514454	12476192	12756774715706270
614870	604592	10278	2513	9053220	8474920	12756774725806114
819184	808984	10200	2483	9150402	8589044	12756774736207264
644930	634752	10178	4695	15564614	15035204	12756774752844188
914916	904668	10248	2080	7698840	7479536	12756774761886344
662778	652576	10202	4985	16867942	15920856	12756774779846034
1345756	1335456	10300	4703	15544924	15759918	12756774797163618
1678074	1667714	10360	3532	12519232	12587186	12756774811790060
266866	256690	10176	2604	9300644	8398234	12756774821790754
1667364	1657224	10140	4218	14183648	14627670	12756774838068950
1325804	1315630	10174	596	3444346	3447934	12756774843273304
1369004	1358766	10238	4133	14159456	14074910	12756774859229798
1660144	1649892	10252	4664	15573468	15958690	12756774876888750
1447054	1436898	10156	3903	13322738	13468944	12756774892089120
1662878	1652784	10094	1905	7189724	7697966	12756774901367420
1003982	993996	9986	3540	12231392	11933828	12756774915032564
302812	292212	10600	4592	15300652	14380326	12756774931061844
562816	552638	10178	4918	16187196	15619702	12756774948237730
1668026	1657862	10164	1158	5304920	5470646	12756774955640030
920630	910444	10186	856	4127040	3819100	12756774961114864
595634	585260	10374	3235	11389334	10613532	12756774973530638
153272	143260	10012	553	3152004	2144264	12756774977269450
783436	773160	10276	3179	11459316	10636800	12756774989943030
557914	547658	10256	4849	16202444	15408658	12756775007133178
1201822	1191674	10148	4083	14172090	13759060	12756775022936290
1173988	1163626	10362	4279	14563162	14317234	12756775039102954
1505554	1495220	10334	3894	13179836	13496404	12756775054216504
563610	553482	10128	1731	6672482	6083802	12756775061903190
1300086	1289890	10196	2542	9535134	9244878	12756775073168628
1121798	1111660	10138	1197	5539522	5042584	12756775080260104
1509820	1499714	10106	4572	15633556	15530494	12756775097833444
596204	586036	10168	4725	15824112	15075010	12756775114682710
555754	545650	10104	1616	6372720	5732650	12756775122043714
1052208	1041852	10356	2907	10555326	10087630	12756775134077844
620852	610638	10214	2035	7810988	7048104	12756775142936480
718778	708844	9934	251	2307042	1805672	12756775146392464
534036	523708	10328	4439	15082358	14158936	12756775162438224
1530060	1519896	10164	4084	13757844	14090550	12756775178156334
371254	361144	10110	3836	13370416	12190448	12756775192327234
1347230	1337102	10128	1843	7005492	7200236	12756775201108670
1663514	1653344	10170	2724	9766670	10154540	12756775212968708
1469270	1459178	10092	2228	8196750	8473370	12756775223070038
423468	413228	10240	4334	14916360	13734638	12756775238838308
768948	758992	9956	220	2115998	1765960	12756775242155760
799404	789082	10322	2469	9026646	8528130	12756775252412958
576944	566626	10318	4381	14622556	14026490	12756775268040970
1691294	1681010	10284	3324	11908596	11977530	12756775282069730
1663786	1653502	10284	1701	6602808	7092566	12756775290763474
1009774	999454	10320	2389	8845246	8498734	12756775301051554
1664530	1654318	10212	1254	5697986	5754032	12756775308841444
930196	919918	10278	1146	5105278	4696982	12756775315308058
586704	576476	10228	1524	6298546	5484056	12756775322620400
0	0	0	0	0	0	0
874110	864060	10050	757	3986170	3475504	12756775339979334
756960	746728	10232	1387	6102320	5247876	12756775347266640
829528	819202	10326	1916	7227686	6900540	12756775355755224
695400	685314	10086	778	3800240	3361834	12756775360679154
1667078	1656722	10356	3625	12456822	12852584	12756775375232614
771130	760978	10152	1366	5562726	5196500	12756775381998490
251996	241776	10220	4116	14263880	12907740	12756775396940690
576714	566110	10604	3541	12544224	11511228	12756775410491088
1288282	1278060	10222	2343	8681332	8638524	12756775420893648
1080816	1070764	10052	138	2355834	1831002	12756775424759610
1418206	1407802	10404	3398	12114366	11926724	12756775438720630
1196968	1186894	10074	577	3218642	3259236	12756775443563460
857584	847320	10264	4330	14426542	14153404	12756775459275030
981816	971418	10398	1997	7490966	7297558	12756775468174410
1146972	1136950	10022	751	3861248	3733254	12756775473613074
772204	762170	10034	304	2383480	2021800	12756775477197988
1670996	1660984	10012	1683	6604678	7045084	12756775485905284
1198326	1188300	10026	24	1788844	1608100	12756775489320354
1000568	990440	10128	4052	13678020	13467104	12756775504428308
1325046	1314780	10266	1074	4740812	4877030	12756775510921178
919078	909106	9972	192	2522982	1832254	12756775514792040
1395314	1385248	10066	1046	4668646	4863172	12756775521287080
1449738	1439610	10128	1820	7087012	7235870	12756775530266390
1209344	1199060	10284	1357	5766368	5606842	12756775537672750
1442872	1432878	9994	503	3003938	3286042	12756775542551358
0	0	0	0	0	0	0
0	0	0	0	0	0	0
789726	779484	10242	3206	11371704	10722684	12756775582526874
971854	961812	10042	901	4214282	4003944	12756775588141134
639786	629584	10202	4711	15719670	15076680	12756775604928474
239498	229316	10182	1660	6639188	5546994	12756775612258880
982936	972860	10076	689	3793400	3382120	12756775617464794
1441710	1431418	10292	3718	12734396	12908818	12756775632071034
609588	599444	10144	4450	15013492	14266154	12756775648124834
0	0	0	0	0	0	0
1651732	1641592	10140	1159	5022240	5458216	12756775669021960
449892	439698	10194	4807	16197394	15175104	12756775686103740
1656284	1645994	10290	4644	15592116	15891932	12756775703783060
300936	290928	10008	339	2732424	1653514	12756775707249360
520764	510518	10246	3398	11672374	11026158	12756775719871718
1666000	1655616	10384	1625	6504340	6866494	12756775728472380
1306728	1296420	10308	3388	11637360	11784750	12756775741850448
847298	837022	10276	2588	9259872	8929508	12756775752386944
243638	233396	10242	4440	14829536	13869600	12756775767891158
0	0	0	0	0	0	0
1056794	1046708	10086	1390	5679620	5553160	12756775784991748
1584618	1574532	10086	517	3048088	3471060	12756775790050850
1667214	1657004	10210	3612	12598656	12815234	12756775804744808
1319452	1309204	10248	3997	13506362	13620636	12756775820002074
189212	178934	10278	1515	6481920	5060846	12756775827099230
1383148	1372848	10300	4807	15942192	16106854	12756775844852970
367846	357766	10080	2226	8401250	7367020	12756775854052474
1663830	1653654	10176	2777	9882520	10312454	12756775866027104
669810	659438	10372	1518	6320750	5552300	12756775873449164
1108630	1098406	10224	4911	16204194	16145296	12756775891192924
894546	884184	10362	1246	5588128	4961384	12756775898105048
1675858	1665650	10208	3597	12711612	12778298	12756775912920034
1299792	1289646	10146	3397	11646728	11805366	12756775926299394
1427660	1417514	10146	1898	7272128	7446044	12756775935426968
848074	837828	10246	3990	13610156	13127496	12756775950314640
588388	578266	10122	1573	6398026	5632684	12756775957728808
400882	390584	10298	2998	10485930	9711706	12756775969046110
672326	662090	10236	4025	13936734	13055594	12756775984084514
344598	334554	10044	903	4573740	3387288	12756775989434298
297098	286938	10160	4058	13735728	12780200	12756776003896400
1666912	1656642	10270	2849	10197698	10533276	12756776016190338
659216	649112	10104	2038	8060014	7097892	12756776025340604
721680	711618	10062	2576	9240964	8769954	12756776035728504
1592280	1581976	10304	1794	6861714	7299142	12756776044611114
0	0	0	0	0	0	0
1558162	1547982	10180	1021	4570728	4950330	12756776063222868
417992	407414	10578	2521	9442808	8300456	12756776073509600
776894	766940	9954	256	2437080	1878374	12756776077154738
1660322	1650268	10054	1647	6493736	6926284	12756776085735868
1248362	1238116	10246	3051	10744302	10717028	12756776098157548
1156816	1146826	9990	82	1863674	1741006	12756776101609630
998050	987890	10160	3606	12493602	12127582	12756776115529450
865926	855726	10200	1823	7134644	6659374	12756776123960070
467702	457364	10338	2797	10072174	9173876	12756776134928840
1676216	1666110	10106	2847	10000816	10532966	12756776147034530
288838	278610	10228	4533	15517452	14192856	12756776163272454
1395066	1384882	10184	2314	8472514	8658436	12756776173569834
891644	881378	10266	1416	6003650	5467212	12756776180895848
607526	597232	10294	4815	16126280	15355036	12756776198057380
996486	986196	10290	1925	7707556	7096264	12756776207191650
891092	881088	10004	804	4349754	3635298	12756776212862570
0	0	0	0	0	0	0
172956	162526	10430	3590	12688100	11255250	12756776238532860
0	0	0	0	0	0	0
483438	472420	11018	4843	16064348	15313494	12756776271660594
0	0	0	0	0	0	0
406202	396266	9936	466	3104782	2139992	12756776284312174
877484	867446	10038	165	2065146	1708156	12756776287683544
1472414	1462130	10284	3640	12587260	12704258	12756776302174598
349462	339276	10186	929	4511152	3468318	12756776307465468
1585606	1575358	10248	4618	15462348	15746170	12756776324941114
161146	150916	10230	3585	12680514	11229134	12756776338211800
770828	760864	9964	169	2196518	1614850	12756776341604914
379976	369908	10068	887	4255246	3371078	12756776346670040
1011136	1001036	10100	3960	13453110	13200724	12756776361562444
1484746	1474666	10080	1222	5159940	5478484	12756776368638454
601104	591444	9660	256	2428076	1702898	12756776372097458
1013086	1003018	10068	2861	10545776	9914144	12756776384086030
1282590	1272468	10122	1736	7139006	6815760	12756776392936224
1009186	999142	10044	747	3833434	3583058	12756776398208674
755506	745436	10070	4831	16024968	15550924	12756776415418588
788780	778412	10368	3066	10834154	10303280	12756776427471368
1204190	1194090	10100	3173	11138610	11038484	12756776440244438
698420	688356	10064	840	4107836	3551220	12756776445482060
1456490	1446324	10166	3440	11991734	12088118	12756776459358038
1025186	1015218	9968	639	3854076	3276956	12756776464664210
1413784	1403612	10172	4969	16440876	16625360	12756776482947400
0	0	0	0	0	0	0
230996	220766	10230	2794	9848676	8931002	12756776504827910
361240	351126	10114	1947	7455600	6526290	12756776513071974
1002966	992770	10196	3675	12965480	12337680	12756776527469094
609996	599952	10044	2683	9747180	8976726	12756776538254604
1449890	1439606	10284	2129	8073884	8159870	12756776548207898
1080800	1070732	10068	1178	5113126	4945428	12756776554830224
1021998	1011774	10224	4357	14564336	14400270	12756776570846298
273160	262928	10232	2768	9899470	8886674	12756776581446634
1581722	1571528	10194	1728	6816230	7080536	12756776590261370
172078	161910	10168	1345	5627206	4529784	12756776596480644
1266326	1256000	10326	2397	8852230	8769900	12756776607014480
734442	724266	10176	4420	14891704	14291934	12756776623060284
1340078	1329752	10326	4668	15468466	15641172	12756776640390398
313138	302778	10360	2509	9087618	8152942	12756776650209744
932100	922104	9996	2084	7878876	7497688	12756776659439214
994878	984780	10098	1008	4518218	4340784	12756776665371104
1662946	1652978	9968	989	4545680	4952996	12756776672001040
0	0	0	0	0	0	0
1173272	1163144	10128	2132	8067314	7884194	12756776692312034
1612784	1602644	10140	529	3319846	3526812	12756776697662948
1668432	1658340	10092	1889	7131484	7653456	12756776706882900
1602402	1592356	10046	480	3109874	3367636	12756776712012510
1508312	1498144	10168	1836	7035138	7335662	12756776720974978
395434	385366	10068	3609	12616126	11526592	12756776734425628
1144880	1134702	10178	3931	13395450	13241430	12756776749385330
471896	461954	9942	997	4702070	3785492	12756776754979550
1306904	1296950	9954	83	1726826	1887406	12756776758433290
1031252	1021276	9976	1970	7542408	7257620	12756776767423744
210588	200586	10002	897	4289374	3226566	12756776772340410
924136	913876	10260	3170	11123754	10742114	12756776784807160
1225950	1215724	10226	4614	15308954	15366432	12756776801761494
1666544	1656216	10328	4075	13771784	14193338	12756776817618548
674386	664228	10158	1936	7531244	6801346	12756776826245580
220224	209978	10246	3810	13082348	11952830	12756776839992770
1665472	1655036	10436	4699	15589664	16060786	12756776857665520
1511270	1501076	10194	2703	9680520	9932548	12756776869279414
1611560	1601612	9948	571	3446290	3649880	12756776874755014
375430	365324	10106	2121	7837360	7054180	12756776883383464
1269290	1259362	9928	204	2312366	2210800	12756776887384024
934048	923956	10092	653	3482586	3218860	12756776892217504
1052976	1042690	10286	4899	16329620	16043802	12756776910018504
1171904	1161838	10066	1951	7528208	7343818	12756776919158050
616454	606006	10448	1533	6245320	5535656	12756776926438058
234232	224176	10056	875	4200492	3183780	12756776931290388
1451940	1441776	10164	1820	6953552	7229496	12756776940113150
1672410	1662244	10166	1624	6588050	6863706	12756776948791518
257678	247532	10146	4226	14600462	13236756	12756776964071270
839866	829720	10146	2530	9525120	8742322	12756776974856290
395340	385388	9952	287	2389220	1583792	12756776978057120
924854	914626	10228	2017	7504216	7291964	12756776986903870
458644	448444	10200	4637	15404452	14665804	12756777003185944
1665986	1655822	10164	3099	10854644	11271800	12756777016128494
1709726	1699512	10214	3072	10693670	11248898	12756777028951910
1663144	1652896	10248	4460	15284710	15340330	12756777046324048
1665210	1654926	10284	2320	8496766	8937768	12756777056906070
702832	692464	10368	3691	12844634	12078382	12756777070875340
386960	376724	10236	3515	12043266	11236208	12756777083725240
1665092	1654750	10342	1689	6898488	7050880	12756777092707084
203248	192946	10302	4036	13550696	12611572	12756777106880248
1372112	1361932	10180	3330	11485838	11667872	12756777120155368
1065794	1055560	10234	3527	12281970	11952244	12756777133921744
575250	564942	10308	4512	15040650	14409688	12756777149955030
539542	529286	10256	4272	14601252	13654570	12756777165515374
1045678	1035434	10244	2431	8966214	8653246	12756777175945990
801122	791018	10104	1271	5321892	4935850	12756777182489338
439070	429098	9972	270	2371792	1576448	12756777185718770
1268626	1258450	10176	1835	7423114	7088770	12756777194826634
1657758	1647660	10098	2272	8369768	8788440	12756777205272000
556282	546082	10200	1381	5702538	5020720	12756777211952134
179228	168904	10324	2583	9301052	8240326	12756777221852650
355800	345630	10170	4192	14035874	13232248	12756777236661534
708386	698324	10062	4268	14460414	13812220	12756777252247960
262682	252474	10208	2526	9266302	8151438	12756777262193738
1426652	1416372	10280	4175	14090798	14252238	12756777278130644
713162	703028	10134	1343	5956124	5063906	12756777285216650
1669316	1659084	10232	2034	7812876	8088054	12756777295115600
465622	455612	10010	894	4342020	3473254	12756777300343690
1663452	1653310	10142	3835	13084970	13471354	12756777315512400
759544	749334	10210	1528	6099426	5674606	12756777322794138
901016	890876	10140	3525	12068020	11780066	12756777336182144
1143284	1133168	10116	2292	8419736	8332226	12756777346160360
1610916	1600978	9938	421	2865150	3202476	12756777351054480
1096914	1086792	10122	1282	5578842	5293374	12756777358145450
1549624	1539570	10054	1609	6420098	6696570	12756777366535350
166790	156482	10308	4497	15148034	13956408	12756777382265984
961988	952038	9950	1542	6172756	5908154	12756777389819228
854922	844728	10194	1225	5127594	4850274	12756777396221730
639088	628960	10128	3580	12659642	11682636	12756777409940820
136656	126512	10144	371	3050924	1578102	12756777413547608
1666900	1656868	10032	2230	8327580	8670076	12756777423957880
976346	966014	10332	2381	8791154	8434740	12756777434146514
1211712	1201470	10242	2057	8112296	7699272	12756777443887358
624900	614770	10130	3524	12263100	11502544	12756777457190640
1204876	1194754	10122	2149	7963548	7967128	12756777466776178
634226	624194	10032	4944	16336660	15761796	12756777484163030
1680544	1670422	10122	3449	11913886	12334506	12756777498177630
1515120	1505006	10114	4539	15163446	15430968	12756777515275274
0	0	0	0	0	0	0
1214490	1204392	10098	2481	9363920	8965122	12756777529846344
989208	979020	10188	4389	14634876	14452488	12756777545884608
1463318	1452986	10332	2949	10553038	10620146	12756777558318410
1181940	1171776	10164	3720	12831720	12646080	12756777572750100
611766	601464	10302	4840	16193558	15427048	12756777589972704
1071518	1061288	10230	701	4041060	3500498	12756777595502438
711972	701832	10140	4793	15841552	15386318	12756777612474908
1544062	1534026	10036	2731	9778972	10046904	12756777624216144
1009258	999088	10170	3654	12446126	12276116	12756777638089114
208516	198424	10092	3423	12179564	10782904	12756777650897164
1658686	1648484	10202	3618	12756528	12819244	12756777665731624
238692	228742	9950	937	4747418	3374706	12756777671135454
224254	214166	10088	2350	8977042	7589908	12756777680755180
1461968	1452104	9864	523	3261074	3355792	12756777685898560
1126908	1116996	9912	45	1737616	1590622	12756777689182008
1616872	1606872	10000	445	3284724	3278934	12756777694499514
1491480	1481544	9936	445	2860926	3153958	12756777699267564
1033626	1023372	10254	4271	14288484	14146038	12756777715007280
738174	728096	10078	4308	14593988	13961516	12756777730759760
1695252	1685102	10150	4659	15475712	15969650	12756777748351394
0	0	0	0	0	0	0
531428	521342	10086	2719	10011602	8992764	12756777764687060
1680882	1670776	10106	2527	9135758	9567762	12756777775916670
837670	827434	10236	2390	9102194	8317030	12756777786275938
1509914	1499786	10128	1682	6743580	6874700	12756777794945228
0	0	0	0	0	0	0
1036302	1026334	9968	128	1860578	1750624	12756777805542390
984780	974664	10116	4569	15427786	14988106	12756777822370800
1475730	1465806	9924	126	2049322	2180946	12756777826315590
995726	985814	9912	87	1930724	1587692	12756777829660520
1675322	1665128	10194	3824	13069494	13449716	12756777844822810
434322	424214	10108	3739	12728574	11954568	12756777858402674
722730	712570	10160	3153	10975148	10489818	12756777870519078
683196	673314	9882	318	2625620	1966506	12756777874244610
1076590	1066562	10028	2058	7870906	7565714	12756777883607734
243270	233184	10086	3238	11191952	10266114	12756777895458390
512044	502054	9990	312	2481796	1776388	12756777898869688
1667282	1657126	10156	3157	11071852	11447710	12756777912026434
801678	791456	10222	3223	11284442	10776488	12756777924533180
1130416	1120486	9930	243	2275464	2187038	12756777928357624
1519018	1509070	9948	467	3064870	3246098	12756777933358258
1476036	1465830	10206	4652	15514090	15728970	12756777950766930
408278	398262	10016	4695	15534482	14791272	12756777967129880
737570	727610	9960	762	4058490	3348686	12756777972343598
766530	756386	10144	963	4503072	3978428	12756777978032150
1597372	1587398	9974	400	2690824	3126322	12756777982738840
862972	852640	10332	3189	11020138	10736264	12756777995038474
1665002	1654848	10154	4682	15948960	16009046	12756778013067740
787818	777736	10082	1819	7386862	6561522	12756778021660050
814116	804014	10102	895	4189298	3832436	12756778027082588
350068	340122	9946	320	2518498	1638090	12756778030371654
1674294	1664184	10110	3966	13445186	13875016	12756778045909188
739850	729660	10190	714	4084000	3207012	12756778051155074
184004	173828	10176	2764	10156664	8785402	12756778061915458
424166	414088	10078	1471	6220504	5158238	12756778068979420
1670640	1660398	10242	1798	6946220	7383208	12756778078013454
1343834	1333638	10196	3201	11245462	11255510	12756778091026034
895214	885064	10150	1900	7625796	6912640	12756778099963168
836788	826644	10144	4672	15919532	15151104	12756778117134888
866874	856860	10014	153	2281750	1673556	12756778120702548
845718	835510	10208	3198	11038582	10748226	12756778133006268
1608240	1598332	9908	588	3699858	3698782	12756778138733958
405512	395392	10120	2721	9739622	8879416	12756778149296344
232670	222632	10038	1103	4870074	3865116	12756778154818988
1677704	1667756	9948	2384	9034644	9142668	12756778165970108
192040	181900	10140	2908	10655424	9224890	12756778177240144
421632	411486	10146	372	3004008	1864654	12756778181082234
215176	204994	10182	3139	11333496	9940004	12756778193047930
1013286	1003272	10014	1263	5715756	5123610	12756778200194010
799612	789530	10082	2561	9422394	8793800	12756778210832560
977640	967488	10152	1519	6069200	5853058	12756778218298320
907566	897524	10042	1868	7078562	6828110	12756778226704118
1689846	1679886	9960	3472	12080922	12410962	12756778240915608
296368	286192	10176	4907	16629122	15314100	12756778258266714
459468	449360	10108	4167	14073140	13260642	12756778273220708
186948	176874	10074	951	4729992	3361856	12756778278553904
1253406	1243400	10006	1851	7284900	7123460	12756778287509714
1305504	1295444	10060	1590	6469856	6396600	12756778295702540
1429204	1419044	10160	589	3474340	3524620	12756778301024848
837416	827426	9990	195	2520114	1751582	12756778304799770
465636	455484	10152	2721	9725980	8939802	12756778315408884
1497774	1487532	10242	2067	7858166	8013616	12756778325183388
1490376	1480212	10164	2388	9084056	8968752	12756778336177920
659316	649198	10118	4887	16351180	15615150	12756778353606510
301620	291492	10128	4998	16669200	15592240	12756778370996814
1668592	1658566	10026	1048	5002068	5133930	12756778378086198
497296	487372	9924	388	2780664	1987096	12756778381784344
520486	510484	10002	4060	13648840	13000406	12756778396371040
1250128	1240120	10008	918	4386546	4326776	12756778402425088
709488	699284	10204	3950	13679792	12863096	12756778417235060
743108	733064	10044	3299	11464812	10946710	12756778429862794
1223416	1213282	10134	2518	9073014	9088334	12756778440578830
732254	722148	10106	1972	7601792	6978596	12756778449329810
1073472	1063268	10204	2965	10542928	10278020	12756778461364244
947520	936816	10704	4362	14844396	14333970	12756778477573584
490470	480226	10244	4345	14773920	13824066	12756778493257338
618386	608304	10082	252	2695790	1700802	12756778496988674
1486258	1476078	10180	2260	8361750	8581546	12756778507254288
947786	937604	10182	3056	10621194	10425270	12756778519244180
264796	254598	10198	1249	5464348	4333482	12756778525391004
922870	912694	10176	3482	12139236	11674426	12756778538870590
1219038	1209000	10038	578	3242854	3278616	12756778543751940
1291242	1281012	10230	3726	12873842	12772126	12756778558336698
124916	114930	9986	432	2788410	1747646	12756778561668770
1666132	1655610	10522	1476	5986142	6415176	12756778569737544
285764	275486	10278	1578	6447720	5337388	12756778576892884
1387118	1377056	10062	2249	8293528	8449846	12756778586990944
579650	569398	10252	4532	15503128	14473996	12756778603491418
1298004	1288098	9906	38	1739570	1742058	12756778606948338
1381458	1371404	10054	701	3588868	3808856	12756778612338170
1659002	1648864	10138	2883	10302032	10615714	12756778624716094
1673648	1663470	10178	3978	13451262	13909598	12756778640263910
1285472	1275212	10260	3495	12417264	12074830	12756778654388284
338038	327696	10342	3730	12907220	11831574	12756778668052278
351936	341634	10302	4538	15467796	14286148	12756778684290660
1126570	1116564	10006	1181	5014366	4990746	12756778690850664
1305876	1295636	10240	2714	9665038	9758330	12756778702241408
239360	229210	10150	1225	5258862	4235836	12756778708160350
165332	155090	10242	2628	9487372	8361520	12756778718232208
1215444	1205232	10212	4001	13923800	13527140	12756778733791904
1661894	1651874	10020	1268	5405446	5791932	12756778741289708
625292	615068	10224	1116	4905696	4304132	12756778747250458
165530	155408	10122	4282	14536874	13319814	12756778762380734
1605470	1595276	10194	493	3087884	3418268	12756778767505058
167578	157618	9960	556	3272802	2169586	12756778771373470
1530576	1520256	10320	4864	16092946	16426602	12756778789422030
680904	670708	10196	3641	12614624	11916204	12756778803171648
698970	688818	10152	3694	12625916	12090598	12756778816927194
1164574	1154218	10356	3797	12878462	12864694	12756778831399570
670754	660830	9924	360	2806386	2086958	12756778835302358
177682	167292	10390	3414	12176428	10747836	12756778848082854
1664712	1654348	10364	2952	10794678	10836756	12756778860969840
1653218	1643002	10216	4922	16206952	16721320	12756778879256950
0	0	0	0	0	0	0
255324	245238	10086	2081	8179370	6821634	12756778894783968
0	0	0	0	0	0	0
661542	651474	10068	741	4166202	3217760	12756778903384748
1129800	1119648	10152	2532	9223604	9045420	12756778914166548
165334	155216	10118	1722	7107380	5656532	12756778921863634
1090506	1080432	10074	58	1678836	1601872	12756778925060400
1684034	1673822	10212	1754	6713910	7270684	12756778933884388
848446	838302	10144	2074	7729948	7393644	12756778942895454
1667920	1657406	10514	2597	9300410	9778784	12756778954288864
1677530	1667372	10158	2080	7875500	8238798	12756778964273864
1661056	1650862	10194	1836	7451834	7493774	12756778973816710
881154	871170	9984	130	1856746	1609208	12756778976990480
1405146	1394894	10252	2069	7708972	7936026	12756778986535058
0	0	0	0	0	0	0
188612	178386	10226	4911	16601120	15223224	12756779015208680
1330128	1319918	10210	1080	5179772	4900148	12756779022147428
972822	962658	10164	967	4612204	4205242	12756779028162030
713124	702864	10260	2463	8948346	8421548	12756779038254878
871252	861072	10180	1022	4780442	4264860	12756779044335924
0	0	0	0	0	0	0
380432	370432	10000	1355	5637268	4772654	12756779064463228
1575576	1565338	10238	3710	12658616	13019820	12756779079126420
605014	594802	10212	4999	16677722	15904176	12756779096840640
0	0	0	0	0	0	0
931362	921132	10230	163	2052650	1756600	12756779114259420
227076	216930	10146	2809	10351332	8972648	12756779125269428
1677112	1667144	9968	1627	6468244	6884450	12756779133845590
192202	181672	10530	2610	9478576	8340282	12756779143949148
0	0	0	0	0	0	0
933424	923700	9724	288	2374666	2133162	12756779161812864
1496792	1486616	10176	3458	12296382	12184018	12756779176035778
330200	320270	9930	299	2538994	1562782	12756779179334674
1196330	1186278	10052	986	4486400	4484834	12756779185444358
1397758	1387440	10318	2761	9839098	9998824	12756779197111644
1427742	1417394	10348	3415	11875868	11986754	12756779210843078
1210790	1200814	9976	1169	5084498	5045830	12756779217566698
1016340	1006148	10192	2529	9236866	8922920	12756779228248520
186700	175414	11286	2766	10226910	8804200	12756779239091230
271138	260910	10228	3818	13166786	12036468	12756779252960904
1138144	1127940	10204	1750	7181430	6714366	12756779261711304
1160894	1150762	10132	2372	8642062	8596486	12756779271945790
1346158	1336100	10058	1229	5179234	5364022	12756779278901020
1062672	1052418	10254	4289	14380314	14256780	12756779294773250
1277616	1267418	10198	3973	13405894	13505600	12756779309886944
1460782	1450472	10310	3125	11298668	11150260	12756779323074190
1659672	1649510	10162	1993	7454402	7963038	12756779332619954
363296	353336	9960	1045	4724968	3827614	12756779338144408
704140	693856	10284	4853	16193560	15567302	12756779355473008
214920	204826	10094	533	3305988	2148444	12756779359425228
896194	886178	10016	615	3565126	3075026	12756779364317578
793072	783146	9926	392	2757542	2304820	12756779368314664
1662812	1652714	10098	1915	7414948	7730482	12756779377818964
669756	659626	10130	3939	13263546	12798880	12756779392182540
1390258	1380172	10086	2399	8789258	8908604	12756779402791600
1384294	1374202	10092	503	2978270	3229210	12756779407580218
1272318	1262238	10080	766	3970352	3901416	12756779413250580
458768	448664	10104	256	2364122	1563190	12756779416504360
488834	478760	10074	2662	9453018	8794228	12756779426878000
495116	485076	10040	4682	15567816	14844362	12756779443366130
1130374	1120110	10264	2947	10329530	10287118	12756779455254774
1666994	1656844	10150	3937	13267358	13788520	12756779470615240
1674090	1663854	10236	1218	5245544	5656888	12756779477969874
0	0	0	0	0	0	0
1654242	1644060	10182	4643	15450052	15896564	12756779499645668
182610	172428	10182	3985	13424180	12447108	12756779513683218
1140664	1130370	10294	1715	6579462	6612000	12756779521833264
508502	498420	10082	948	4415538	3682082	12756779527186910
338780	328616	10164	1741	6876124	5885502	12756779534831648
1211156	1200990	10166	3084	10916154	10778772	12756779547391370
0	0	0	0	0	0	0
1144326	1134156	10170	82	1830680	1727272	12756779558272614
1522060	1512076	9984	541	3523128	3478778	12756779563747228
228894	218690	10204	1064	4789200	3750612	12756779569197098
1612864	1602912	9952	1438	5864136	6255624	12756779577099564
1174282	1164054	10228	4076	13684194	13710394	12756779592388734
1024090	1013998	10092	224	2396510	2034416	12756779596234114
1623532	1613458	10074	447	2880828	3299330	12756779601167230
1121834	1111556	10278	757	4101326	3724964	12756779606821988
338644	328438	10206	4618	15465766	14499542	12756779623056448
1629504	1619534	9970	436	3033964	3273854	12756779628148298
609912	599564	10348	3427	11827938	11204726	12756779641012784
642700	632698	10002	270	2313134	1790402	12756779644394668
263550	253358	10192	3861	13028620	12155058	12756779658115070
1378078	1367984	10094	2504	9264664	9209128	12756779669190040
1320696	1310606	10090	748	4188014	3896960	12756779675127368
446208	435914	10294	979	4872328	3714986	12756779680876250
1053584	1043390	10194	2357	8996846	8443810	12756779691354244
1606494	1596474	10020	43	1702782	2071890	12756779695094574
1102916	1092776	10140	4633	15511794	15306770	12756779712135428
0	0	0	0	0	0	0
361262	350998	10264	1151	5399478	4145374	12756779729309314
1673236	1663036	10200	3447	12264904	12325606	12756779743676308
977956	967812	10144	3099	10863600	10592884	12756779755952310
1216214	1205966	10248	1272	5758216	5361970	12756779763355600
341678	331462	10216	4199	14129732	13244980	12756779778253624
1665900	1655640	10260	1753	6957450	7251090	12756779787305520
613804	603670	10134	3094	10866758	10212186	12756779799221730
992820	982672	10148	2978	10582406	10242058	12756779811228234
580834	570580	10254	4698	15651366	14979856	12756779827887730
1669314	1659060	10254	3538	12537020	12596424	12756779842519134
1171002	1160792	10210	1790	7029412	6865568	12756779851149248
706986	696908	10078	184	2043280	1593752	12756779854327514
1064140	1054016	10124	2449	8847420	8732224	12756779864669008
1324434	1314234	10200	4167	13965024	14131912	12756779880384678
1165544	1155440	10104	2790	9882490	9851292	12756779891862248
1281512	1271736	9776	8	1496408	1641398	12756779895071570
223862	213886	9976	345	2661990	1592956	12756779898384880
1356098	1345934	10164	2434	8808412	8979014	12756779908977638
1671946	1661884	10062	1518	6487844	6551760	12756779917562904
1532522	1522350	10172	3876	13256976	13470552	12756779932786118
1605908	1595896	10012	475	2929636	3364576	12756779937749884
1244870	1234670	10200	628	3415694	3463964	12756779942835878
212598	202404	10194	3792	13344088	11898744	12756779956822080
949156	938942	10214	2114	7846324	7614064	12756779966046520
1201722	1191598	10124	2550	9580420	9171400	12756779977256070
978434	968438	9996	138	2024994	1728188	12756779980690178
1657654	1647422	10232	4150	13897612	14415818	12756779996675074
1287042	1276888	10154	2659	9567208	9582486	12756780007961904
687786	677644	10142	1973	7848860	6929766	12756780016924974
727638	717478	10160	3768	13225110	12343216	12756780031306788
973660	963584	10076	4173	13988624	13799332	12756780046699954
756046	745894	10152	2066	7689010	7277680	12756780055598710
793518	783458	10060	157	1977478	1600788	12756780058796684
0	0	0	0	0	0	0
1552250	1542152	10098	2993	10552020	10847644	12756780085605664
1333694	1323546	10148	728	3691976	3850368	12756780091058678
899730	889648	10082	183	2149840	1785174	12756780094533498
1135834	1125706	10128	4562	15364760	15128738	12756780111481954
1664510	1654418	10092	1618	6510824	6843372	12756780120082478
1663046	1653020	10026	970	4609572	4904354	12756780126785108
908436	898236	10200	4618	15624716	15068488	12756780143754480
393580	383620	9960	358	2781344	1803518	12756780147357904
1691862	1681880	9982	1157	5104328	5490302	12756780154582160
214760	204668	10092	3241	11224830	10253116	12756780166450360
1075718	1065556	10162	4692	15544444	15454394	12756780183517930
615910	605882	10028	411	2752906	2183228	12756780187314064
1269534	1259334	10200	546	3306826	3238200	12756780192316374
570472	560406	10066	3644	12530268	11814474	12756780205848594
380004	369818	10186	4623	15785866	14556002	12756780222442298
1031530	1021354	10176	2433	8804386	8653324	12756780232707084
723488	713300	10188	3730	12690120	12225080	12756780246546488
545354	535246	10108	3606	12469188	11675140	12756780259992040
1172866	1162698	10168	3548	12585932	12153604	12756780274177398
0	0	0	0	0	0	0
1268790	1258782	10008	193	2209126	2183938	12756780283326954
226942	216824	10118	897	4373938	3248380	12756780288354670
1450606	1440602	10004	687	3575994	3841748	12756780293807338
155114	144932	10182	4937	16263566	15269356	12756780310654840
672206	662196	10010	895	4299984	3688226	12756780316056350
952334	942198	10136	4204	14404486	13873250	12756780331842794
1589874	1579836	10038	1193	5082056	5499296	12756780338945000
1434740	1424792	9948	1157	5150720	5235662	12756780345960808
1050732	1040484	10248	1775	6919288	6701814	12756780354384984
491146	480994	10152	3359	11782888	10883250	12756780367089894
1186132	1175940	10192	2438	9078684	8820240	12756780377781204
330272	319824	10448	912	4655402	3397662	12756780383195468
342182	331988	10194	3817	13304570	12103002	12756780397271090
1005654	995622	10032	1772	6821188	6647664	12756780405527540
1055110	1044970	10140	834	4010290	3888458	12756780411048034
1438506	1428240	10266	2446	9300242	9096008	12756780422214908
522150	511926	10224	3018	10814540	9890550	12756780433976454
1262438	1252376	10062	1080	5180458	4833560	12756780440846180
271594	261444	10150	326	2799638	1585380	12756780444344760
163964	153868	10096	2323	8442322	7453552	12756780453380440
0	0	0	0	0	0	0
1543330	1533328	10002	2089	7820844	8133898	12756780466907974
1043068	1032796	10272	2884	10579366	10014124	12756780478959988
1508040	1497898	10142	2153	8389760	8289810	12756780489283614
1385316	1374994	10322	2873	10305376	10323240	12756780501422790
209048	198758	10290	4577	15351632	14245706	12756780517434830
1104480	1094346	10134	2046	7924790	7565610	12756780526896000
398236	388058	10178	3282	11764650	10557952	12756780539487160
1459956	1449832	10124	2183	8115824	8331334	12756780549488700
692240	682152	10088	1024	4585154	4094834	12756780555221594
1507934	1497742	10192	3381	11706726	11963108	12756780568864834
1660360	1650094	10266	2619	9784208	9835654	12756780580737568
334844	324730	10114	2207	8191676	7276864	12756780589695670
460968	450676	10292	2764	9787128	9070462	12756780600371724
1662340	1652368	9972	1235	5356078	5695448	12756780607819348
554516	544440	10076	4500	15025820	14358084	12756780623830910
0	0	0	0	0	0	0
742086	731758	10328	758	3848446	3347736	12756780637866720
1457238	1447032	10206	1917	7205484	7531864	12756780646962000
401378	391174	10204	4866	16509626	15300632	12756780664297504
1666960	1656700	10260	1565	6556136	6689380	12756780672949624
161048	150896	10152	2710	9712572	8609420	12756780683256728
158146	147902	10244	3802	13333050	11874214	12756780697176754
712870	702764	10106	3889	13367650	12690472	12756780711684460
1382744	1372506	10238	1803	6897668	7113506	12756780720393230
1421342	1410974	10368	3098	10971164	11030630	12756780733211570
147132	137142	9990	377	2846008	1613960	12756780736633328
1089628	1079470	10158	2894	10371268	10088962	12756780748523770
1529566	1519382	10184	1815	7204586	7299226	12756780757688050
0	0	0	0	0	0	0
418260	408078	10182	2187	8263948	7323098	12756780772340438
165442	155170	10272	3418	11844118	10735336	12756780784777488
1115896	1105624	10272	1080	4756278	4686868	12756780791076244
984580	974272	10308	4588	15686160	15054952	12756780808175170
1243352	1233092	10260	1679	6657146	6603628	12756780816502828
775470	765192	10278	3070	10850604	10298586	12756780828557154
1191610	1181566	10044	785	3894946	3880120	12756780834073204
1256116	1245852	10264	2971	10784136	10485726	12756780846543390
1388164	1377844	10320	1889	7113742	7379402	12756780855477604
1220582	1210264	10318	3379	11820506	11669068	12756780868945738
1662764	1652186	10578	1766	6792410	7277552	12756780877821788
468988	458764	10224	3274	11399736	10597976	12756780890108128
1030012	1019788	10224	1153	5388200	4813208	12756780896942260
848454	838362	10092	1844	7363288	6698900	12756780905571830
887232	877022	10210	4103	14124118	13498998	12756780921000158
933372	923088	10284	2491	9255448	8720552	12756780931608248
1677064	1666900	10164	2528	9200806	9573554	12756780942907948
978790	968624	10166	2361	8585284	8395274	12756780952894288
1533176	1522928	10248	3613	12364484	12675074	12756780967207124
1383946	1373818	10128	4592	15460404	15457136	12756780984470650
198016	187672	10344	3249	11228514	10252490	12756780996312760
237636	227312	10324	4848	16087278	15076968	12756781013055848
1523938	1513798	10140	965	4826134	4743312	12756781019825160
1149790	1139360	10430	2984	10454114	10409666	12756781031847568
368260	358024	10236	3223	11272102	10345342	12756781043905690
804682	794434	10248	2530	9287568	8707358	12756781054416190
1676866	1666600	10266	2681	9616014	10028776	12756781066128640
1558452	1548416	10036	1560	6196546	6557514	12756781074306608
1519948	1509702	10246	3364	11644154	11919306	12756781087888860
189356	179062	10294	3365	11617860	10591510	12756781100146030
1678810	1668746	10064	3213	11382980	11626202	12756781113643084
877208	867050	10158	1309	5547536	5124008	12756781120485304
1665772	1655608	10164	3605	12519878	12786292	12756781135089100
329986	319844	10142	360	2747130	1737490	12756781138586854
1402360	1392180	10180	4757	15819222	15970066	12756781156225020
861976	851960	10016	142	2062000	1616990	12756781159566430
671286	660840	10446	2001	7636176	6991332	12756781168294560
325692	315554	10138	3810	13029706	12059724	12756781182069578
393660	383562	10098	1020	4943284	3792108	12756781187824008
1445242	1435002	10240	3852	13470484	13303506	12756781203154734
1634812	1624818	9994	56	1756520	2133244	12756781206965700
1278940	1268734	10206	4159	14174502	14056006	12756781222834420
1518330	1508118	10212	3229	11191852	11513352	12756781235961270
866386	856354	10032	375	3063758	2320402	12756781240310434
299854	289656	10198	1427	5836880	4899004	12756781246864104
1663574	1653474	10100	3318	11512132	11924000	12756781260456854
1605494	1595480	10014	88	1860134	2198360	12756781264343348
857974	847784	10190	3309	11470548	11092972	12756781277090890
1660432	1650272	10160	4516	15457688	15505894	12756781294629640
1654888	1644616	10272	4325	14609442	14928332	12756781311315628
1297180	1286892	10288	1821	6934726	7077814	12756781319966520
1173990	1164028	9962	52	1739724	1658790	12756781323297114
717796	707480	10316	4542	15313944	14642588	12756781339747888
390432	380386	10046	291	2398628	1591716	12756781342955094
705750	695528	10222	3259	11687624	10789392	12756781355765804
1238010	1227868	10142	4029	13578104	13625218	12756781371002214
1142794	1132380	10414	4554	15218006	15102720	12756781387781040
606838	596604	10234	2045	7650062	7059360	12756781396454220
923234	913054	10180	2378	8824142	8369152	12756781406620270
467022	456790	10232	3803	13137668	12179160	12756781420640724
723776	713586	10190	2660	9597844	9013604	12756781431378644
1672312	1662080	10232	4020	13534450	14034772	12756781447004440
259702	249650	10052	3310	11392198	10499234	12756781459089820
1248150	1237906	10244	3669	12686594	12559902	12756781473465504
998046	988020	10026	3489	11997336	11770600	12756781486878060
1465144	1455102	10042	640	3469072	3710880	12756781492229604
621430	611182	10248	1712	6719654	6075064	12756781499987484
327732	317596	10136	2758	9844282	8913330	12756781510578954
1404358	1394302	10056	1168	5122136	5231398	12756781517524738
921636	911004	10632	780	4148710	3587800	12756781523012880
570610	560542	10068	278	2768024	1732546	12756781526771014
162682	152376	10306	4858	16477512	15031410	12756781543829748
1560592	1550622	9970	2826	10043446	10348974	12756781555849458
250260	240166	10094	2268	8307640	7367874	12756781564828728
919268	908866	10402	3785	12900372	12578626	12756781579067560
1311550	1301288	10262	4697	15575260	15699160	12756781596393748
1022794	1012712	10082	2197	8510722	7928648	12756781606346734
1402116	1391946	10170	4071	13674146	13915414	12756781621843230
1668192	1657956	10236	3753	12799638	13230210	12756781636726740
1496870	1486746	10124	1188	5147894	5381480	12756781643792204
483192	473026	10166	1912	7190520	6533796	12756781651885860
1332830	1322690	10140	698	3618606	3750260	12756781657254794
493816	483712	10104	2219	8176928	7465804	12756781666343284
583424	573050	10374	4056	13789644	13052534	12756781681134068
776498	766270	10228	2425	8861548	8364274	12756781691188750
1422192	1411914	10278	2190	8490040	8307214	12756781701519540
836616	826660	9956	308	2492194	2087556	12756781705267644
330918	320808	10110	2187	8237656	7205234	12756781714255508
554922	544914	10008	1406	5933246	5093358	12756781721159678
1055284	1045050	10234	1209	5563840	5005554	12756781728196458
779400	769186	10214	2610	9687516	8921616	12756781739081184
877034	866984	10050	201	2541950	1807758	12756781742919974
1614202	1603960	10242	1784	6853294	7281398	12756781751803810
514644	504484	10160	2659	9455790	8801946	12756781762191024
1124232	1114222	10010	2130	7995878	7828456	12756781771728510
1197994	1187802	10192	1284	5358112	5372406	12756781778700840
1195486	1185272	10214	2430	8744194	8796688	12756781789056748
1665450	1655262	10188	4695	15606170	16048280	12756781806747980
783150	773004	10146	4905	16419344	15795756	12756781824370764
1292022	1281818	10204	2076	8018954	7835324	12756781834100750
795834	785520	10314	2692	9660116	9182796	12756781844974620
201440	191168	10272	3880	13177176	12146126	12756781858773104
1660192	1649932	10260	3979	13462532	13899114	12756781874316558
1451982	1441818	10164	4091	14205314	14027166	12756781890395730
1613172	1603124	10048	551	3481158	3594224	12756781895908208
1659466	1649348	10118	1069	4850488	5188574	12756781902835174
182596	172548	10048	3150	10913364	9941904	12756781914350628
684520	674402	10118	3413	11808306	11230016	12756781927261084
538382	528434	9948	1759	6999374	6131820	12756781935216680
170024	159944	10080	1770	7014340	5798324	12756781942845428
1668854	1658758	10096	4588	15350596	15731350	12756781960281514
1284912	1274880	10032	1953	7509138	7474626	12756781969498800
1663022	1652896	10126	4215	14108222	14606674	12756781985691394
171896	161838	10058	4713	15801642	14608734	12756782002082888
1662276	1652182	10094	2835	10089794	10475538	12756782014251954
313306	303298	10008	308	2652044	1566964	12756782017640800
1535510	1525310	10200	4377	14729560	14966354	12756782034324428
1511944	1501874	10070	2844	10257096	10354354	12756782046511828
1032574	1022422	10152	137	2227658	1774120	12756782050189620
435664	425704	9960	1670	6676846	5763676	12756782057721460
1053882	1043696	10186	4240	14139596	14075324	12756782073355028
1668640	1658422	10218	4037	13586920	14082276	12756782089027140
1445924	1435644	10280	3400	11879204	11950974	12756782102775308
940850	930830	10020	120	1830344	1631064	12756782105966504
869344	859160	10184	2891	10553964	9852874	12756782117806738
176862	166576	10286	3402	11644998	10689622	12756782130064530
164388	154274	10114	4914	16350046	15203666	12756782146994954
1248474	1238180	10294	4014	13955392	13593986	12756782162618540
