# Loop @ Start frequency 2700000Hz took 1177.14 cycles
# Interval [1175 ; 1179]
# Q1 : 1174 ; Q3 : 1176
# Loop @ Target frequency 2200000Hz took 1445.54 cycles
# Interval [1443 ; 1448]
# Q1 : 1440 ; Q3 : 1444
# Confidence intervals do not overlap, alternatives are statistically different with selected confidence level
Change time (with write) [cycles]	Change time [cycles]	Write cost [cycles]	Wait time [us]	Time since last frequency change request [cycles]	Time since last frequency change [cycles]	Detected frequency change timestamp [cycles]
169266	150152	19114	3567	392914824	392745672	12756391226148170
484256	474858	9398	4812	16312834	15188284	12756391243301206
1165780	1156238	9542	907	4362860	4181714	12756391249181452
1354632	1345154	9478	3036	10726788	10741850	12756391261614214
697804	688354	9450	4996	16620752	15950374	12756391279282946
1663304	1653746	9558	2463	9026024	9337454	12756391290322564
1665480	1656110	9370	4156	14111522	14420560	12756391306450522
813136	803768	9368	3982	13596820	13034880	12756391321212208
1410148	1400782	9366	4075	13828872	13907584	12756391336800716
0	0	0	0	0	0	0
1278082	1268792	9290	3427	11806958	11836740	12756391365394482
367710	358482	9228	2191	8220570	7226046	12756391374333800
946482	937094	9388	4544	15426964	14847718	12756391391056292
1659548	1649958	9590	3891	13557474	13608952	12756391406623142
1044530	1035154	9376	4101	14174422	13619768	12756391422190752
1653284	1643774	9510	3295	11748990	11818080	12756391435941282
520692	511424	9268	2535	9491740	8410544	12756391446304502
1344884	1335534	9350	27	1833968	1729460	12756391449831312
1297354	1288114	9240	2511	9291562	9113996	12756391460770726
1432124	1422712	9412	4626	15526098	15580930	12756391478078822
1473854	1464528	9326	4697	15965076	15833118	12756391495868436
209528	200166	9362	4859	16452722	15057002	12756391512881806
0	0	0	0	0	0	0
1612084	1602886	9198	447	2918594	3252996	12756391526034496
1242226	1232906	9320	3556	12545446	12185816	12756391540171204
709460	700092	9368	4871	16089992	15589638	12756391557320572
924374	914922	9452	3275	11607240	11028330	12756391570201392
1538556	1529282	9274	1540	6281214	6448960	12756391578369740
516480	506938	9542	3078	10958742	10031056	12756391590193138
429372	419952	9420	1572	6406388	5436468	12756391597378806
1559670	1550340	9330	1286	5554064	5712132	12756391604842150
1657946	1648392	9554	4158	14111270	14405192	12756391620961370
899032	889852	9180	156	2090212	1667736	12756391624299756
1381504	1372214	9290	590	3521226	3448570	12756391629552902
1041644	1032294	9350	1788	7109016	6695424	12756391638054182
1096588	1087292	9296	4822	16109730	15831102	12756391655611610
0	0	0	0	0	0	0
318582	309226	9356	2722	9947700	8769076	12756391669432984
1175788	1166432	9356	3041	10650996	10575874	12756391681609346
170130	160690	9440	1519	6091720	5018342	12756391688220622
1685460	1676254	9206	1506	6414450	6494388	12756391696670572
504004	494620	9384	4306	14417126	13696302	12756391711941072
1533950	1524674	9276	3273	11696170	11630404	12756391725520242
945668	936382	9286	1904	7557666	6946348	12756391734374586
202706	193368	9338	2294	8429066	7370382	12756391743355586
645210	635776	9434	1597	6576496	5727628	12756391750927160
1659920	1650588	9332	2113	8235648	8286438	12756391761172002
159508	150396	9112	412	2771480	1693946	12756391764454300
1088868	1079732	9136	138	2321320	1805390	12756391768214950
186242	176794	9448	3347	11571174	10510872	12756391780328502
1439620	1430324	9296	16	1713302	1792712	12756391783837502
1552560	1543142	9418	1746	6866284	7084886	12756391792612920
963342	953884	9458	4935	16290382	16041768	12756391810223586
1462550	1453006	9544	3464	11915428	12136426	12756391823957404
403698	394252	9446	3745	12948478	11917878	12756391837665512
1655362	1645932	9430	2732	9707976	10137326	12756391849386360
288378	278902	9476	1498	6116814	5077222	12756391856148152
1013218	1003704	9514	4146	14322588	13729432	12756391871840492
1656954	1647494	9460	1096	4820282	5245138	12756391878673532
854506	845146	9360	1260	5512738	4932276	12756391885413240
1136536	1127006	9530	4117	13879442	13764676	12756391900785480
632026	622516	9510	2011	7587428	6956728	12756391909361410
1134690	1125398	9292	172	2058344	1956202	12756391912910880
1366222	1356440	9782	2268	8700862	8462650	12756391923333240
1215498	1206054	9444	4094	13870468	13774292	12756391938775512
1184682	1175312	9370	745	4060830	3721124	12756391944377372
368778	359344	9434	2672	9737316	8672752	12756391954838796
1437166	1427692	9474	3355	11598458	11786720	12756391968231960
1676368	1667086	9282	1239	5461458	5692192	12756391975725946
1174988	1165420	9568	4099	13796908	13751762	12756391991054012
1660918	1651494	9424	3278	11717794	11778042	12756392004789532
1616942	1607538	9404	2673	9818986	9922816	12756392016582580
1667926	1658432	9494	2143	7956574	8386522	12756392026563940
1650464	1641084	9380	1737	6928584	7154854	12756392035498228
1198274	1188850	9424	1406	5978692	5712094	12756392043031138
449512	440038	9474	797	3889414	3139956	12756392047726476
1378894	1369610	9284	643	3647182	3610774	12756392053109272
1163320	1153840	9480	3558	12432154	12118182	12756392067059160
1660512	1651028	9484	4047	13856868	14080522	12756392082933886
598042	588664	9378	882	4409458	3544532	12756392088297186
707010	697550	9460	2473	9009284	8416638	12756392098369560
707098	697710	9388	1585	6404778	5753952	12756392105836942
1582018	1572488	9530	2540	9119730	9492710	12756392116893692
790440	780880	9560	4264	14675412	13858446	12756392132715700
1191328	1181782	9546	2738	9708992	9693276	12756392143971886
1660274	1650800	9474	2733	10097830	10147182	12756392156086252
654286	644904	9382	4271	14702552	13745322	12756392171798644
154516	145064	9452	2902	10288930	9153832	12756392182606066
1559586	1550094	9492	3628	12367500	12731148	12756392196898586
1046776	1037352	9424	3111	11122492	10672108	12756392209431840
476952	467690	9262	266	2349988	1587438	12756392212624112
237916	227922	9994	4833	16117304	15017712	12756392229345826
950090	940902	9188	157	2025258	1735256	12756392232685744
592788	583556	9232	226	2319012	1581108	12756392235961846
154760	145082	9678	1531	6309298	5063532	12756392242790590
1201528	1192012	9516	3004	10651982	10505824	12756392255006866
663538	654104	9434	3731	13084262	12143486	12756392269119216
579662	570222	9440	4131	14291452	13256656	12756392284355980
1512666	1502972	9694	3481	12199540	12245482	12756392298433846
1614416	1604944	9472	587	3349878	3688380	12756392303764174
253878	244438	9440	4252	14609926	13294814	12756392318993312
853832	844340	9492	3693	12804940	12220200	12756392333016442
997044	987554	9490	3638	12811622	12197670	12756392347190368
1659092	1635220	23872	2737	10124484	10167340	12756392359339172
1357532	1348178	9354	1854	7254298	7220878	12756392368315636
720082	710554	9528	262	2584638	1819462	12756392371985012
1229396	1220086	9310	2312	8750454	8464348	12756392382328990
342334	333112	9222	533	3148242	2250918	12756392386185712
866622	857134	9488	3593	12601788	11936222	12756392400019396
1102116	1092896	9220	99	1967772	1712336	12756392403454294
1672986	1663546	9440	4288	14353442	14821250	12756392419845720
183224	173754	9470	4109	13889738	12797980	12756392434284202
930692	921258	9434	2408	9117018	8451996	12756392444695716
218494	208904	9590	3027	10807084	9592470	12756392456086872
159732	150354	9378	4985	16840584	15395178	12756392473452776
1604672	1595314	9358	678	3842440	3949788	12756392479264336
1239216	1229936	9280	2117	8179864	7890638	12756392489047856
1666102	1656734	9368	2293	8784304	8845242	12756392499872116
1124822	1115222	9600	1789	6951602	6796338	12756392508312500
698812	689394	9418	914	4451858	3749348	12756392513827426
1037828	1028238	9590	4153	13946002	13781740	12756392529175850
693562	684284	9278	1515	6145094	5541382	12756392536379686
1389102	1379704	9398	1040	4890364	4817746	12756392543025116
1556096	1546546	9550	4496	15376604	15327668	12756392560323580
1659852	1650336	9516	3415	12124688	12197336	12756392574472986
1688864	1679418	9446	4104	13834502	14287764	12756392590361466
374696	365382	9314	3390	11883000	10829138	12756392602985160
1655778	1646342	9436	3186	11447956	11498814	12756392616447376
839964	830898	9066	4864	16257582	15708648	12756392633903212
1585392	1576048	9344	3823	13356294	13337626	12756392649203166
1667222	1657870	9352	4098	13928948	14241818	12756392665156320
894208	885010	9198	155	2078668	1665892	12756392668486632
1318872	1309468	9404	3875	13355094	13226988	12756392683516686
1653462	1644052	9410	4861	16354170	16509050	12756392701883440
1541276	1531948	9328	2928	10314208	10613182	12756392714096080
1079112	1069990	9122	110	2243784	1717296	12756392717776114
1232032	1222814	9218	1900	7610416	7228666	12756392726976576
1235776	1226224	9552	4545	15523774	15149266	12756392744093796
1153520	1144210	9310	3369	11994858	11544948	12756392757599290
1663766	1654470	9296	2297	8468778	8846810	12756392768090900
395252	385872	9380	4406	15112544	13889844	12756392783953792
1503310	1493982	9328	787	4280562	4166674	12756392790095852
770066	760826	9240	3521	12224150	11619388	12756392803447216
222094	212962	9132	2005	7668238	6534054	12756392811695372
1038102	1028838	9264	1318	5667214	5293156	12756392818757616
1354720	1345394	9326	4294	14450938	14515824	12756392834921698
471688	462358	9330	824	4377216	3248930	12756392840129150
972162	963012	9150	1278	5738922	5107062	12756392847199120
499194	489856	9338	2680	9711032	8829782	12756392857766956
239202	229898	9304	1094	4864814	3823802	12756392863229406
1524802	1515486	9316	3047	10827762	10954418	12756392875938860
970970	961898	9072	162	2081822	1763904	12756392879347692
446634	437294	9340	1420	5808672	5005232	12756392885961412
1401674	1392536	9138	1616	6465828	6548056	12756392894186194
1403310	1394016	9294	4621	15752892	15553776	12756392911699348
1398196	1388988	9208	1886	7208910	7352622	12756392920663956
584724	575552	9172	4189	14202566	13433116	12756392935808686
159832	150512	9320	4642	15466462	14362236	12756392951793860
1359998	1350748	9250	2200	8247502	8254794	12756392961760228
1580802	1571568	9234	4100	13946800	14160480	12756392977645962
1649178	1639930	9248	3859	13224064	13507070	12756392992876402
198544	189430	9114	1704	6638282	5607522	12756393000072262
864690	855428	9262	4153	14059588	13603750	12756393015355760
1163838	1154400	9438	3768	12966118	12750992	12756393029844272
693552	684174	9378	2718	10047018	9139212	12756393040944586
912092	902768	9324	3756	12825446	12464136	12756393055041190
1664434	1655234	9200	1692	6726984	7037180	12756393063790532
155256	145968	9288	4481	15017432	13876352	12756393079346930
205688	196502	9186	1863	7202102	6090556	12756393087113066
1543312	1534012	9300	2575	9635454	9559506	12756393098650460
1658972	1649490	9482	1574	6361208	6678662	12756393107029522
1007794	998304	9490	4855	16452096	15847414	12756393124847636
1264714	1255648	9066	44	1704906	1707108	12756393128175272
1455618	1446370	9248	4716	16025076	15878270	12756393146015300
1662568	1653112	9456	3488	12353508	12410504	12756393160390672
1452798	1443624	9174	2537	9129938	9355918	12756393171332432
357972	347936	10036	3773	12832812	11959972	12756393184881910
557558	548374	9184	320	2521658	1823638	12756393188319862
1538482	1529192	9290	1013	4941044	4878012	12756393195157926
1149876	1140516	9360	613	3372746	3296424	12756393200039764
619970	610734	9236	4795	16267982	15280282	12756393217284754
985844	976532	9312	1000	4672638	4286546	12756393223301224
510094	500654	9440	2181	8187582	7345658	12756393232357926
1086408	1076954	9454	4979	16415232	16302978	12756393250224196
1474898	1465108	9790	1799	7065924	7173802	12756393259130616
1654934	1645652	9282	1483	6121116	6406682	12756393267271672
1670502	1661134	9368	1306	5555534	5893736	12756393274883226
510850	501422	9428	1083	4815740	4071206	12756393280574410
1666652	1657378	9274	2629	9640784	9851966	12756393292247236
421706	412432	9274	847	4096926	3272648	12756393297131766
904118	894578	9540	3437	12043566	11505498	12756393310444756
1575156	1565698	9458	2324	8733114	8845926	12756393321118076
1290414	1280962	9452	2335	8616826	8594692	12756393331389332
1665900	1656464	9436	4813	16082362	16385012	12756393349503792
638080	628320	9760	4546	15203104	14570196	12756393365709120
1160136	1150606	9530	3083	10953166	10701912	12756393378187760
1467874	1458584	9290	4348	14630832	14792114	12756393394645266
449302	440024	9278	1639	6569508	5663428	12756393402021676
429210	419940	9270	4708	16016288	14828606	12756393418824778
988512	979262	9250	3991	13520092	13244946	12756393433690146
809870	800518	9352	895	4240740	3797030	12756393439099270
1296406	1287318	9088	130	1966208	1995088	12756393442719356
814408	805236	9172	3547	12250942	11738962	12756393456142360
1443732	1434350	9382	2350	8719410	8788150	12756393466663270
1664160	1654702	9458	3611	12471552	12780704	12756393481156822
1485022	1475616	9406	3071	10739068	11000140	12756393493739520
1011022	1001650	9372	3121	10906598	10662930	12756393506015270
1652068	1642808	9260	3537	12503436	12548760	12756393520528370
448912	439804	9108	1541	6375602	5369272	12756393527711344
1433928	1424546	9382	4851	16207452	16260880	12756393545711060
157622	148380	9242	3520	12122200	11004014	12756393558348742
1096460	1087238	9222	3752	12937766	12633494	12756393572743712
498360	489014	9346	1926	7383052	6572800	12756393580983632
1452960	1443656	9304	4751	15781210	15979538	12756393598575840
1090962	1081620	9342	2108	7833138	7711190	12756393607856912
1673516	1664028	9488	3409	11770874	12183390	12756393621659150
364154	354718	9436	1582	6647252	5410428	12756393629026236
1050904	1041698	9206	1307	5476666	5270774	12756393635911356
236868	227528	9340	3269	11319112	10330334	12756393647826046
319808	310198	9610	1444	5836408	4951920	12756393654340822
902188	893102	9086	367	2757588	2309974	12756393658359056
227614	218402	9212	4526	15137902	14084678	12756393674082556
722564	713282	9282	1010	4939276	4054432	12756393680102412
1245682	1236278	9404	3218	11544022	11185426	12756393693249666
519890	510552	9338	4507	15406510	14315252	12756393709532500
1124570	1115282	9288	3592	12305868	12186766	12756393723320914
769286	760026	9260	4429	14806034	14336086	12756393739253060
901152	891660	9492	2363	8590540	8283638	12756393749102912
1082312	1073086	9226	3697	12980644	12458044	12756393763524266
631220	622062	9158	765	3850998	3229750	12756393768364600
1665892	1656502	9390	3037	10824798	11082024	12756393781212276
1407602	1398338	9264	1186	5293698	5267920	12756393788271620
1661272	1652016	9256	2722	9999716	10115908	12756393800290486
1332528	1323264	9264	2586	9654538	9383674	12756393811637026
571052	561858	9194	2562	9220994	8545774	12756393821787652
1567958	1558634	9324	3618	12386404	12706660	12756393836100058
1602242	1593166	9076	410	3140334	3136868	12756393841198246
871664	862490	9174	4858	16130648	15721322	12756393858556842
306758	297610	9148	1582	6316356	5349486	12756393865537080
389924	380678	9246	3846	13061792	12211284	12756393879345688
721028	711764	9264	3808	13312648	12428154	12756393893737476
1218418	1209324	9094	616	3366656	3371110	12756393898679332
1227458	1218232	9226	730	3880706	3722852	12756393904144400
1652228	1642936	9292	4975	16595102	16849184	12756393922751046
1234736	1225492	9244	3171	11156718	11032048	12756393935499350
1668072	1658480	9592	3263	11613638	11741966	12756393949137430
1017600	1008192	9408	3658	12670708	12274858	12756393963185090
1269828	1260452	9376	2970	10558852	10467378	12756393975372992
1254282	1244954	9328	1899	7294888	7246788	12756393984282296
331440	322234	9206	4467	15152808	14008112	12756394000125712
937420	928090	9330	4256	14396178	13984860	12756394015818970
1433862	1424592	9270	1769	6843946	7038194	12756394024456112
498382	489156	9226	4276	14360578	13605476	12756394039673346
520396	511176	9220	301	2465732	1728486	12756394043017420
1666670	1657262	9408	3424	12161864	12224342	12756394057203860
1664786	1655494	9292	2861	10254024	10536808	12756394069481836
1258050	1248786	9264	4112	13960098	13876360	12756394085078180
1667620	1658350	9270	4151	14330920	14397850	12756394101433920
1315462	1306112	9350	2256	8625818	8376922	12756394111733520
1107222	1097988	9234	4034	13624892	13489192	12756394126824970
1123090	1113898	9192	4903	16210930	16107218	12756394144516920
1664324	1655072	9252	1688	6588250	7024804	12756394153127066
1665436	1656208	9228	2109	7977814	8286822	12756394163142426
1662774	1653488	9286	1608	6736552	6793628	12756394171896986
232840	223604	9236	962	4788066	3419774	12756394177275902
550978	541814	9164	3338	11578718	10852688	12756394189784186
1228668	1219468	9200	735	3746022	3735368	12756394195115806
553316	543978	9338	1482	6012700	5295278	12756394202039476
528364	519114	9250	3071	11114032	10030116	12756394214040028
661172	651920	9252	4014	13934592	12985588	12756394228993730
1669096	1659942	9154	1443	6232878	6297882	12756394237253400
1012080	1002798	9282	1781	6925540	6651578	12756394245548242
788046	778756	9290	2561	9238680	8761404	12756394255933984
1134288	1124958	9330	2849	10439434	9968736	12756394267865780
1029142	1019842	9300	1244	5650738	5063282	12756394274901680
1274182	1264804	9378	2967	10787780	10463520	12756394287321882
515060	505890	9170	1604	6512020	5624850	12756394294706470
1243750	1234622	9128	39	1655626	1669094	12756394297964152
1214232	1204842	9390	1695	6987438	6595292	12756394306524340
1559196	1549400	9796	4374	14647886	14964504	12756394323096814
1121778	1112254	9524	3531	12177806	11997706	12756394336753006
892114	882714	9400	2513	9070792	8721584	12756394347073292
1308804	1299530	9274	2483	9097794	9047830	12756394357836448
1668950	1659488	9462	4695	15593232	16027464	12756394375456722
531128	521618	9510	2080	7975054	7064630	12756394384318228
863536	854086	9450	4985	16691154	16090232	12756394402227956
1663802	1654410	9392	4703	15616178	16047900	12756394419863260
1465254	1455880	9374	3532	12352054	12341770	12756394434036628
908316	898968	9348	2604	9461606	9004518	12756394444756956
1664568	1655194	9374	4218	14193684	14589506	12756394460965546
1186670	1177432	9238	596	3415000	3275678	12756394465916752
1660912	1651580	9332	4133	14032612	14333556	12756394481960090
866254	856724	9530	4664	15665586	15127336	12756394498841576
1200708	1191336	9372	3903	13585578	13182502	12756394513978900
740134	731018	9116	1905	7609350	6744968	12756394522676606
1110100	1100860	9240	3540	12144876	12017924	12756394536281252
1663094	1653834	9260	4592	15470376	15709282	12756394553777072
384626	375292	9334	4918	16617882	15403622	12756394571129390
0	0	0	0	0	0	0
962646	953502	9144	856	4287388	3826674	12756394584110086
625748	616628	9120	3235	11197872	10610502	12756394596301466
275166	266058	9108	553	3384796	2233638	12756394600329536
638170	628932	9238	3179	11244144	10455610	12756394612562330
405874	396638	9236	4849	16050280	15219916	12756394629368636
505178	495936	9242	4083	13730236	13026568	12756394643953636
0	0	0	0	0	0	0
1173054	1163680	9374	3894	13571462	13129644	12756394675179072
1663014	1653714	9300	1731	6999656	7145828	12756394684192786
1021256	1011988	9268	2542	9318274	8933588	12756394694882156
1310986	1301848	9138	1197	5485632	5193954	12756394702028698
1648694	1639108	9586	4572	15348448	15634656	12756394719375028
0	0	0	0	0	0	0
530770	521518	9252	1616	6454278	5670926	12756394744424128
1560856	1551578	9278	2907	10507970	10563368	12756394756842186
438634	429308	9326	2035	7624556	6831908	12756394765255426
690068	680940	9128	251	2554758	1742194	12756394768849858
347466	338000	9466	4439	14938402	13935734	12756394784486428
1515674	1506206	9468	4084	13949838	14038432	12756394800301866
1421064	1411858	9206	3836	13032990	13201876	12756394815105988
0	0	0	0	0	0	0
209552	200402	9150	2724	9826784	8664062	12756394833925936
418286	408968	9318	2228	8368794	7406228	12756394843062486
695420	686062	9358	4334	14738194	13966890	12756394858845850
851210	841952	9258	220	2219096	1812742	12756394862267000
1308934	1299612	9322	2469	9209632	8999728	12756394873137012
797384	787994	9390	4381	14653502	14210278	12756394888936742
1664348	1655028	9320	3324	11857834	11916416	12756394902807916
1566334	1557074	9260	1701	6686062	6958224	12756394911410252
1597410	1588132	9278	2389	8694240	9051154	12756394922051202
886098	876844	9254	1254	5659606	4941002	12756394928947816
1445078	1435700	9378	1146	5306160	5177930	12756394936049280
220528	211148	9380	1524	6175482	5085112	12756394942794926
1354798	1345330	9468	2838	10037098	10153018	12756394954536012
1147548	1137968	9580	757	4083762	3721388	12756394960123106
826026	816756	9270	1387	5720330	5285178	12756394967026440
822654	813134	9520	1916	7647664	6864438	12756394975852172
1225242	1215926	9316	778	3879620	3861204	12756394981312746
1334870	1325476	9394	3625	12428074	12490800	12756394995432094
972552	963294	9258	1366	5699298	5369176	12756395002459294
1209058	1199598	9460	4116	14124162	13834116	12756395018148120
1319006	1309540	9466	3541	12510734	12222182	12756395032333780
1399586	1390128	9458	2343	8704178	8719158	12756395042793720
865338	856158	9180	138	2330142	1584494	12756395046344756
1483548	1474154	9394	3398	11997144	11959722	12756395060179622
1651696	1642338	9358	577	3637952	3685520	12756395065824840
1177502	1168178	9324	4330	14487406	14443022	12756395081847480
962122	952242	9880	1997	7731818	7241046	12756395090898136
854616	845302	9314	751	3940044	3407406	12756395096049256
430198	421214	8984	304	2820472	1645608	12756395099656236
1428956	1419550	9406	1683	6709298	6773736	12756395108149270
1294030	1284784	9246	24	1971092	1673504	12756395111770414
213318	203648	9670	4052	13740244	12646764	12756395126079178
1657738	1648398	9340	1074	5126408	5176278	12756395133219136
796600	787250	9350	192	2286944	1696140	12756395136658774
188852	179542	9310	1046	4788354	3628116	12756395141991946
1370018	1360612	9406	1820	7365542	7123238	12756395151083356
934936	925626	9310	1357	5971346	5303770	12756395158346014
524752	515324	9428	503	3149828	2337676	12756395162377356
545930	536486	9444	3001	10860508	9833746	12756395174139748
205214	195734	9480	4432	15174570	13774134	12756395189873884
551292	541874	9418	3206	11208844	10452942	12756395201990972
213880	204702	9178	901	4594756	3218970	12756395207155440
1249024	1239656	9368	4711	16007738	15653890	12756395224767454
1666520	1657062	9458	1660	6578688	6940200	12756395233370470
1220880	1211362	9518	689	3651384	3590530	12756395238599450
1199156	1189780	9376	3718	12761334	12632460	12756395252916650
159598	150078	9520	4450	15032050	13792076	12756395268463836
592766	583328	9438	3635	12554624	11778766	12756395281967036
1657034	1647720	9314	1159	5012460	5431136	12756395288993134
267898	258416	9482	4807	16141242	14964462	12756395305758916
956442	947162	9280	4644	15492618	15161782	12756395322564296
677310	668052	9258	339	2625354	1999586	12756395326223830
796870	787472	9398	3398	11799828	11273340	12756395339176954
1686426	1677062	9364	1625	6782168	6858298	12756395348000740
1659632	1650222	9410	3388	11684022	12107006	12756395361699436
1651920	1642348	9572	2588	9538172	9703756	12756395373247320
673182	663496	9686	4440	15024800	14269432	12756395389301160
1287962	1278416	9546	2426	9036432	8855186	12756395399981056
1125720	1116226	9494	1390	6075478	5591796	12756395407537534
1361762	1352378	9384	517	3228328	3216598	12756395412484456
830422	820964	9458	3612	12378668	11946978	12756395426049702
1513662	1504248	9414	3997	13886534	13783718	12756395441805126
1463756	1454460	9296	1515	6262264	6303196	12756395449886974
1520416	1511012	9404	4807	15994904	16214002	12756395467757400
678552	669124	9428	2226	8244360	7647482	12756395477037552
631968	622508	9460	2777	10219068	9249882	12756395488244312
897612	888282	9330	1518	6332888	5749916	12756395495830626
413186	403696	9490	4911	16353278	15416426	12756395512953480
1403134	1393748	9386	1246	5321572	5438078	12756395520033912
1077326	1067932	9394	3597	12683190	12147226	12756395534151956
1571422	1562066	9356	3397	12077224	12044376	12756395548155946
240844	231496	9348	1898	7351184	6227204	12756395556103354
374462	364848	9614	3990	13712042	12623282	12756395570546086
1387820	1378458	9362	1573	6613704	6400766	12756395578904040
1074980	1065740	9240	2998	10551870	10355786	12756395590886040
902876	893580	9296	4025	13628938	13257692	12756395605774250
1057018	1047738	9280	903	4265430	4066078	12756395611453292
705356	695898	9458	4058	13827658	13158906	12756395626341466
1326648	1317450	9198	2849	10199792	10159462	12756395638225112
930660	921380	9280	2038	7869062	7337934	12756395647382464
621426	611918	9508	2576	9492410	8640286	12756395657853720
1588286	1578930	9356	1794	7104478	7263890	12756395666901370
396882	387396	9486	3309	11716448	10606256	12756395679369576
1668748	1659466	9282	1021	4671958	5029328	12756395686067566
1319990	1310710	9280	2521	9248606	9172744	12756395696993068
1448552	1439094	9458	256	2636844	2521182	12756395701434376
462572	453326	9246	1647	6629678	5697366	12756395708882506
834146	824780	9366	3051	10946894	10271146	12756395721019200
1026562	1017088	9474	82	2155458	1577510	12756395724557640
833382	823990	9392	3606	12333692	11932162	12756395738080920
1023690	1014310	9380	1823	7378254	6786942	12756395746839960
1652610	1643298	9312	2797	9936390	10330302	12756395758785000
1652120	1642802	9318	2847	10032518	10477094	12756395770825054
683978	674598	9380	4533	15139310	14557546	12756395787003208
997768	988396	9372	2314	8543296	8228282	12756395796900286
1097052	1087828	9224	1416	5781998	5642830	12756395804134610
1011708	1002182	9526	4815	16328594	15729968	12756395821830186
1477360	1468006	9354	1925	7327594	7545462	12756395830990200
1099462	1090244	9218	804	3973154	3815284	12756395836418566
344530	335248	9282	3314	11602938	10567578	12756395848721668
278446	269116	9330	3590	12366098	11327990	12756395861722630
1664532	1655174	9358	4213	14273098	14580726	12756395878016276
1671648	1662258	9390	4843	16194974	16474858	12756395896238226
956422	947118	9304	2107	7828292	7568390	12756395905378680
1600426	1591282	9144	466	3035608	3300802	12756395910371400
1441410	1432238	9172	165	2240354	2242862	12756395914408440
1662462	1653006	9456	3640	12614728	12865158	12756395929040280
250514	241294	9220	929	4555274	3334104	12756395934200764
167346	158042	9304	4618	15626810	14295410	12756395950351080
1660672	1651332	9340	3585	12421444	12695118	12756395964788802
956192	947018	9174	169	2119016	1768570	12756395968220492
395132	385846	9286	887	4224592	3358308	12756395973196226
1657190	1647880	9310	3960	13478894	13817210	12756395988689640
906538	897256	9282	1222	5336862	4869668	12756395995289536
728336	719006	9330	256	2541910	1801400	12756395998915270
452876	443582	9294	2861	10474762	9323070	12756396010198450
1670306	1661002	9304	1736	6972794	7171550	12756396019197460
595258	585914	9344	747	3790974	3158118	12756396023940596
1203670	1194112	9558	4831	16372564	15971090	12756396041871960
926946	917568	9378	3066	11089254	10411182	12756396054243240
740436	731068	9368	3173	11080420	10541786	12756396066420380
871822	862486	9336	840	4164432	3693040	12756396071813360
1652598	1643234	9364	3440	12007744	12253582	12756396085828772
1590082	1580728	9354	639	3476496	3807080	12756396091252200
1000732	991338	9394	4969	16595112	16179368	12756396109203906
1673412	1664066	9346	2874	10416928	10581136	12756396121650626
443284	433018	10266	2794	9939274	9111292	12756396132389202
1666382	1657116	9266	1947	7577158	7800996	12756396141989446
983408	973966	9442	3675	12613758	12290292	12756396155941786
640952	631582	9370	2683	9943914	8976806	12756396166882536
519286	509792	9494	2129	7953090	7198646	12756396175709676
157762	148408	9354	1178	5098814	3992532	12756396181322002
1353928	1344522	9406	4357	14794752	14701964	12756396197826866
602352	593002	9350	2768	9962652	9193948	12756396208747606
1314182	1304684	9498	1728	6739942	6791542	12756396217157176
768506	759180	9326	1345	5533204	5098578	12756396223815460
838636	829282	9354	2397	8737528	8319396	12756396233747160
388394	379086	9308	4420	14810988	13923578	12756396249302968
1370026	1360692	9334	4668	15719774	15645656	12756396266748646
1429952	1420658	9294	2509	9047792	9244906	12756396277582936
1381622	1372294	9328	2084	7775158	7925134	12756396287094016
1481018	1471760	9258	1008	4927958	4804054	12756396293858572
1656858	1647512	9346	989	4879948	4922974	12756396300750512
806280	796900	9380	2209	8360524	7723386	12756396310273300
1675862	1666604	9258	2132	7894414	8362022	12756396320199452
1534392	1525184	9208	529	3493540	3424042	12756396325600872
881286	871946	9340	1889	7308022	6842160	12756396334144930
1604338	1595124	9214	480	3081110	3346926	12756396339186796
1294820	1285300	9520	1836	7386220	7094556	12756396348224040
774056	764670	9386	3609	12691398	11879422	12756396362045350
1086472	1077132	9340	3931	13646138	13159228	12756396377133742
154308	144894	9414	997	4887342	3440592	12756396382531526
1313390	1304144	9246	83	1813852	1866916	12756396386016094
616892	607438	9454	1970	7805538	6819652	12756396394795096
578302	568848	9454	897	4216974	3568792	12756396399946226
1512256	1502950	9306	3170	11097728	11306676	12756396412911720
1574116	1564662	9454	4614	15718684	15688576	12756396430559886
1361972	1352588	9384	4075	13754386	13863744	12756396446030506
654318	644930	9388	1936	7704978	6756562	12756396454744532
1135316	1125996	9320	3810	12959190	12844496	12756396469196446
1098068	1088718	9350	4699	15625952	15475096	12756396486284606
450634	441262	9372	2703	9640062	8866470	12756396496740852
1602816	1593466	9350	571	3279384	3626916	12756396501987360
815296	806038	9258	2121	8099788	7478188	12756396511267896
933276	923958	9318	204	2127214	1856406	12756396514693076
1569806	1560486	9320	653	3601870	3839764	12756396520228966
1668118	1658590	9528	4899	16375468	16645792	12756396538637832
988086	978872	9214	1951	7354944	7141446	12756396547346620
180064	170660	9404	1533	6104664	5084306	12756396553996864
666168	656896	9272	875	4535806	3596946	12756396559561946
1192376	1182946	9430	1820	7051848	6955080	12756396568186990
1664584	1655208	9376	1624	6644998	6841806	12756396576859768
1137614	1128284	9330	4226	14221798	14099958	12756396592584208
874622	865284	9338	2530	9137504	8762254	12756396602961046
529492	520262	9230	287	2731518	1703646	12756396606587506
1653386	1644000	9386	2017	7898304	8004960	12756396616504510
301832	292438	9394	4637	15600980	14494664	12756396632772132
770790	761374	9416	3099	10870076	10359978	12756396644778808
736972	727626	9346	3072	10784082	10246586	12756396656665690
1560222	1550854	9368	4460	15107174	15224166	12756396673698496
1356016	1346698	9318	2320	8486504	8615594	12756396683906636
762610	753160	9450	3691	12878266	12121662	12756396697912680
814078	804658	9420	3515	12441202	11648672	12756396711533972
1464954	1455534	9420	1689	6710618	6835190	12756396720074132
1662770	1653386	9384	4036	13685874	14057620	12756396735787144
505876	496458	9418	3330	11714512	10787216	12756396748373650
1406616	1397236	9380	3527	12088358	12277046	12756396762233716
1069118	1059754	9364	4512	15101858	14887314	12756396778770172
656806	647372	9434	4272	14338634	13755208	12756396794130436
462022	452456	9566	2431	9191028	8051696	12756396804147486
1489676	1480292	9384	1271	5554568	5608208	12756396811555970
483638	474366	9272	270	2353542	1606826	12756396814758016
1218762	1209486	9276	1835	7142612	7023224	12756396823484226
1475940	1466480	9460	2272	8353530	8592916	12756396833677850
659502	650042	9460	1381	5671098	5106916	12756396840373556
527192	517816	9376	2583	9267508	8570916	12756396850533826
961768	952390	9378	4192	14095858	13821840	12756396865956928
957902	948418	9484	4268	14694706	14048162	12756396881974036
1197626	1188020	9606	2526	9366744	9072440	12756396892904400
1192164	1182792	9372	4175	14422482	14009434	12756396908884062
970946	961676	9270	1343	5883018	5303246	12756396916103230
964216	954886	9330	2034	7642952	7367238	12756396925075200
557242	547808	9434	894	4313170	3547446	12756396930309840
588936	579508	9428	3835	13401910	12379872	12756396944665606
1650296	1640942	9354	1528	6106568	6539346	12756396952787260
1311596	1302156	9440	3525	12076060	12177226	12756396966539110
1661642	1652258	9384	2292	8384062	8837632	12756396976966276
191432	182034	9398	421	3175458	1764728	12756396980697766
695990	686686	9304	1282	5385358	4848702	12756396987143224
483154	473810	9344	1609	6564818	5614750	12756396994556248
163856	154254	9602	4497	15008078	13937784	12756397010093374
1672026	1662638	9388	1542	6534848	6602200	12756397018664830
1122538	1113260	9278	1225	5302018	5106374	12756397025453972
420590	411144	9446	3580	12259922	11449758	12756397038498448
560162	550896	9266	371	2752054	1986622	12756397042190626
961022	951636	9386	2230	8259402	7949242	12756397051776646
1501006	1491794	9212	2381	8676344	8943758	12756397062318896
860902	851678	9224	2057	7824744	7331982	12756397071381786
510592	501298	9294	3524	12284468	11370696	12756397084541530
480302	470842	9460	2149	7943374	7224672	12756397093331266
1333146	1323768	9378	4944	16313524	16444994	12756397111342436
423074	413708	9366	3449	12090158	11060930	12756397124220688
1417358	1407822	9536	4539	15499814	15315808	12756397141502352
1045698	1036616	9082	192	2110652	1929352	12756397145018416
725998	716632	9366	2481	9338976	8460948	12756397155443286
936032	926828	9204	4389	14671876	14380702	12756397171410960
882434	873274	9160	2949	10361354	10017854	12756397183014752
1663866	1654514	9352	3720	12953920	13107638	12756397197991528
577438	568070	9368	4840	16414878	15373242	12756397215341312
1598916	1589702	9214	701	3755422	4007772	12756397221055680
1532588	1523328	9260	4793	15973370	16188558	12756397238919850
579664	570380	9284	2731	9899714	9062292	12756397249755964
883468	874174	9294	3654	12496204	12131320	12756397263494938
565626	556326	9300	3423	11919904	11119222	12756397276339976
1159334	1150000	9334	3618	12495310	12297218	12756397290353818
835928	826840	9088	937	4469642	3950628	12756397296019232
1643726	1634472	9254	2350	8773358	8988076	12756397306796330
1606212	1597100	9112	523	3096786	3481932	12756397311858730
1208042	1198840	9202	45	1758082	1652232	12756397315183760
220124	210956	9168	445	3193888	1861576	12756397318957594
161036	151894	9142	445	3244888	1801816	12756397322723446
604762	595372	9390	4271	14371034	13701186	12756397338062916
1082046	1072620	9426	4308	14820334	14288202	12756397354330680
1516628	1507238	9390	4659	15732674	15774422	12756397371944546
1445502	1436194	9308	598	3473942	3558672	12756397377221764
1451124	1441914	9210	2719	9883698	9898120	12756397388914618
1115860	1106632	9228	2527	9278606	8987068	12756397399668082
325952	316712	9240	2390	8692884	7787744	12756397409045072
1313058	1303728	9330	1682	6956584	6656430	12756397417673030
660382	651122	9260	1631	6419524	5851732	12756397425110262
1009252	1000200	9052	128	2049518	1701794	12756397428526812
1443862	1434516	9346	4569	15439756	15428690	12756397445766620
1110040	1100960	9080	126	2083502	1797772	12756397449317582
1601394	1592328	9066	87	1953766	2170356	12756397453229786
184214	175016	9198	3824	13101700	11936610	12756397466872894
1368406	1359158	9248	3739	13100094	12867362	12756397481698796
1662326	1653166	9160	3153	11100060	11406716	12756397494820246
717712	708642	9070	318	2495854	1979808	12756397498391922
1036758	1027406	9352	2058	8012022	7505038	12756397507800496
1536632	1527328	9304	3238	11227148	11538712	12756397520924432
463006	453878	9128	312	2733526	1706238	12756397524480816
478684	469358	9326	3157	10970680	10238196	12756397536288506
1569824	1560582	9242	3223	11354352	11524442	12756397549572762
635770	626700	9070	243	2542768	1673248	12756397553110152
1522896	1513832	9064	467	3313308	3231358	12756397558319056
1375246	1365932	9314	4652	15497478	15606322	12756397575551120
200196	190910	9286	4695	15639598	14569816	12756397591749950
1202044	1192886	9158	762	3863296	3790774	12756397597175246
1662806	1653448	9358	963	4460456	4856224	12756397603657796
347436	338246	9190	400	2933538	1855128	12756397607298688
1044290	1034988	9302	3189	11456860	10896224	12756397620158682
155518	146176	9342	4682	15641662	14476762	12756397636314486
753046	743560	9486	1819	7079042	6507762	12756397644504960
631694	622458	9236	895	4214822	3620622	12756397649711012
360376	351210	9166	320	2693642	1629880	12756397653124000
707282	697956	9326	3966	13481982	12887502	12756397667672186
1082862	1073668	9194	714	3856012	3528476	12756397672971160
1666748	1657542	9206	2764	10183362	10249494	12756397685200386
214668	205524	9144	1471	6312328	4926650	12756397692086582
1668260	1659042	9218	1798	7005216	7358230	12756397701118200
300700	291404	9296	3201	11288140	10192574	12756397713066032
811742	802432	9310	1900	7607232	6808358	12756397721843540
682068	672782	9286	4672	15691342	14975076	12756397738575850
818490	809316	9174	153	2146426	1587496	12756397741899748
189546	180218	9328	3198	11130658	10069650	12756397753577570
1154064	1144804	9260	588	3427540	3225138	12756397758516736
1292270	1282794	9476	2721	9782582	9745180	12756397769950138
417078	407896	9182	1103	5223614	4030312	12756397775949636
1193338	1183974	9364	2384	9053082	8636608	12756397786554672
1088148	1078772	9376	2908	10371462	10104964	12756397798379206
789000	779782	9218	372	2794868	2217382	12756397802327000
1264856	1255486	9370	3139	11314478	10974512	12756397815271270
180422	171016	9406	1263	5325378	4275276	12756397821142336
1237274	1227896	9378	2561	9275448	9215240	12756397832018908
165392	156126	9266	1519	6463734	5021532	12756397839012926
1228352	1218894	9458	1868	7533298	7133298	12756397848138796
1334056	1324616	9440	3472	12318538	12038184	12756397862155534
310080	300328	9752	4907	16604620	15312466	12756397879436160
180158	170748	9410	4167	14252622	12967926	12756397894234796
1239522	1230198	9324	951	4522762	4401682	12756397900361160
1669972	1660682	9290	1851	7288914	7523234	12756397909704426
598806	589488	9318	1590	6408244	5675332	12756397917076306
1223126	1213906	9220	589	3591168	3301114	12756397922255824
899422	890036	9386	195	2549418	1806476	12756397926068346
377592	368312	9280	2721	9707164	8834898	12756397936518462
616398	607116	9282	2067	7967562	7118516	12756397945466616
1145026	1135648	9378	2388	8810850	8607796	12756397955788026
1087708	1078314	9394	4887	16543098	16029608	12756397973783946
156992	147670	9322	4998	16609950	15428544	12756397990915402
262414	253108	9306	1048	4722982	3714032	12756397996264436
523838	514672	9166	388	2848298	2000862	12756398000021512
320270	310660	9610	4060	13691960	12785602	12756398014399460
1219022	1209804	9218	918	4520294	4281352	12756398020502836
1530016	1520648	9368	3950	13447064	13667576	12756398035844206
206716	197392	9324	3299	11432128	10392278	12756398047848226
366656	357288	9368	2518	9107234	8216186	12756398057687266
296086	286904	9182	1972	7646474	6512776	12756398065993846
1338882	1329506	9376	2965	10435026	10527986	12756398078131320
581966	572612	9354	4362	14995210	13973070	12756398094074860
628892	619508	9384	4345	14981558	13945332	12756398110049986
687924	678710	9214	252	2418502	1756006	12756398113520968
643938	634598	9340	2260	8371708	7719154	12756398122901612
662292	652918	9374	3056	10708138	10123596	12756398134637226
1028992	1019660	9332	1249	5413400	5082022	12756398141444612
1699292	1689992	9300	3482	12329400	12436372	12756398155837412
1601634	1592386	9248	578	3291270	3646812	12756398161097014
761092	751732	9360	3726	12711322	12225718	12756398174933706
571088	561796	9292	432	3226212	2179476	12756398179095346
347398	338152	9246	1476	6049862	5078478	12756398185857132
558596	549096	9500	1578	6294410	5597016	12756398193074686
1137860	1128496	9364	2249	8659324	8183412	12756398203237270
1139692	1130402	9290	4532	15202724	15014954	12756398219945482
1245054	1235846	9208	38	2030752	1671194	12756398223585508
1580856	1571598	9258	701	3608844	3994346	12756398229158856
1437430	1428058	9372	2883	10399848	10382172	12756398241361150
1001282	991962	9320	3978	13513364	13221096	12756398256239686
312832	303444	9388	3495	12159104	11086514	12756398269076276
1671358	1661860	9498	3730	12942682	13146972	12756398284055480
1275416	1266086	9330	4538	15165494	15172306	12756398300859716
1676466	1667202	9264	1181	5276104	5525622	12756398308177340
487952	478726	9226	2714	9768022	8926828	12756398318798866
859456	849954	9502	1225	5289704	4843092	12756398325311806
895078	885628	9450	2628	9457408	9075494	12756398336029092
645512	636168	9344	4001	13896004	12936396	12756398350935586
1491638	1482354	9284	1268	5367398	5600498	12756398358159652
278462	269198	9264	1116	4962478	3931442	12756398363764306
1665394	1656048	9346	4282	14485312	14793338	12756398380280352
1603908	1594748	9160	493	3208278	3397488	12756398385456426
203928	194658	9270	556	3383978	2183272	12756398389407816
1569242	1559814	9428	4864	16137354	16441532	12756398407479526
635130	625698	9432	3641	12540050	11846730	12756398421019080
546118	536736	9382	3694	12974500	11916310	12756398434903930
993022	983366	9656	3797	12933672	12673640	12756398449196040
287068	277564	9504	360	2778130	1692178	12756398452626246
163300	154000	9300	3414	11831530	10695194	12756398464985892
606868	597470	9398	2952	10399462	9756640	12756398476356580
1116068	1106610	9458	4922	16311882	16160174	12756398494149792
1371208	1361934	9274	998	4633986	4670382	12756398500519412
917868	908642	9226	2081	8002458	7461232	12756398509804966
1037508	1028196	9312	121	1988260	1715576	12756398513195848
989738	980460	9278	741	4164524	3523648	12756398518714942
598176	588822	9354	2532	9199410	8491476	12756398528876386
170774	161362	9412	1722	7052292	5640204	12756398536463972
1342298	1333012	9286	58	1745168	1831542	12756398539916102
963646	954178	9468	1754	7167656	6527018	12756398548411378
1342632	1333352	9280	2074	7973060	7863522	12756398558092272
1279512	1270092	9420	2597	9692420	9368628	12756398569429152
573342	563938	9404	2080	7742098	7113194	12756398578108782
406344	397004	9340	1836	7058472	6218218	12756398585938756
1389048	1379706	9342	130	2326158	2094330	12756398590019188
913102	903624	9478	2069	7879686	7419814	12756398599177354
781078	771540	9538	2678	9649272	9111512	12756398609972450
173026	163650	9376	4911	16633952	15186162	12756398627145244
1530944	1521550	9394	1080	5144350	5071456	12756398634177724
954346	945008	9338	967	4664030	4153594	12756398640152566
412922	403386	9536	2463	9255122	8090888	12756398650176146
156960	147590	9370	1022	4698862	3524216	12756398655388228
1669024	1659686	9338	3603	12362330	12759374	12756398669775696
1477342	1467960	9382	1355	5567738	5841860	12756398677177080
1188980	1179570	9410	3710	12625748	12599472	12756398691347420
1666208	1656764	9444	4999	16685960	16937480	12756398710054408
540514	531204	9310	3502	12024310	11330226	12756398722974394
895922	886722	9200	163	2413480	1692268	12756398726639992
1675502	1666222	9280	2809	9935748	10391606	12756398738607120
481812	472378	9434	1627	6591604	5658952	12756398746035932
927212	917816	9396	2610	9610530	9043970	12756398756929560
844956	835574	9382	3908	13587984	12848596	12756398771719054
639160	630162	8998	288	2409026	1817060	12756398775123532
634838	625410	9428	3458	12043604	11292810	12756398788158442
385574	376394	9180	299	2686400	1587436	12756398791587454
454796	445502	9294	986	4714240	3714328	12756398797112746
348276	338896	9380	2761	9831670	8920928	12756398807649036
417578	408298	9280	3415	11835378	10944040	12756398820258622
1173732	1164436	9296	1169	5278742	4989568	12756398827066416
1212500	1203262	9238	2529	9223604	9088940	12756398837858690
1664986	1655724	9262	2766	9921168	10251244	12756398849800866
1657368	1648082	9286	3818	12972698	13389808	12756398864787746
1654646	1645220	9426	1750	6984532	7199408	12756398873781670
160196	150846	9350	2372	8746564	7566192	12756398883043786
1354686	1345436	9250	1229	5424294	5339264	12756398890179184
296312	286754	9558	4289	14457528	13439676	12756398905288426
1498818	1489404	9414	3973	13672858	13696952	12756398920814982
1169732	1160378	9354	3125	10905556	10825688	12756398933244736
676422	667198	9224	1993	7875324	6946778	12756398942152046
1539146	1529776	9370	1045	5037298	4973736	12756398949084370
1450822	1441438	9384	4853	16214668	16279138	12756398967106176
270294	261100	9194	533	3508636	2170584	12756398971240992
1150602	1141430	9172	615	3599838	3298730	12756398976347280
552374	542992	9382	392	2923490	2032950	12756398980178584
1249136	1239816	9320	1915	7454522	7285718	12756398989237570
252016	242392	9624	3939	13466978	12346956	12756399003312670
995338	986028	9310	2399	8718502	8482446	12756399013381916
1614136	1604742	9394	503	3040348	3427670	12756399018391320
862358	853150	9208	766	4203678	3462738	12756399023813852
533542	524174	9368	256	2352132	1607528	12756399027055606
652970	643714	9256	2662	9570678	8923480	12756399037635244
332248	322912	9336	4682	15541998	14651842	12756399053886192
1435638	1426246	9392	2947	10693342	10563906	12756399066371676
716210	706880	9330	3937	13650814	12804900	12756399081095570
1668872	1659448	9424	1218	5562688	5619516	12756399088683526
198216	188954	9262	367	2638158	1601652	12756399091875816
1663316	1654020	9296	4643	15430168	15865152	12756399109326010
1518682	1509246	9436	3985	13548448	13753746	12756399124855200
1396916	1387652	9264	1715	7039538	6836126	12756399133646300
1657796	1648506	9290	948	4392498	4803088	12756399140051666
1353712	1344368	9344	1741	7121678	6870178	12756399148881932
567682	558276	9406	3084	11144164	10105842	12756399160950396
1554210	1544922	9288	1612	6734614	6683210	12756399169595780
1070116	1060800	9316	82	1822728	1622600	12756399172843800
170764	161586	9178	541	3155272	2095244	12756399176526658
1356384	1347056	9328	1064	4973922	4846726	12756399183213214
1352140	1342828	9312	1438	6050974	5960488	12756399190972560
1229452	1220086	9366	4076	14105694	13732272	12756399206664346
666760	657498	9262	224	2248880	1640750	12756399209935560
482522	473344	9178	447	3310718	2126246	12756399214085116
892326	883102	9224	757	4021172	3463096	12756399219355326
638128	628780	9348	4618	15547846	14765912	12756399235897362
151322	142092	9230	436	3219632	1763890	12756399239624540
175728	166252	9476	3427	12168340	10739140	12756399252323912
1134598	1125310	9288	270	2445608	2251062	12756399256260772
224968	215668	9300	3861	13270292	12085436	12756399270112146
1190656	1181332	9324	2504	9314472	8993446	12756399280972316
646182	636952	9230	748	4153088	3190232	12756399286126336
237714	228308	9406	979	4538854	3474084	12756399291257732
183456	174268	9188	2357	8747714	7546838	12756399300544396
1348462	1339130	9332	43	1957312	1780532	12756399304205400
1085186	1075832	9354	4633	15578954	15258930	12756399321226200
1085388	1076030	9358	2468	9132418	8778342	12756399331800332
1501322	1492198	9124	1151	5011478	5251808	12756399338668936
606066	596778	9288	3447	11845040	11227964	12756399351475226
730564	692618	37946	3099	10991378	10311502	12756399363553372
920360	910880	9480	1272	5344782	5032732	12756399370228862
539660	530136	9524	4199	14110614	13411430	12756399385234680
898508	889156	9352	1753	6891646	6451136	12756399393381046
741738	732210	9528	3094	10878718	10307750	12756399405357452
1136294	1126854	9440	2978	10619272	10356942	12756399417469276
1470392	1460988	9404	4698	15581530	15835896	12756399434877886
768860	759430	9430	3538	12292936	11665974	12756399448296844
1531458	1522102	9356	1790	7015864	7196212	12756399457200152
937574	928356	9218	184	2344760	1794900	12756399460838254
1069528	1060124	9404	2449	8978198	8704636	12756399471241826
745596	736212	9384	4167	14012394	13523340	12756399486355370
1242276	1232842	9434	2790	10178514	9897902	12756399498132256
1374854	1365712	9142	8	1713678	1704342	12756399501576812
847136	837892	9244	345	2562278	2186912	12756399505342150
1070432	1061048	9384	2434	8876914	8663702	12756399515645536
157900	148362	9538	1518	6053360	5009156	12756399522212240
154954	145556	9398	3876	13206024	12061218	12756399535928818
1600386	1591068	9318	475	2934028	3330012	12756399540819026
1603306	1594056	9250	628	3793528	3791076	12756399546571320
164908	155448	9460	3792	13022794	11820064	12756399560115442
1660978	1651514	9464	2114	8236932	8294702	12756399570368756
860734	851324	9410	2550	9242504	8797742	12756399580827772
994238	984984	9254	138	1979782	1715278	12756399584157736
1139264	1129776	9488	4150	14329670	13867046	12756399599982574
409282	399714	9568	2659	9655178	8675882	12756399610404156
922702	913218	9484	1973	7510834	7133586	12756399619192996
948886	939340	9546	3768	12924502	12531038	12756399633423480
1671250	1661710	9540	4173	14039552	14466250	12756399649490428
390086	380782	9304	2066	7915880	6882606	12756399658151686
959420	950010	9410	157	2111248	1736166	12756399661579320
495106	485596	9510	3739	12946238	11990316	12756399675376200
1212660	1203232	9428	2993	10541612	10476294	12756399687487654
1352168	1342706	9462	728	3831130	3834078	12756399693026368
730348	721094	9254	183	2241738	1582900	12756399696355282
1434538	1425002	9536	4562	15308872	15393966	12756399713454600
1663838	1654386	9452	1618	6491672	6810728	12756399721965256
470416	461086	9330	970	4469702	3678996	12756399727260394
171388	161906	9482	4618	15401654	14299762	12756399743188966
199572	190168	9404	358	2992284	1576430	12756399746736812
1019278	1009974	9304	1157	4974964	4788542	12756399753087372
606012	596598	9414	3241	11273598	10614146	12756399765322076
1652036	1642606	9430	4692	15654262	16002896	12756399782984734
200720	191500	9220	411	2816474	1738860	12756399786357994
246282	237042	9240	546	3178442	2187122	12756399790138700
1662416	1653012	9404	3644	12761622	12887706	12756399804918100
871920	862510	9410	4623	15733174	15016386	12756399821878560
1340686	1331196	9490	2433	9029100	8927568	12756399832604046
651780	642230	9550	3730	12711294	12122740	12756399846322984
1662742	1653270	9472	3606	12512728	12761582	12756399860855880
1047886	1038422	9464	3548	12371478	11974130	12756399874630920
232214	222704	9510	901	4321698	3233982	12756399879540652
1125396	1116126	9270	193	2320542	2010730	12756399883342920
419826	410408	9418	897	4268620	3410232	12756399888386806
1142718	1133454	9264	687	3807134	3504848	12756399893691812
157840	148456	9384	4937	16685864	15241610	12756399910891800
535262	525808	9454	895	4332154	3519728	12756399916114726
1351246	1341666	9580	4204	14211190	14237796	12756399932032920
1074910	1065466	9444	1193	5484998	4951584	12756399938948494
1670772	1661312	9460	1157	5383818	5440992	12756399946359226
1580062	1570560	9502	1775	6938666	7197500	12756399955232280
155284	145790	9494	3359	11941810	10515260	12756399967685554
795866	786082	9784	2438	8814728	8399220	12756399977652070
536048	526776	9272	912	4382144	3572506	12756399982926088
1344362	1334754	9608	3817	13338438	13074636	12756399997965706
1341592	1332310	9282	1772	7215802	6952440	12756400006878790
383492	374066	9426	834	4410368	3187516	12756400012029266
1435408	1425964	9444	2446	9209068	9063632	12756400023029592
337628	328234	9394	3018	10951644	9677892	12756400034675572
1223432	1214036	9396	1080	4963452	4762776	12756400041218036
429158	419740	9418	326	2508994	1709722	12756400044512012
1655338	1646080	9258	2323	8542664	8912114	12756400055067042
846588	837194	9394	168	2412704	1655422	12756400058681852
755128	745752	9376	2089	7856906	7313880	12756400067649910
1585000	1575648	9352	2884	10303384	10524892	12756400079894710
423662	414302	9360	2153	8347688	7173366	12756400089022966
1658232	1648814	9418	2873	10202046	10563172	12756400101238486
226902	217574	9328	4577	15294160	14232182	12756400117115172
972790	963356	9434	2046	7810280	7402620	12756400126253210
1659262	1649842	9420	3282	11618642	11787682	12756400139886892
678316	668894	9422	2183	8451426	7519774	12756400149372236
353976	344466	9510	1024	4806742	3743024	12756400154889986
1658372	1648972	9400	3381	12040418	12084116	12756400168944190
613100	603706	9394	2619	9439504	8758080	12756400179352690
557710	548320	9390	2207	8215782	7469882	12756400188482524
175396	166114	9282	2764	9952698	8753888	12756400198964466
1233086	1223686	9400	1235	5613538	5237880	12756400206178630
1252956	1243568	9388	4500	15099818	15026370	12756400222886930
1217810	1208544	9266	2002	7518302	7517660	12756400232001064
716102	706734	9368	758	4178138	3292132	12756400237251736
1599032	1589750	9282	1917	7310734	7643100	12756400246517770
1650536	1640686	9850	4866	16373264	16521786	12756400264897816
320502	311152	9350	1565	6336900	5311132	12756400271912072
814618	805314	9304	2710	10025828	9229790	12756400283108792
407578	398178	9400	3802	13290098	12092686	12756400297163436
208746	199336	9410	3889	13322814	12154662	12756400311052220
1474684	1465410	9274	1803	7136608	7176800	12756400320018928
725882	716432	9450	3098	11188218	10305248	12756400332286216
745648	736324	9324	377	2961314	2181892	12756400336349442
1560522	1550950	9572	2894	10411732	10527350	12756400348677960
540710	531290	9420	1815	7029004	6280450	12756400356603980
1462142	1452780	9362	697	3622384	3855730	12756400362044692
1549820	1540492	9328	2187	8196064	8399520	12756400372146610
1329712	1320228	9484	3418	11907102	11864884	12756400385738766
1660940	1651532	9408	1080	4950524	5198506	12756400392705310
842512	833006	9506	4588	15246874	14879862	12756400409167896
1270654	1261182	9472	1679	6935258	6603032	12756400417730712
916456	906946	9510	3070	10785488	10414694	12756400429788124
1193012	1183662	9350	785	3956524	3850552	12756400435293310
1329814	1320314	9500	2971	10625272	10528748	12756400447605246
1360106	1350550	9556	1889	7463194	7320782	12756400456784770
1547338	1537786	9552	3379	11709162	11966618	12756400470398266
165952	156462	9490	1766	6980300	5760324	12756400477899784
1654700	1645236	9464	3274	11404784	11763306	12756400491315244
1668856	1659536	9320	1153	5019358	5427538	12756400498359786
835760	826494	9266	1844	7054922	6662664	12756400506619092
1650328	1640798	9530	4103	13866594	14238244	12756400522491012
1011306	1002052	9254	2491	9096940	8774534	12756400532955626
889518	880088	9430	2528	9480092	8765454	12756400543680106
1172808	1163286	9522	2361	8707368	8545936	12756400553917826
661248	651896	9352	3613	12723764	11782302	12756400567658520
382514	373104	9410	4592	15560120	14433092	12756400583957434
633026	623574	9452	3249	11462678	10665252	12756400596409984
1346700	1337260	9440	4848	16195158	16163544	12756400614308938
458694	449206	9488	965	4804004	3654498	12756400619927526
1171142	1161708	9434	2984	10564816	10409426	12756400632019060
1419810	1409964	9846	3223	11617444	11375436	12756400645412494
1377958	1368548	9410	2530	9238302	9257726	12756400656384586
682792	673310	9482	2681	9714640	9015064	12756400667137272
1523746	1514346	9400	1560	6588362	6499374	12756400675625104
1364554	1355172	9382	3364	11731486	11740344	12756400689077652
1656140	1646590	9550	3365	11985338	12034322	12756400703073740
1003362	993976	9386	3213	11535274	10928916	12756400715969786
1671530	1662248	9282	1309	5841058	5898522	12756400723838890
1664008	1654662	9346	3605	12316328	12760206	12756400738176406
364292	355126	9166	360	2732512	1750970	12756400741629430
340614	331184	9430	4757	15860282	14887178	12756400758186466
877218	868052	9166	142	2064970	1611182	12756400761485450
1661672	1652456	9216	2001	7729724	7967198	12756400771260656
549540	540148	9392	3810	13013066	12268204	12756400785187792
839082	829612	9470	1020	4827618	4208638	12756400791217746
1381906	1372406	9500	3852	13090070	13223198	12756400806054696
1606340	1597134	9206	56	2048900	2088352	12756400810074092
1277768	1268420	9348	4159	14184680	14041258	12756400825901248
446542	437190	9352	3229	11228374	10425644	12756400837942542
292108	282828	9280	375	2695774	1728862	12756400841295772
1500882	1491316	9566	1427	6217348	6088322	12756400849379300
372142	362678	9464	3318	11704160	10617140	12756400861820382
1076054	1066766	9288	88	1830898	1654144	12756400865092174
1672638	1663162	9476	3309	11662508	11891934	12756400878791706
1659648	1650212	9436	4516	15256538	15492534	12756400896071732
1525516	1516056	9460	4325	14870780	14782482	12756400912832476
1679764	1670444	9320	1821	7016386	7444646	12756400921893696
1230488	1221104	9384	52	2136678	1702750	12756400925625512
240228	230918	9310	4542	15158982	14149998	12756400941389536
993142	983846	9296	291	2600132	2181128	12756400945347886
513988	504568	9420	3259	11462972	10582538	12756400957690206
601720	592256	9464	4029	13630384	12976304	12756400972287604
1421480	1411964	9516	4554	15270258	15366532	12756400989343894
731226	721852	9374	2045	7883664	7166052	12756400998323706
1478576	1468990	9586	2378	8900078	8910688	12756401009067310
1208658	1199194	9464	3803	13322182	12906188	12756401023962436
1581066	1571206	9860	2660	9526998	9855078	12756401035435560
737016	727446	9570	4020	13793794	13084026	12756401050331216
604398	594948	9450	3310	11576742	10827048	12756401062876532
1659668	1650218	9450	3669	12553102	12954062	12756401077453726
1183274	1173828	9446	3489	12026708	11941968	12756401091029012
1606342	1597026	9316	640	3842206	3837498	12756401096842320
1589602	1580358	9244	1712	6823598	7027958	12756401105633736
811136	801602	9534	2758	10005928	9380726	12756401116814916
1285848	1276398	9450	1168	5063752	5097218	12756401123529812
820562	811268	9294	780	4230068	3471252	12756401128945606
678306	669106	9200	278	2753652	1825240	12756401132742004
883130	873652	9478	4858	16185684	15737286	12756401150194960
172172	162712	9460	2826	10381734	8945772	12756401161114366
933432	923882	9550	2268	8403024	8037032	12756401170815476
277274	267716	9558	3785	12894148	11922150	12756401184351688
1638856	1629468	9388	4697	15880954	16010386	12756401202237070
267806	258360	9446	2197	8244098	7159046	12756401211113740
1669098	1659682	9416	4071	14110408	14168934	12756401227258052
1665642	1656244	9398	3753	12909278	13215286	12756401242198196
1363816	1354492	9324	1188	5107728	5234086	12756401249034476
841646	832276	9370	1912	7639378	6879906	12756401257880116
1460478	1451202	9276	698	3654490	3865298	12756401263359356
176492	167076	9416	2219	8359522	7131756	12756401272260226
1396472	1387104	9368	4056	13971850	13850328	12756401287992856
1208522	1198962	9560	2425	8827690	8778698	12756401298393736
1667332	1657930	9402	2190	8111632	8536968	12756401308537630
632526	623342	9184	308	2649216	1868422	12756401312183746
716032	706472	9560	2187	8476544	7577446	12756401321769716
540708	531318	9390	1406	5728198	5064082	12756401328403232
1269378	1260114	9264	1209	5142462	5203702	12756401335180532
906598	897032	9566	2610	9479528	9032488	12756401345930452
748562	739252	9310	201	2278354	1662982	12756401349322016
1469054	1459798	9256	1784	7033528	7123334	12756401358189208
594304	584972	9332	2659	9596140	8867754	12756401368744384
230158	220476	9682	2130	7955934	6921138	12756401377296028
1572188	1562738	9450	1284	5615352	5729122	12756401384848366
1557100	1547860	9240	2430	9188444	9144268	12756401395957930
1670210	1660776	9434	4695	15599272	16033074	12756401413606408
952152	942762	9390	4905	16358768	15950078	12756401431282736
1686522	1677064	9458	2076	7870588	8215426	12756401441205356
471426	462076	9350	2692	10037230	8843830	12756401452078580
1390982	1381644	9338	3880	13178950	13317370	12756401467013972
1666696	1657238	9458	3979	13541518	13889142	12756401482586400
1324840	1315436	9404	4091	13791094	13883332	12756401498068030
1247312	1238148	9164	551	3565642	3211916	12756401503246026
1675000	1665198	9802	1069	4786254	5188548	12756401510072590
157134	147758	9376	3150	11391592	9898978	12756401521986932
521386	511912	9474	3413	11739868	11050196	12756401534613066
455616	446162	9454	1759	6771818	6032126	12756401542206130
726724	717268	9456	1770	6960774	6336854	12756401550258778
1663650	1654156	9494	4588	15656368	15707532	12756401567944030
948742	939376	9366	1953	7608788	7107926	12756401576866276
265398	255954	9444	4215	14228292	13197014	12756401591725012
773016	763578	9438	4713	15695854	15193704	12756401608558976
1241532	1232048	9484	2835	10019462	10040120	12756401620185070
556986	547798	9188	308	2589718	1792828	12756401623696550
1074848	1065426	9422	4377	14736332	14491558	12756401639891240
1666462	1657034	9428	2844	10196840	10494148	12756401652119262
969980	960754	9226	137	2122322	1693230	12756401655576912
1444112	1434692	9420	1670	6740752	6758578	12756401664125956
768578	759268	9310	4240	14241592	13774218	12756401679501316
1668624	1659118	9506	4037	14009912	14064808	12756401695545536
174814	165308	9506	3400	11897606	10664486	12756401707998646
1083488	1074228	9260	120	2279526	1758034	12756401711726592
1669786	1660444	9342	2891	10455004	10637492	12756401724215706
986868	977442	9426	3402	11971586	11486522	12756401737539552
865824	856434	9390	4914	16261704	15888142	12756401755031764
1654652	1645062	9590	4014	13584628	13983366	12756401770635480
