# Loop @ Start frequency 2700000Hz took 1176.63 cycles
# Interval [1175 ; 1178]
# Q1 : 1174 ; Q3 : 1176
# Loop @ Target frequency 1300000Hz took 2446.26 cycles
# Interval [2443 ; 2449]
# Q1 : 2438 ; Q3 : 2442
# Confidence intervals do not overlap, alternatives are statistically different with selected confidence level
Change time (with write) [cycles]	Change time [cycles]	Write cost [cycles]	Wait time [us]	Time since last frequency change request [cycles]	Time since last frequency change [cycles]	Detected frequency change timestamp [cycles]
1240834	1221524	19310	3567	397716038	397675874	12756472324856814
176508	166742	9766	4812	15770322	14882722	12756472341348790
700650	691256	9394	907	4303782	3717240	12756472346894934
903992	894512	9480	3036	10522728	10291528	12756472358863506
177136	167652	9484	4996	16374756	15434220	12756472375956310
1112840	1103508	9332	2463	8666068	8786774	12756472386295782
631728	622240	9488	4156	13847666	13384912	12756472401314912
733624	724160	9464	3982	13302982	12952104	12756472415893452
242074	232502	9572	4075	14120082	12741692	12756472430797496
1321468	1312016	9452	3998	13369918	13590282	12756472446030266
774950	765534	9416	3427	11908630	11333680	12756472459254138
666426	657164	9262	2191	7883288	7527090	12756472468345818
963516	954040	9476	4544	14923330	14865946	12756472484771584
574374	564980	9394	3891	13203046	12520604	12756472499089674
1053380	1043942	9438	4101	14182594	13629680	12756472514865372
212654	203234	9420	3295	11256992	10377686	12756472526876164
1159890	1150526	9364	2535	9110738	9049616	12756472537685094
1581026	1571820	9206	27	1434010	1962488	12756472541242758
1296786	1287410	9376	2511	9440252	9129158	12756472552526058
582260	572884	9376	4626	15220412	14731260	12756472568871078
161946	152392	9554	4697	15703508	14522616	12756472585276946
1443930	1434414	9516	4859	15956240	16288330	12756472603217454
172372	163088	9284	1572	6135344	5181768	12756472610089546
1609624	1600428	9196	447	3249984	3249048	12756472615489408
1043428	1034080	9348	3556	12191866	11987508	12756472629265200
1377804	1368416	9388	4871	15928660	16260038	12756472647111078
434970	425602	9368	3275	11301646	10538044	12756472659387942
494066	484100	9966	1540	6068254	5405560	12756472666492278
763868	754408	9460	3078	10620698	10277524	12756472678416506
1671464	1662234	9230	1572	6043088	6678738	12756472686671696
899738	890176	9562	1286	5323652	5052072	12756472693439096
1156974	1147442	9532	4158	13808624	13903152	12756472708945136
815872	806544	9328	156	2389954	1595664	12756472712689332
1304094	1294876	9218	590	3516090	3369460	12756472718050038
739642	730074	9568	1788	7305652	6394460	12756472726634922
1675300	1665754	9546	4822	15778554	16409336	12756472744630094
501430	492088	9342	271	2260464	1613742	12756472747936680
1404408	1395106	9302	2722	10056092	9855588	12756472759937266
707926	698506	9420	3041	11011448	10113360	12756472772197120
231056	221728	9328	1519	6276834	5079234	12756472779244426
678658	669238	9420	1506	6033586	5487768	12756472786497896
669222	659578	9644	4306	14294210	13860892	12756472802003672
699528	689960	9568	3273	11631994	10802510	12756472814882548
495648	486096	9552	1904	7211796	6499844	12756472823136678
433404	423880	9524	2294	8769480	7603598	12756472832885118
484812	475366	9446	1597	6395612	5570522	12756472840311086
323112	313588	9524	2113	7899164	6952152	12756472849080222
451862	442556	9306	412	2699910	1992086	12756472852776480
964400	954990	9410	138	1865350	1683368	12756472856153202
186430	176848	9582	3347	11934968	10509886	12756472868819428
1292952	1283668	9284	16	1456728	1644556	12756472872115666
1657208	1647492	9716	1746	6662018	7190732	12756472880980786
339052	329318	9734	4935	16091064	15416356	12756472897961306
769568	760024	9544	3464	12175146	11445956	12756472911452866
1198970	1189336	9634	3745	12696836	12713080	12756472925895014
446734	437050	9684	2732	9940978	8930164	12756472936827078
575028	565380	9648	1498	5860178	5384378	12756472943806212
1144870	1135254	9616	4146	13797572	13860274	12756472959295588
1603984	1594554	9430	1096	4632392	5190812	12756472966078722
1009708	1000330	9378	1260	5329674	5087668	12756472972966768
1130398	1120884	9514	4117	14245540	13759652	12756472988889942
587038	577578	9460	2011	7691846	6912778	12756472997714428
806816	797350	9466	172	1859668	1629252	12756473000927110
215022	205692	9330	2268	8197008	7308940	12756473009885652
1120300	1110662	9638	4094	13808492	13682222	12756473025360460
1421302	1411988	9314	745	3766538	3959558	12756473031093506
888260	878798	9462	2672	9409650	9192880	12756473041936518
760768	750774	9994	3355	11957404	11110564	12756473055199292
1319624	1310074	9550	1239	5255050	5337006	12756473062318554
438694	429058	9636	4099	13857242	13013180	12756473077159398
1276782	1267212	9570	3278	11131956	11395454	12756473090115766
1599534	1589914	9620	2673	9918536	9908824	12756473102179734
1665820	1656256	9564	2143	8324010	8385890	12756473112715150
1587944	1578440	9504	1737	6530874	7091662	12756473121385602
1657734	1648360	9374	1406	5524640	6173314	12756473129117214
1163774	1154236	9538	797	4302428	3858534	12756473135132786
1152468	1143198	9270	643	3706384	3383212	12756473140538672
1686236	1676760	9476	3558	12209204	12641022	12756473154980440
168210	158724	9486	4047	13627772	12590194	12756473169321762
1093422	1084028	9394	882	4015738	4040572	12756473174975800
1707082	1697532	9550	2473	8815040	9415962	12756473186043720
168414	158734	9680	1585	6675470	5221708	12756473193435806
985916	976398	9518	2540	9131030	8897562	12756473204099980
551218	541700	9518	4264	14679940	13621814	12756473219877822
263224	253618	9606	2738	10051248	8765860	12756473230735412
624268	614702	9566	2733	9534376	9113086	12756473241437006
1495060	1485566	9494	4271	14134152	14584428	12756473257610538
1417014	1407412	9602	2902	10052862	10409920	12756473269623784
1667654	1657924	9730	3628	12205376	12831966	12756473284042814
281910	272362	9548	3111	10666780	9907654	12756473295538542
918274	908688	9586	266	2267038	2020968	12756473299269558
1496756	1487222	9534	4833	15984978	16267258	12756473317296700
785428	776134	9294	157	2083148	1561744	12756473320712598
706104	696606	9498	226	2140914	1687746	12756473324105044
233498	224008	9490	1531	6201900	5123842	12756473331087752
1342658	1333072	9586	3004	10368438	10639150	12756473343342582
1532380	1522836	9544	3731	12517428	13007730	12756473357940100
750620	741022	9598	4131	13746124	13422450	12756473372984824
878702	869116	9586	3481	12203308	11605116	12756473386610906
1233646	1224294	9352	587	3122894	3296956	12756473391515066
1166070	1156442	9628	4252	14210556	14198614	12756473407435572
695222	685622	9600	3693	12417792	12053846	12756473421094200
870230	860692	9538	3638	12401308	12065144	12756473434910884
1574744	1565240	9504	2737	10114608	10072710	12756473447147058
772398	762770	9628	1854	7472568	6627382	12756473455943012
583212	573854	9358	262	2703414	1675650	12756473459776332
1662906	1653402	9504	2312	8462992	8888106	12756473470448260
1448890	1439598	9292	533	3049392	3351512	12756473475498760
643204	633666	9538	3593	12306228	11711888	12756473488993158
1255046	1245700	9346	99	2266008	1856726	12756473493082780
1426410	1416882	9528	4288	14313312	14568240	12756473509370880
1066162	1056554	9608	4109	13928272	13669072	12756473524911942
1543332	1533746	9586	2408	9126448	9058062	12756473536148606
1678680	1669158	9522	3027	10496982	11046350	12756473548875120
784792	775276	9516	4985	16225840	16010500	12756473566459454
1649650	1640260	9390	678	3633138	3985584	12756473572289534
1663054	1653464	9590	2117	7703854	8307250	12756473582206444
1667718	1657998	9720	2293	8366822	8838162	12756473592791072
1665642	1656034	9608	1789	6703884	7328422	12756473601710852
1017744	1008466	9278	914	4074788	4060186	12756473607353958
1365932	1356502	9430	4153	13991268	14103818	12756473623256326
276550	267242	9308	1515	6073124	5116910	12756473630152060
1662798	1653206	9592	1040	5027054	5081688	12756473637389358
673744	664128	9616	4496	14801788	14436516	12756473653414998
1666882	1657362	9520	3415	11938472	12194602	12756473667567940
359624	350088	9536	4104	13606050	12948212	12756473682084162
215556	206074	9482	3390	11651714	10668906	12756473694498378
1181760	1172212	9548	3186	11081278	11025202	12756473707307500
549328	539832	9496	4864	16039636	15412788	12756473724443906
176564	166958	9606	3823	13003462	11924084	12756473738170758
1441786	1432198	9588	4098	14180076	14013114	12756473754340648
864616	855348	9268	155	1844798	1635280	12756473757594360
1209678	1200104	9574	3875	13117782	13114386	12756473772466998
1219560	1209980	9580	4861	16010184	16075748	12756473790242778
1256064	1246554	9510	2928	10268026	10333926	12756473802328684
1332388	1323050	9338	110	2111146	1976944	12756473806331742
1252630	1243110	9520	1900	7200456	7253754	12756473815344364
939984	930306	9678	4545	15156926	14859924	12756473832001564
1658848	1649232	9616	3369	11889408	12053518	12756473846110662
250626	241180	9446	2297	8812444	7449414	12756473855737324
315108	305524	9584	4406	14557602	13815868	12756473871170322
940832	931336	9496	787	4278766	3611242	12756473876949886
1139202	1129602	9600	3521	11856700	11990272	12756473890505546
910940	901472	9468	2005	7569014	7224038	12756473899543320
1676582	1667216	9366	1318	5435190	5935940	12756473907213600
428688	418150	10538	4294	14284698	13594140	12756473922492558
1248046	1238686	9360	824	3803274	4027252	12756473928103526
1142382	1132776	9606	1278	5761720	5283518	12756473935566986
632718	623228	9490	2680	9553996	8969150	12756473946313560
573754	564420	9334	1094	4708752	4163214	12756473952156572
857862	848276	9586	3047	10816310	10289568	12756473964391440
761832	752576	9256	162	1822426	1559444	12756473967536726
1035792	1026268	9524	1420	5591368	5601076	12756473974724246
311802	302358	9444	1616	6223762	5464160	12756473981820752
1222020	1212384	9636	4621	15295334	15365418	12756473998895622
1675634	1665774	9860	1886	7024486	7634660	12756474008154392
1137768	1128274	9494	4189	14460532	13987444	12756474024319866
1393382	1383838	9544	4642	15383652	15600876	12756474041659080
829592	820304	9288	2200	8038234	7726462	12756474051088572
546970	537516	9454	4100	14199840	13131330	12756474066395944
847222	837368	9854	3859	12897398	12712574	12756474080702982
1399216	1389924	9292	1704	6594576	6813392	12756474089255086
1025542	1015914	9628	4153	14354056	13770420	12756474105195702
1158296	1148796	9500	3768	12823700	12750600	12756474119739310
629682	620206	9476	2718	9555192	9075930	12756474130484980
1675918	1666414	9504	3756	12810556	13231402	12756474145532072
270302	260784	9518	1692	6594256	5648360	12756474152958452
751108	741500	9608	4481	15167064	14475230	12756474169436358
1585518	1575882	9636	1863	7158758	7476172	12756474178740642
1018788	1009244	9544	2575	9075728	9041520	12756474189403362
762446	752496	9950	1574	6271812	5787914	12756474196997344
1402368	1392828	9540	4855	15892176	16246876	12756474214852506
1473136	1463822	9314	44	1510226	1921052	12756474218398006
956740	947100	9640	4716	15752652	15387216	12756474235665438
668656	659098	9558	3488	11908672	11422698	12756474248800540
1408754	1399236	9518	2537	8972686	9313758	12756474259740508
1521526	1512004	9522	3773	12681840	13128502	12756474274503484
384176	374956	9220	320	2529406	1655598	12756474277981270
626602	617060	9542	1013	4969930	3975692	12756474284137680
0	0	0	0	0	0	0
776904	767374	9530	4795	15787734	15440446	12756474306911358
172558	163308	9250	1000	4338738	3478318	12756474311984502
1684168	1674728	9440	2181	7826556	8524416	12756474322055806
1528618	1519110	9508	4979	16387896	16745764	12756474340537168
163048	153688	9360	1799	6953370	5862088	12756474348213146
1363168	1353746	9422	1483	5949220	6112956	12756474356087426
0	0	0	0	0	0	0
457564	448118	9446	1083	4798232	4014034	12756474369203538
1530796	1521384	9412	2629	9347352	9712102	12756474380641186
524748	515216	9532	847	4090576	3373334	12756474385821498
839100	829534	9566	3437	11724360	11442824	12756474398945538
1667066	1657750	9316	2324	8461256	8938104	12756474409659004
320810	311264	9546	2335	8408712	7623190	12756474418955608
1358686	1349132	9554	4813	15761474	16076718	12756474436634040
729608	720084	9524	4546	15070492	14649602	12756474452995662
605806	596258	9548	3083	10768588	10146670	12756474464930248
1478848	1469346	9502	4348	14799530	14808524	12756474481770498
306310	296542	9768	1639	6271342	5527572	12756474488909160
295822	286282	9540	4708	15753350	14699512	12756474505518386
1564054	1554464	9590	3991	13437138	13824356	12756474521080638
882618	873314	9304	895	4603362	3876414	12756474527130258
967968	958688	9280	130	2332932	1672396	12756474530989646
1089400	1079938	9462	3547	12380208	12020152	12756474545019102
538356	529142	9214	2350	8869202	7887262	12756474554985186
1062822	1053328	9494	3611	12561540	12184046	12756474569169240
1052188	1042728	9460	3071	11034962	10557752	12756474581818572
1671944	1662506	9438	3121	10727212	11327316	12756474594778066
1662882	1653182	9700	3537	12093992	12562586	12756474609099120
469502	459892	9610	1541	6197412	5397606	12756474616330720
1674184	1664644	9540	4851	15969338	16505744	12756474634535128
647402	637782	9620	3520	11906158	11496368	12756474647655822
1116954	1107390	9564	3752	12545794	12660872	12756474661880754
848828	839172	9656	1926	7140348	6928184	12756474670429722
1452246	1442990	9256	4751	15560178	15987844	12756474687999928
1034968	1025622	9346	2108	7668918	7660208	12756474697264662
1662920	1653442	9478	3409	11648530	12178238	12756474711136270
508290	498912	9378	1582	6097862	5558306	12756474718301880
1665142	1655572	9570	1307	5378772	5891188	12756474725905560
1375930	1366336	9594	3269	11289424	11476050	12756474739135200
831152	821872	9280	1444	5668006	5465164	12756474746195386
225344	216118	9226	367	3014296	1637892	12756474750016122
667928	658466	9462	4526	14854214	14526436	12756474766099586
1667928	1658418	9510	1010	4489064	5004280	12756474772816038
179984	170406	9578	3218	10978202	10124884	12756474784538824
1458148	1448608	9540	4507	14860022	15261208	12756474801415932
817370	807870	9500	3592	12534148	11884490	12756474815326684
267594	257972	9622	4429	14843360	13838538	12756474830995496
1460122	1450738	9384	2363	8626012	8847706	12756474841642616
760918	751388	9530	3697	12405574	12141808	12756474855387198
878146	868766	9380	765	3921460	3481562	12756474860744966
364804	355380	9424	3037	10561008	9769254	12756474872230218
1662608	1653294	9314	1186	5236830	5527128	12756474879687426
1663936	1654600	9336	2722	9534012	10127496	12756474891450834
617356	608002	9354	2586	9237744	8670196	12756474901867074
915392	906116	9276	2562	8984128	8898222	12756474912347006
1530106	1520606	9500	3618	12478548	12673132	12756474926917600
182704	173424	9280	410	2765374	1727332	12756474930424722
1144282	1134790	9492	4858	15836940	15999096	12756474947966980
554938	545298	9640	1582	6091660	5603504	12756474955174122
1251466	1241976	9490	3846	13092392	13074460	12756474970078024
419078	409596	9482	3808	12834682	12129318	12756474983892896
1396036	1386542	9494	616	3495566	3564106	12756474989344320
1147384	1137990	9394	730	3805778	3647538	12756474994856968
1671956	1662248	9708	4975	16863196	16873880	12756475013952460
328558	318948	9610	3171	11442930	10134410	12756475026286662
1318994	1309478	9516	3263	11183746	11400690	12756475039350508
1661366	1651896	9470	3658	12272168	12924942	12756475053843280
757876	747916	9960	2970	10258604	9959764	12756475065423226
1254866	1245288	9578	1899	7032686	7253368	12756475074270466
596502	586982	9520	4467	14779910	14279050	12756475090207680
1188942	1179358	9584	4256	14178530	14240730	12756475106135760
276838	267470	9368	1769	7221912	5888584	12756475114193428
1096172	1086636	9536	4276	14333900	14207876	12756475130183830
613942	604688	9254	301	2576540	1830950	12756475133933520
319138	309578	9560	3424	11669276	10883072	12756475146484320
932252	922776	9476	2861	9893128	9810442	12756475157871886
771902	762396	9506	4112	13712646	13394906	12756475172915546
529256	519824	9432	4151	14096062	13268190	12756475188101294
1496504	1486950	9554	2256	8152544	8564448	12756475198310608
1092132	1082564	9568	4034	13521610	13479496	12756475213484306
280074	270602	9472	4903	16005494	15269936	12756475230330354
1672236	1663056	9180	1688	6350918	7037152	12756475238914560
1213104	1203694	9410	2109	7836184	7840474	12756475248529528
606204	596774	9430	1608	6202356	5732304	12756475255898704
673400	663936	9464	962	4805390	3868410	12756475261936750
962558	953132	9426	3338	11301906	11267080	12756475274763190
840600	831290	9310	735	3610222	3354000	12756475279774060
684308	674836	9472	1482	5856306	5435292	12756475286872560
1669726	1660206	9520	3071	11022540	11176558	12756475300122918
1033622	1024158	9464	4014	13416864	13363728	12756475315136706
217988	208376	9612	1443	5757898	4851396	12756475321671600
1244256	1234746	9510	1781	6712492	6890122	12756475330186200
447714	438226	9488	2561	9094652	8427324	12756475340286834
972424	962922	9502	2849	10349772	9815176	12756475352166656
1660280	1650572	9708	1244	5219040	5698888	12756475359606480
1661708	1652222	9486	2967	10290132	10856410	12756475372118160
1666622	1657090	9532	1604	6405476	6783602	12756475380754720
1440114	1430794	9320	39	1795554	1872446	12756475384571586
190220	180866	9354	1695	6620838	5579986	12756475391941264
1114402	1105014	9388	4374	14763256	14522714	12756475408380642
571168	561728	9440	3531	11887892	11453762	12756475421398292
1483752	1474152	9600	2513	9316802	9320668	12756475432759062
966440	956966	9474	2483	8795884	8714526	12756475443082144
917060	907666	9394	4695	15590684	15285354	12756475460149144
1673062	1663642	9420	2080	8155364	8213568	12756475470539266
891382	881840	9542	4985	16421152	16127918	12756475488415320
1403624	1394228	9396	4703	15454418	15794626	12756475505852548
774092	764606	9486	3532	11967732	11660280	12756475519154950
1667800	1658360	9440	2604	9166368	9774232	12756475530547800
165514	156004	9510	4218	14182406	13102178	12756475545461612
1624982	1615528	9454	596	3279686	3724280	12756475550925572
1334900	1325422	9478	4133	14302494	14021320	12756475567126360
1673446	1663906	9540	4664	15580524	15946962	12756475584940504
564760	555228	9532	3903	13099334	12562832	12756475599164440
1113508	1104220	9288	1905	7463220	7130660	12756475608299848
219436	209966	9470	3540	12020464	11129820	12756475621122240
711684	702268	9416	4592	15360924	14769728	12756475637755288
1311420	1301916	9504	4918	16647452	16347306	12756475656273484
272126	262838	9288	1158	5000192	4054566	12756475662102926
344188	334880	9308	856	4072332	3222420	12756475667080360
1018374	1008868	9506	3235	11676200	11013992	12756475680333706
331628	322422	9206	553	3101840	2303942	12756475684327856
739022	729490	9532	3179	11027676	10567448	12756475696653042
1244708	1235188	9520	4849	15863110	16072574	12756475714320046
1180022	1170692	9330	4083	13830340	13715282	12756475729890282
1359566	1350236	9330	4279	14730152	14480582	12756475746542786
616828	607482	9346	3894	13121828	12582508	12756475760836366
1669200	1659826	9374	1731	6856994	7161296	12756475769915718
709728	700262	9466	2542	9195678	8626194	12756475780380166
872536	863090	9446	1197	5302586	4762968	12756475787112360
1367368	1357966	9402	4572	15604878	15362848	12756475804639846
387770	378270	9500	4725	15510820	14839440	12756475821093910
1663690	1654432	9258	1616	6384242	6809024	12756475829696454
1514622	1505352	9270	2907	10605232	10524846	12756475842375000
909214	899714	9500	2035	7569266	7307622	12756475851409766
1200404	1191266	9138	251	2294030	2260480	12756475855460008
345620	336344	9276	4439	14712808	13938902	12756475871072202
1371014	1361640	9374	4084	14141294	13904462	12756475887139962
1539854	1530384	9470	3836	13079064	13330944	12756475902312222
274342	265042	9300	1843	6989708	6100264	12756475910136132
564940	555538	9402	2724	10069474	9029098	12756475921323910
0	0	0	0	0	0	0
0	0	0	0	0	0	0
678590	669526	9064	220	2569802	1637900	12756475950651318
1048406	1039120	9286	2469	8934606	8741664	12756475961176038
612492	603160	9332	4381	15025362	14027344	12756475977353814
775680	766336	9344	3324	11628738	11046274	12756475990302618
978744	969390	9354	1701	6521732	6372440	12756475998344082
1344508	1335156	9352	2389	8573778	8798406	12756476008802006
1331660	1322312	9348	1254	5162452	5387402	12756476015837440
1670452	1661174	9278	1146	4925204	5403346	12756476022976084
305160	295820	9340	1524	6054576	5168534	12756476029880224
222032	212656	9376	2838	10003606	9019566	12756476040646366
1185924	1176748	9176	757	3586924	3755504	12756476045955886
1505682	1496306	9376	1387	6047250	5955854	12756476054048306
488816	479582	9234	1916	7607048	6526366	12756476062686494
732744	723406	9338	778	3733486	3362560	12756476067692224
278438	269104	9334	3625	12199620	11429128	12756476080708866
515674	506410	9264	1366	5508778	4905040	12756476087276118
173324	164022	9302	4116	14226602	12793604	12756476102215542
1089586	1080184	9402	3541	12510952	11990718	12756476116357496
1664114	1654810	9304	2343	8606926	8979236	12756476127167774
976954	967830	9124	138	1904822	1692480	12756476130595878
1025304	1015860	9444	3398	11663940	11499094	12756476143827918
1612146	1602826	9320	577	3145364	3643002	12756476149122604
0	0	0	0	0	0	0
1259834	1250392	9442	1997	7385320	7537944	12756476174144172
925662	916354	9308	751	4160658	3476188	12756476179771812
0	0	0	0	0	0	0
1427772	1418438	9334	1683	6950846	6768378	12756476192015096
1299678	1290384	9294	24	1979388	1673648	12756476195834686
1409480	1399654	9826	4052	13452336	13840284	12756476211238242
766310	757140	9170	1074	4560662	4282686	12756476217107598
1483196	1473758	9438	192	2111298	2375640	12756476221242400
1081088	1071728	9360	1046	4562322	4513276	12756476227424718
215896	206414	9482	1820	7032478	5968572	12756476235214934
1373434	1364250	9184	1357	5741648	5738476	12756476242870134
1320060	1310830	9230	503	2857028	3128596	12756476247587478
1665822	1656402	9420	3001	10371332	10955570	12756476260171200
405874	396396	9478	4432	14763806	13978080	12756476275890014
1657766	1648372	9394	3206	10961400	11559990	12756476289053740
406142	396664	9478	901	4187158	3411854	12756476294197946
484932	475562	9370	4711	16015756	14891716	12756476311243486
1207864	1198440	9424	1660	6404372	6483034	12756476319400758
1484614	1475230	9384	689	3688022	3853004	12756476325118638
661934	652270	9664	3718	12701668	12096904	12756476339027054
1353868	1344308	9560	4450	15233196	14977882	12756476356159006
704666	695148	9518	3635	12362586	11890670	12756476369771040
1205932	1196422	9510	1159	4839336	4980438	12756476376362866
1636430	1626904	9526	4807	15725986	16330470	12756476394271924
1507202	1497624	9578	4644	15245938	15714332	12756476411576382
364940	355608	9332	339	2400676	1687126	12756476414887540
1672928	1663388	9540	3398	11664156	12150396	12756476428768706
468402	458946	9456	1625	6253680	5639722	12756476436043080
554686	545216	9470	3388	12072358	10999372	12756476449217306
852578	843192	9386	2588	9300136	8905018	12756476459915620
1592682	1583254	9428	4440	14724096	15188182	12756476476778524
1662708	1653306	9402	2426	8629772	9231382	12756476487622986
1184584	1175274	9310	1390	5491296	5652104	12756476494848534
1604110	1594812	9298	517	2911186	3455940	12756476499910150
1512670	1503166	9504	3612	12131606	12630674	12756476514103794
1676816	1667156	9660	3997	13710916	13948010	12756476530037560
433344	423940	9404	1515	6085560	5275888	12756476537132358
473762	464270	9492	4807	16308206	15168188	12756476554459782
379966	370630	9336	2226	8246148	7351642	12756476563632000
1310980	1301588	9392	2777	9796354	9929656	12756476575283620
954286	944886	9400	1518	6144432	5805316	12756476582926946
998510	989040	9470	4911	16343124	16003206	12756476600814880
1580194	1570606	9588	1246	5267630	5615034	12756476608208344
994942	985486	9456	3597	12209672	12067586	12756476621962120
1660624	1651174	9450	3397	11630088	12131560	12756476635796598
1683752	1674330	9422	1898	7120372	7670208	12756476645151642
389108	379606	9502	3990	13858372	12638872	12756476659949806
468946	459408	9538	1573	6102632	5498840	12756476667069000
690248	680782	9466	2998	10895376	9968520	12756476679202030
420428	411000	9428	4025	13607606	12775458	12756476693777040
372282	362716	9566	903	4204358	3381606	12756476698897680
1664836	1655346	9490	4058	13994304	14118368	12756476715103866
371392	361916	9476	2849	10287544	9205078	12756476726311736
360756	351310	9446	2038	8019912	6768790	12756476735237968
1043960	1034626	9334	2576	9625336	9060440	12756476746450240
410228	400868	9360	1794	6783394	6088166	12756476754190606
1251278	1241794	9484	3309	11536352	11462690	12756476767521042
573628	564188	9440	1021	4500890	3937104	12756476773140466
966614	957026	9588	2521	9057400	8819286	12756476783706386
700810	691510	9300	256	2087650	1774932	12756476787041040
1678522	1669116	9406	1647	6369878	6915482	12756476795632646
1072522	1062960	9562	3051	10427538	10513566	12756476807683674
1041844	1032554	9290	82	1677214	1595556	12756476810945216
159308	149854	9454	3606	12518468	11261254	12756476824168256
1666772	1657372	9400	1823	6890060	7428518	12756476833271710
660504	651120	9384	2797	9783900	9339296	12756476844266968
1036248	1026784	9464	2847	10033656	9863164	12756476855881048
1287712	1278190	9522	4533	15087442	15160322	12756476872800032
1320030	1310492	9538	2314	8290186	8554860	12756476882954382
908314	898826	9488	1416	5761784	5455268	12756476890168546
319694	310178	9516	4815	15872892	15037688	12756476906908826
1474140	1464642	9498	1925	7464040	7543842	12756476916392620
825742	816372	9370	804	4315446	3538958	12756476922080160
1668582	1659038	9544	3314	11524594	11894844	12756476935819422
856264	846644	9620	3590	12113066	11908434	12756476949337182
194160	184698	9462	4213	14072528	13110740	12756476964145420
1656212	1645798	10414	4843	15953428	16458872	12756476982298800
578726	569216	9510	2107	7785584	7191632	12756476991211630
706396	697094	9302	466	2958512	2408946	12756476995421694
764048	754544	9504	165	2009332	1566140	12756476998741592
1669488	1660064	9424	3640	12325962	12871264	12756477013279706
1412466	1403126	9340	929	4156534	4500358	12756477019397546
441090	431544	9546	4618	15400868	14571372	12756477035785062
1004594	995086	9508	3585	12125860	12041194	12756477049460454
1060960	1051616	9344	169	1858880	1874022	12756477052925760
526840	517296	9544	887	4577580	3488826	12756477058574980
841130	831590	9540	3960	13418830	13000788	12756477073380918
951772	942440	9332	1222	4983698	4916020	12756477079860492
522270	512732	9538	256	2145044	1595926	12756477083073354
374104	364634	9470	2861	10490524	9242960	12756477094483734
363260	353778	9482	1736	6552828	5865426	12756477101943220
698830	689250	9580	747	3752644	3241030	12756477106938702
346414	336884	9530	4831	16374798	15112088	12756477124205566
1534524	1524830	9694	3066	10530130	11018930	12756477136814608
967440	957982	9458	3173	10867534	10771228	12756477149194800
468770	459394	9376	840	4342918	3291290	12756477154547262
1430874	1421270	9604	3440	11840684	12033606	12756477168363918
1595768	1586514	9254	639	3452442	3816142	12756477173957972
157356	147962	9394	4969	16182958	15336062	12756477190845120
701788	692126	9662	2874	10081680	9609956	12756477202172908
1681130	1642840	38290	2794	9976704	10378676	12756477214376358
948026	938718	9308	1947	7194480	7084256	12756477223142066
1672220	1662680	9540	3675	12580600	12978734	12756477237938912
708394	699080	9314	2683	9557634	9046394	12756477248749172
1669856	1660540	9316	2129	7707172	8349210	12756477258671428
1311582	1302016	9566	1178	5155210	5146398	12756477265687666
1170682	1161186	9496	4357	14401744	14517986	12756477281804226
1038446	1029002	9444	2768	9598140	9629116	12756477292985106
1288228	1278672	9556	1728	7073998	6768098	12756477301890426
801488	791990	9498	1345	5940460	5133380	12756477309179248
1686276	1676940	9336	2397	8706842	9168392	12756477320117224
1461982	1452456	9526	4420	15130344	14999092	12756477337272686
1670824	1661032	9792	4668	15429406	15949352	12756477354918212
1500452	1490928	9524	2509	8899662	9316806	12756477365866440
870536	861016	9520	2084	7717586	7411868	12756477374999440
1673030	1663424	9606	1008	4663774	4998302	12756477381880482
1654978	1645500	9478	989	4486186	4921972	12756477388569550
1671116	1661522	9594	2209	8023052	8588872	12756477398812440
493106	483512	9594	2132	7990720	7181452	12756477407843266
1359528	1350262	9266	529	3001452	3250772	12756477412750060
865618	856184	9434	1889	7118740	6824710	12756477421279842
1560038	1550764	9274	480	2756004	3305064	12756477426140346
1466328	1456824	9504	1836	6814006	7267948	12756477434968506
1657728	1648288	9440	3609	12724238	12765604	12756477449896986
889580	879972	9608	3931	13648840	12963392	12756477464985220
1673982	1664444	9538	997	4460146	4964588	12756477471665622
1260252	1250974	9278	83	1898254	1815402	12756477475376082
181628	172266	9362	1970	7437612	6383148	12756477483560546
584280	574678	9602	897	4424842	3575266	12756477489113980
432402	422726	9676	3170	11051832	10227810	12756477501143260
898398	888914	9484	4614	15230322	15013802	12756477517815852
715662	706156	9506	4075	13541956	13220096	12756477532618526
993362	983896	9466	1936	7155694	7094626	12756477541315324
537462	527958	9504	3810	12718492	12246930	12756477555117600
448944	439440	9504	4699	15863664	14819730	12756477571977882
578432	568952	9480	2703	10007572	8974598	12756477583109350
1579828	1570520	9308	571	3140308	3594740	12756477588393582
688804	679256	9548	2121	7784900	7341998	12756477597420978
1359716	1350370	9346	204	2087150	2276704	12756477601414094
1604182	1594752	9430	653	3466072	3864246	12756477607030800
1673084	1663468	9616	4899	16294644	16643684	12756477625547966
1259912	1250286	9626	1951	7227908	7406212	12756477634586366
193232	183724	9508	1533	5960086	5087788	12756477641286286
773914	764366	9548	875	4387838	3721480	12756477646993818
932456	923038	9418	1820	7363244	6684672	12756477655834780
422216	412734	9482	1624	6226470	5591564	12756477663028314
221232	211628	9604	4226	14332728	13176376	12756477678130046
817888	808286	9602	2530	9080002	8697158	12756477688573398
579744	570420	9324	287	2225210	1745648	12756477691923678
524682	515276	9406	2017	7952632	6868456	12756477700946140
1497952	1488372	9580	4637	15822808	15707696	12756477718814326
1061302	1051722	9580	3099	10614876	10644006	12756477731034700
1126572	1117062	9510	3072	11109152	10626196	12756477743816786
693724	684192	9532	4460	15140780	14350198	12756477760195136
586808	577334	9474	2320	8574166	7838110	12756477769902012
887068	877616	9452	3691	12963848	12239742	12756477784298800
823302	813636	9666	3515	12097084	11650572	12756477797762906
170280	160866	9414	1689	6830974	5532046	12756477805307520
832182	822564	9618	4036	13664752	13219208	12756477820347306
190030	180344	9686	3330	11680058	10463210	12756477832763248
1145250	1135580	9670	3527	11908616	12008656	12756477846360414
629382	619734	9648	4512	14865690	14443684	12756477862401326
493252	483558	9694	4272	14403558	13586154	12756477877843302
1089328	1079568	9760	2431	8601578	8672594	12756477888079506
1329580	1320232	9348	1271	5333718	5439368	12756477895287220
885508	876194	9314	270	2258816	2002756	12756477898979336
1600532	1591184	9348	1835	6951156	7400686	12756477908074504
1670628	1661292	9336	2272	8717600	8778868	12756477919005866
633970	624648	9322	1381	5713528	5073920	12756477925897390
1056416	1046330	10086	2583	9075272	9094270	12756477936573568
1582586	1572942	9644	4192	14036084	14435820	12756477952740670
324392	314828	9564	4268	14144414	13404496	12756477967757926
870662	861224	9438	2526	8910044	8737370	12756477978084932
755372	745852	9520	4175	14274728	13556316	12756477993661486
1036170	1026882	9288	1343	5365184	5362098	12756478000607520
734260	724862	9398	2034	7732504	7137902	12756478009619500
1031682	1022372	9310	894	4294532	4015012	12756478015492722
1576152	1566610	9542	3835	13196564	13359910	12756478030810182
620776	611398	9378	1528	5979572	5502062	12756478037962560
1417906	1408330	9576	3525	12082376	12274812	12756478052009280
1666222	1656882	9340	2292	8771134	8832904	12756478062993102
146288	136934	9354	421	2692672	1714988	12756478066378602
614896	605494	9402	1282	5344588	4758276	12756478072883906
237938	228210	9728	1609	6187550	5386284	12756478079872422
1406612	1397006	9606	4497	15246320	15180396	12756478097086066
235934	226418	9516	1542	6538306	5166398	12756478104418228
1470834	1461522	9312	1225	5026192	5452664	12756478111474444
721984	712080	9904	3580	12143986	11751644	12756478124899878
276348	267072	9276	371	3019220	1702388	12756478128758126
386976	377474	9502	2230	7998512	7374416	12756478137703794
467100	457574	9526	2381	8616024	7907700	12756478147346238
940678	931218	9460	2057	7599494	7411660	12756478156448358
1283788	1274252	9536	3524	12129166	12161968	12756478170421122
301278	291868	9410	2149	8120432	7047834	12756478179405032
1015168	1005546	9622	4944	16107364	16126276	12756478197088706
1404384	1394888	9496	3449	11874496	12041462	12756478210928066
1653644	1644126	9518	4539	15015768	15554890	12756478228159038
695580	686088	9492	192	2032872	1595196	12756478231453878
301164	291812	9352	2481	8920154	8040890	12756478241235304
240728	231152	9576	4389	15023978	13693590	12756478257058212
729102	719606	9496	2949	10712148	9869846	12756478269060296
586630	577056	9574	3720	12661818	12035816	12756478282867800
1472392	1462774	9618	4840	15885312	16272138	12756478300786172
1673288	1663788	9500	701	3447588	4085458	12756478306467042
351628	342108	9520	4793	15649346	15010008	12756478323033972
481862	472266	9596	2731	9998620	8970426	12756478334073406
1682588	1673022	9566	3654	12845900	12933202	12756478349161182
1532924	1523302	9622	3423	12174842	12093268	12756478363431406
681194	671572	9622	3618	12393922	11824010	12756478377071224
726422	717078	9344	937	4557192	3844320	12756478382913762
1489708	1480078	9630	2350	8355738	8837342	12756478393317132
264426	255122	9304	523	3144174	2143196	12756478397284626
1121996	1112648	9348	45	2059776	1571896	12756478401054266
900656	891292	9364	445	3053898	2548006	12756478405567720
1610002	1600720	9282	445	2834964	3255902	12756478410571932
1678786	1669242	9544	4271	14307748	14778006	12756478427119560
576346	566800	9546	4308	14812080	13783050	12756478443073720
1310168	1300748	9420	4659	15630740	15567568	12756478460573746
1446282	1437176	9106	598	3350462	3544642	12756478465923520
1663784	1654350	9434	2719	10060432	10111616	12756478478202364
948084	938558	9526	2527	9484292	8820470	12756478489194942
354178	344464	9714	2390	8732572	7815278	12756478498833776
292316	282888	9428	1682	6399944	5635954	12756478506077606
221134	211792	9342	1631	6808014	5412490	12756478513662272
977068	967924	9144	128	1867580	1670782	12756478517057946
1486754	1477280	9474	4569	15600094	15472596	12756478534719974
1048594	1039364	9230	126	1763846	1737080	12756478538085858
1218052	1208862	9190	87	2184246	1788380	12756478542041284
1520756	1511388	9368	3824	13293742	13276408	12756478557410326
162386	152896	9490	3739	12543730	11663414	12756478570672254
506464	497032	9432	3153	10908430	10253598	12756478582643732
381146	371956	9190	318	2410262	1641744	12756478585990246
439142	429736	9406	2058	8078950	6907330	12756478595059854
1471292	1461924	9368	3238	11273552	11473814	12756478608359884
940048	930880	9168	312	2504934	2181364	12756478612356918
1031406	1022026	9380	3157	10823260	10790602	12756478624767120
165808	156588	9220	3223	11003396	10122112	12756478636513602
588492	579174	9318	243	2110120	1627888	12756478639764572
117236	107954	9282	467	2797148	1825046	12756478643231986
1175400	1166076	9324	4652	15840780	15408734	12756478660799058
295548	286208	9340	4695	15406750	14658372	12756478677083470
503770	494324	9446	762	3887968	3092982	12756478682029532
608612	599242	9370	963	4804616	3799934	12756478687997454
206690	197374	9316	400	3118908	1713184	12756478691875362
174464	164584	9880	3189	11441402	10027178	12756478704045252
523774	514340	9434	4682	15940872	14847282	12756478721064964
1156258	1146978	9280	1819	7362646	6908686	12756478730137466
589544	580134	9410	895	4601056	3578664	12756478735882842
326806	317626	9180	320	2424962	1592796	12756478739190614
1582910	1573398	9512	3966	13787062	13761930	12756478755114940
741168	731858	9310	714	3690524	3188570	12756478760106402
437124	427578	9546	2764	10002152	9017670	12756478771100562
669734	660360	9374	1471	5742836	5387688	12756478778073208
819184	809582	9602	1798	7310206	6514170	12756478786758414
1677036	1667418	9618	3201	10953682	11572998	12756478799950046
1141384	1131806	9578	1900	7649128	7143760	12756478809308958
309020	299358	9662	4672	15321916	14606984	12756478825500198
858484	849154	9330	153	1889852	1629658	12756478828809138
1389762	1380372	9390	3198	10884520	11277312	12756478841641286
1608830	1599536	9294	588	3286196	3680514	12756478847097904
799244	789650	9594	2721	10068708	9257898	12756478858529368
181752	172396	9356	1103	4886932	3799506	12756478864158046
1426642	1417312	9330	2384	8601966	8878274	12756478874767736
1200722	1191144	9578	2908	10260622	10226792	12756478886791782
341652	332186	9466	372	2488028	1780998	12756478890182666
1517492	1507906	9586	3139	10831238	11227006	12756478903090694
700450	691138	9312	1263	5231748	4794120	12756478909585240
1666862	1657182	9680	2561	9233094	9648258	12756478921044840
1715652	1706116	9536	1519	5868798	6578212	12756478929195386
1031462	1021972	9490	1868	7033892	6937350	12756478937825140
982142	972576	9566	3472	11933012	11688626	12756478951300800
1661292	1651716	9576	4907	15996294	16661556	12756478969518310
957210	947562	9648	4167	13784804	13741346	12756478984826280
788872	779346	9526	951	4213352	3951116	12756478990389430
1501012	1491454	9558	1851	6892336	7355296	12756478999343966
708132	698728	9404	1590	6198788	5778822	12756479006808546
1626026	1616510	9516	589	3134680	3704866	12756479012128990
789780	780482	9298	195	2508954	1689058	12756479015988640
1427024	1417534	9490	2721	9900794	9884648	12756479027876246
692944	683392	9552	2067	7847426	7195072	12756479036976822
835528	825922	9606	2388	8844816	8295188	12756479047214446
1338752	1329196	9556	4887	15941330	16278844	12756479065055606
409256	399550	9706	4998	16285542	15684756	12756479082310990
717686	708352	9334	1048	4612346	4168896	12756479088201190
583620	574356	9264	388	2810828	2058800	12756479092155354
863312	853838	9474	4060	13647576	13329772	12756479107229006
1658306	1648948	9358	918	4062282	4719764	12756479113509986
894068	884348	9720	3950	13281272	13027764	12756479128252046
661708	652204	9504	3299	11237340	10848728	12756479140712566
860810	851476	9334	2518	8878578	8710176	12756479151009734
1005064	995522	9542	1972	7278654	7218954	12756479159854384
1671466	1661910	9556	2965	10280248	10858902	12756479172366640
988256	978810	9446	4362	14789476	14359110	12756479188710114
1078070	1068590	9480	4345	14353964	14398216	12756479204704200
565542	556172	9370	252	2164766	1634376	12756479207995646
168916	159404	9512	2260	8200982	7246462	12756479216924986
1359526	1350090	9436	3056	10467420	10821170	12756479229312004
1058078	1048770	9308	1249	5084608	5108158	12756479236013972
1438314	1428868	9446	3482	11750812	12174318	12756479249760508
1296730	1287516	9214	578	3652264	3340086	12756479255269600
491316	481832	9484	3726	12948846	11957298	12756479269270080
1614454	1605042	9412	432	2748070	3224064	12756479274188172
658016	648638	9378	1476	5724410	5390462	12756479281136040
285030	275436	9594	1578	6304940	5320244	12756479288284194
178574	169086	9488	2249	8653690	7224830	12756479297677228
1412282	1402746	9536	4532	14902572	15289984	12756479314551886
1384828	1375554	9274	38	1461668	1812334	12756479317957242
843634	834088	9546	701	4028648	3257618	12756479323389928
1318690	1309146	9544	2883	10025174	10262598	12756479335294828
1164328	1154836	9492	3978	13258870	13386488	12756479350278666
164940	155218	9722	3495	11910964	10938104	12756479362911918
1216562	1206972	9590	3730	12484238	12695092	12756479377171226
1222742	1213276	9466	4538	15034058	15119756	12756479393988520
1558810	1549500	9310	1181	5042330	5408286	12756479401148464
725668	716028	9640	2714	9441752	9161408	12756479411882898
1667942	1658282	9660	1225	5078202	5650376	12756479419188086
767518	757844	9674	2628	9239088	8944754	12756479429759412
1344784	1335204	9580	4001	13318016	13633256	12756479444984006
1166462	1157116	9346	1268	5459622	5275276	12756479452171286
1325440	1316110	9330	1116	4794962	4978792	12756479458851720
534164	524590	9574	4282	14173788	13663562	12756479474120382
1581286	1571822	9464	493	3404128	3372688	12756479479665840
1615458	1606172	9286	556	3101592	3593294	12756479484949616
426672	417108	9564	4864	15922856	15297036	12756479501861906
894478	884920	9558	3641	12390948	12104596	12756479515707988
607496	597978	9518	3694	12374702	11977276	12756479529251200
1295512	1286028	9484	3797	12932008	12973892	12756479544038826
886388	876926	9462	360	2740476	2278724	12756479548226786
160028	150428	9600	3414	11743852	10692372	12756479560690166
1461930	1452360	9570	2952	10144288	10610334	12756479572856284
651984	642442	9542	4922	16088252	15696812	12756479590156422
1659614	1650048	9566	998	4432330	4959078	12756479596808728
594012	584414	9598	2081	7672068	7133686	12756479605637606
1014284	1004800	9484	121	1728186	1690328	12756479608940118
728006	718618	9388	741	4153134	3261868	12756479614382226
850100	840582	9518	2532	9099954	8741102	12756479624892720
1443490	1433934	9556	1722	6828552	6910098	12756479633722588
1325808	1316424	9384	58	1716978	1815312	12756479637325066
1657030	1647410	9620	1754	6722284	7222996	12756479646263920
797160	787758	9402	2074	7657372	7318960	12756479655280638
889992	880534	9458	2597	9188554	8978078	12756479665920392
1237694	1228036	9658	2080	8118508	7779534	12756479675836454
1192564	1183086	9478	1836	7124270	7004214	12756479684713194
1050552	1041212	9340	130	1796598	1752122	12756479688117686
798042	788382	9660	2069	7507188	7303378	12756479696981606
1656326	1646622	9704	2678	9800342	9983182	12756479708997480
1178528	1169038	9490	4911	16040272	16189468	12756479726779406
1662768	1653322	9446	1080	4549310	5210494	12756479733551672
506840	497478	9362	967	4204414	3717002	12756479738824572
1145154	1135826	9328	2463	9057530	8833906	12756479749587806
581110	571308	9802	1022	4411588	3957052	12756479755141270
1273596	1263938	9658	3603	12132350	12372116	12756479769107346
1064892	1055234	9658	1355	5662790	5434244	12756479776395882
816572	807072	9500	3710	12555232	12234440	12756479790327964
1662108	1652466	9642	4999	16280506	16938858	12756479808831600
769184	759764	9420	3502	11825884	11565268	12756479821990362
975800	966502	9298	163	2416450	1779708	12756479825959030
521030	511528	9502	2809	10165044	9243550	12756479837203578
1411292	1401852	9440	1627	6671446	6596102	12756479845845480
323164	313470	9694	2610	9139340	8452004	12756479855890902
1544920	1535136	9784	3908	13176822	13556466	12756479871170404
536550	527178	9372	288	2272878	1713516	12756479874540568
874716	864962	9754	3458	11806800	11538826	12756479887781154
486948	477632	9316	299	2281244	1694182	12756479891107592
1511388	1501906	9482	986	4884960	4777304	12756479898061026
534720	525158	9562	2761	9639480	9114244	12756479908792638
1395874	1386274	9600	3415	11560684	11932764	12756479922307758
1675074	1665424	9650	1169	4950394	5487814	12756479929491572
605748	596110	9638	2529	8984592	8490006	12756479939645680
394274	383988	10286	2766	9720240	8987344	12756479950316382
1307232	1297628	9604	3818	13013004	13051018	12756479965197220
1104600	1095040	9560	1750	6580682	6659444	12756479973440548
1417070	1407572	9498	2372	8571792	8832002	12756479983991802
973616	964160	9456	1229	5608398	4968502	12756479991132354
768184	758630	9554	4289	14748084	13920948	12756480007208308
1555412	1545840	9572	3973	13501130	13763056	12756480022822444
835780	826170	9610	3125	10684990	10504844	12756480034906398
454580	445052	9528	1993	7890906	6735400	12756480043812220
408482	399152	9330	1045	4481018	3853270	12756480049261060
1218986	1209360	9626	4853	16025018	16058490	12756480067086244
1503186	1493870	9316	533	3306324	3412410	12756480072455380
113700	104194	9506	615	3297402	2267884	12756480076426194
1618426	1609138	9288	392	2835094	3103592	12756480081438646
650486	640842	9644	1915	7032284	6695590	12756480089685844
571944	562378	9566	3939	13336552	12676938	12756480104155782
1673382	1663866	9516	2399	8519252	9167450	12756480114909360
1513344	1504104	9240	503	2905212	3333498	12756480119894118
824476	814820	9656	766	4018820	3432784	12756480125295894
734400	725066	9334	256	2490424	1813480	12756480129081558
463954	454376	9578	2662	9282548	8744950	12756480139388008
1414558	1405018	9540	4682	15738680	15741484	12756480157101918
1230490	1221202	9288	2947	10284244	10364810	12756480169194720
0	0	0	0	0	0	0
1683676	1674356	9320	1218	5080524	5640796	12756480190673066
314146	304640	9506	367	2445860	1725650	12756480193999440
1456354	1446810	9544	4643	15822558	15666636	12756480211839078
935068	925518	9550	3985	13258426	13175322	12756480226593582
1557610	1548050	9560	1715	6753722	6999800	12756480235449594
969216	959886	9330	948	4450404	4112632	12756480241421666
1554692	1545238	9454	1741	6780946	7074216	12756480250303426
1372226	1362672	9554	3084	10703626	10907070	12756480262930660
296928	287334	9594	1612	6206684	5428626	12756480269978118
1043848	1034588	9260	82	1743072	1594862	12756480273310826
306178	296848	9330	541	3145720	2232868	12756480277307982
1545980	1536512	9468	1064	4594176	5037650	12756480283991880
604758	595210	9548	1438	6235168	5214484	12756480291379832
1668472	1658886	9586	4076	13535800	14172396	12756480307129826
630456	621182	9274	224	2016788	1606096	12756480310329686
1621732	1612264	9468	447	2754564	3268620	12756480315253662
1300190	1290782	9408	757	3713742	3872374	12756480320819164
1130226	1120620	9606	4618	15132592	15258890	12756480337627960
1611924	1602638	9286	436	2918132	3223152	12756480342703782
1185416	1175888	9528	3427	11753254	11751096	12756480356194286
711984	702544	9440	270	2723880	1827652	12756480360177282
1680484	1670888	9596	3861	12898030	13545112	12756480375302262
1001336	991890	9446	2504	9060440	8800920	12756480385915270
1192580	1183076	9504	748	3577258	3739114	12756480391230424
208176	198746	9430	979	4304684	3446208	12756480396288686
1575528	1565888	9640	2357	8646564	8935600	12756480407056758
1203052	1193504	9548	43	2048496	1640108	12756480410859392
1447798	1438212	9586	4633	15191328	15621090	12756480428043940
1351058	1341548	9510	2468	9302444	9044800	12756480439242438
1421690	1412344	9346	1151	4775912	5173914	12756480445987264
1271442	1261838	9604	3447	11657998	11894148	12756480459463706
712572	702988	9584	3099	10724936	10291396	12756480471448106
1303128	1293808	9320	1272	5154700	5416368	12756480478449466
269834	260238	9596	4199	14058046	13146078	12756480493323508
525186	515856	9330	1753	6706268	6076482	12756480501103016
1654968	1645404	9564	3094	11187778	11220918	12756480514491748
1136088	1126442	9646	2978	10237020	10355216	12756480526414386
583302	573696	9606	4698	15503234	14949246	12756480543046800
1107584	1097976	9608	3538	12510192	12003890	12756480557209814
852396	842874	9522	1790	7053324	6515944	12756480565660974
832474	823106	9368	184	2060724	1691474	12756480569100784
1666160	1656640	9520	2449	9248228	9303724	12756480580559294
637144	627662	9482	4167	13851212	13414424	12756480595596234
173732	164198	9534	2790	9836606	8831936	12756480606152726
1268466	1259174	9292	8	1660554	1600032	12756480609628546
847146	837762	9384	345	2391026	2188210	12756480613410480
1201008	1191640	9368	2434	8798372	8790482	12756480623955152
599724	590264	9460	1518	6336732	5451284	12756480631458738
906652	896862	9790	3876	13176646	12813914	12756480646086656
1582622	1573042	9580	475	2914456	3310910	12756480651129360
231346	221878	9468	628	3598332	2418022	12756480655509400
1550948	1541340	9608	3792	12717468	13209228	12756480670324062
720330	710764	9566	2114	7769678	7355192	12756480679364034
1667304	1657850	9454	2550	9217832	9606152	12756480690795162
1044888	1035552	9336	138	1913738	1763490	12756480694302972
1303666	1293958	9708	4150	13790534	14030746	12756480709942320
438114	428688	9426	2659	9356378	8702968	12756480720282198
777376	768000	9376	1973	7251064	6991170	12756480728857920
975172	965686	9486	3768	12665028	12560488	12756480743041586
1671948	1662384	9564	4173	14403114	14465958	12756480759660568
638792	629468	9324	2066	7520990	7130048	12756480768372326
1391868	1382598	9270	157	1980430	2170156	12756480772291886
736076	726526	9550	3739	12543570	12232602	12756480786115780
1677116	1667498	9618	2993	10472206	10941286	12756480798810000
1154920	1145578	9342	728	3593332	3641092	12756480804108960
806916	797594	9322	183	1997614	1665236	12756480807460146
686156	676578	9578	4562	15108556	14644850	12756480823800400
277432	267862	9570	1618	6218430	5427060	12756480830840994
228996	219684	9312	970	4472152	3438896	12756480836087034
1005524	995944	9580	4618	15739458	15132570	12756480853378468
510804	501516	9288	358	2524830	1889624	12756480856960074
1136948	1127476	9472	1157	5390240	4907584	12756480864032866
162738	147456	15282	3241	11267862	10170436	12756480876009018
1023050	1013488	9562	4692	15459706	15372878	12756480893036972
132400	123098	9302	411	3146204	1668668	12756480896860158
1395794	1386312	9482	546	3040636	3338254	12756480901843692
200316	190710	9606	3644	12824374	11412430	12756480915412288
165334	155704	9630	4623	15337894	14311088	12756480931461146
1198402	1188774	9628	2433	8725744	8787204	12756480941930852
692464	682908	9556	3730	12662096	12164768	12756480955829732
253154	243484	9670	3606	12167768	11352504	12756480968795704
1547950	1538248	9702	3548	12048178	12473398	12756480982936060
515658	506166	9492	901	4064308	3519304	12756480988066126
934652	925382	9270	193	2082606	1820892	12756480991627630
1240494	1230952	9542	897	4100314	4231214	12756480997515272
1435768	1426490	9278	687	3628000	3800518	12756481003124740
1353634	1344104	9530	4937	16189566	16437920	12756481021212492
228968	219602	9366	895	4018966	3215742	12756481026004840
1659772	1650214	9558	4204	14195260	14548844	12756481042406164
168372	158866	9506	1193	5116386	4045712	12756481048244344
1379014	1369490	9524	1157	4788976	5149766	12756481054955934
1041550	1032176	9374	1775	6659074	6663242	12756481063223110
400728	391248	9480	3359	11364296	10760898	12756481075532546
169316	159718	9598	2438	8778000	7774452	12756481085022120
412506	403128	9378	912	4486092	3450716	12756481090466958
1235582	1226014	9568	3817	12966538	12967458	12756481105213106
1498478	1489098	9380	1772	6881462	7109914	12756481114137426
1477302	1467802	9500	834	4078160	4281432	12756481120236762
400374	390862	9512	2446	8760774	8028266	12756481129943226
1067450	1057790	9660	3018	10400900	10408490	12756481141956388
1664180	1654776	9404	1080	4615392	5201690	12756481148781438
497598	488170	9428	326	2521270	1781990	12756481152352602
1531634	1522194	9440	2323	8411478	8792210	12756481162874142
877634	868288	9346	168	1856964	1687868	12756481166173758
791994	782568	9426	2089	8137152	7352774	12756481175647472
1344876	1335558	9318	2884	10339498	10283862	12756481187875680
223218	213762	9456	2153	8104478	6974238	12756481196747336
1590030	1580482	9548	2873	9998706	10497452	12756481208882620
1142566	1132982	9584	4577	15390508	15162862	12756481225964576
500128	490664	9464	2046	7493404	6930320	12756481234501412
553040	543628	9412	3282	11132246	10683332	12756481246762332
1675742	1666284	9458	2183	7891166	8516794	12756481256899666
1679736	1670242	9494	1024	4833582	5060202	12756481263963964
824920	815318	9602	3381	11548744	11250922	12756481276888510
215608	206028	9580	2619	9214186	8362790	12756481286865100
1675928	1666380	9548	2207	8028868	8588648	12756481297115560
559382	549722	9660	2764	9722134	9140192	12756481307946702
695108	685760	9348	1235	5273180	4698980	12756481314463320
460734	451162	9572	4500	14829240	14237020	12756481330297854
1115282	1105912	9370	2002	7327166	7415078	12756481339308600
904082	894554	9528	758	3604138	3480118	12756481344361902
1302688	1293248	9440	1917	7156580	7349504	12756481353365106
1668120	1658514	9606	4866	16184266	16539668	12756481371762798
654792	645412	9380	1565	6015940	5647552	12756481378982912
162542	153182	9360	2710	9484212	8582622	12756481389172440
1187990	1178522	9468	3802	13075434	12874060	12756481403983120
814950	805282	9668	3889	13450804	12764462	12756481418823100
1674004	1664642	9362	1803	6821290	7376302	12756481427864682
886754	877104	9650	3098	11197644	10466708	12756481440494598
296954	287664	9290	377	2764300	1733274	12756481444100892
1667418	1657854	9564	2894	10233666	10637446	12756481456548138
1193944	1184188	9756	1815	6775560	6933184	12756481465068332
1378568	1369190	9378	697	3504200	3773248	12756481470496528
186722	176934	9788	2187	8093486	7038014	12756481479321992
202622	193118	9504	3418	11783412	10739326	12756481491854126
1570576	1561256	9320	1080	4584198	5108538	12756481498555440
172874	163244	9630	4588	15071700	14213316	12756481514346054
1190218	1180888	9330	1679	6741254	6523880	12756481522821618
988020	978670	9350	3070	10559804	10483132	12756481534914372
680082	670700	9382	785	4039876	3336512	12756481540179160
492464	482912	9552	2971	10320742	9691670	12756481551535232
1671122	1661592	9530	1889	7317836	7632038	12756481561070066
1538902	1529354	9548	3379	11662890	11959574	12756481574821952
1559922	1550426	9496	1766	7022338	7152206	12756481583953314
996588	986994	9594	3274	11574122	11104054	12756481597073612
1461388	1452092	9296	1153	4805142	5220548	12756481603886336
866082	856694	9388	1844	7444868	6703112	12756481612742634
1114728	1105244	9484	4103	13653112	13703930	12756481628054532
555842	546298	9544	2491	9373120	8320960	12756481638527520
871254	861722	9532	2528	9214364	8744562	12756481649159432
723154	713594	9560	2361	8884594	8096812	12756481659309972
901110	891474	9636	3613	12363580	12021924	12756481673120622
1663742	1654082	9660	4592	15665974	15714084	12756481690993674
1678464	1668966	9498	3249	11649358	11711150	12756481704865564
1678636	1669134	9502	4848	15944912	16495376	12756481723038688
142752	133214	9538	965	4267188	3337360	12756481728000364
895186	885680	9506	2984	10384376	10134052	12756481739829550
306502	296974	9528	3223	10990864	10261344	12756481751673392
237902	228462	9440	2530	8976226	8118782	12756481761430554
1320770	1311368	9402	2681	9499076	9650770	12756481772817942
1658034	1648440	9594	1560	6012860	6633394	12756481781032532
988416	978788	9628	3364	11983104	11363642	12756481794552240
683220	673706	9514	3365	11467694	11063842	12756481807248220
832872	823382	9490	3213	11191882	10755082	12756481819818460
1316650	1307208	9442	1309	5289558	5556320	12756481826970448
919210	909766	9444	3605	12268826	12014534	12756481840702554
180554	171304	9250	360	2440848	1565372	12756481843863582
1671302	1661818	9484	4757	15723976	16216710	12756481861803360
1033806	1024588	9218	142	1863376	1764532	12756481865248166
454494	444954	9540	2001	7761538	6750052	12756481874009732
1095664	1086034	9630	3810	13330012	12807114	12756481888980942
1656894	1647292	9602	1020	4978386	5019146	12756481896162424
1211602	1202096	9506	3852	12987156	13047450	12756481910912200
1358330	1349000	9330	56	1588502	1831946	12756481914404958
1110496	1100956	9540	4159	14070722	13865702	12756481930130280
226560	217020	9540	3229	11097240	10200112	12756481941999100
395252	385966	9286	375	2765924	1827396	12756481945705376
861198	851848	9350	1427	5729322	5440220	12756481952842518
775968	766612	9356	3318	11288094	11013348	12756481965483166
1613786	1604434	9352	88	1665656	2187452	12756481969307884
1484408	1474946	9462	3309	11388880	11694910	12756481982730328
168544	159020	9524	4516	14969756	13991454	12756481998411244
1396602	1387100	9502	4325	14478850	14647158	12756482014828292
1397160	1387830	9330	1821	6821816	7154708	12756482023592068
1120748	1111288	9460	52	1528962	1585746	12756482026787456
627084	617544	9540	4542	15055900	14527784	12756482043015092
774674	765380	9294	291	2801124	1954140	12756482047134318
709160	699746	9414	3259	11296840	10787092	12756482059683880
1335666	1326218	9448	4029	13399280	13701888	12756482074963626
1170196	1160668	9528	4554	15546780	15108998	12756482092225856
892158	882584	9574	2045	7708962	7322156	12756482101372518
1543980	1534406	9574	2378	8729622	8969316	12756482112191280
727416	717876	9540	3803	12726362	12417016	12756482126192576
1447522	1437992	9530	2660	9772054	9716184	12756482137956402
1271148	1261606	9542	4020	13947252	13610964	12756482153720326
1682358	1672750	9608	3310	11593152	11896218	12756482167539670
310998	301434	9564	3669	12398088	11600682	12756482180800666
160056	150508	9548	3489	11943876	10911874	12756482193450386
1606600	1597380	9220	640	3270976	3829492	12756482198874480
916648	906986	9662	1712	6513912	6348008	12756482206852000
186050	176296	9754	2758	9613578	8749278	12756482217198160
1667284	1657844	9440	1168	4953864	5470084	12756482224362896
1483026	1473582	9444	780	3773858	4124944	12756482230167506
818796	809526	9270	278	2319416	1958946	12756482233851960
1194638	1185032	9606	4858	15999314	16041416	12756482251589590
343148	333524	9624	2826	9837162	9108162	12756482262314672
349876	340266	9610	2268	8278258	7444568	12756482271488640
1389208	1379636	9572	3785	12961660	13025816	12756482286385106
1416000	1406400	9600	4697	15575892	15781610	12756482303923452
656952	647386	9566	2197	8070228	7539712	12756482313196564
1665898	1656372	9526	4071	13816960	14160018	12756482329223982
409118	399472	9646	3753	12750472	11948596	12756482342931656
1366762	1357194	9568	1188	5308626	5230922	12756482350150494
586078	576596	9482	1912	7207120	6615310	12756482358489198
1314392	1304804	9588	698	3621650	3729644	12756482363970244
245996	236466	9530	2219	7989646	7194570	12756482372751508
927338	917854	9484	4056	13606274	13382106	12756482387843696
989014	979550	9464	2425	8889052	8561054	12756482398281774
600688	591358	9330	2190	8025110	7469252	12756482407467692
446186	436756	9430	308	2628270	1684534	12756482411102216
1667404	1658088	9316	2187	8466348	8526456	12756482421796016
604454	595064	9390	1406	5718136	5129110	12756482428682292
1478342	1468802	9540	1209	5031224	5414218	12756482435751406
1469172	1459574	9598	2610	9140318	9594420	12756482446920812
762222	752864	9358	201	1945392	1678876	12756482450188374
918252	908626	9626	1784	7167148	6572312	12756482458832320
1669818	1660142	9676	2659	9322100	9943764	12756482470382262
165860	156466	9394	2130	7994040	6854632	12756482479105080
1151584	1141864	9720	1284	5336722	5310932	12756482486151452
1671098	1661562	9536	2430	9197272	9259176	12756482497580096
173060	163576	9484	4695	15694392	14541224	12756482514012558
922122	912550	9572	4905	16464586	15917000	12756482531958840
761396	751846	9550	2076	7704078	7289730	12756482540983360
1012438	1003066	9372	2692	9745336	9383326	12756482552299158
971440	961822	9618	3880	13397674	12899568	12756482567228672
1453300	1443818	9482	3979	13833538	13676696	12756482583076098
628560	619108	9452	4091	14177808	13186840	12756482598439948
317148	307654	9494	551	3135820	2282128	12756482602453288
1657368	1648080	9288	1069	4586754	5172682	12756482609255640
1430168	1420716	9452	3150	11360678	11181708	12756482622610246
485578	476194	9384	3413	11561658	11014124	12756482635214502
1673438	1664074	9364	1759	6802598	7255244	12756482644270706
1663438	1653978	9460	1770	6868682	7276076	12756482653368078
863562	853788	9774	4588	15310738	14909048	12756482670106706
1160322	1150872	9450	1953	7768382	7320246	12756482679591626
1702634	1693076	9558	4215	14135270	14633888	12756482695990398
163348	153828	9520	4713	15456132	14585502	12756482712169120
1561252	1551740	9512	2835	10027080	10360688	12756482724314492
423706	414430	9276	308	2292614	1661106	12756482727597494
1309222	1299616	9606	4377	14533256	14723306	12756482743998240
160220	150846	9374	2844	9866296	8987922	12756482754581380
1195816	1186396	9420	137	1963424	1920748	12756482758298640
879600	870320	9280	1670	6506040	6191122	12756482766242880
1422122	1412672	9450	4240	14045530	14427414	12756482782270692
1412434	1402732	9702	4037	13552866	13809212	12756482797794132
268444	258920	9524	3400	11548460	10759472	12756482810169102
1016440	1007154	9286	120	2282914	1690778	12756482814026778
1677374	1667820	9554	2891	10360488	10644844	12756482826623442
1149530	1140004	9526	3402	11711508	11647460	12756482840045478
333418	323916	9502	4914	16637624	15356580	12756482857575910
1665482	1655998	9484	4014	13499332	13994716	12756482873297800
