# Loop @ Start frequency 2700000Hz took 1177.98 cycles
# Interval [1175 ; 1181]
# Q1 : 1174 ; Q3 : 1176
# Loop @ Target frequency 3000000Hz took 1058.68 cycles
# Interval [1057 ; 1060]
# Q1 : 1056 ; Q3 : 1058
# Confidence intervals do not overlap, alternatives are statistically different with selected confidence level
Change time (with write) [cycles]	Change time [cycles]	Write cost [cycles]	Wait time [us]	Time since last frequency change request [cycles]	Time since last frequency change [cycles]	Detected frequency change timestamp [cycles]
1236654	1218008	18646	3567	396040136	396333898	12756334408954676
1478102	1468618	9484	4812	16312964	16183302	12756334427027760
150796	141544	9252	907	4616850	3168924	12756334432075368
1190412	1181008	9404	3036	10850678	10579300	12756334444395240
919270	909828	9442	4996	16588176	16174862	12756334462183312
210796	201480	9316	2463	8960640	7884756	12756334471635720
264154	254754	9400	4156	14088170	13002862	12756334486267534
1291826	1282542	9284	3982	13628388	13513442	12756334501466540
1369216	1359872	9344	4075	13839076	13867458	12756334516954440
778168	768876	9292	3998	13859298	13045788	12756334531872588
1659428	1649944	9484	3427	12153612	12217942	12756334545964552
328952	319638	9314	2191	8469900	7186698	12756334555043372
190436	181154	9282	4544	15497780	14091260	12756334571009718
1227594	1218282	9312	3891	13551236	13177282	12756334586068664
240754	231356	9398	4101	14175320	12816884	12756334600764596
176646	167284	9362	3295	11472734	10342276	12756334612693106
1018690	1009200	9490	2535	9240134	8907346	12756334623229084
1601804	1592724	9080	27	1956634	1985834	12756334627068482
0	0	0	0	0	0	0
1282984	1273608	9376	4626	15562638	15427422	12756334654727422
1380724	1371448	9276	4697	15690832	15740148	12756334672079192
679236	669930	9306	4859	16451508	15524620	12756334689487818
605998	596706	9292	1572	6506050	5613660	12756334696878828
1594156	1585102	9054	447	3239306	3234746	12756334701991244
1136912	1127520	9392	3556	12226020	12083320	12756334715633640
0	0	0	0	0	0	0
356496	347098	9398	3275	11439918	10458848	12756334744812086
316258	306632	9626	1540	6233358	5225946	12756334751640596
181830	172482	9348	3078	10902840	9697652	12756334763004940
1660434	1651292	9142	1572	6604098	6667148	12756334771549732
1647668	1638356	9312	1286	5605326	5797644	12756334779082138
1414872	1405576	9296	4158	14157720	14160298	12756334794933176
823388	814378	9010	156	2225754	1593262	12756334798262466
1198434	1189322	9112	590	3611404	3267306	12756334803351264
1644398	1635140	9258	1788	7142956	7297446	12756334812416760
1377132	1367804	9328	4822	16285692	16112464	12756334830358402
1065272	1056212	9060	271	2472832	2177662	12756334834173720
185254	176170	9084	2722	10045960	8635936	12756334844684724
315816	306478	9338	3041	10783896	9720360	12756334856062668
0	0	0	0	0	0	0
1003238	993942	9296	1506	6177428	5812214	12756334871924036
1195478	1186164	9314	4306	14786292	14384118	12756334888185262
327146	317580	9566	3273	11695578	10426036	12756334900482638
0	0	0	0	0	0	0
511834	502568	9266	2294	8591178	7681388	12756334918627772
1655952	1646868	9084	1597	6404028	6736282	12756334926966850
1048694	1039304	9390	2113	7974730	7675238	12756334936269116
165696	156660	9036	412	2977696	1701338	12756334939689898
897478	888280	9198	138	2001110	1612482	12756334942866860
164240	154974	9266	3347	11734294	10481802	12756334955045052
1457384	1448302	9082	16	1949106	1808954	12756334958728554
1120078	1110770	9308	1746	6896768	6646140	12756334967023782
534064	524788	9276	4935	16664212	15604832	12756334984499906
1271612	1262334	9278	3464	12243170	11940682	12756334998292496
1343714	1334342	9372	3745	13027984	12853586	12756335012942994
1654894	1645656	9238	2732	10083442	10133318	12756335024959466
866378	857152	9226	1498	6103860	5651506	12756335032206870
0	0	0	0	0	0	0
1492790	1483414	9376	1096	5093812	5075120	12756335054169672
987314	978046	9268	1260	5673910	5061406	12756335061107584
1656102	1646842	9260	4117	14133336	14279316	12756335077174914
1172246	1163120	9126	2011	7743338	7493258	12756335086370040
1184140	1175056	9084	172	2240620	2000386	12756335090072304
1171480	1162154	9326	2268	8693160	8263172	12756335100214464
1660676	1651214	9462	4094	14039342	14213426	12756335116191968
976392	967290	9102	745	3950666	3508086	12756335121397770
458140	448982	9158	2672	9681550	8756590	12756335131815510
213582	204266	9316	3355	11769436	10556802	12756335144078284
1186708	1177452	9256	1239	5608654	5199490	12756335151151042
1040952	1031550	9402	4099	13950166	13609760	12756335166418710
277894	268430	9464	3278	11444860	10390922	12756335178420372
866416	857204	9212	2673	9691010	9168342	12756335189256634
292438	283168	9270	2143	8311470	7009476	12756335198140230
1654122	1644886	9236	1737	7101838	7155938	12756335207175740
561532	552420	9112	1406	6104476	5071492	12756335214119054
660722	651570	9152	797	4210736	3347922	12756335219270310
1604882	1595862	9020	643	3821250	3833072	12756335224976182
835052	825808	9244	3558	12545804	11784788	12756335238635066
1657744	1648466	9278	4047	13771636	14071364	12756335254341506
350028	340990	9038	882	4435120	3291954	12756335259405698
474440	465202	9238	2473	9217862	8176748	12756335269376800
0	0	0	0	0	0	0
870366	861308	9058	2540	9226106	8776958	12756335287969586
485220	476022	9198	4264	14402442	13549272	12756335303135482
537140	527770	9370	2738	10093496	9035408	12756335314042710
0	0	0	0	0	0	0
434712	425536	9176	4271	14564416	13521612	12756335341193670
166008	156818	9190	2902	10391868	9153448	12756335352028636
1058090	1048896	9194	3628	12758168	12218002	12756335366122474
277104	267892	9212	3111	11209882	9888310	12756335377890772
726984	717938	9046	266	2475690	1824816	12756335381372418
983448	974250	9198	4833	16363176	15750880	12756335398996688
1033752	1024740	9012	157	2374430	1807116	12756335402683354
0	0	0	0	0	0	0
1011208	1002010	9198	1531	6485430	5895556	12756335413863288
216948	207692	9256	3004	10630394	9510018	12756335424989760
592360	583132	9228	3731	12898020	12059198	12756335438758470
0	0	0	0	0	0	0
271300	262066	9234	3481	12242826	10992902	12756335466887880
1163680	1154510	9170	587	3493432	3221606	12756335471823728
1641766	1632448	9318	4252	14392388	14668288	12756335488137258
831678	822396	9282	3693	12902214	12185878	12756335502151000
552998	543794	9204	3638	12717822	11742518	12756335515699582
0	0	0	0	0	0	0
1371654	1362512	9142	1854	7251610	7220432	12756335536280302
776696	767678	9018	262	2498110	1864244	12756335539833616
158458	149336	9122	2312	8822122	7381550	12756335549091888
1475094	1466016	9078	533	3493432	3372060	12756335554338288
0	0	0	0	0	0	0
0	0	0	0	0	0	0
708762	699458	9304	4288	14597874	13842926	12756335587652056
861766	852456	9310	4109	14050946	13462638	12756335602844440
1218046	1208920	9126	2408	8859704	8728042	12756335613200080
1659014	1649716	9298	3027	10748122	11021430	12756335625887978
250632	241186	9446	4985	16614958	15472940	12756335643029614
155694	146540	9154	678	3863782	2486708	12756335647328272
0	0	0	0	0	0	0
0	0	0	0	0	0	0
1659168	1649902	9266	1789	6999790	7316792	12756335674813080
792256	783190	9066	914	4459378	3830564	12756335680345054
0	0	0	0	0	0	0
1008570	999278	9292	1515	6166838	5845274	12756335703145768
653874	644648	9226	1040	4798544	4070786	12756335708875728
800480	791298	9182	4496	15366566	14556578	12756335725318668
395438	386248	9190	3415	11931946	10917224	12756335737923836
1648206	1638962	9244	4104	13932498	14233960	12756335753781960
1661488	1652210	9278	3390	11785360	12110132	12756335767508782
384192	374940	9252	3186	11214620	10221832	12756335779385194
0	0	0	0	0	0	0
0	0	0	0	0	0	0
1654500	1645228	9272	4098	13951050	14219232	12756335826982730
0	0	0	0	0	0	0
158188	148862	9326	3875	13196282	12055168	12756335843925730
520796	511596	9200	4861	16245756	15370648	12756335860970686
1239308	1230118	9190	2928	10404864	10303354	12756335872894672
0	0	0	0	0	0	0
848114	839028	9086	1900	7586426	6837174	12756335884930092
0	0	0	0	0	0	0
1333388	1323986	9402	3369	11982882	11717798	12756335914542266
1457338	1448194	9144	2297	8621924	8632936	12756335924901926
1029444	1020200	9244	4406	14881818	14517578	12756335941090702
971782	962738	9044	787	4029512	3627962	12756335946372296
605972	596782	9190	3521	12285344	11446860	12756335959540440
1411900	1402822	9078	2005	7761142	7713524	12756335968992862
427388	418192	9196	1318	5794904	4674814	12756335975493652
0	0	0	0	0	0	0
660344	651314	9030	824	4057648	3426660	12756335995761018
1074370	1065296	9074	1278	5533950	5201710	12756336002648760
0	0	0	0	0	0	0
862278	853116	9162	1094	5007406	4437246	12756336019259786
1668390	1659370	9020	3047	10827752	11090900	12756336032034474
939904	930876	9028	162	2385314	1728494	12756336035636754
755342	746248	9094	1420	5875138	5308478	12756336042545400
608774	599612	9162	1616	6636842	5748418	12756336050069656
413370	404256	9114	4621	15732610	14547808	12756336066493820
744000	734874	9126	1886	7332396	6689690	12756336074848452
1068414	1059332	9082	4189	14121974	13907934	12756336090316932
344734	335634	9100	4642	15739992	14539318	12756336106679756
237730	228572	9158	2200	8230866	7124526	12756336115425830
599918	590852	9066	4100	13905418	13173020	12756336130207790
395696	386526	9170	3859	13236614	12249182	12756336144118074
1647758	1638596	9162	1704	6680982	7050396	12756336152726760
1071782	1062572	9210	4153	14094698	13804996	12756336168171744
150730	141584	9146	3768	13180988	11731864	12756336181781244
390276	381126	9150	2718	9872320	8826880	12756336192322410
1118362	1109160	9202	3756	13146174	12661142	12756336206865740
163456	154242	9214	1692	6878954	5529502	12756336214186174
431884	422584	9300	4481	15250706	14146946	12756336230146444
740490	731314	9176	1863	7472242	6617452	12756336238637564
1022036	1012754	9282	2575	9331122	9030090	12756336249268608
250056	240992	9064	1574	6619450	5263168	12756336256415870
1285596	1276494	9102	4855	16160136	16117674	12756336274139858
1287336	1278322	9014	44	1845904	1720588	12756336277550540
695970	685980	9990	4716	15937034	15112732	12756336294461660
919676	910484	9192	3488	12228204	11658842	12756336307902004
347550	338472	9078	2537	9497654	8244796	12756336318026540
797344	788166	9178	3773	13122260	12390116	12756336332222704
532270	523260	9010	320	2859976	1791788	12756336335893320
1372250	1363230	9020	1013	4684234	4713192	12756336342228330
1603424	1594416	9008	613	3746708	3747906	12756336347873636
297286	288106	9180	4795	16307452	14960446	12756336364761364
229038	219942	9096	1000	4625044	3539454	12756336369897832
1170050	1161254	8796	2181	8239640	8012894	12756336379590434
772868	763630	9238	4979	16526924	15985952	12756336397174252
1498604	1489314	9290	1799	7160116	7192096	12756336406115494
401886	392816	9070	1483	6070428	5150060	12756336412872184
583642	574472	9170	1306	5836202	4803040	12756336419575474
1338608	1329344	9264	1083	5107436	4888868	12756336426304226
648518	639360	9158	2629	9483136	8827550	12756336436717890
1119848	1110624	9224	847	4204984	3966418	12756336442324972
1376586	1367418	9168	3437	12007600	11973664	12756336455992976
678516	669344	9172	2324	8572208	7943670	12756336465527688
1236008	1226794	9214	2335	8895494	8532746	12756336475943726
1271964	1262696	9268	4813	16309250	15987344	12756336493808424
264270	255046	9224	4546	15260024	14179406	12756336509617874
1339436	1330236	9200	3083	10817814	10877824	12756336522060114
313808	304580	9228	4348	14625104	13637076	12756336537279948
415468	406414	9054	1639	6616510	5629594	12756336544594492
710446	701290	9156	4708	15709208	15111604	12756336561296618
613728	604590	9138	3991	13626066	12867522	12756336575820180
221328	212284	9044	895	4497714	3209438	12756336580823996
918758	909630	9128	130	1990638	1617466	12756336584017560
1577270	1568018	9252	3547	12524658	12502704	12756336598401488
1382146	1372954	9192	2350	8672246	8724732	12756336608741426
810964	801544	9420	3611	12635920	11928436	12756336622473296
916890	907470	9420	3071	10827660	10415952	12756336634499970
1107790	1098520	9270	3121	10986370	10758086	12756336646877940
1655992	1646760	9232	3537	12499310	12552136	12756336661313250
1653878	1644276	9602	1541	6301848	6577402	12756336669553616
443314	434024	9290	4851	16377770	15271786	12756336686659624
1541090	1531866	9224	3520	12357018	12386070	12756336700842408
518582	509214	9368	3752	13138820	12061382	12756336714781372
569694	560588	9106	1926	7674314	6644768	12756336723308392
1655750	1646514	9236	4751	16039468	16186320	12756336741289468
573376	563976	9400	2108	8138842	7190684	12756336750284156
1271066	1261868	9198	3409	11943364	11783970	12756336763779550
328976	319866	9110	1582	6343440	5374148	12756336770735666
742948	733778	9170	1307	5508936	4966022	12756336777270172
312740	303480	9260	3269	11613764	10404796	12756336789478980
721444	712392	9052	1444	6118218	5352208	12756336796600766
339722	330530	9192	367	2708002	1746866	12756336799930260
1554876	1545700	9176	4526	15450418	15411102	12756336817217314
1645050	1635714	9336	1010	4877506	4977702	12756336824023612
989560	980322	9238	3218	11532430	10929788	12756336836827170
183246	173946	9300	4507	15076434	13983354	12756336852368104
844072	834874	9198	3592	12463404	11902928	12756336865958212
372208	363046	9162	4429	15161808	13938166	12756336881776766
654286	645264	9022	2363	8665270	8037636	12756336891378746
558704	549564	9140	3697	12779064	11940998	12756336904996732
821558	812528	9030	765	4191766	3420886	12756336910299570
1318262	1308988	9274	3037	10855074	10716256	12756336922755930
1656900	1647798	9102	1186	5176254	5517948	12756336929873490
1650204	1641084	9120	2722	10052372	10105294	12756336941859326
577766	568750	9016	2586	9430394	8626398	12756336952150990
661940	652760	9180	2562	9596988	8638644	12756336962689402
1241136	1231916	9220	3618	12586584	12381226	12756336976799494
198818	189884	8934	410	2837228	1736398	12756336980126812
356006	346784	9222	4858	16446098	15205316	12756336997211898
412870	403720	9150	1582	6634884	5458676	12756337004541520
830170	821046	9124	3846	13283072	12650756	12756337018938678
540814	531636	9178	3808	13315668	12247874	12756337033078106
1243642	1234376	9266	616	3764304	3398840	12756337038369060
1003468	994246	9222	730	3810646	3498210	12756337043465240
497882	488702	9180	4975	16662474	15695110	12756337060908120
1027594	1018518	9076	3171	11396868	10828442	12756337073615932
296948	287616	9332	3263	11605582	10373438	12756337085802660
1225100	1215756	9344	3658	12639566	12480600	12756337099950480
575670	566550	9120	2970	10793516	9774882	12756337111601940
1350116	1341090	9026	1899	7313146	7341570	12756337120546968
1386564	1377474	9090	4467	15020480	15066528	12756337137247848
1016608	1007150	9458	4256	14561848	14062102	12756337153108480
791762	782550	9212	1769	7200828	6396906	12756337161383490
984354	975020	9334	4276	14389524	14090722	12756337177040384
456092	447128	8964	301	2537158	1665252	12756337180316130
494188	485030	9158	3424	11935810	11051420	12756337193035158
1214064	1205002	9062	2861	10481636	10087464	12756337205014336
361614	352376	9238	4112	14216080	12978314	12756337219877678
600304	591162	9142	4151	14046832	13334504	12756337234808516
364612	355366	9246	2256	8410604	7427216	12756337243865810
170150	161032	9118	4034	13683026	12553632	12756337257998332
488612	479452	9160	4903	16426072	15471008	12756337275196770
1504262	1495032	9230	1688	6768678	6866092	12756337283751560
1657110	1647930	9180	2109	8004522	8276670	12756337293697162
1405588	1396454	9134	1608	6666740	6528874	12756337302053212
1650452	1641398	9054	962	4695906	4840024	12756337308681982
1273466	1264240	9226	3338	11704290	11572700	12756337321943710
786548	777354	9194	735	4106504	3294148	12756337327119292
310930	301772	9158	1482	6081720	5054460	12756337333793830
986432	977332	9100	3071	10846524	10486480	12756337345911090
1341152	1331940	9212	4014	13675510	13664730	12756337361209402
167292	158236	9056	1443	6228034	4797426	12756337367888930
1300520	1291184	9336	1781	7245310	6940186	12756337376716984
875710	866596	9114	2561	9390674	8849444	12756337387267164
1395904	1386740	9164	2849	10283864	10231794	12756337399229192
1095670	1086602	9068	1244	5470420	5128024	12756337406078992
540100	531022	9078	2967	10805262	9729534	12756337417707562
484100	474958	9142	1604	6482730	5595010	12756337424957190
1424542	1415490	9052	39	1844712	1851174	12756337428510442
470702	461398	9304	1695	6724690	5853578	12756337435987676
1306454	1297312	9142	4374	14993178	14705106	12756337452572044
150640	141450	9190	3531	12226850	11027522	12756337465234502
965132	955972	9160	2513	9353538	8796812	12756337475835750
242372	233236	9136	2483	9118126	7982640	12756337485480474
1431160	1421984	9176	4695	15756452	15793260	12756337502950642
1375640	1366510	9130	2080	8059612	7912020	12756337512669978
346018	336890	9128	4985	16552792	15574110	12756337529852148
762724	753564	9160	4703	15810816	15148024	12756337546708858
1654004	1644810	9194	3532	12238648	12535480	12756337560888602
545522	536286	9236	2604	9501222	8647982	12756337571219004
204608	195388	9220	4218	14577214	13137266	12756337586282598
1560916	1551700	9216	596	3690270	3653670	12756337591816968
1654450	1645252	9198	4133	14271856	14331620	12756337608027332
148420	139280	9140	4664	15873532	14416384	12756337624332112
1314574	1305438	9136	3903	13289390	13303734	12756337639220752
1661224	1652144	9080	1905	7414346	7670082	12756337648576022
565020	555736	9284	3540	12390942	11471702	12756337661815844
1002908	993760	9148	4592	15475664	15054388	12756337678576972
1649202	1640032	9170	4918	16521200	16674402	12756337697031112
1425810	1416698	9112	1158	5370348	5199428	12756337704110342
345392	336140	9252	856	4481582	3216744	12756337709219242
1270444	1261154	9290	3235	11597018	11263166	12756337722370308
256456	247380	9076	553	3572660	2221818	12756337726480260
147580	138420	9160	3179	11290658	9972306	12756337738202304
655880	646630	9250	4849	16216312	15477032	12756337755360172
1652554	1643492	9062	4083	14052144	14181102	12756337771348252
680792	671632	9160	4279	14608904	13796312	12756337786924252
929718	920432	9286	3894	13313448	12893688	12756337801449310
386582	377332	9250	1731	6929182	5876012	12756337809046884
986366	977116	9250	2542	9519400	8903442	12756337819834510
1656548	1647332	9216	1197	5273272	5550848	12756337827047220
435344	426166	9178	4572	15408392	14427186	12756337843172876
1654852	1645702	9150	4725	15889444	16106118	12756337861000020
1652134	1642938	9196	1616	6582068	6806670	12756337869518092
719316	710142	9174	2907	10376620	9728158	12756337880898086
710514	701280	9234	2035	7903634	7110690	12756337889796228
681016	671936	9080	251	2551364	1739500	12756337893310290
1168596	1159368	9228	4439	15123528	14763830	12756337909884710
248100	238610	9490	4084	13906424	12781686	12756337924323854
1135296	1126096	9200	3836	13282996	12924826	12756337939026206
751452	742408	9044	1843	7324750	6578164	12756337947384652
232142	223122	9020	2724	9931744	8695500	12756337957831374
292122	282734	9388	2228	8310554	7270568	12756337966717406
196596	187350	9246	4334	14609136	13474170	12756337981804968
612956	603732	9224	220	2294670	1581336	12756337984995690
445212	436386	8826	2469	9294364	8142332	12756337995018896
1125696	1116452	9244	4381	15018318	14548574	12756338011444954
597704	588470	9234	3324	11674522	10854848	12756338024001898
1194678	1185418	9260	1701	7000662	6596080	12756338032479270
1472428	1463154	9274	2389	8939654	8931172	12756338043175286
1572908	1563868	9040	1254	5664762	5637788	12756338050698206
951518	942388	9130	1146	5117044	4693624	12756338057050252
220782	211692	9090	1524	6473388	5091042	12756338064029254
232488	223274	9214	2838	10410620	9035948	12756338074956048
1114504	1105364	9140	757	3954904	3691056	12756338080306458
707288	698198	9090	1387	5795096	5165926	12756338087094206
729560	720238	9322	1916	7643876	6774052	12756338095750980
1324354	1315310	9044	778	3967180	3961860	12756338101325958
863840	854672	9168	3625	12603858	12024686	12756338115075780
905562	896494	9068	1366	5934938	5305140	12756338122198774
1509298	1500098	9200	4116	13927926	14136818	12756338137919636
1121674	1112448	9226	3541	12275862	12030852	12756338151601616
856434	847262	9172	2343	8646798	8179154	12756338161389592
900714	891528	9186	138	2255792	1622590	12756338164827798
1081246	1072024	9222	3398	12076200	11560446	12756338178266906
1319524	1310506	9018	577	3498856	3355712	12756338183368646
675622	666454	9168	4330	14734898	13944792	12756338199063052
924450	915378	9072	1997	7829414	7212386	12756338208099048
1195522	1186374	9148	751	4102580	3765508	12756338213679466
483746	474752	8994	304	2706418	1703280	12756338217154764
1436348	1427002	9346	1683	6842250	6782344	12756338225718442
1400732	1391674	9058	24	1725604	1782422	12756338229127606
943396	934120	9276	4052	14032710	13380196	12756338244389018
262190	252954	9236	1074	4915068	3785730	12756338249849202
710794	701700	9094	192	2471692	1595820	12756338253314692
504974	495734	9240	1046	4754416	3945524	12756338258855234
716818	707770	9048	1820	7190260	6472858	12756338267046168
969806	960608	9198	1357	5974178	5342546	12756338274272590
174618	165558	9060	503	3346990	1991184	12756338278077512
532544	523290	9254	3001	10594462	9823940	12756338289488262
296458	287258	9200	4432	14945868	13869272	12756338305009822
537624	528324	9300	3206	11262484	10442956	12756338317093864
254106	244748	9358	901	4429064	3260912	12756338322059930
529380	520094	9286	4711	15875238	14937280	12756338338748298
256110	246922	9188	1660	6623234	5535392	12756338345912394
754418	745356	9062	689	3968964	3124532	12756338350918010
151172	141974	9198	3718	12827078	11587586	12756338364180954
1300278	1291144	9134	4450	15229504	14928034	12756338380994868
965752	956500	9252	3635	12792122	12154366	12756338395035304
973086	963966	9120	1159	5095048	4750234	12756338401387616
1435346	1426044	9302	4807	16041928	16131082	12756338419160794
1655192	1645980	9212	4644	15659856	15863224	12756338436757402
438048	428920	9128	339	2694942	1762342	12756338440173280
572362	563310	9052	3398	11995314	11052574	12756338453021452
1658948	1649836	9112	1625	6673154	6831366	12756338461635178
1430820	1421704	9116	3388	11834632	11880846	12756338475180438
177130	168090	9040	2588	9606998	8234316	12756338485248894
733136	723912	9224	4440	14902270	14324648	12756338501179486
577342	568036	9306	2426	9160808	8142364	12756338511196594
632692	623552	9140	1390	5838058	5095774	12756338517947056
1533078	1523960	9118	517	3188210	3382330	12756338522947668
1453702	1444370	9332	3612	12435310	12567362	12756338537114532
1469842	1460604	9238	3997	13862000	13734432	12756338552723722
674360	665172	9188	1515	6213666	5509178	12756338559889320
1150746	1141546	9200	4807	16065640	15841358	12756338577383396
208302	199086	9216	2226	8327768	7172532	12756338586197874
147664	138508	9156	2777	10167850	8761448	12756338596791868
620148	610934	9214	1518	6150024	5464190	12756338603839812
148122	138880	9242	4911	16524282	15149714	12756338620789504
1502116	1493090	9026	1246	5383028	5534442	12756338627952720
883270	874160	9110	3597	12660636	11950228	12756338641774670
1403384	1394272	9112	3397	11834088	11872358	12756338655289906
850378	841196	9182	1898	7256426	6831232	12756338663673720
1035692	1026554	9138	3990	13638820	13279580	12756338678626032
1506216	1497104	9112	1573	6605334	6514726	12756338687015854
807282	798072	9210	2998	10890914	10102154	12756338698991786
0	0	0	0	0	0	0
200330	191286	9044	903	4531716	3205598	12756338719882950
147606	138470	9136	4058	14040746	12594694	12756338734348704
1659092	1649906	9186	2849	10124798	10489416	12756338746410204
521742	512582	9160	2038	7842998	6921910	12756338755053720
1097784	1088348	9436	2576	9315732	9110584	12756338765745736
982696	973540	9156	1794	6950318	6655646	12756338773956930
719168	709910	9258	3309	11803994	10922830	12756338786757408
147376	138298	9078	1021	4871848	3504822	12756338792054766
527290	518058	9232	2521	9439814	8373872	12756338802299270
1111012	1102002	9010	256	2562044	2180496	12756338806250030
1658678	1649532	9146	1647	6570502	6891108	12756338814758820
975240	966016	9224	3051	11025352	10411054	12756338827037594
1179152	1170128	9024	82	1955362	1726048	12756338830449950
816086	806796	9290	3606	12621656	11910664	12756338844165476
1195488	1186174	9314	1823	7145690	6953940	12756338852784398
159030	149602	9428	2797	10192994	8829582	12756338863414254
1018460	1009260	9200	2847	10166386	9844006	12756338874877554
413546	404366	9180	4533	15463914	14282530	12756338891032924
930182	920992	9190	2314	8828652	8158250	12756338901069984
734454	725098	9356	1416	6079060	5275122	12756338908161956
1048408	1039086	9322	4815	16008010	15761908	12756338925496586
1161878	1152676	9202	1925	7403204	7225684	12756338934340348
921240	912258	8982	804	4103696	3630248	12756338939642550
247448	238302	9146	3314	11558686	10466760	12756338951727480
1403536	1394428	9108	3590	12427124	12450768	12756338965836840
1659608	1650492	9116	4213	14500274	14568784	12756338982275542
0	0	0	0	0	0	0
253348	244286	9062	2107	8207296	6860118	12756339008787138
1594120	1585126	8994	466	2981404	3292356	12756339013638594
759576	750570	9006	165	2218148	1556112	12756339016895394
745572	736428	9144	3640	12626018	11941514	12756339030543956
534808	525766	9042	929	4569398	3617402	12756339035926900
300298	291158	9140	4618	15675824	14424348	12756339052195316
1276484	1267362	9122	3585	12599336	12305174	12756339066349306
1380544	1371534	9010	169	2198648	2190788	12756339070206416
0	0	0	0	0	0	0
0	0	0	0	0	0	0
1564152	1555048	9104	1222	5404534	5524786	12756339097652370
664016	655072	8944	256	2402048	1731710	12756339100996210
1275144	1266032	9112	2861	10460874	10141530	12756339113010262
703682	694584	9098	1736	7094520	6201162	12756339121085296
802326	793332	8994	747	4085602	3340710	12756339126250924
1324914	1315832	9082	4831	16194716	16084476	12756339144048594
1103580	1094420	9160	3066	10869486	10583038	12756339156298670
1305552	1296342	9210	3173	11280888	11104000	12756339169163674
302542	293616	8926	840	4422748	3118818	12756339174167420
1655720	1646598	9122	3440	12026386	12249926	12756339188126710
1190342	1181228	9114	639	3812572	3404942	12756339193407720
150732	141582	9150	4969	16691882	15323948	12756339210529010
1657336	1648120	9216	2874	10219758	10560298	12756339222684398
1172552	1163398	9154	2794	10192356	9838798	12756339234326812
1121908	1112732	9176	1947	7644618	7251688	12756339243371602
1314394	1304580	9814	3675	12785678	12615522	12756339257750512
266604	257424	9180	2683	9927300	8597400	12756339268222402
314090	304960	9130	2129	8285118	6987462	12756339277101932
1200782	1191792	8990	1178	5423018	5028438	12756339284004390
1661084	1651830	9254	4357	14936800	15003766	12756339300880714
1391916	1382894	9022	2768	9994766	9979424	12756339312547354
1566378	1557396	8982	1728	6829708	7041762	12756339321221640
0	0	0	0	0	0	0
1190226	1181118	9108	2397	9016596	8665130	12756339338820828
197516	188366	9150	4420	15133272	13725608	12756339354429798
1346594	1337320	9274	4668	15761576	15618594	12756339371815392
616208	607132	9076	2509	9413842	8427808	12756339382122820
785226	776006	9220	2084	7986762	7326964	12756339391174764
1534884	1525742	9142	1008	4914404	4852918	12756339397904272
437076	428102	8974	989	4681848	3698136	12756339403304066
1660448	1651188	9260	2209	8509124	8575660	12756339413751542
572940	563718	9222	2132	8236002	7257534	12756339422836942
1479632	1470652	8980	529	3483386	3363898	12756339428077320
809238	800130	9108	1889	7548996	6764348	12756339436714890
1508338	1499360	8978	480	3056452	3247426	12756339441559098
923330	914154	9176	1836	7291972	6718768	12756339450054618
1089882	1080766	9116	3609	12452558	12193122	12756339463874774
713146	703960	9186	3931	13399406	12778788	12756339478268020
0	0	0	0	0	0	0
1194780	1185738	9042	83	2148706	1744424	12756339488548402
1440570	1431364	9206	1970	7510456	7637022	12756339497778892
409754	400744	9010	897	4589744	3396938	12756339503057186
971650	962638	9012	3170	11385288	10761054	12756339515692428
1369768	1360668	9100	4614	15498906	15479166	12756339532838928
1133768	1124586	9182	4075	13809820	13631926	12756339548061178
490316	481158	9158	1936	7694622	6587068	12756339556525180
208914	199788	9126	3810	13288030	11912670	12756339570301428
687512	678322	9190	4699	15731280	15053432	12756339586998600
463386	454284	9102	2703	9681788	8857564	12756339597423214
157972	148852	9120	571	3398008	2171080	12756339601257004
650008	641018	8990	2121	8132434	7299184	12756339610317716
695970	686782	9188	204	2356520	1608290	12756339613649894
1587814	1578850	8964	653	3791902	3846048	12756339619306382
364188	354914	9274	4899	16445776	15329964	12756339636393412
1137894	1128678	9216	1951	7516076	7279078	12756339645325788
841424	818012	23412	1533	6357902	5791054	12756339652804882
810852	801732	9120	875	4312110	3732170	12756339658218340
0	0	0	0	0	0	0
332512	323204	9308	1624	6515092	5494704	12756339673689222
0	0	0	0	0	0	0
452870	443702	9168	2530	9473538	8327902	12756339699189460
534304	525318	8986	287	2705134	1693870	12756339702706702
0	0	0	0	0	0	0
1540986	1531814	9172	4637	15705168	15721694	12756339729021334
924324	915114	9210	3099	11172918	10499880	12756339741396974
888812	879412	9400	3072	10830292	10385926	12756339753395910
0	0	0	0	0	0	0
880540	871320	9220	2320	8682458	8127340	12756339779138578
302632	293482	9150	3691	12980110	11652292	12756339792699172
0	0	0	0	0	0	0
1301248	1292154	9094	1689	6956268	6659886	12756339814606196
0	0	0	0	0	0	0
229920	220640	9280	3330	11759688	10497938	12756339841315018
1398384	1389000	9384	3527	12278078	12258648	12756339855269102
1230254	1221014	9240	4512	15189442	15036000	12756339871969062
1558320	1549158	9162	4272	14697942	14658630	12756339888503662
1108700	1099626	9074	2431	9068238	8687248	12756339898960218
1256696	1247646	9050	1271	5523318	5361776	12756339906018864
551168	542126	9042	270	2562070	1660528	12756339909410630
1303514	1294352	9162	1835	7252552	7097094	12756339918243732
844202	834968	9234	2272	8525094	7949282	12756339927891480
410954	401754	9200	1381	5877796	4847260	12756339934458664
800550	791450	9100	2583	9480370	8836296	12756339945018174
0	0	0	0	0	0	0
789408	780134	9274	4268	14565506	13865750	12756339976190078
446074	436856	9218	2526	9410210	8308518	12756339986324838
1194736	1185550	9186	4175	14392358	13994086	12756340002190714
1102934	1093716	9218	1343	5735458	5424672	12756340009308836
817878	808814	9064	2034	7885318	7207836	12756340018292756
1220192	1211168	9024	894	4514838	4199788	12756340024306822
408122	398754	9368	3835	13312822	12189066	12756340038306596
380008	370642	9366	1528	6403188	5254802	12756340045368682
166704	157328	9376	3525	12367398	11019274	12756340058180482
1130612	1121356	9256	2292	8770582	8294434	12756340068359606
0	0	0	0	0	0	0
685718	676454	9264	1282	5517776	4823776	12756340078784886
540174	531108	9066	1609	6455040	5657492	12756340086058792
359058	349706	9352	4497	15361182	14119888	12756340102057338
0	0	0	0	0	0	0
1683820	1674322	9498	1225	5567310	5651086	12756340117744980
919386	910022	9364	3580	12351982	11934846	12756340131289684
587346	578234	9112	371	2911762	2000604	12756340135066924
0	0	0	0	0	0	0
1451676	1442368	9308	2381	8768100	8880690	12756340155346170
619952	610696	9256	2057	7992836	7080190	12756340164238440
0	0	0	0	0	0	0
416870	407520	9350	2149	8335428	7151218	12756340187029788
553682	544438	9244	4944	16697714	15654548	12756340204561342
0	0	0	0	0	0	0
646952	637596	9356	4539	15322612	14532686	12756340234811164
694956	685872	9084	192	2218792	1572028	12756340238001750
1651022	1641696	9326	2481	9322680	9378138	12756340249253400
1589830	1580464	9366	4389	14832572	15028052	12756340265955472
0	0	0	0	0	0	0
322194	312954	9240	3720	12863786	11759608	12756340291800506
1172080	1162388	9692	4840	16122198	15959870	12756340309371750
898420	889240	9180	701	3811120	3299040	12756340314362640
219144	209936	9208	4793	16071838	14866452	12756340330934484
1661704	1652814	8890	2731	9810370	10136672	12756340342684554
1577918	1568658	9260	3654	12604384	12815640	12756340357146330
161774	152518	9256	3423	11839420	10707338	12756340369425748
829934	820694	9240	3618	12711354	11961726	12756340383244684
553462	544420	9042	937	4674408	3658022	12756340388750540
614344	605282	9062	2350	8810888	7950708	12756340398466466
202628	193448	9180	523	3252772	2071068	12756340402197000
1437436	1428430	9006	45	1946414	1873452	12756340405859010
210346	201386	8960	445	2982724	1844910	12756340409330780
1594126	1585276	8850	445	3229132	3229636	12756340414431750
550928	541624	9304	4271	14449854	13634876	12756340429711858
1079766	1070540	9226	4308	14573460	14277198	12756340445642200
895194	885940	9254	4659	15845874	15143756	12756340462660784
1598952	1589916	9036	598	3466954	3689908	12756340468006630
701332	692012	9320	2719	9869472	9140990	12756340478856070
774300	764976	9324	2527	9389288	8640906	12756340489299490
1554408	1544998	9410	2390	8801990	9010266	12756340499935308
0	0	0	0	0	0	0
0	0	0	0	0	0	0
0	0	0	0	0	0	0
0	0	0	0	0	0	0
1192344	1183336	9008	126	1987418	1873002	12756340540758574
1195246	1186256	8990	87	1939820	1757240	12756340544173350
979490	970188	9302	3824	13342620	12726102	12756340558775440
1162554	1153164	9390	3739	12828764	12654474	12756340573046114
1656278	1646980	9298	3153	11064462	11394944	12756340586044222
336682	327668	9014	318	2848576	1590512	12756340589510302
1169606	1160322	9284	2058	7911052	7631306	12756340598870004
1156420	1147116	9304	3238	11625078	11150210	12756340611929768
539918	530922	8996	312	2553762	1777510	12756340615302840
0	0	0	0	0	0	0
750916	741598	9318	3223	11324984	10699670	12756340640199310
583244	574162	9082	243	2637220	1619728	12756340643712922
1599242	1590130	9112	467	3301158	3306452	12756340648898070
540004	530698	9306	4652	15616526	14772284	12756340665338338
605378	596032	9346	4695	15890794	14967162	12756340682116052
567126	558064	9062	762	4152522	3158368	12756340687117888
278282	268586	9696	963	4575944	3471966	12756340692255120
534416	525400	9016	400	3077580	2040392	12756340696150734
730716	721336	9380	3189	11345508	10584496	12756340708507174
367174	357810	9364	4682	15652638	14687356	12756340724811054
862570	853386	9184	1819	7037512	6614768	12756340732995270
762170	752956	9214	895	4586068	3750956	12756340738629294
494766	485782	8984	320	2623220	1761166	12756340742031170
1051750	1042362	9388	3966	13778156	13232776	12756340757142654
810960	801702	9258	714	4042860	3255148	12756340762280110
1571438	1562080	9358	2764	10105972	10151660	12756340774240030
1428920	1419690	9230	1471	6028680	6140596	12756340781980818
1622454	1613300	9154	1798	7076576	7322118	12756340790961562
756470	747250	9220	3201	11204794	10645628	12756340803204442
1305776	1296438	9338	1900	7599472	7302036	12756340812394288
248556	239324	9232	4672	15792314	14539560	12756340828716858
825432	816406	9026	153	2085914	1594376	12756340831909554
404392	395272	9120	3198	11293044	10286172	12756340843891110
1325402	1316372	9030	588	3665676	3393944	12756340849166782
356972	347666	9306	2721	9985068	8811310	12756340859792880
1660838	1651780	9058	1103	5147340	5269550	12756340866885022
530068	520810	9258	2384	8792226	7976130	12756340876489788
153876	144576	9300	2908	10336138	9166040	12756340887265180
401798	392816	8982	372	2957928	1825780	12756340890910018
680952	671694	9258	3139	11218124	10384844	12756340903091942
564540	555320	9220	1263	5415862	4655856	12756340909356414
635108	625874	9234	2561	9378030	8607438	12756340919650738
783874	774790	9084	1519	6374038	5638984	12756340927090252
1279626	1270454	9172	1868	7440286	7180632	12756340936094784
413582	404350	9232	3472	12121072	11114372	12756340948912282
316426	307262	9164	4907	16590166	15311322	12756340966102204
167434	158176	9258	4167	14193322	12946574	12756340980747096
434426	425392	9034	951	4736478	3589906	12756340986200830
1135254	1126030	9224	1851	7151540	6984784	12756340994770038
1269020	1259806	9214	1590	6368950	6337662	12756341002691284
1595150	1586124	9026	589	3403298	3667864	12756341007973714
707996	698970	9026	195	2399416	1601230	12756341011363428
1468782	1459678	9104	2721	9974014	9922234	12756341023099136
961834	952782	9052	2067	7811838	7459132	12756341032163486
1562848	1553680	9168	2388	8737630	9017670	12756341042748892
551820	542308	9512	4887	16456526	15488306	12756341060039418
148030	138720	9310	4998	16861962	15415878	12756341077332662
1650212	1641128	9084	1048	4738292	5095756	12756341084000610
248344	239316	9028	388	3063522	1720034	12756341087593886
1546828	1537608	9220	4060	13905872	14008976	12756341103330210
754534	745382	9152	918	4444296	3811308	12756341108811046
1681546	1672232	9314	3950	13580466	13812336	12756341124355406
916256	907002	9254	3299	11504776	11099068	12756341137058126
388812	379592	9220	2518	9157560	8234262	12756341146886156
314550	305276	9274	1972	7805318	6525296	12756341155287794
1007518	998350	9168	2965	10642036	10193108	12756341167219128
323982	314600	9382	4362	14906768	13690456	12756341182733160
380736	371348	9388	4345	14661804	13694386	12756341198056740
770532	761430	9102	252	2664658	1835924	12756341201774702
156786	147466	9320	2260	8515184	7231480	12756341210732244
1351564	1342282	9282	3056	10964952	10807838	12756341223329966
1473922	1464698	9224	1249	5568672	5521572	12756341230653270
1356804	1347586	9218	3482	12069198	12086166	12756341244363304
123374	114326	9048	578	3526414	2161306	12756341248295698
470010	460592	9418	3726	12814242	11929832	12756341261861962
205260	195974	9286	432	2970402	1806960	12756341265320392
1005226	996138	9088	1476	6184260	5731332	12756341272791570
326400	317120	9280	1578	6339232	5356422	12756341279741662
329844	320444	9400	2249	8552098	7369890	12756341288906422
1484928	1475670	9258	4532	15374574	15358330	12756341306049528
1154328	1145302	9026	38	2020178	1578070	12756341309507940
1006036	996640	9396	701	3769106	3414416	12756341314564278
1246686	1237412	9274	2883	10306086	10184852	12756341326399556
151242	141916	9326	3978	13514348	12365676	12756341340346430
378340	369130	9210	3495	12129612	11148110	12756341353137722
472230	463062	9168	3730	13008000	11945480	12756341366903220
356840	347660	9180	4538	15492162	14248760	12756341383036302
1017058	1007754	9304	1181	5458222	4862794	12756341389796022
154242	144832	9410	2714	9746808	8585716	12756341399979986
1653042	1643944	9098	1225	5280844	5627388	12756341407198282
721052	712010	9042	2628	9615132	8895448	12756341417815850
1319390	1310128	9262	4001	13657296	13603516	12756341433076480
1108512	1099350	9162	1268	5554958	5213750	12756341440021650
1277560	1268222	9338	1116	5230382	4926316	12756341446811014
1457666	1448316	9350	4282	14441536	14579746	12756341462994206
1471166	1461930	9236	493	3377994	3257654	12756341468128504
1292934	1283842	9092	556	3565960	3267082	12756341473268674
329478	319994	9484	4864	16352806	15194816	12756341490232728
1409328	1400000	9328	3641	12694628	12615496	12756341504636970
708794	699434	9360	3694	12874894	12072722	12756341518502932
535018	525734	9284	3797	13008024	12208148	12756341532329962
727442	718362	9080	360	2701898	2115568	12756341536042040
1658218	1648960	9258	3414	11915294	12186930	12756341549899162
1436550	1427372	9178	2952	10529770	10580892	12756341562157854
816584	807392	9192	4922	16350820	15858046	12756341579609134
1603208	1593944	9264	998	4826408	4900754	12756341586321622
732184	723114	9070	2081	8034484	7270258	12756341595372168
1435000	1425964	9036	121	2105346	2107104	12756341599196572
818542	809512	9030	741	4048928	3347450	12756341604347380
862952	853642	9310	2532	9457434	8750744	12756341614950812
1019728	1010498	9230	1722	7061936	6483464	12756341623317056
1124428	1115434	8994	58	2038750	1607090	12756341626761922
1441722	1432456	9266	1754	6947762	7001824	12756341635435374
408274	399182	9092	2074	8104538	6926020	12756341644230652
972870	963602	9268	2597	9691732	9055864	12756341655177564
881080	871824	9256	2080	8077238	7415534	12756341664420662
1306538	1297240	9298	1836	7290132	7108422	12756341673301080
1338544	1329450	9094	130	2199390	2037702	12756341677122152
903930	894676	9254	2069	7938142	7404794	12756341686246858
1571486	1562224	9262	2678	9891242	9894860	12756341697991148
302668	293334	9334	4911	16441316	15311874	12756341715017908
226212	216948	9264	1080	5194264	3767324	12756341720720846
150972	141936	9036	967	4795222	3355874	12756341725948954
840972	831658	9314	2463	9273176	8521402	12756341736347966
375816	366700	9116	1022	4869478	3744074	12756341741874648
1176612	1167394	9218	3603	12689270	12270720	12756341756023752
472398	463330	9068	1355	5960266	4837572	12756341762741980
906458	897238	9220	3710	12937898	12319862	12756341776868576
151226	142000	9226	4999	16866858	15424162	12756341794166514
1173120	1163834	9286	3502	12144740	11961994	12756341807767628
1013578	1004602	8976	163	2192050	1810422	12756341811253380
1650626	1641450	9176	2809	10173234	10368818	12756341823359210
1646490	1637238	9252	1627	6744866	6842524	12756341832031582
765744	756288	9456	2610	9625736	8887782	12756341842703386
1641642	1632320	9322	3908	13324598	13649408	12756341857954260
529050	520002	9048	288	2599290	1703462	12756341861363940
1374116	1364916	9200	3458	12255232	12033218	12756341875281956
616146	607172	8974	299	2642776	1821698	12756341878824836
450546	441474	9072	986	4678104	3709692	12756341884238104
261602	252354	9248	2761	10061324	8834762	12756341894841532
786148	776972	9176	3415	12145554	11315832	12756341908055932
1252334	1243076	9258	1169	5253872	5061298	12756341914843166
765230	755908	9322	2529	9196422	8642004	12756341925088632
312744	303406	9338	2766	10091194	8901514	12756341935775664
1104058	1094832	9226	3818	13070998	12840120	12756341950232650
1073804	1064532	9272	1750	6949388	6620312	12756341958537656
147706	138642	9064	2372	8741154	7559142	12756341967709554
1208760	1199508	9252	1229	5298198	5197800	12756341974499002
302006	292776	9230	4289	14723292	13447106	12756341989807818
897386	888116	9270	3973	13519402	13099046	12756342004508784
302026	292796	9230	3125	11244732	9962356	12756342016336958
930120	920938	9182	1993	7814328	7204234	12756342025363132
1607276	1598160	9116	1045	4844358	5044208	12756342032097980
462832	453462	9370	4853	16430896	15298426	12756342049273106
1531816	1522742	9074	533	3330910	3436662	12756342054418440
121048	111962	9086	615	3694806	2272590	12756342058517572
345390	336378	9012	392	3078112	1827940	12756342062222632
649022	639750	9272	1915	7634172	6688982	12756342070789674
1047354	1038032	9322	3939	13466896	13146292	12756342085586934
890432	881114	9318	2399	9074168	8380936	12756342095833334
1493024	1484000	9024	503	3234778	3309178	12756342100844418
1230156	1220884	9272	766	3892732	3833894	12756342106250154
721832	712846	8986	256	2570524	1798132	12756342109824136
312996	303646	9350	2662	9570184	8589086	12756342119992304
1299632	1290380	9252	4682	15711704	15623110	12756342137287170
1656796	1647526	9270	2947	10727552	10787796	12756342149954214
204626	195360	9266	3937	13692992	12297338	12756342164136938
1086674	1077330	9344	1218	5552540	5041600	12756342171058728
172296	163028	9268	367	2944120	1579508	12756342174460046
221018	211714	9304	4643	15614054	14425326	12756342190577696
794198	784784	9414	3985	13670134	13029810	12756342205325242
1311576	1302094	9482	1715	6995470	6751542	12756342213914546
1658400	1649256	9144	948	4597420	4804996	12756342220453634
964680	955512	9168	1741	6762716	6485178	12756342228529120
759280	749966	9314	3084	10856328	10299266	12756342240427144
380374	371132	9242	1612	6635952	5515656	12756342247727966
1263270	1254216	9054	82	1976214	1819644	12756342251250544
1302968	1293964	9004	541	3524092	3231480	12756342256360252
1449616	1440448	9168	1064	4822844	4943610	12756342262935720
803442	794226	9216	1438	5980180	5416822	12756342270002216
925372	916058	9314	4076	14031868	13435570	12756342285241350
1431256	1422248	9008	224	2363354	2409462	12756342289320660
291846	282652	9194	447	3039188	1938106	12756342292934004
965846	956732	9114	757	4173200	3541082	12756342298357826
1100814	1091530	9284	4618	15629474	15233478	12756342315369772
254038	244832	9206	436	3125688	1870380	12756342319033310
510520	501166	9354	3427	11935992	11077346	12756342331764168
543050	533998	9052	270	2448064	1660752	12756342335038050
978746	969394	9352	3861	13468210	12844178	12756342349764906
1087094	1077854	9240	2504	9135214	8891346	12756342360270538
1196490	1187342	9148	748	4081410	3743320	12756342365830050
204338	195122	9216	979	4606392	3445966	12756342370925456
884260	874890	9370	2357	8832894	8248586	12756342380925288
1132508	1123488	9020	43	2038286	1570284	12756342384378938
148538	139334	9204	4633	15636760	14323052	12756342400448542
1209088	1200026	9062	2468	9083896	8905022	12756342411023510
1666800	1657500	9300	1151	5354562	5420710	12756342418329030
1584568	1575270	9298	3447	12044410	12208468	12756342432241612
396876	387582	9294	3099	11110728	9982090	12756342444031140
1331066	1321764	9302	1272	5651576	5446932	12756342451295276
699780	690542	9238	4199	14392812	13576240	12756342466670092
1649736	1640454	9282	1753	6990324	7207130	12756342475593094
716488	707244	9244	3094	10972124	10286028	12756342487565238
1182310	1173090	9220	2978	10667070	10405628	12756342499697510
1657904	1648652	9252	4698	15702012	16029572	12756342517340362
1281948	1272708	9240	3538	12399700	12178610	12756342531303388
210466	201066	9400	1790	7043744	5878874	12756342538839544
721170	712100	9070	184	2197038	1580928	12756342542040892
1652868	1643654	9214	2449	8933430	9307716	12756342552908928
869020	859786	9234	4167	14282806	13649708	12756342568343730
1565138	1556012	9126	2790	10202470	10226042	12756342580391932
1395498	1386590	8908	8	1890142	1730032	12756342583959290
451256	442194	9062	345	2945726	1794148	12756342587637138
158672	149452	9220	2434	8937712	7751634	12756342597017694
421948	412688	9260	1518	6450524	5273262	12756342604170626
1340056	1330836	9220	3876	13451584	13250042	12756342619242150
147588	138610	8978	475	3264712	1881530	12756342622940102
1148312	1139296	9016	628	3784508	3336860	12756342628154814
538580	529342	9238	3792	13040292	12198110	12756342642015860
688538	679494	9044	2114	8176268	7325068	12756342651162442
1151850	1142652	9198	2550	9491926	9094142	12756342662088982
991468	982334	9134	138	2318774	1713254	12756342665681666
987600	978228	9372	4150	14055310	13718548	12756342681010490
1174514	1165124	9390	2659	9662034	9441182	12756342692127472
380872	371676	9196	1973	7813742	6597124	12756342700605834
188300	179172	9128	3768	13035138	11775838	12756342714111802
1536412	1527048	9364	4173	14409376	14335350	12756342730340602
1076750	1067446	9304	2066	7937296	7568134	12756342739637844
933132	924152	8980	157	2211854	1711632	12756342743064750
960184	950940	9244	3739	13094844	12460532	12756342757400874
1650402	1641276	9126	2993	10682012	10935700	12756342770017820
1209516	1200306	9210	728	4084134	3696686	12756342775592646
741214	732242	8972	183	2353368	1598712	12756342778970272
0	0	0	0	0	0	0
0	0	0	0	0	0	0
332680	323458	9222	970	4541020	3537374	12756342808008952
1190844	1181560	9284	4618	15499548	15315776	12756342824977818
298032	289000	9032	358	2772888	1672350	12756342828329020
240434	231258	9176	1157	5080792	4003350	12756342833930922
260766	251416	9350	3241	11443300	10261418	12756342845913956
1148210	1139000	9210	4692	15876206	15494902	12756342863217524
1597784	1588778	9006	411	3145270	3130686	12756342868240196
1405592	1396644	8948	546	3298802	3342970	12756342873225704
837452	828180	9272	3644	12713002	12046546	12756342887056470
151028	141906	9122	4623	15738932	14290582	12756342903226120
1106348	1097312	9036	2433	8986504	8691756	12756342913597106
1068398	1059268	9130	3730	12907876	12536762	12756342927853282
0	0	0	0	0	0	0
1337530	1328250	9280	3548	12254160	12256032	12756342954855000
340190	331094	9096	901	4333082	3339044	12756342959807582
780316	771242	9074	193	2439194	1658544	12756342963306434
950030	940932	9098	897	4332228	3938780	12756342968866402
985588	976566	9022	687	4008108	3345208	12756342974139476
1005782	996582	9200	4937	16674030	16084020	12756342992099160
590188	581080	9108	895	4582878	3571100	12756342997549668
695206	685986	9220	4204	14425340	13579962	12756343012948444
1045866	1036630	9236	1193	5207984	4915850	12756343019482440
1277162	1267914	9248	1157	5280606	5042654	12756343026319072
1197608	1188562	9046	1775	6996950	6812446	12756343034793210
1438652	1429498	9154	3359	11637190	11796130	12756343048149232
629832	620520	9312	2438	9026388	8227902	12756343058084890
419580	410230	9350	912	4628816	3451590	12756343063411510
174802	165478	9324	3817	13140028	11900880	12756343077005902
1292574	1283302	9272	1772	7201372	6899194	12756343085779582
0	0	0	0	0	0	0
1367168	1357830	9338	2446	9217242	8989392	12756343102054710
250842	241602	9240	3018	10805828	9587224	12756343113388916
208078	198764	9314	1080	5065414	3742734	12756343118939896
505298	496228	9070	326	2608410	1783082	12756343122331770
150132	140870	9262	2323	8586814	7405310	12756343131347370
1325918	1316858	9060	168	2148852	2130806	12756343135100010
590244	581050	9194	2089	8093110	7146778	12756343144061378
1653436	1644202	9234	2884	10270454	10587534	12756343156264174
799096	789990	9106	2153	8058238	7545210	12756343165400174
164310	154994	9316	2873	10231338	9065364	12756343176072568
0	0	0	0	0	0	0
672032	662946	9086	2046	7799276	7097906	12756343201630890
629044	619894	9150	3282	11467016	10754720	12756343214008454
1346010	1336876	9134	2183	8426022	8180692	12756343224072254
669728	660420	9308	1024	4915834	4052794	12756343229935502
1446276	1436944	9332	3381	12029496	11869294	12756343243689296
915788	906540	9248	2619	9471350	9057212	12756343254355230
205566	196310	9256	2207	8509840	7114266	12756343263351000
1642936	1633730	9206	2764	10042314	10218288	12756343275314378
1506016	1496808	9208	1235	5597216	5505958	12756343282695708
1658342	1649146	9196	4500	15082460	15429784	12756343299716004
527262	518140	9122	2002	7626208	6821832	12756343308150300
909060	899796	9264	758	3947524	3490384	12756343313284794
0	0	0	0	0	0	0
872018	862842	9176	4866	16167054	15738258	12756343339028640
170454	161190	9264	1565	6524696	5158394	12756343346003824
1288332	1279272	9060	2710	10011822	9702314	12756343357581956
670064	660838	9226	3802	12978514	12351844	12756343371524178
633466	624194	9272	3889	13442124	12574510	12756343385877484
1465980	1456788	9192	1803	7223782	7163596	12756343394847628
1131860	1122548	9312	3098	11141158	10705776	12756343407397978
0	0	0	0	0	0	0
1641022	1631848	9174	2894	10441978	10604258	12756343423694756
0	0	0	0	0	0	0
1026692	1017464	9228	697	3709904	3415922	12756343437748672
155242	146086	9156	2187	8234158	7002754	12756343446415564
723910	714690	9220	3418	12134578	11256840	12756343459551468
1652802	1643784	9018	1080	4853384	5185624	12756343466337506
1647632	1638312	9320	4588	15578778	15680522	12756343483843732
1662576	1653320	9256	1679	6704984	6990790	12756343492490280
1330952	1321722	9230	3070	10852036	10821466	12756343504950324
801156	791994	9162	785	4245032	3452656	12756343510274614
1362846	1353688	9158	2971	10518430	10555866	12756343522433840
1092790	1083604	9186	1889	7269018	7047434	12756343531073634
567224	557874	9350	3379	11860414	10984486	12756343543779744
1639992	1630724	9268	1766	6897636	7229658	12756343552595102
0	0	0	0	0	0	0
0	0	0	0	0	0	0
1040258	1030998	9260	1844	7416672	6861488	12756343579739610
1004478	995236	9242	4103	13910506	13588252	12756343594931786
742638	733314	9324	2491	9360834	8500748	12756343605312626
638132	628882	9250	2528	9248066	8506940	12756343615476852
1238258	1228986	9272	2361	8680394	8607338	12756343625690156
1474894	1465702	9192	3613	12659720	12589870	12756343640104224
219322	209988	9334	4592	15647438	14266340	12756343656249390
769720	760396	9324	3249	11444440	10794560	12756343668741414
874242	864992	9250	4848	16400560	15686322	12756343686294626
763326	754244	9082	965	4780288	3955696	12756343692115624
1654470	1645282	9188	2984	10829386	10887768	12756343704876620
521118	511954	9164	3223	11552988	10470724	12756343717241236
0	0	0	0	0	0	0
431802	422578	9224	2681	9735274	8759702	12756343738826546
626692	617372	9320	1560	6582036	5613612	12756343746315214
779346	770064	9282	3364	11772924	11147336	12756343759145718
835392	826206	9186	3365	11692794	11207882	12756343771951594
0	0	0	0	0	0	0
908172	898926	9246	1309	5813276	5127998	12756343790987396
939940	930700	9240	3605	12531200	12030826	12756343804738660
0	0	0	0	0	0	0
1570458	1561178	9280	4757	16134204	16108944	12756343826056142
1151558	1142490	9068	142	2323868	1880290	12756343829812320
906116	896844	9272	2001	7886010	7195502	12756343838883854
969396	960176	9220	3810	13069100	12676506	12756343853202296
1554066	1544886	9180	1020	4951656	4907848	12756343859988236
148502	139234	9268	3852	13429240	11980138	12756343873843522
1133160	1124090	9070	56	1759982	1602712	12756343877013042
1292126	1282860	9266	4159	14349882	14043746	12756343892947548
643952	634544	9408	3229	11482670	10607700	12756343905351502
441970	432926	9044	375	2945346	1867712	12756343909016310
0	0	0	0	0	0	0
1496250	1486898	9352	3318	11830178	11727780	12756343929512538
1347336	1338242	9094	88	2057362	1911482	12756343933197476
676714	667408	9306	3309	11813802	10881570	12756343945965018
187136	177860	9276	4516	15417690	14005820	12756343961849604
158844	149538	9306	4325	14626098	13407842	12756343976914492
0	0	0	0	0	0	0
1238192	1229178	9014	52	2056038	1697572	12756343989283080
1646070	1636858	9212	4542	15210550	15542912	12756344006418380
628836	619920	8916	291	2675298	1802976	12756344010004174
334306	325098	9208	3259	11371264	10391228	12756344021989530
1664226	1655008	9218	4029	13877724	14022724	12756344037811168
0	0	0	0	0	0	0
1484380	1475192	9188	2045	7921930	7907440	12756344064486622
1288678	1279540	9138	2378	8824548	8709564	12756344074876792
730160	720810	9350	3803	13278030	12413958	12756344089163088
816126	807078	9048	2660	9881372	9080338	12756344100140306
424052	414870	9182	4020	13867208	12759630	12756344114709750
924630	915364	9266	3310	11630222	11134810	12756344127544024
405636	396370	9266	3669	12756862	11687810	12756344140983990
1525674	1516222	9452	3489	12340184	12270182	12756344155129102
1278074	1269104	8970	640	3624402	3495398	12756344160310676
0	0	0	0	0	0	0
704254	694914	9340	2758	10072722	9261880	12756344179908978
1271796	1262576	9220	1168	5394258	5070694	12756344186854466
581972	572930	9042	780	4092248	3218286	12756344191809240
0	0	0	0	0	0	0
1651052	1641888	9164	4858	16456810	16493292	12756344213729906
0	0	0	0	0	0	0
0	0	0	0	0	0	0
1053914	1044556	9358	3785	13033832	12684488	12756344249816756
766670	757484	9186	4697	15955706	15128350	12756344266819582
281882	272622	9260	2197	8199378	7160376	12756344275579800
373088	363872	9216	4071	13925914	12860058	12756344290156656
517722	508524	9198	3753	12946136	12054056	12756344303901074
1657086	1648010	9076	1188	5312492	5515810	12756344311148968
0	0	0	0	0	0	0
1132794	1123746	9048	698	3850082	3525556	12756344325209128
0	0	0	0	0	0	0
0	0	0	0	0	0	0
1499702	1490344	9358	2425	9034986	9060632	12756344360108182
0	0	0	0	0	0	0
976584	967568	9016	308	2779728	2201422	12756344374384912
1505142	1495938	9204	2187	8189730	8354416	12756344384359106
490396	481126	9270	1406	6113220	5002812	12756344391242650
0	0	0	0	0	0	0
795346	786024	9322	2610	9525178	8909462	12756344408837604
859400	850278	9122	201	2496188	1759898	12756344412472192
0	0	0	0	0	0	0
230124	220816	9308	2659	9855806	8488550	12756344430449854
816300	807106	9194	2130	8067702	7494026	12756344439613604
1651764	1642516	9248	1284	5645010	5798958	12756344447189096
966346	957294	9052	2430	9175398	8544130	12756344457625304
1514834	1505682	9152	4695	15654838	15883778	12756344475074756
355630	346388	9242	4905	16373508	15336432	12756344492082570
0	0	0	0	0	0	0
422132	412856	9276	2692	9898152	8780608	12756344511219736
276316	267106	9210	3880	13285238	12189786	12756344525059800
1661234	1652044	9190	3979	13803994	13870152	12756344540804672
919678	910662	9016	4091	13960870	13464448	12756344555964412
1398342	1389316	9026	551	3341644	3351036	12756344560983326
0	0	0	0	0	0	0
955520	946376	9144	3150	11187352	10685212	12756344578818134
1488028	1478782	9246	3413	11942166	12004760	12756344592534400
1548622	1539552	9070	1759	6941458	7116024	12756344601301402
1608980	1599748	9232	1770	7118768	7207130	12756344610307548
379754	370518	9236	4588	15350748	14413902	12756344626317522
177086	167868	9218	1953	7709294	6324608	12756344634482960
1009808	1000624	9184	4215	14402292	13925394	12756344650175392
0	0	0	0	0	0	0
1654954	1645794	9160	2835	10311306	10442086	12756344679600324
682818	673838	8980	308	2676402	1905816	12756344683237360
1523080	1513866	9214	4377	14880324	14923856	12756344699918984
1554838	1545848	8990	2844	10342806	10368506	12756344712095958
0	0	0	0	0	0	0
1237834	1228686	9148	1670	6856770	6539424	12756344724582584
1437718	1428532	9186	4240	14318174	14430192	12756344740617956
1657014	1647788	9226	4037	13835276	14041408	12756344756388348
1655130	1645940	9190	3400	12083934	12141680	12756344770405312
0	0	0	0	0	0	0
1405902	1396630	9272	2891	10273684	10360490	12756344785773000
1653246	1643992	9254	3402	11820374	12137966	12756344799524344
1030824	1021638	9186	4914	16309098	16040848	12756344817143662
926930	917822	9108	4014	13709662	13242940	12756344832058222
