# Loop @ Start frequency 3000000Hz took 1058.93 cycles
# Interval [1057 ; 1061]
# Q1 : 1056 ; Q3 : 1058
# Loop @ Target frequency 2500000Hz took 1271.49 cycles
# Interval [1269 ; 1274]
# Q1 : 1268 ; Q3 : 1270
# Confidence intervals do not overlap, alternatives are statistically different with selected confidence level
Change time (with write) [cycles]	Change time [cycles]	Write cost [cycles]	Wait time [us]	Time since last frequency change request [cycles]	Time since last frequency change [cycles]	Detected frequency change timestamp [cycles]
1344162	1329362	14800	3567	348212228	349224488	12756025457712476
863624	855390	8234	4812	16008734	15522080	12756025474886964
781558	773032	8526	907	4562810	3746952	12756025480530296
1520302	1512102	8200	3036	10702058	10861262	12756025493052096
432600	424384	8216	4996	16800528	15639982	12756025510583184
1253620	1245424	8196	2463	8924678	8878914	12756025521059394
1023492	1015404	8088	4156	13949472	13717622	12756025536329496
685610	677276	8334	3982	13511536	12855928	12756025550824416
1532956	1524876	8080	4075	13784358	13980968	12756025566438720
1655056	1646854	8202	3998	13676792	13871804	12756025582070040
1409186	1401058	8128	3427	11949082	11920208	12756025595726264
535920	527932	7988	2191	8112524	7345088	12756025604672714
1650402	1642168	8234	4544	15393304	15503176	12756025622014650
1374626	1366566	8060	3891	13498512	13271234	12756025637185274
1361940	1353702	8238	4101	13931742	13885760	12756025652777604
422822	414770	8052	3295	11398280	10537176	12756025664896452
926882	918888	7994	2535	9236046	8767534	12756025675357910
1271570	1263642	7928	27	1635392	1606090	12756025678563834
1160644	1152348	8296	2511	9273526	8931242	12756025689296222
274976	266864	8112	4626	15567136	14375330	12756025705437144
1666746	1658608	8138	4697	15606312	15977532	12756025723008570
258170	249980	8190	4859	16402482	15052438	12756025739967464
348178	340102	8076	1572	6498608	5306398	12756025747111722
1594256	1586450	7806	447	3183822	3186904	12756025752188708
1172484	1164354	8130	3556	12420738	12068474	12756025766078988
1039254	1031092	8162	4871	16430814	15874072	12756025783846296
502978	494912	8066	3275	11349626	10558468	12756025795996926
196160	188070	8090	1540	6456850	5059976	12756025802947950
1659158	1651046	8112	3078	11079384	11124610	12756025815984482
1572060	1563910	8150	1572	6562358	6528580	12756025824418184
1304176	1296262	7914	1286	5441558	5406620	12756025831461984
1379598	1371482	8116	4158	13993984	14077652	12756025847133336
1001784	993900	7884	156	2255316	1721984	12756025850688228
1313126	1305236	7890	590	3390406	3331552	12756025855689456
1663004	1654926	8078	1788	6916004	7267632	12756025864566132
1103754	1095636	8118	4822	16184802	15789914	12756025882152798
633366	625290	8076	271	2386932	1696720	12756025885471440
667840	659772	8068	2722	9933224	9063922	12756025896370148
1139064	1130924	8140	3041	10725004	10495294	12756025908531678
327950	320076	7874	1519	6162348	5125744	12756025915319528
730928	722894	8034	1506	6359316	5493910	12756025922707916
951778	943660	8118	4306	14540984	14089874	12756025938497864
1650618	1642502	8116	3273	11563278	11701448	12756025952009292
653128	645042	8086	1904	7544668	6601504	12756025960505348
291656	283526	8130	2294	8450398	7409846	12756025969544558
1652294	1644408	7886	1597	6339438	6685904	12756025977833732
1043888	1035856	8032	2113	7932160	7622494	12756025987107948
178580	170550	8030	412	3082422	1664440	12756025990666154
1032852	1024932	7920	138	2060734	1701262	12756025994058396
1661282	1653054	8228	3347	11868186	11933188	12756026007885536
1472920	1465044	7876	16	1628116	1774512	12756026011284926
1511720	1503624	8096	1746	7029354	6990546	12756026020123544
413044	404826	8218	4935	16440944	15436594	12756026037275568
1333450	1325438	8012	3464	11988080	11953512	12756026050894872
152344	144264	8080	3745	13054744	11613042	12756026064400004
546486	538410	8076	2732	9875112	8975534	12756026075119620
414628	406720	7908	1498	6332514	5153888	12756026082164772
1593166	1585018	8148	4146	14048768	14254106	12756026098104270
1545436	1537590	7846	1096	5043644	5079496	12756026104991130
1012756	1004702	8054	1260	5620538	5037144	12756026111922690
1312778	1304754	8024	4117	14066932	13890412	12756026127600330
1488298	1480250	8048	2011	7693586	7759258	12756026137080728
964020	956148	7872	172	2158590	1734868	12756026140501092
1477380	1469282	8098	2268	8536042	8518834	12756026150813208
1124846	1116770	8076	4094	13748878	13628320	12756026165984904
858036	849964	8072	745	3984948	3342644	12756026171126280
1645112	1637202	7910	2672	9861850	9898672	12756026182930206
1650612	1642594	8018	3355	11889190	11945762	12756026196768906
1386494	1378600	7894	1239	5305866	5347584	12756026203759556
787512	779420	8092	4099	13810164	13309756	12756026218654820
158508	150366	8142	3278	11472576	10223552	12756026230584072
381448	373468	7980	2673	9779744	8636170	12756026241042732
232418	224370	8048	2143	8262898	6900402	12756026249836452
155730	147658	8072	1737	6958390	5610028	12756026257248024
349936	342004	7932	1406	5933220	4811812	12756026263829100
589790	581704	8086	797	3931886	3228548	12756026268648090
1361718	1353838	7880	643	3696576	3539106	12756026274005136
338444	330400	8044	3558	12500010	11242844	12756026287141334
1643922	1635892	8030	4047	13675224	14011288	12756026302758816
1016962	1009122	7840	882	4284344	3911290	12756026308357086
1041272	1033176	8096	2473	9164266	8695614	12756026318859570
686340	678274	8066	1585	6498696	5679968	12756026326343028
1244774	1236838	7936	2540	9131818	9100738	12756026337017472
461548	453596	7952	4264	14521880	13475458	12756026352300132
343522	334974	8548	2738	9778874	8791644	12756026362720142
338936	330928	8008	2733	9777518	8769516	12756026373133896
352592	344522	8070	4271	14547046	13389698	12756026388351462
1059118	1051018	8100	2902	10287512	9999458	12756026399997012
387414	379340	8074	3628	12712810	11501072	12756026413395006
600948	592762	8186	3111	11079854	10165700	12756026425373642
565348	557524	7824	266	2465604	1612418	12756026428702002
1081992	1073930	8062	4833	16177650	15801320	12756026446260266
879128	871232	7896	157	2135832	1601488	12756026449574072
669990	662166	7824	226	2300934	1597190	12756026452842714
406962	398916	8046	1531	6430764	5241420	12756026459978076
969364	961222	8142	3004	10856442	10214140	12756026472102108
663544	655508	8036	3731	12808876	12082420	12756026485871864
797288	789196	8092	4131	13964164	13416966	12756026500931270
1663460	1655302	8158	3481	12028932	12335406	12756026514921284
1333136	1325248	7888	587	3453658	3343318	12756026520005144
645334	637358	7976	4252	14413564	13624836	12756026535362264
1416080	1408000	8080	3693	12905160	12725192	12756026549981192
1115952	1107848	8104	3638	12738432	12259160	12756026564133804
1309310	1301340	7970	2737	10041260	9753656	12756026575780980
1483522	1475472	8050	1854	7114750	7287852	12756026584676492
685816	677996	7820	262	2455922	1723586	12756026588116710
952974	944908	8066	2312	8767194	8127036	12756026598134748
567470	559498	7972	533	3339720	2415968	12756026602340414
1398362	1390348	8014	3593	12380698	12406616	12756026616417870
1597480	1589588	7892	99	1930562	2147650	12756026620244394
955458	947406	8052	4288	14473064	14043720	12756026635970552
338200	330148	8052	4109	13860962	12889980	12756026650467474
365904	357994	7910	2408	8872728	7825792	12756026660003606
853368	845290	8078	3027	10640618	10168794	12756026671795232
574350	566410	7940	4985	16528202	15749650	12756026689195304
928740	920828	7912	678	3789444	3214268	12756026694212664
889974	881972	8002	2117	7877482	7476364	12756026703278268
1297666	1289544	8122	2293	8491592	8413646	12756026713365030
157910	149914	7996	1789	7112938	5766616	12756026720934600
322392	314534	7858	914	4587084	3312958	12756026726142156
885656	877642	8014	4153	14279440	13568642	12756026741604104
1271146	1263090	8056	1515	6175538	6059146	12756026749349130
1646600	1638618	7982	1040	4745630	5012994	12756026756039580
298638	290662	7976	4496	15309396	14009064	12756026771945760
1692408	1684386	8022	3415	11979482	12165328	12756026785915652
150182	142046	8136	4104	13841634	12687804	12756026800205912
449776	441650	8126	3390	11913240	10850246	12756026812866150
909972	901874	8098	3186	11107104	10696950	12756026825181216
303558	295380	8178	4864	16408930	15116468	12756026842191072
1642562	1634410	8152	3823	13225738	13335972	12756026857357290
272068	263844	8224	4098	13933328	12790108	12756026871861162
1203832	1195972	7860	155	2012700	1920122	12756026875375776
1324200	1316050	8150	3875	13354656	13177774	12756026890352958
163806	155754	8052	4861	16203752	14964646	12756026907018278
1652082	1643930	8152	2928	10614802	10667890	12756026919583296
1179416	1171530	7886	110	2034120	1761858	12756026923094120
1653694	1645632	8062	1900	7288548	7591706	12756026932334628
156568	148452	8116	4545	15232514	14012022	12756026948019732
784600	776616	7984	3369	11629036	11120938	12756026960745152
562324	554478	7846	2297	8532540	7691836	12756026970139038
795824	787826	7998	4406	14813190	14241752	12756026986046342
742948	735074	7874	787	3895058	3350436	12756026990982612
1481156	1473056	8100	3521	12382222	12270344	12756027005144024
387298	379276	8022	2005	7852620	6643462	12756027013681332
1433052	1425150	7902	1318	5524830	5631612	12756027020937372
1277434	1269330	8104	4294	14702910	14381306	12756027037215750
719624	711626	7998	824	4111650	3438040	12756027042344504
1259156	1251184	7972	1278	5644024	5340092	12756027049546176
769946	761944	8002	2680	9693508	9043144	12756027060307296
492378	484392	7986	1094	5129854	4020802	12756027066228066
1651712	1643598	8114	3047	10758792	11026812	12756027078936986
1111580	1103576	8004	162	2035290	1846274	12756027082380452
1539712	1531804	7908	1420	5780700	6041660	12756027089997516
291806	283754	8052	1616	6689938	5383266	12756027097276416
592236	584170	8066	4621	15466940	14674276	12756027113633720
880620	872356	8264	1886	7155422	6786748	12756027121976024
241476	233346	8130	4189	14110506	13036158	12756027136633614
159574	151530	8044	4642	15564268	14312038	12756027152662484
367190	359250	7940	2200	8442244	7213738	12756027161776964
652190	644128	8062	4100	14064588	13185454	12756027176799014
493118	485042	8076	3859	13081796	12298608	12756027190679688
351132	343292	7840	1704	6675966	5709458	12756027198010964
549216	541166	8050	4153	14180208	13237978	12756027213044810
1291362	1283354	8008	3768	13139926	12831466	12756027227781804
329880	321824	8056	2718	9656340	8723382	12756027238073688
1662328	1654050	8278	3756	12796964	13165148	12756027252838260
1109444	1101256	8188	1692	6648556	6434132	12756027260901942
667250	659186	8064	4481	15269954	14341208	12756027277145190
1649790	1641646	8144	1863	7226112	7484596	12756027286325214
1347866	1339710	8156	2575	9322380	9315538	12756027297300626
1179980	1172172	7808	1574	6328698	6145318	12756027305114774
1099978	1091964	8014	4855	16391492	15896832	12756027322911372
1330404	1322628	7776	44	1699032	1722126	12756027326245476
1563238	1555166	8072	4716	15966122	15936602	12756027344079558
1455512	1447398	8114	3488	12293952	12156778	12756027358134260
432184	424064	8120	2537	9119200	8285680	12756027367990094
1669710	1661724	7986	3773	12852858	13220978	12756027382818422
379544	371688	7856	320	2484654	1595552	12756027385987658
1658352	1650322	8030	1013	4891622	4950026	12756027392842226
1332774	1324952	7822	613	3651106	3426888	12756027398131374
1287120	1278846	8274	4795	16202106	15896914	12756027415926404
184972	176966	8006	1000	4630544	3434646	12756027421046510
589270	581158	8112	2181	8225612	7377828	12756027430166094
1104870	1096718	8152	4979	16455954	16266638	12756027448031604
1038944	1030820	8124	1799	6906700	6682824	12756027456282924
912810	904890	7920	1483	6191868	5609414	12756027463692930
1339332	1331170	8162	1306	5449822	5503154	12756027470787600
154326	146362	7964	1083	4747550	3657246	12756027475995500
489682	481706	7976	2629	9723842	8620026	12756027486512646
551016	543150	7866	847	4396714	3349688	12756027491772684
1084324	1076202	8122	3437	11872868	11630962	12756027505034856
733422	725362	8060	2324	8613474	7950470	12756027514686156
1263008	1254892	8116	2335	8545588	8514448	12756027524799032
182878	174840	8038	4813	16008240	14847278	12756027541296252
1067268	1059256	8012	4546	15117072	14936746	12756027557785620
1314520	1306366	8154	3083	10967090	10802024	12756027570372636
1141290	1133240	8050	4348	14861562	14415718	12756027586690272
570864	562940	7924	1639	6467208	5735706	12756027594033048
849760	841236	8524	4708	15837342	15202680	12756027611024316
1658322	1650296	8026	3991	13796530	13862756	12756027626785416
410818	402860	7958	895	4525624	3349312	12756027632026514
1058574	1050712	7862	130	2304178	1707480	12756027635694156
638444	630296	8148	3547	12467996	11514166	12756027649104228
665598	657656	7942	2350	8558334	7958650	12756027658633812
1652748	1644856	7892	3611	12320772	12718906	12756027672912420
1092960	1085020	7940	3071	10958630	10548152	12756027685270064
1127566	1119578	7988	3121	10983130	10727496	12756027697686272
1656564	1648312	8252	3537	12136844	12504516	12756027711785138
461170	453094	8076	1541	6451232	5334046	12756027719002754
1129686	1121806	7880	4851	16374298	15908240	12756027736811652
1281960	1274034	7926	3520	12079298	12073454	12756027750476834
1356158	1348124	8034	3752	12814554	12844694	12756027764952884
1068096	1060224	7872	1926	7509066	7093264	12756027773835048
1154660	1146694	7966	4751	15722756	15632958	12756027791029116
294354	286424	7930	2108	8165384	6864604	12756027799793948
1564470	1556454	8016	3409	11722560	12026770	12756027813385872
537642	529800	7842	1582	6507682	5531896	12756027820736148
1037460	1029476	7984	1307	5465352	5206896	12756027827542004
546328	538390	7938	3269	11396392	10591204	12756027839788658
417270	409592	7678	1444	5867252	4998588	12756027846378662
827940	820146	7794	367	2706570	2185630	12756027850219214
1648976	1640948	8028	4526	15126670	15454646	12756027867300698
607962	600048	7914	1010	4786592	3894098	12756027872999684
408208	400346	7862	3218	11489938	10302962	12756027885202502
1340158	1332218	7940	4507	15111700	15088954	12756027901960934
1251028	1243016	8012	3592	12605636	12261784	12756027916124016
490982	482984	7998	4429	15044062	14005314	12756027931962668
1181612	1173838	7774	2363	8928744	8515244	12756027942377204
1415234	1407352	7882	3697	12646422	12740646	12756027956743346
1012888	1005128	7760	765	3807024	3564354	12756027961868856
717256	709398	7858	3037	10942554	10065504	12756027973832118
1610594	1602676	7918	1186	5094740	5419514	12756027980842968
764280	755612	8668	2722	9775616	9169306	12756027991686908
1057548	1049664	7884	2586	9285098	9056238	12756028002335672
843406	835450	7956	2562	9386744	8773292	12756028012869036
1662204	1654228	7976	3618	12684398	12750580	12756028027521038
238896	231128	7768	410	2797992	1724994	12756028030862394
790442	782406	8036	4858	16197772	15589758	12756028048156274
1656074	1648104	7970	1582	6533590	6647816	12756028056650790
1652774	1644842	7932	3846	13242816	13425210	12756028071851426
1676556	1668652	7904	3808	13120470	13334220	12756028086953426
1240920	1233120	7800	616	3402818	3343252	12756028091902034
903154	895338	7816	730	3869070	3349480	12756028096978428
1062890	1054716	8174	4975	16743640	16212060	12756028115089598
1201142	1193196	7946	3171	11344972	10953164	12756028127941698
212680	204694	7986	3263	11491238	10241304	12756028139951418
1115934	1107946	7988	3658	12693964	12325526	12756028154065350
841608	833648	7960	2970	10744926	9991552	12756028165957170
911820	903846	7974	1899	7539124	6856902	12756028174712808
1340252	1332204	8048	4467	14925912	14969470	12756028191284924
1109688	1101726	7962	4256	14490940	14123394	12756028207189146
884800	876918	7882	1769	7148374	6441192	12756028215526934
173966	165972	7994	4276	14510708	13229388	12756028230516882
760876	753084	7792	301	2573582	1921136	12756028234156518
611916	603954	7962	3424	11834188	11123176	12756028246906980
1209080	1201194	7886	2861	10417378	10031576	12756028258838312
650520	642554	7966	4112	13860474	13216998	12756028273654202
1048322	1040276	8046	4151	13953724	13731962	12756028288962696
1488078	1480224	7854	2256	8606988	8499956	12756028299362820
396960	389016	7944	4034	13661952	12728050	12756028313727084
159056	151100	7956	4903	16528474	15094870	12756028330719300
164012	156026	7986	1688	6615402	5478128	12756028337802458
660704	652800	7904	2109	8166676	7234644	12756028346933640
408354	400374	7980	1608	6666450	5476806	12756028354313228
186304	178512	7792	962	4695394	3325068	12756028359499394
511194	503276	7918	3338	11770650	10762682	12756028372086186
1649300	1641310	7990	735	3886596	4107960	12756028377926132
386462	378586	7876	1482	6066042	5079912	12756028384684274
358686	350878	7808	3071	10750010	9810270	12756028396098332
1104620	1096698	7922	4014	13801812	13378962	12756028411308944
1453504	1445704	7800	1443	5970506	6033198	12756028419038328
1399118	1391058	8060	1781	7184680	6987982	12756028427926764
611178	603182	7996	2561	9408986	8537344	12756028438251500
701462	693272	8190	2849	10166512	9489826	12756028449424488
1660392	1652498	7894	1244	5455436	5647080	12756028456845074
1399548	1391682	7866	2967	10520736	10539950	12756028469070660
1659652	1651814	7838	1604	6656756	6720826	12756028477692918
1297722	1289950	7772	39	1719468	1675810	12756028481015234
249326	241534	7792	1695	6730236	5583752	12756028488299072
1544374	1536498	7876	4374	14694908	14895520	12756028504842996
635280	627346	7934	3531	12139406	11462760	12756028517922662
771348	763312	8036	2513	9378228	8555214	12756028528375344
861214	853398	7816	2483	9305912	8554394	12756028538847528
1211326	1203370	7956	4695	15674900	15524248	12756028556038746
1668540	1660578	7962	2080	8080230	8153532	12756028566091214
976038	968064	7974	4985	16673152	16153430	12756028584044484
1565950	1557980	7970	4703	15937606	15903436	12756028601852558
1097602	1089692	7910	3532	12425846	11927956	12756028615681320
1663608	1655600	8008	2604	9422798	9716126	12756028627072616
1196234	1188200	8034	4218	14324920	14080256	12756028642898640
1578016	1570226	7790	596	3446028	3624164	12756028648227678
1584362	1576316	8046	4133	13983376	14212274	12756028664102358
1534958	1526990	7968	4664	15814450	15756628	12756028681756028
1539714	1531736	7978	3903	13274838	13481670	12756028696874876
1663156	1655288	7868	1905	7302450	7623972	12756028706144628
555494	547562	7932	3540	12454568	11412388	12756028719459810
1052270	1044184	8086	4592	15457368	15057458	12756028736273924
917040	909070	7970	4918	16576414	15897940	12756028754072106
1335816	1327842	7974	1158	5319638	5060682	12756028761030374
537364	529324	8040	856	4418228	3360772	12756028766292606
1664058	1656048	8010	3235	11494574	11604866	12756028779756002
1596726	1588870	7856	553	3397098	3511828	12756028785054920
479614	471718	7896	3179	11028110	10255416	12756028796867198
1264782	1256876	7906	4849	16369392	16036544	12756028814804706
1585054	1577172	7882	4083	13876316	14066822	12756028830571266
1131612	1123676	7936	4279	14484104	14198260	12756028846492034
1556592	1548720	7872	3894	13424910	13472436	12756028861779764
1445444	1437550	7894	1731	6753760	6899818	12756028870285170
909840	901896	7944	2542	9380944	8779744	12756028880880168
962480	954676	7804	1197	5209872	4808418	12756028887358604
879490	871602	7888	4572	15227006	14824732	12756028903781454
443508	435616	7892	4725	15710052	14846714	12756028920240390
991836	983950	7886	1616	6458412	6090042	12756028927995660
356754	348852	7902	2907	10551732	9316882	12756028939209494
983358	975512	7846	2035	7724706	7333240	12756028948222164
1254712	1246848	7864	251	2527790	2265444	12756028952309460
537312	529346	7966	4439	15141578	14081832	12756028968292466
509166	501218	7948	4084	13839092	12991090	12756028982944514
191128	183164	7964	3836	13227452	11932168	12756028996681146
1254366	1246392	7974	1843	7096926	7028418	12756029005337388
214224	206292	7932	2724	9925728	8641004	12756029015784036
283540	275558	7982	2228	8298008	7212746	12756029024670416
438122	430148	7974	4334	14585166	13669060	12756029039998994
1527308	1519494	7814	220	2411676	2446576	12756029044242704
1543156	1535130	8026	2469	8957600	9193284	12756029055047940
1660546	1652648	7898	4381	14842652	15033828	12756029071868730
340956	332988	7968	3324	11827200	10552248	12756029084340482
1240056	1232060	7996	1701	6948372	6593388	12756029092832592
1213790	1205842	7948	2389	8708478	8623086	12756029103059984
1658006	1650188	7818	1254	5613040	5673240	12756029110636296
327534	319646	7888	1146	5097958	4019178	12756029116366062
1193580	1185662	7918	1524	6187938	6015910	12756029124052964
1265154	1257180	7974	2838	10345036	10017776	12756029135967420
800996	792632	8364	757	4121494	3326334	12756029141195742
448216	440202	8014	1387	6004658	4860914	12756029147954160
1008962	1000976	7986	1916	7590968	7004996	12756029156859072
518838	511002	7836	778	4183562	3107204	12756029161866932
1657618	1649628	7990	3625	12476220	12767428	12756029176306122
639336	631546	7790	1366	5723212	4984868	12756029182973664
1559354	1551420	7934	4116	14174418	14137982	12756029199013778
1268626	1260638	7988	3541	12454232	12127524	12756029213041140
1658392	1650424	7968	2343	8875086	8932808	12756029223879096
1242452	1234686	7766	138	2049402	1916166	12756029227476680
297180	289306	7874	3398	11878598	10729750	12756029239957574
1593822	1586080	7742	577	3285924	3580756	12756029245141956
1056984	1049060	7924	4330	14523516	14272872	12756029261027172
362958	355120	7838	1997	7826658	6593810	12756029269515396
654952	646866	8086	751	3944698	3156198	12756029274413492
903996	896202	7794	304	2764510	2066928	12756029278379676
1653404	1645354	8050	1683	6603846	6942580	12756029286934634
1319222	1311526	7696	24	1725368	1643842	12756029290275696
1369436	1361342	8094	4052	13700256	13747804	12756029305643570
585330	577382	7948	1074	4895538	4055098	12756029311422884
901584	893858	7726	192	2269032	1729304	12756029314890708
244740	236856	7884	1046	4983934	3631818	12756029320417218
1505910	1498086	7824	1820	7015178	7204388	12756029329238474
1565734	1557788	7946	1357	5831344	5877252	12756029336933144
1600856	1593122	7734	503	3356758	3362442	12756029342187896
154508	146696	7812	3001	10837296	9390520	12756029353491296
163680	155758	7922	4432	15036194	13682760	12756029368988774
305358	297442	7916	3206	11159484	10153610	12756029380751844
1087932	1080090	7842	901	4272588	4036586	12756029386409880
779264	771286	7978	4711	15859306	15132500	12756029403346344
454222	446384	7838	1660	6734158	5676526	12756029410832720
1487332	1479478	7854	689	3674990	3802780	12756029416292394
673740	665850	7890	3718	12871146	12051220	12756029430134984
1584590	1576606	7984	4450	14944792	15154074	12756029446962074
1500962	1493064	7898	3635	12447690	12634716	12756029461208540
652100	644166	7934	1159	5243188	4375506	12756029467401944
628368	620400	7968	4807	15945450	15269858	12756029484273122
891302	883406	7896	4644	15759018	15046342	12756029501221526
451870	444054	7816	339	2862242	1717582	12756029504834484
187566	179656	7910	3398	12014824	10611446	12756029517334920
1164492	1156554	7938	1625	6484944	6282112	12756029525282292
307430	299482	7948	3388	11991416	10703776	12756029537878320
908252	900250	8002	2588	9596044	8909844	12756029548681962
981080	973046	8034	4440	14851254	14520962	12756029564811704
1102384	1094498	7886	2426	8780686	8615032	12756029574992144
944400	936472	7928	1390	5717102	5354646	12756029581951274
1453936	1446002	7934	517	3111020	3256054	12756029586815508
1387968	1380062	7906	3612	12584482	12452670	12756029601085572
1309792	1301858	7934	3997	13697800	13521978	12756029616390872
564016	555890	8126	1515	6410644	5353452	12756029623663106
346452	338428	8024	4807	15951858	14989086	12756029640259716
1479736	1471774	7962	2226	8519396	8397088	12756029650557182
1653774	1645766	8008	2777	9877914	10218026	12756029662385628
415924	407930	7994	1518	6254354	5211344	12756029669354268
875178	867252	7926	4911	16303332	15828716	12756029686831200
1471684	1463770	7914	1246	5273288	5454230	12756029693874464
1405130	1397042	8088	3597	12615166	12424030	12756029708191776
392224	383660	8564	3397	12018032	10814984	12756029720898336
1142672	1134708	7964	1898	7525024	7076502	12756029729864264
935334	927378	7956	3990	13557328	13130342	12756029744654376
1651250	1643282	7968	1573	6464656	6613650	12756029753068056
1010510	1002506	8004	2998	10822154	10237326	12756029765198016
1418580	1410644	7936	4025	13896172	13719848	12756029780809992
383560	375612	7948	903	4431572	3341308	12756029785922396
804264	796324	7940	4058	13995616	13203396	12756029801020290
495184	487170	8014	2849	10376594	9275940	12756029812189032
1108772	1100932	7840	2038	7767852	7461324	12756029821362344
1311076	1303272	7804	2576	9349946	9274510	12756029832321138
1552930	1544958	7972	1794	6923726	7177906	12756029841095772
1660622	1652664	7958	3309	11601988	11816954	12756029854656554
379270	371344	7926	1021	4707110	3688430	12756029860040384
291642	283698	7944	2521	9124302	8091488	12756029869754528
723926	716164	7762	256	2305254	1743246	12756029873080892
1641832	1633996	7836	1647	6777336	6823936	12756029881798320
1337142	1329296	7846	3051	10657290	10725368	12756029894090748
1211424	1203694	7730	82	2097306	1712250	12756029897697156
1558370	1550422	7948	3606	12644118	12603636	12756029912197538
862094	854038	8056	1823	7302778	6571690	12756029920659564
1666238	1658316	7922	2797	9928788	10291330	12756029932552424
167482	159580	7902	2847	10228314	8941692	12756029943246732
330028	322134	7894	4533	15196946	14151764	12756029959071180
146940	139000	7940	2314	8701004	7326340	12756029968216934
726962	719136	7826	1416	5879728	5218656	12756029975120948
630908	623028	7880	4815	16257600	15294086	12756029992305920
1007784	999876	7908	1925	7314402	7023740	12756030000925236
674764	666936	7828	804	3960032	3336828	12756030005856740
1113910	1105932	7978	3314	11768018	11285768	12756030019036704
505426	497548	7878	3590	12265728	11505368	12756030032105748
285228	277350	7878	4213	14470240	13147748	12756030047158380
151092	143300	7792	4843	16341460	14897224	12756030063949086
1533400	1525624	7776	2107	8068490	8095230	12756030073849236
1591170	1583464	7706	466	2939108	3240714	12756030078677618
819452	811744	7708	165	2307762	1568058	12756030082101974
1648294	1640414	7880	3640	12476432	12795322	12756030096524570
574294	566550	7744	929	4366596	3607316	12756030101837418
1337676	1329806	7870	4618	15714640	15413382	12756030119187468
1022012	1014172	7840	3585	12572916	12002500	12756030133079174
1222180	1214500	7680	169	2151104	1981750	12756030136751064
978190	970412	7778	887	4316800	3886996	12756030142343246
267764	259922	7842	3960	13490132	12373374	12756030156399780
1684664	1676976	7688	1222	5206216	5596494	12756030163604978
569590	561924	7666	256	2318388	1589062	12756030166790724
827082	819206	7876	2861	10220568	9638972	12756030178136886
419114	411242	7872	1736	6982874	5869576	12756030185836692
948084	940214	7870	747	3754558	3438074	12756030190837068
1422192	1414318	7874	4831	16307510	16134836	12756030208864526
833502	825582	7920	3066	11039970	10264712	12756030221034636
301370	293442	7928	3173	11346292	10051526	12756030232979922
1197542	1189758	7784	840	4365822	3967902	12756030238841276
1523350	1515490	7860	3440	11850302	12072066	12756030252512504
102836	95112	7724	639	3457612	2271850	12756030256371384
1470942	1462976	7966	4969	16470174	16596590	12756030274610496
1654830	1646986	7844	2874	10154702	10509130	12756030286718084
262320	254420	7900	2794	10018736	8880000	12756030297297224
1654224	1646336	7888	1947	7578152	7735470	12756030306826838
1576430	1568494	7936	3675	12516506	12827348	12756030321216720
287800	279886	7914	2683	9641678	8569930	12756030331444794
198548	190700	7848	2129	7931616	6824110	12756030339873314
1590320	1582540	7780	1178	5348766	5370990	12756030347110208
1657798	1649968	7830	4357	14887058	14953348	12756030363952950
1329976	1322124	7852	2768	9856832	9865684	12756030375438108
1541088	1533354	7734	1728	6895248	6965194	12756030384172968
1204492	1196798	7694	1345	5769060	5484062	12756030391444326
1434732	1426878	7854	2397	8730616	8864004	12756030401907360
1438960	1431128	7832	4420	15080332	14920314	12756030418725704
525678	517874	7804	4668	15516472	14749116	12756030435066492
962104	954234	7870	2509	9357600	8722054	12756030445684758
313100	305318	7782	2084	7793838	6803668	12756030454089254
1650050	1642214	7836	1008	4812138	4921392	12756030460849394
421074	413360	7714	989	4539730	3636434	12756030466109028
1274002	1266100	7902	2209	8329094	8139768	12756030476009496
368868	361048	7820	2132	8232902	7004516	12756030484909082
1568852	1561162	7690	529	3431554	3406478	12756030490206336
1282772	1274868	7904	1889	7501684	7186756	12756030499288068
1610288	1602540	7748	480	3207760	3300460	12756030504404244
1422786	1414856	7930	1836	7247388	7173412	12756030513372030
1004806	996776	8030	3609	12389598	12060128	12756030527065590
363478	355576	7902	3931	13611242	12381806	12756030541337880
152244	144442	7802	997	4807788	3389104	12756030546594696
1412394	1404602	7792	83	1841982	1915068	12756030550147356
860136	852204	7932	1970	7778040	7010728	12756030559082670
1353406	1345592	7814	897	4544070	4291320	12756030565277400
1364300	1356458	7842	3170	11292664	11104428	12756030578232594
957438	949604	7834	4614	15661184	15019086	12756030595148612
1380346	1372540	7806	4075	13867424	13830312	12756030610694714
1360790	1352930	7860	1936	7389670	7409332	12756030619743636
342576	334720	7856	3810	12986220	11999884	12756030633369708
1195258	1187386	7872	4699	15851416	15526170	12756030650713274
1159870	1151892	7978	2703	9941864	9503308	12756030662113764
1257448	1249724	7724	571	3558108	3219248	12756030667227462
720394	712084	8310	2121	7929698	7323442	12756030676174904
935158	927486	7672	204	2459222	1798516	12756030679867424
1352368	1344442	7926	653	3613532	3561280	12756030685130112
1496910	1463520	33390	4899	16236092	16414178	12756030703160234
1238762	1230770	7992	1951	7437048	7330626	12756030712174118
218262	210454	7808	1533	6391032	5061004	12756030719081786
382808	375070	7738	875	4468680	3255430	12756030724244534
1654322	1646432	7890	1820	7014598	7355016	12756030733210776
1654620	1646902	7718	1624	6673206	6769900	12756030741836652
940134	932186	7948	4226	14250900	13836970	12756030757325742
852402	844798	7604	2530	9422624	8679088	12756030767898722
700852	693174	7678	287	2596634	1813576	12756030771494244
914928	907058	7870	2017	7590456	7204176	12756030780297938
371622	363728	7894	4637	15664306	14504988	12756030796631640
926234	918178	8056	3099	11101560	10455088	12756030808957322
810602	802668	7934	3072	11043708	10260734	12756030821109614
416232	408276	7956	4460	15199656	14019406	12756030837023598
1245136	1237208	7928	2320	8785766	8439596	12756030847351920
1020156	1012262	7894	3691	12898402	12321944	12756030861567732
628328	620464	7864	3515	12075474	11397118	12756030874569152
357264	349458	7806	1689	6851582	5666296	12756030882085598
1266370	1258570	7800	4036	13927142	13599980	12756030897576114
915528	907648	7880	3330	11517852	11136354	12756030910307286
898562	890742	7820	3527	12327162	11706270	12756030923830184
845472	837590	7882	4512	15255588	14604302	12756030940229106
420514	412630	7884	4272	14429686	13460190	12756030955376204
1654272	1645710	8562	2431	8925696	9183924	12756030966253058
1280704	1272820	7884	1271	5655088	5334206	12756030973487444
628812	621148	7664	270	2480604	1691132	12756030976893996
1658072	1650228	7844	1835	7029144	7404862	12756030985878356
512364	504474	7890	2272	8428996	7563734	12756030995118048
750208	742492	7716	1381	5980628	5134948	12756031002146772
441560	433580	7980	2583	9484068	8424940	12756031012370144
1229684	1221780	7904	4192	14309404	14027264	12756031028206548
923032	915076	7956	4268	14620036	13949284	12756031044046652
1518354	1510552	7802	2526	9184834	9330198	12756031055048292
949148	941242	7906	4175	14367508	13696892	12756031070661708
747786	740022	7764	1343	5666334	5021006	12756031077373920
470108	462172	7936	2034	7639814	6812686	12756031085781726
550670	542788	7882	894	4295896	3481166	12756031090926210
168112	160102	8010	3835	13131722	11899772	12756031104523536
416164	408158	8006	1528	6414378	5241732	12756031111652268
578818	570904	7914	3525	12220910	11384184	12756031124750220
365784	357950	7834	2292	8489310	7478082	12756031133901978
1596234	1588582	7652	421	3113424	3109254	12756031138909508
914190	906402	7788	1282	5689664	5007432	12756031145811434
1647326	1639494	7832	1609	6482044	6718176	12756031154239322
490460	482586	7874	4497	15308950	14203842	12756031170336510
563020	554998	8022	1542	6370934	5432196	12756031177568124
148474	140750	7724	1225	5391718	4069020	12756031183405784
892302	884444	7858	3580	12428914	11860906	12756031197025062
1082082	1074208	7874	371	2963922	2447086	12756031201369020
512534	504682	7852	2230	8377284	7441808	12756031210556288
1404478	1396674	7804	2381	8791068	8785708	12756031221049452
452452	444510	7942	2057	8008574	6864422	12756031229809386
1053194	1045312	7882	3524	12231154	11854400	12756031243390404
616906	608944	7962	2149	8204624	7299468	12756031252510436
1022012	1014176	7836	4944	16482338	16072124	12756031270313292
1423336	1415274	8062	3449	11996024	12000536	12756031284030060
640930	633078	7852	4539	15434342	14478366	12756031300402932
1310880	1303180	7700	192	2225370	2138654	12756031304236394
1503102	1495324	7778	2481	9276154	9184552	12756031315313790
398438	390446	7992	4389	14777602	13788806	12756031330786860
726230	718500	7730	2949	10392704	9805856	12756031342203300
621688	613768	7920	3720	12812838	12009074	12756031355934972
1465840	1457978	7862	4840	16118972	16202360	12756031373817684
864246	856326	7920	701	3886584	3215962	12756031378866740
1658332	1650276	8056	4793	15903002	16255172	12756031396726326
203186	195152	8034	2731	9786036	8634380	12756031407021314
987944	979938	8006	3654	12560038	12180536	12756031420873092
1660468	1652602	7866	3423	11806554	12164768	12756031434645582
497486	489586	7900	3618	12379126	11587832	12756031447827560
833890	826002	7888	937	4372738	3895928	12756031453338674
152610	144668	7942	2350	8787942	7447210	12756031462584896
1601510	1593764	7746	523	3232650	3427266	12756031467724004
1513170	1505416	7754	45	1885278	1909792	12756031471427672
422018	414168	7850	445	2905414	2013768	12756031475059368
186898	179280	7618	445	3185516	1780370	12756031478735894
694364	686398	7966	4271	14380726	13735722	12756031494115118
1348298	1340400	7898	4308	14530614	14499990	12756031510299272
1655382	1647452	7930	4659	15586788	15861912	12756031527845414
1536682	1528948	7734	598	3395120	3585480	12756031533081068
1411092	1403282	7810	2719	10055846	9811324	12756031544876144
1661880	1653992	7888	2527	9184794	9486604	12756031556036108
1650612	1642614	7998	2390	9008928	9062984	12756031566999756
189590	181672	7918	1682	6572508	5479782	12756031574065544
1312802	1304904	7898	1631	6751132	6453110	12756031582434558
1101294	1093634	7660	128	2152552	1746840	12756031585994130
159760	151764	7996	4569	15527826	14095008	12756031601986440
1594962	1587270	7692	126	2202154	2233542	12756031606088328
1128962	1121242	7720	87	1916438	1649636	12756031609438260
171568	163568	8000	3824	13154580	11875494	12756031623068316
628030	619954	8076	3739	13050928	12078832	12756031637052686
1655826	1647860	7966	3153	11288940	11352478	12756031650300522
988018	980130	7888	318	2810280	2195994	12756031654403382
894504	886702	7802	2058	7856778	7315822	12756031663459188
1648912	1641000	7912	3238	11350652	11602024	12756031676780760
469896	462224	7672	312	2701028	1667142	12756031680270668
157314	149434	7880	3157	11001396	9866008	12756031691735190
1660716	1652868	7848	3223	11193606	11567366	12756031704892938
1138672	1130974	7698	243	2490574	2127480	12756031708827344
1602984	1595312	7672	467	3251644	3259360	12756031713987492
871390	863334	8056	4652	15602480	15057326	12756031730767362
321576	313722	7854	4695	15714258	14633892	12756031747109520
1650380	1642522	7858	762	4057272	4186858	12756031753122164
1648706	1640946	7760	963	4509034	4792408	12756031759585176
276408	268466	7942	400	2885304	1735266	12756031763052372
154758	146766	7992	3189	11396136	9957838	12756031774908414
1293640	1285752	7888	4682	15553964	15566250	12756031792059276
441150	433252	7898	1819	7227294	6145190	12756031800032856
1008288	1000552	7736	895	4434354	3947050	12756031805780744
546354	538420	7934	320	2502684	1759742	12756031809134766
1646668	1638758	7910	3966	13529906	13777314	12756031824615900
1538160	1530428	7732	714	3789566	3936810	12756031830247844
1319206	1311300	7906	2764	9893804	9850730	12756031841766990
432066	424236	7830	1471	5959426	5095054	12756031848463860
1051164	1043418	7746	1798	6975788	6693682	12756031856795684
607606	599792	7814	3201	11140204	10448502	12756031868847548
650646	642892	7754	1900	7248882	6597216	12756031877052168
171608	163702	7906	4672	15842688	14416414	12756031893369368
1357636	1349884	7752	153	2319810	2076650	12756031897350714
316844	308938	7906	3198	11186494	10148846	12756031909158482
1376100	1368354	7746	588	3469124	3397042	12756031914309044
1587204	1579330	7874	2721	9725604	9992584	12756031925926080
1109092	1101170	7922	1103	5150948	4667932	12756031932490314
367848	359918	7930	2384	8951180	7764874	12756031942113428
818632	810648	7984	2908	10275584	9781490	12756031953512280
440428	432634	7794	372	2860502	1812880	12756031957117604
1320958	1312998	7960	3139	11113120	10977484	12756031969856078
1029852	1022052	7800	1263	5350538	5070344	12756031976541374
1040382	1032582	7800	2561	9182542	8965832	12756031987068936
1237292	1229302	7990	1519	6342662	6045042	12756031994954658
1248002	1240090	7912	1868	7448586	7099622	12756032003956004
525080	517132	7948	3472	12247888	11177610	12756032017033352
657876	649902	7974	4907	16339752	15604246	12756032034336468
1658070	1650198	7872	4167	14328072	14386986	12756032050627362
621618	613814	7804	951	4477956	3727258	12756032056031640
1511146	1503214	7932	1851	7241790	7313324	12756032065088820
1007442	999658	7784	1590	6408628	6025772	12756032072809614
1152138	1144350	7788	589	3281226	3175434	12756032077548420
1040436	1032674	7762	195	2339480	1885998	12756032081234756
891958	884060	7898	2721	9957074	9295510	12756032092387452
1664112	1656232	7880	2067	7769862	8113604	12756032102126304
1675812	1667948	7864	2388	9000174	9082652	12756032113107036
1461572	1453744	7828	4887	16322446	16348236	12756032131197372
1096860	1089030	7830	4998	16481378	16317434	12756032149080404
1690538	1682754	7784	1048	4915434	5086518	12756032155992032
399556	391838	7718	388	3016754	1820894	12756032159714250
820992	813074	7918	4060	14011154	13234222	12756032174851766
151050	143326	7724	918	4275626	3160480	12756032179583954
1441390	1433482	7908	3950	13471502	13525520	12756032194815264
1254758	1246904	7854	3299	11428826	11387142	12756032207803368
1451140	1443236	7904	2518	9387008	9245194	12756032218944878
568590	560848	7742	1972	7754156	6729942	12756032227573754
1671544	1663760	7784	2965	10427438	10805470	12756032239977866
1325018	1317174	7844	4362	14915170	14643162	12756032256523308
634648	626720	7928	4345	14743898	13896278	12756032272207076
584576	576938	7638	252	2265268	1600200	12756032275362426
878970	871246	7724	2260	8346960	7902916	12756032284901892
968756	960806	7950	3056	11005824	10376586	12756032297181770
935116	926844	8272	1249	5597130	4934186	12756032304019830
1265034	1257118	7916	3482	12279264	11949374	12756032317868730
1442812	1435102	7710	578	3587252	3434810	12756032323203246
1072656	1064676	7980	3726	12712992	12479288	12756032337306774
491392	483622	7770	432	3006698	2044802	12756032341110066
251766	243806	7960	1476	6129414	4931184	12756032347796040
372512	364488	8024	1578	6284944	5357082	12756032354758542
248976	241068	7908	2249	8462820	7242348	12756032363775336
1021260	1013354	7906	4532	15088952	14847134	12756032380191554
1597204	1589492	7712	38	1616050	1971310	12756032383709534
1547348	1539580	7768	701	3656614	3906572	12756032389217508
1504500	1496594	7906	2883	10261920	10391598	12756032401289928
331344	323474	7870	3978	13549662	12497652	12756032415476358
1356280	1348450	7830	3495	12040962	12076598	12756032429179152
1451028	1443120	7908	3730	13033244	12877574	12756032443969124
1170102	1162160	7942	4538	15442782	15012246	12756032460888386
709404	701612	7792	1181	5398882	4505108	12756032467302402
498472	490688	7784	2714	9774830	8884850	12756032477880848
1648100	1640192	7908	1225	5405790	5576252	12756032485240772
896338	888386	7952	2628	9602694	9021972	12756032496044622
1652788	1644924	7864	4001	13723876	13889138	12756032511726644
1538360	1530456	7904	1268	5616094	5593304	12756032519187270
460900	453106	7794	1116	5195432	4063334	12756032525149134
1650600	1642738	7862	4282	14667976	14727512	12756032541773238
294482	286814	7668	493	3317664	2032020	12756032545690574
1594232	1586562	7670	556	3332524	3519846	12756032550922992
1653394	1645540	7854	4864	16255978	16473708	12756032569137092
772724	764814	7910	3641	12649288	11931192	12756032582864832
1652576	1644708	7868	3694	12913596	12969010	12756032597736434
1653868	1645984	7884	3797	12965228	13280048	12756032612660382
454296	446608	7688	360	2928324	1795274	12756032616348180
868290	860432	7858	3414	11899224	11342384	12756032629422164
341964	334026	7938	2952	10393872	9436704	12756032640463428
1661480	1653558	7922	4922	16448290	16653766	12756032658878402
1333564	1325846	7718	998	4851284	4581850	12756032665368348
471280	463306	7974	2081	7874534	6960622	12756032674020440
1118556	1110808	7748	121	2162674	1740356	12756032677606800
1404918	1397080	7838	741	3870408	3884098	12756032683187592
914350	906620	7730	2532	9360060	8754764	12756032693767812
1279864	1271914	7950	1722	6759510	6695870	12756032702112396
1477402	1469626	7776	58	2034330	1913652	12756032705928336
247110	239184	7926	1754	6803798	5755538	12756032713284644
575354	567478	7876	2074	8001114	7044362	12756032722166612
1321186	1313216	7970	2597	9312028	9352410	12756032733106244
564944	557234	7710	2080	8078232	7049580	12756032742056048
1243722	1236032	7690	1836	7349774	7000430	12756032750968256
1070918	1063158	7760	130	2242726	1721052	12756032754587508
459744	451984	7760	2069	7704602	6912322	12756032763056768
607318	599422	7896	2678	9881438	8885056	12756032773850100
919036	911206	7830	4911	16557410	15880306	12756032791631370
1456472	1448748	7724	1080	4786108	4948350	12756032798178600
886788	878984	7804	967	4742880	4036166	12756032804112432
292366	284584	7782	2463	9228158	7922772	12756032813939366
1657988	1650086	7902	1022	4915316	4977462	12756032820829818
1260660	1252828	7832	3603	12504324	12305950	12756032834900174
1437800	1429928	7872	1355	5596480	5752424	12756032842239344
625758	617848	7910	3710	12915952	11990918	12756032856086532
511370	503448	7922	4999	16703454	15735216	12756032873606324
249126	241126	8000	3502	12139880	10990282	12756032886300398
1373630	1365852	7778	163	2351984	2123126	12756032890330980
372972	365104	7868	2809	10006420	9040112	12756032901014616
1151614	1143910	7704	1627	6735776	6281320	12756032909206694
177254	169410	7844	2610	9670076	8250588	12756032919359964
856396	848436	7960	3908	13449208	12811492	12756032933971076
571254	563490	7764	288	2463144	1695752	12756032937310278
329134	321204	7930	3458	12011066	10938832	12756032949955644
738042	730304	7738	299	2634078	1892580	12756032953632756
1648004	1640158	7846	986	4472554	4860830	12756032960058654
1468274	1460356	7918	2761	10119744	9992824	12756032971952288
1650382	1642418	7964	3415	12071640	12127280	12756032985979596
558180	550456	7724	1169	5269228	4318460	12756032992112244
1472346	1464478	7868	2529	9208630	9305126	12756033003097500
626530	618536	7994	2766	10014628	9168198	12756033014043746
1042298	1034386	7912	3818	13284072	12728080	12756033028675874
1655554	1647594	7960	1750	6797822	7150926	12756033037432718
337468	329592	7876	2372	8817616	7695726	12756033046892114
1444684	1436924	7760	1229	5550704	5384236	12756033054191658
1308574	1300698	7876	4289	14581280	14407462	12756033070387784
189194	181288	7906	3973	13691662	12341704	12756033084574110
1663134	1655196	7938	3125	10903772	11275056	12756033097445042
715028	707108	7920	1993	7625872	6941412	12756033106092194
257158	249424	7734	1045	4761592	3643152	12756033111416594
1468194	1460302	7892	4853	16125738	16255156	12756033129316080
1604842	1597212	7630	533	3458544	3460194	12756033134684340
1243730	1235796	7934	615	3697682	3346342	12756033139931916
196118	188428	7690	392	3038254	1628938	12756033143472402
916248	908410	7838	1915	7346994	6908266	12756033152039928
280144	272266	7878	3939	13645478	12331316	12756033166269558
1020366	1012416	7950	2399	9085722	8460466	12756033176679888
142218	134528	7690	503	3158744	1907844	12756033180285062
1474262	1466456	7806	766	4057324	4027630	12756033186121398
1088162	1080476	7686	256	2628018	2115582	12756033190140866
1382252	1374336	7916	2662	9681784	9608036	12756033201508728
1206688	1198828	7860	4682	15725600	15478414	12756033218745828
1470404	1462522	7882	2947	10510630	10553350	12756033231032064
1011182	1003356	7826	3937	13641796	13061026	12756033245989248
884712	877018	7694	1218	5288424	4791402	12756033252468132
840826	833180	7646	367	2713162	2200084	12756033256327028
1651252	1643372	7880	4643	15637304	15809446	12756033273921612
159298	151430	7868	3985	13567892	12346416	12756033287953928
151034	143126	7908	1715	6987462	5542906	12756033295397948
245854	238032	7822	948	4455336	3344476	12756033300404118
1211088	1203268	7820	1741	6755400	6679660	12756033308674994
445962	438074	7888	3084	10878780	9935602	12756033320303454
957070	949288	7782	1612	6679022	6040860	12756033328246014
1503888	1496026	7862	82	1921392	2009018	12756033331977252
1593030	1585332	7698	541	3267366	3475062	12756033337142340
1603094	1595286	7808	1064	4958746	5048086	12756033344009190
408492	400740	7752	1438	6157314	4972734	12756033350880420
602676	594862	7814	4076	14071030	13073416	12756033365859558
687926	680226	7700	224	2528530	1619210	12756033369380622
580434	572766	7668	447	3104486	2177720	12756033373370462
801840	793948	7892	757	3981060	3327216	12756033378458324
1690610	1682716	7894	4618	15401328	15772272	12756033395855924
1595390	1587628	7762	436	2831386	3160920	12756033400588244
1466020	1458120	7900	3427	12053408	11983896	12756033414429732
1108374	1100652	7722	270	2505330	2177802	12756033418348964
689918	681934	7984	3861	13136558	12505890	12756033432479004
1160954	1153078	7876	2504	9352194	8914862	12756033443296478
1132922	1125146	7776	748	4095958	3631094	12756033448829264
603522	595818	7704	979	4599666	3796754	12756033454336604
530128	522220	7908	2357	8741010	7845196	12756033463912260
1409902	1402232	7670	43	1752962	1800282	12756033467380944
168892	161032	7860	4633	15724962	14295716	12756033483579558
1255506	1247682	7824	2468	8928572	8898520	12756033494069924
1473746	1465924	7822	1151	5302354	5179718	12756033501150848
1664892	1657026	7866	3447	11962788	12241264	12756033515082372
158920	151012	7908	3099	10899972	9694756	12756033526445928
150852	143126	7726	1272	5411262	4218022	12756033532312896
1077232	1069360	7872	4199	14169506	13905674	12756033547877628
1652982	1645276	7706	1753	6847022	7153518	12756033556674824
319018	311294	7724	3094	10901162	9832868	12756033568192380
1080576	1072812	7764	2978	10668576	10247230	12756033580249176
1640314	1632486	7828	4698	15679322	15955042	12756033597880416
536240	528366	7874	3538	12239610	11380162	12756033610953746
1365032	1357198	7834	1790	6961678	6977926	12756033619579068
800028	792378	7650	184	2243250	1603428	12756033622919792
573544	565398	8146	2449	9177584	8157532	12756033632967888
440782	432854	7928	4167	14323262	13167552	12756033648030128
737730	729732	7998	2790	10209088	9342192	12756033659275092
1426682	1419076	7606	8	1870956	1704848	12756033662869334
389386	381494	7892	345	2884338	1677328	12756033666441948
1242180	1234412	7768	2434	9078108	8779142	12756033677060552
372710	364832	7878	1518	6402736	5169494	12756033684134270
1022660	1014716	7944	3876	13461946	12877892	12756033698916726
1566000	1558092	7908	475	3271918	3241686	12756033704051172
1240586	1232848	7738	628	3729490	3375050	12756033709319460
1660738	1652838	7900	3792	13070898	13262746	12756033724347990
728212	720194	8018	2114	7891094	7307848	12756033733265138
393860	386022	7838	2550	9302806	8278688	12756033743259254
930236	922538	7698	138	2265036	1599268	12756033746752652
1672494	1664618	7876	4150	14044924	14346196	12756033762767718
363856	355952	7904	2659	9474356	8575412	12756033772903908
1676850	1669098	7752	1973	7471278	7834924	12756033782348622
631666	623802	7864	3768	13124738	12160130	12756033796402644
362604	354786	7818	4173	14266896	13104128	12756033811328528
1380450	1372680	7770	2066	7960830	7817370	12756033820965936
984440	976716	7724	157	2051760	1707330	12756033824299052
1035050	1027144	7906	3739	13050688	12479428	12756033838682744
697470	689548	7922	2993	10534746	9908836	12756033850211952
784268	776480	7788	728	3814768	3216820	12756033855108324
1592404	1584520	7884	183	2397432	2393194	12756033859394280
1140144	1132192	7952	4562	15259012	15049468	12756033876091320
800204	792338	7866	1618	6595228	5894542	12756033883784310
883904	876100	7804	970	4472730	4039638	12756033889437812
727480	719580	7900	4618	15454052	14803706	12756033905915988
395920	388224	7696	358	2919482	1721554	12756033909529056
181320	173566	7754	1157	5083806	3898076	12756033915090722
1454260	1446324	7936	3241	11552288	11408350	12756033928395132
1666884	1658988	7896	4692	15816060	15964326	12756033946176096
534096	526388	7708	411	2856872	2016582	12756033949864904
1593900	1586072	7828	546	3483962	3480638	12756033955240472
1651842	1643970	7872	3644	12524954	12812348	12756033969715184
1393296	1385442	7854	4623	15364080	15484392	12756033986770638
1404786	1396852	7934	2433	9131190	8940622	12756033997604388
368712	360770	7942	3730	12848916	11801796	12756034011119822
1574520	1565894	8626	3606	12649874	12620888	12756034025653034
1296218	1288282	7936	3548	12127210	12168104	12756034039375578
1052466	1044664	7802	901	4470034	4002806	12756034045195440
1199926	1191982	7944	193	2253890	2030500	12756034048946306
788922	781208	7714	897	4533850	3729890	12756034054566036
942384	934596	7788	687	3754834	3253828	12756034059561972
986164	978238	7926	4937	16429574	16017254	12756034077275868
558600	550856	7744	895	4561766	3486954	12756034082693414
1654150	1646220	7930	4204	14392922	14487674	12756034099037810
1342044	1334194	7850	1193	5126172	5164832	12756034105803948
406304	397962	8342	1157	5038836	4119604	12756034111545368
165588	157800	7788	1775	6939482	5729848	12756034118948552
1299780	1291824	7956	3359	11900706	11605312	12756034132458366
436696	428934	7762	2438	9017966	7988390	12756034142211114
779758	771804	7954	912	4580696	3765358	12756034147869582
980608	972672	7936	3817	13048880	12654538	12756034162196952
1655490	1647534	7956	1772	6964570	7215068	12756034171114242
1648796	1640972	7824	834	4137088	4398318	12756034177198148
212452	204498	7954	2446	9097518	7789582	12756034186805616
1559190	1551290	7900	3018	10602902	10842690	12756034199264984
418836	410984	7852	1080	5086810	3904974	12756034205068140
422236	414472	7764	326	2826140	1652548	12756034208615190
1402318	1394406	7912	2323	8752374	8604190	12756034219067802
1596856	1589070	7786	168	2178304	2351440	12756034223141144
1445348	1437396	7952	2089	8109744	7950748	12756034232994842
1516344	1508498	7846	2884	10492092	10402002	12756034245300866
1384514	1376502	8012	2153	8298400	8079074	12756034255282094
161454	153486	7968	2873	10379152	9011586	12756034266120372
318246	310230	8016	4577	15549352	14271122	12756034282286244
895356	887382	7974	2046	7683354	7269196	12756034291162680
149656	141542	8114	3282	11600798	10225796	12756034303211640
539012	530562	8450	2183	8306396	7325178	12756034312355160
988094	980152	7942	1024	4630858	4304750	12756034318272324
147134	139232	7902	3381	11888058	10518150	12756034330606094
1648770	1640900	7870	2619	9368664	9739770	12756034341921464
1306276	1298264	8012	2207	8272192	8165220	12756034351796768
590256	582336	7920	2764	9826352	9117674	12756034362510620
1156590	1148824	7766	1235	5286978	5106990	12756034369251374
1073256	1065420	7836	4500	15126492	14795840	12756034385748684
1167658	1159710	7948	2002	7601726	7414916	12756034394815800
776538	768756	7782	758	3906500	3300670	12756034399796954
1391466	1383576	7890	1917	7584042	7381986	12756034409070372
370108	361958	8150	4866	16412588	15186958	12756034426150062
944236	936280	7956	1565	6469400	5880828	12756034433862206
1658372	1650476	7896	2710	9953400	10020810	12756034445772794
387992	379934	8058	3802	13256938	12021770	12756034459715352
1312924	1304962	7962	3889	13204390	13203238	12756034474530344
1386608	1378648	7960	1803	6967112	7038260	12756034483181754
741184	733128	8056	3098	10924996	10265834	12756034495145384
855406	847612	7794	377	2905680	2236876	12756034499204220
1048656	1040346	8310	2894	10513278	9963862	12756034511063862
506450	498456	7994	1815	7284948	6194454	12756034519153178
1656710	1648922	7788	697	3642672	3998758	12756034524750842
1545456	1537388	8068	2187	8111110	8340328	12756034534704780
1644360	1636372	7988	3418	11779104	12127538	12756034548424404
258900	250950	7950	1080	4866978	3739538	12756034553847732
916092	907970	8122	4588	15514464	14902232	12756034570576836
1656382	1648436	7946	1679	6584114	6936964	12756034579113608
1665772	1657828	7944	3070	10966974	11105784	12756034592043360
698596	690834	7762	785	4201758	3304374	12756034597241598
1471254	1463304	7950	2971	10630828	10617670	12756034609641678
1662618	1654820	7798	1889	7215924	7572576	12756034618832712
176990	169054	7936	3379	11672256	10545552	12756034630979714
1227178	1219212	7966	1766	7136518	6767754	12756034639640888
1449226	1441294	7932	3274	11359340	11499900	12756034652747400
1118880	1110800	8080	1153	4969302	4821870	12756034659133064
1069374	1061548	7826	1844	7273814	6843124	12756034667774948
1099366	1091422	7944	4103	13893128	13632276	12756034683065744
1397564	1389738	7826	2491	9003484	9106950	12756034693764336
1271960	1264070	7890	2528	9117496	9087986	12756034704452100
688822	680854	7968	2361	8650744	8008348	12756034714089722
1654334	1646372	7962	3613	12465718	12722142	12756034728508346
347400	339424	7976	4592	15596154	14346700	12756034744748744
1311786	1303842	7944	3249	11266020	11291728	12756034757624862
811198	803274	7924	4848	16117502	15574476	12756034774851254
287646	279728	7918	965	4739952	3431752	12756034780175868
1469414	1461458	7956	2984	10643806	10652738	12756034792587002
1239882	1231892	7990	3223	11219934	11141382	12756034805343704
1645732	1637736	7996	2530	9421148	9472964	12756034816709544
723748	715474	8274	2681	9559314	9002720	12756034827289296
345710	337912	7798	1560	6181442	5268604	12756034834115136
913164	905054	8110	3364	11711412	11234596	12756034847037348
1651936	1643906	8030	3365	11930772	11978898	12756034860917880
1587524	1579432	8092	3213	11189440	11457364	12756034873992338
1662924	1655084	7840	1309	5777502	5834374	12756034881729576
376670	368656	8014	3605	12647488	11419876	12756034895051670
242880	235000	7880	360	2926772	1573470	12756034898518328
1467904	1459908	7996	4757	15851944	15957798	12756034916135504
1162406	1154588	7818	142	2287202	1840156	12756034919882382
1233330	1225356	7974	2001	7562934	7472624	12756034928976924
704472	696454	8018	3810	13253600	12361698	12756034943233022
1561794	1553862	7932	1020	4905438	4868766	12756034949998296
283436	275420	8016	3852	13382942	12064498	12756034963962792
1139700	1131924	7776	56	2016944	1561302	12756034967416904
827086	819020	8066	4159	14292504	13527146	12756034982834940
686484	678456	8028	3229	11181876	10605058	12756034995001200
332580	324754	7826	375	2861890	1709650	12756034998490176
818626	810748	7878	1427	5908034	5343148	12756035005515720
670860	662858	8002	3318	11493690	10855826	12756035017977060
1186590	1178752	7838	88	2116608	1703922	12756035021578482
828318	820294	8024	3309	11502114	10986176	12756035034206400
296758	288706	8052	4516	15370098	14066606	12756035050171680
1649430	1641482	7948	4325	14807530	14848270	12756035066925834
1456794	1448890	7904	1821	7303566	7159540	12756035075984316
1601100	1593110	7990	52	2007992	2011180	12756035079890642
1334002	1326128	7874	4542	15281222	15181408	12756035096802852
574138	566394	7744	291	2645180	1698122	12756035100319806
526316	518356	7960	3259	11407988	10533844	12756035112551892
157914	149896	8018	4029	13624742	12471012	12756035126645168
749932	742050	7882	4554	15379532	14632672	12756035143072656
959796	951870	7926	2045	7767242	7336420	12756035152096634
1655948	1647944	8004	2378	8975602	9026222	12756035163025536
1542556	1534324	8232	3803	13235578	13179540	12756035178101144
708364	700396	7968	2660	9813284	8923774	12756035188921308
866370	858436	7934	4020	13879790	13150270	12756035203965944
1504708	1496772	7936	3310	11754116	11665522	12756035217521624
430396	422316	8080	3669	12689988	11663708	12756035230938972
955230	947316	7914	3489	12288846	11647858	12756035244480006
1438718	1430888	7830	640	3631450	3609420	12756035249847902
1555594	1547708	7886	1712	6972794	6934422	12756035258674068
207328	199400	7928	2758	10103252	8714498	12756035269282452
1054164	1046410	7754	1168	5409162	4803880	12756035276043276
663516	655584	7932	780	4185648	3253022	12756035281189548
921562	913824	7738	278	2538436	2006060	12756035284946258
1354644	1346748	7896	4858	16391536	16150054	12756035302989588
617686	609720	7966	2826	10306766	9329608	12756035314212240
940822	932998	7824	2268	8413526	7982602	12756035323864248
508036	500158	7878	3785	12882128	12089824	12756035337552000
569944	562022	7922	4697	15611462	14880430	12756035354030016
487906	480094	7812	2197	8203140	7318324	12756035363019390
842278	834362	7916	4071	14035890	13282388	12756035378194632
1135232	1127414	7818	3753	13083030	12622194	12756035392709858
151392	143590	7802	1188	5125998	3961178	12756035398283520
1645270	1637460	7810	1912	7452114	7618790	12756035407678632
1651376	1643652	7724	698	3731574	3995626	12756035413359248
1080652	1072892	7760	2219	8352374	7974640	12756035423090096
1477018	1469054	7964	4056	13986906	13871704	12756035438852088
1111878	1103974	7904	2425	9109730	8623980	12756035449372112
370208	362462	7746	2190	8404182	7178748	12756035458444130
418292	410438	7854	308	2740528	1592008	12756035461901144
1655130	1647382	7748	2187	8233146	8453200	12756035472086772
950758	942862	7896	1406	5952122	5413678	12756035479286640
525948	518008	7940	1209	5260378	4398648	12756035485371390
1653422	1645676	7746	2610	9476384	9719354	12756035496800478
1056148	1048334	7814	201	2206026	1912792	12756035500360308
609678	601858	7820	1784	6909876	6203198	12756035508177270
917136	909290	7846	2659	9628468	9130120	12756035519019708
236226	228402	7824	2130	8223118	6865366	12756035527775430
1447522	1439582	7940	1284	5454428	5542704	12756035534975520
1544232	1536208	8024	2430	9031836	9073308	12756035545849668
206912	199090	7822	4695	15645058	14512692	12756035561999894
1126392	1118480	7912	4905	16527816	16060194	12756035579952000
637148	629414	7734	2076	8066078	7103968	12756035588953230
1026948	1019144	7804	2692	9902558	9335712	12756035600180336
435012	427158	7854	3880	13458042	12297332	12756035614370318
294418	286538	7880	3979	13681820	12458116	12756035628643560
1654678	1646712	7966	4091	13976714	14153132	12756035644573274
1594330	1586624	7706	551	3300492	3494754	12756035649765444
157720	149776	7944	1069	4969834	3609156	12756035655191570
763878	755954	7924	3150	11196606	10445038	12756035667449102
1513364	1505506	7858	3413	12038788	11982138	12756035681298564
962054	954026	8028	1759	7110196	6478316	12756035689669112
1646954	1639216	7738	1770	7100644	7203398	12756035698722114
1653666	1645566	8100	4588	15260088	15645774	12756035715941040
1525026	1517116	7910	1953	7468510	7628356	12756035725239990
1274674	1266648	8026	4215	14378254	14144166	12756035741199254
731686	723766	7920	4713	15961502	15096982	12756035758197660
311544	303680	7864	2835	10151472	9051824	12756035768965020
399058	391184	7874	308	2774504	1581486	12756035772443472
896030	888060	7970	4377	14921944	14255858	12756035788566404
166414	158326	8088	2844	10186480	8938648	12756035799224774
927440	919686	7754	137	2132790	1598968	12756035802589574
1658564	1650560	8004	1670	6770400	6918208	12756035811323804
1378926	1371018	7908	4240	14578892	14329374	12756035827585838
1329330	1321368	7962	4037	13764150	13671722	12756035842985688
1648170	1640208	7962	3400	11761614	12082160	12756035856700694
1576476	1568668	7808	120	1910034	2194884	12756035860492880
1657452	1649508	7944	2891	10224856	10571572	12756035872680150
1064910	1056998	7912	3402	11728860	11507352	12756035885780088
1452450	1444512	7938	4914	16386618	16421818	12756035903924534
883570	875692	7878	4014	13874268	13159808	12756035918987592
