# Loop @ Start frequency 3000000Hz took 1059.27 cycles
# Interval [1057 ; 1061]
# Q1 : 1058 ; Q3 : 1058
# Loop @ Target frequency 1700000Hz took 1871.62 cycles
# Interval [1868 ; 1875]
# Q1 : 1864 ; Q3 : 1868
# Confidence intervals do not overlap, alternatives are statistically different with selected confidence level
Change time (with write) [cycles]	Change time [cycles]	Write cost [cycles]	Wait time [us]	Time since last frequency change request [cycles]	Time since last frequency change [cycles]	Detected frequency change timestamp [cycles]
0	0	0	0	0	0	0
1224904	1216486	8418	4812	15932132	15882188	12756093806930800
380940	372714	8226	907	4215162	3349656	12756093811937982
721528	713458	8070	3036	10960306	10063728	12756093824025738
697476	689324	8152	4996	16813118	15903910	12756093841944102
846744	838652	8092	2463	9225046	8470136	12756093852424874
447570	439472	8098	4156	13905228	13140176	12756093867184772
1319250	1311194	8056	3982	13385010	13488786	12756093882296682
1671280	1663020	8260	4075	13790852	14116194	12756093898166874
343796	335640	8156	3998	13422092	12561534	12756093912345664
1497760	1489486	8274	3427	11697214	12006700	12756093925950042
1588930	1580756	8174	2191	8411284	8395176	12756093936357762
563150	555096	8054	4544	15075306	14413402	12756093952403576
284492	276362	8130	3891	13096988	12182734	12756093966194528
1658856	1650744	8112	4101	13778230	14183368	12756093982039550
1218506	1210340	8166	3295	11316392	11329674	12756093994983492
683414	675262	8152	2535	9448578	8519674	12756094005522160
1578460	1570652	7808	27	1687114	1910000	12756094009194568
1080266	1072208	8058	2511	9131198	8845446	12756094019815028
1649602	1641454	8148	4626	15694062	15742592	12756094037566628
1511088	1503072	8016	4697	15665278	15823626	12756094055152062
1355868	1347786	8082	4859	16344740	16149590	12756094073259594
161462	153400	8062	1572	6521586	5116754	12756094080352480
692276	684368	7908	447	2827512	2279330	12756094084280232
780992	772850	8142	3556	12268860	11675530	12756094097738238
246986	238782	8204	4871	16280052	15079264	12756094114673862
267736	259594	8142	3275	11238958	10322244	12756094126588408
1031150	1022944	8206	1540	6053858	5889770	12756094134082856
538332	530152	8180	3078	11066022	9999922	12756094146094406
1033188	1025250	7938	1572	6569966	5989216	12756094154104380
714354	706160	8194	1286	5702568	4814002	12756094160929616
1563286	1555066	8220	4158	14302860	14258038	12756094177203960
882142	874300	7842	156	1991912	1604930	12756094180485456
1609668	1601728	7940	590	3392030	3623560	12756094185911806
1329564	1321286	8278	1788	6916678	6930438	12756094194565526
1574622	1566420	8202	4822	15894990	16255310	12756094212441746
1111288	1103418	7870	271	2345918	2171824	12756094216306182
515982	507966	8016	2722	9599224	8913294	12756094226844508
1674872	1666756	8116	3041	10622192	11040744	12756094239550024
952668	944570	8098	1519	6168500	5750898	12756094247079290
445458	437334	8124	1506	6375146	5207352	12756094254308712
1314962	1306838	8124	4306	14315278	14456892	12756094270346174
513248	505190	8058	3273	11589462	10559750	12756094282856944
1180600	1172482	8118	1904	7116476	7131988	12756094291563244
694208	686146	8062	2294	8548566	7813232	12756094301213768
167422	159448	7974	1597	6636850	5203834	12756094308426660
244654	236546	8108	2113	8016874	6821804	12756094317096534
1603444	1595552	7892	412	3084610	3085212	12756094322193466
1036290	1028322	7968	138	2283044	1709682	12756094325921082
855522	847440	8082	3347	11877794	11127714	12756094339061760
1296630	1288786	7844	16	1547304	1597588	12756094342312476
848008	839978	8030	1746	6743370	6327526	12756094350313512
1315936	1307474	8462	4935	16489408	16339940	12756094368526406
498544	490382	8162	3464	11792638	11120624	12756094381224928
426678	418664	8014	3745	12786314	11888686	12756094394845592
457826	449626	8200	2732	10031096	8891968	12756094405744000
1171052	1163024	8028	1498	6003648	5908360	12756094413325906
1482466	1474378	8088	4146	13990250	14145036	12756094429206396
668670	660330	8340	1096	4944486	4202596	12756094435228412
1413916	1405950	7966	1260	5225736	5441510	12756094442276696
1099826	1091744	8082	4117	14182698	13677236	12756094457968660
874052	866132	7920	2011	7764332	7147240	12756094467014926
805154	797070	8084	172	2373540	1575036	12756094470603328
205546	197490	8056	2268	8206768	7246834	12756094479422380
385574	377438	8136	4094	13953014	12893876	12756094494168868
794896	787008	7888	745	3865862	3280224	12756094499238120
674508	666402	8106	2672	9850712	8924968	12756094510170572
941442	933306	8136	3355	11606436	11236364	12756094523127378
1111842	1103792	8050	1239	5565064	5073118	12756094530211440
883396	875162	8234	4099	14127310	13400518	12756094545629874
837498	829394	8104	3278	11412674	10902094	12756094558288864
1083494	1075396	8098	2673	9657568	9333480	12756094569437926
597230	589070	8160	2143	8022466	7263690	12756094578466176
1573244	1565144	8100	1737	7063028	7025332	12756094587511016
796666	788746	7920	1406	5758212	5258378	12756094594489092
634926	627012	7914	797	3905200	3268588	12756094599436200
1613804	1605928	7876	643	3542142	3789144	12756094605015146
263542	255450	8092	3558	12506674	11162844	12756094618192440
439630	431486	8144	4047	13636392	12800176	12756094632677606
949254	941312	7942	882	4083800	3840624	12756094638119510
836702	828798	7904	2473	8986628	8489460	12756094648350494
1656642	1648730	7912	1585	6261526	6651792	12756094656676634
288926	280656	8270	2540	9032714	8141268	12756094666409560
1057170	1049058	8112	4264	14419088	14068422	12756094682294982
388148	380062	8086	2738	10048598	8834646	12756094693139630
686570	678484	8086	2733	9749396	9117152	12756094703982120
176386	168344	8042	4271	14643812	13210394	12756094719211578
961714	953762	7952	2902	10457574	9902546	12756094731052648
373826	365398	8428	3628	12716678	11482364	12756094744570388
158634	150566	8068	3111	10877780	9723784	12756094756015500
585080	577164	7916	266	2350978	1631496	12756094759360052
237784	229644	8140	4833	16047530	14952820	12756094776054336
1605928	1598036	7892	157	2179658	2328552	12756094780250742
1033418	1025506	7912	226	2242006	1967550	12756094783931132
1521976	1514060	7916	1531	6457134	6358518	12756094792317960
1503342	1495232	8110	3004	10516842	10748394	12756094804746840
1657486	1649390	8096	3731	12619540	13074422	12756094819431520
805588	797474	8114	4131	13871506	13422852	12756094834516846
1325228	1317144	8084	3481	12065092	11996350	12756094848316034
506872	498936	7936	587	3198306	2517628	12756094852429960
156564	148358	8206	4252	14333620	13137234	12756094867328528
903576	895380	8196	3693	12690192	12212506	12756094881331080
972134	963926	8208	3638	12338086	12112598	12756094895050242
1139546	1131384	8162	2737	10049040	9584758	12756094906647520
1666814	1658712	8102	1854	7102032	7468772	12756094915824294
651216	643362	7854	262	2326104	1689436	12756094919211240
1705942	1697734	8208	2312	8781842	8880240	12756094930106676
1580526	1572610	7916	533	3036710	3430150	12756094935135060
993406	985174	8232	3593	12168010	12000562	12756094948704360
1027678	1019752	7926	99	1756926	1577834	12756094951896146
1658024	1649866	8158	4288	14690614	14746406	12756094968652208
1655244	1647074	8170	4109	13900890	14206502	12756094984616588
1393472	1385452	8020	2408	8789742	8853874	12756094995210056
766426	758242	8184	3027	10778668	10080312	12756095007165176
969926	961722	8204	4985	16420160	16143568	12756095024963982
155894	147800	8094	678	3891580	2440622	12756095029420448
1323098	1314584	8514	2117	7796278	7914718	12756095038946792
408090	400010	8080	2293	8323046	7527576	12756095048084962
1053458	1045340	8118	1789	7213452	6661254	12756095056760312
1040608	1032430	8178	914	4189202	4032758	12756095062398072
737756	729540	8216	4153	14086226	13422390	12756095077631376
794808	786582	8226	1515	6081370	5584602	12756095084916312
1661622	1653434	8188	1040	4972126	5027216	12756095091960420
498980	490796	8184	4496	15018682	14212004	12756095107887254
1658484	1650152	8332	3415	11678436	12133310	12756095121631976
1400510	1392014	8496	4104	13952470	13934460	12756095137394954
224210	215986	8224	3390	11713154	10623888	12756095149740604
1066926	1058648	8278	3186	10990662	10856456	12756095162204760
410314	402000	8314	4864	16415782	15219922	12756095179451668
1653258	1645126	8132	3823	13103394	13348738	12756095194617672
993466	985270	8196	4098	13808226	13513020	12756095209829160
855062	847068	7994	155	1903318	1573750	12756095213015894
353634	345396	8238	3875	13466346	12206662	12756095227242544
229950	221806	8144	4861	16076306	15032250	12756095243956980
1410614	1402490	8124	2928	10474778	10426062	12756095256250256
1601746	1593704	8042	110	1981722	2194814	12756095260242360
1266352	1258292	8060	1900	7346302	7207028	12756095269262806
1043214	1035064	8150	4545	15040056	14899912	12756095285755016
1650020	1641816	8204	3369	11857648	11988712	12756095299671254
295854	287628	8226	2297	8419450	7424508	12756095308795278
448936	440766	8170	4406	14641830	13889776	12756095324292960
878648	870620	8028	787	4215846	3488900	12756095329795646
1132892	1124740	8152	3521	12033092	11926172	12756095343386266
705096	697036	8060	2005	7770158	6960164	12756095352269418
1656544	1648330	8214	1318	5800292	5854124	12756095360134458
1654456	1646328	8128	4294	14749248	14760356	12756095376946440
622880	614704	8176	824	4028840	3342064	12756095382005468
1482564	1474536	8028	1278	5488366	5559668	12756095389383702
425498	417366	8132	2680	9536252	8701158	12756095399768492
187788	179504	8284	1094	4787250	3713848	12756095405151452
1167634	1159514	8120	3047	10980386	10539836	12756095417707874
916134	908180	7954	162	2266966	1654920	12756095421299232
1390614	1382464	8150	1420	5920016	5895784	12756095429016544
1650736	1642724	8012	1616	6694690	6741460	12756095437770506
551768	543600	8168	4621	15243434	14634400	12756095453973534
1089898	1081746	8152	1886	7501322	6987352	12756095462972622
1671350	1663306	8044	4189	14186390	14462156	12756095479236848
769582	761384	8198	4642	15451740	14916146	12756095495867556
1656068	1647840	8228	2200	8013378	8512954	12756095505945220
1545306	1537086	8220	4100	13943348	14071250	12756095521840490
1652680	1644536	8144	3859	13046968	13458988	12756095536948332
1025504	1017502	8002	1704	7003750	6379964	12756095545386668
848670	840524	8146	4153	13840304	13532004	12756095560497554
175978	167794	8184	3768	12730876	11706366	12756095573813728
441550	433278	8272	2718	9642128	8831442	12756095584306010
294110	285948	8162	3756	12689102	11788196	12756095597698440
307624	299608	8016	1692	6654822	5624676	12756095605068558
926306	918116	8190	4481	14851806	14593438	12756095621268312
733290	725304	7986	1863	7397910	6562630	12756095629808534
760922	752922	8000	2575	9166506	8721486	12756095640143772
347778	339662	8116	1574	6274876	5314662	12756095647173946
236356	228258	8098	4855	15983304	15020292	12756095663801860
1412228	1404120	8108	44	1591488	1799084	12756095667213378
396222	387934	8288	4716	15914610	14765080	12756095683933314
1474212	1465952	8260	3488	12297092	12167600	12756095698114256
455710	447580	8130	2537	9067770	8302420	12756095708046774
575986	567834	8152	3773	13146268	12121502	12756095722176806
612090	603992	8098	320	2501844	1823628	12756095725699674
792094	784132	7962	1013	4564698	4078728	12756095731464438
1280870	1272960	7910	613	3369762	3369518	12756095736523394
1377134	1368890	8244	4795	16134686	15983932	12756095754442420
462572	454582	7990	1000	4709112	3711050	12756095760022406
1652172	1643940	8232	2181	8207890	8429476	12756095770289542
271292	263102	8190	4979	16428170	15426502	12756095787398736
1666782	1658756	8026	1799	6959090	7304140	12756095796432128
408246	400144	8102	1483	6308578	5102292	12756095803583658
686322	678182	8140	1306	5338228	4848492	12756095810015114
1649554	1641646	7908	1083	5096486	5141814	12756095817170668
530072	521988	8084	2629	9443208	8653238	12756095827552976
462544	454488	8056	847	3957848	3256694	12756095832393820
1506730	1499020	7710	3437	11886202	12053076	12756095846223612
991084	983096	7988	2324	8658296	8205928	12756095856293930
1346998	1339022	7976	2335	8383856	8597190	12756095866469532
340378	332200	8178	4813	15858648	15007752	12756095883088130
378652	370050	8602	4546	15028674	14244122	12756095898913966
262724	254434	8290	3083	10928928	9752384	12756095910524188
1209590	1201454	8136	4348	14443584	14483682	12756095926597190
1377692	1369574	8118	1639	6348614	6543818	12756095934744402
1402532	1394560	7972	4708	15787276	15753716	12756095952352496
1664112	1655980	8132	3991	13411426	13871574	12756095967859960
382540	374562	7978	895	4298128	3319792	12756095972962272
1041230	1033340	7890	130	2044990	1689708	12756095976467224
289978	281934	8044	3547	12131778	11167014	12756095989309692
1531660	1523662	7998	2350	8571250	8827630	12756095999832414
1263256	1255182	8074	3611	12507884	12334044	12756096014022686
676772	668754	8018	3071	11051936	10129346	12756096026171022
334646	326548	8098	3121	11219194	9936272	12756096038144728
1652832	1644842	7990	3537	12451722	12498652	12756096052670556
804530	796492	8038	1541	6028400	5678638	12756096059927054
1266134	1258112	8022	4851	16226566	16043046	12756096077855262
1556532	1548430	8102	3520	12158692	12352646	12756096091990800
1103442	1095226	8216	3752	13101982	12593698	12756096106618920
1298878	1290770	8108	1926	7192330	7326338	12756096115529712
930604	922478	8126	4751	15658748	15409056	12756096132538254
732780	724832	7948	2108	7738060	7304438	12756096141429834
689270	681204	8066	3409	11645092	11152666	12756096154183988
164098	156034	8064	1582	6423356	5158330	12756096161189006
617822	609874	7948	1307	5773138	4787792	12756096167996606
504084	495978	8106	3269	11414034	10550052	12756096180333318
1072066	1064082	7984	1444	5755666	5657130	12756096187581544
329704	321808	7896	367	2541988	1691098	12756096190873574
606750	598676	8074	4526	15082600	14411472	12756096206983094
1654492	1646482	8010	1010	4644344	4941288	12756096213702396
952396	944196	8200	3218	11129592	10841418	12756096226204924
1543470	1535444	8026	4507	15183952	15293698	12756096243352804
152856	144658	8198	3592	12287520	11165524	12756096256214390
646956	638854	8102	4429	14680584	14161762	12756096271963362
1069870	1061794	8076	2363	8935812	8402974	12756096282388504
950140	942052	8088	3697	12487386	12273134	12756096296245648
1287494	1279454	8040	765	4158014	3838696	12756096302110850
662918	654754	8164	3037	10948206	10008320	12756096314140256
1330622	1322670	7952	1186	5413512	5142422	12756096321302576
497598	489472	8126	2722	9739864	8906968	12756096331959312
401174	393096	8078	2586	9602196	8399642	12756096342382988
1172838	1164804	8034	2562	9063660	9098100	12756096353040152
1378778	1370670	8108	3618	12701608	12469076	12756096367540232
319700	311766	7934	410	2941794	1808328	12756096371221934
941458	933284	8174	4858	16198920	15739732	12756096388804406
402700	395108	7592	1582	6168226	5397650	12756096395792814
589466	581412	8054	3846	13250466	12360816	12756096410052194
369030	360824	8206	3808	13258888	12026404	12756096424098940
1372082	1364158	7924	616	3405192	3476414	12756096429295066
904514	896288	8226	730	3605380	3350754	12756096434226668
520294	512214	8080	4975	16640472	15668264	12756096451808908
156362	148236	8126	3171	10938710	9904326	12756096463323776
950136	942110	8026	3263	11251938	10975104	12756096475942490
1673494	1665358	8136	3658	12805742	12876332	12756096490840268
1278176	1270228	7948	2970	10413516	10425104	12756096502973234
1053138	1045142	7996	1899	7545402	6995014	12756096512005232
1662314	1654220	8094	4467	15242532	15295930	12756096529329806
1386922	1378888	8034	4256	14627138	14385358	12756096545763752
157382	149264	8118	1769	7157222	5711970	12756096553500946
744186	736068	8118	4276	14522466	13799090	12756096569186994
628416	620522	7894	301	2766998	1790374	12756096573000886
156134	148154	7980	3424	11795972	10668502	12756096585371128
1598810	1590688	8122	2861	9971926	10421952	12756096597363816
963970	955874	8096	4112	13745260	13531688	12756096612492566
1650204	1642148	8056	4151	13868324	14330376	12756096628430690
246316	238292	8024	2256	8265362	7254052	12756096637361280
891024	883020	8004	4034	13606310	13227852	12756096652279148
499632	491614	8018	4903	16214956	15428278	12756096669414208
374560	366498	8062	1688	6548254	5685994	12756096676759408
481304	473292	8012	2109	7799024	7052938	12756096685458808
1658394	1650520	7874	1608	6365022	6728972	12756096693902616
160544	152466	8078	962	4354202	3300116	12756096698839546
1665992	1657940	8052	3338	11537040	11914414	12756096712460228
1537988	1530082	7906	735	3889008	3997580	12756096718309062
445368	437476	7892	1482	5977824	5141168	12756096725168592
726874	718858	8016	3071	11053306	10175000	12756096737367808
1549942	1541854	8088	4014	13879566	13825526	12756096753218248
1463352	1455390	7962	1443	5761548	6042362	12756096760862354
1574958	1566998	7960	1781	6820256	7161868	12756096769677272
996226	988214	8012	2561	9242040	8915622	12756096780333960
1323846	1315796	8050	2849	10393586	10108054	12756096792471548
1669982	1662170	7812	1244	5329156	5649502	12756096799889902
955684	947556	8128	2967	10747796	10091824	12756096812015188
1231200	1223178	8022	1604	6671068	6291756	12756096820335642
1613604	1605792	7812	39	1675826	1991334	12756096824043146
1678690	1670570	8120	1695	6934786	7007340	12756096833077962
627742	619608	8134	4374	14960086	13975696	12756096849086570
1656864	1648278	8586	3531	12032296	12482046	12756096863197628
1659300	1651390	7910	2513	9405818	9439566	12756096874683826
1194906	1187020	7886	2483	8952880	8882566	12756096885251280
184736	176612	8124	4695	15539172	14498762	12756096901393452
635354	627510	7844	2080	7877926	7118998	12756096910325968
1658426	1650364	8062	4985	16489410	16835528	12756096928893466
1658356	1650342	8014	4703	15581526	15992328	12756096946554470
910348	902288	8060	3532	12159524	11743408	12756096960043720
797598	789528	8070	2604	9664504	8851576	12756096970926908
1659084	1651014	8070	4218	14085646	14542478	12756096987091062
1382506	1374564	7942	596	3319930	3424974	12756096992213668
258734	250568	8166	4133	14223784	12889920	12756097007113966
1652344	1644172	8172	4664	15822034	15871662	12756097025007462
1134290	1126142	8148	3903	13101902	13069694	12756097039666366
1256924	1248908	8016	1905	7264928	7221210	12756097048609080
1660190	1652116	8074	3540	12141512	12514814	12756097062830616
161440	153382	8058	4592	15292210	14163704	12756097078705638
1532072	1524018	8054	4918	16215444	16512008	12756097096875522
345540	337500	8040	1158	4922270	4071348	12756097102563594
1374524	1366584	7940	856	4070258	4193914	12756097108429166
1648850	1640788	8062	3235	11323368	11591230	12756097121821394
1511988	1504104	7884	553	3159944	3426596	12756097126916100
1249612	1241554	8058	3179	11374268	11019964	12756097139960128
202158	193966	8192	4849	16374776	14973308	12756097156956960
745286	737156	8130	4083	13665872	13226988	12756097171788206
285368	277316	8052	4279	14285064	13365788	12756097186777666
476532	468372	8160	3894	13118062	12389572	12756097200792988
197728	189844	7884	1731	6625268	5639518	12756097208035324
841354	833230	8124	2542	9061014	8708080	12756097218358062
164106	155922	8184	1197	5188734	4008124	12756097224130476
1105954	1097896	8058	4572	15333304	15045164	12756097240988566
1655436	1647314	8122	4725	15594510	16053610	12756097258657482
548480	540430	8050	1616	6368852	5644682	12756097265993548
261678	253540	8138	2907	10350462	9221172	12756097277025900
740612	732596	8016	2035	7540648	7088994	12756097285726268
690216	682344	7872	251	2223914	1697890	12756097289060870
493554	485484	8070	4439	15154068	14034446	12756097305127648
331092	322984	8108	4084	14093762	12813204	12756097319992528
1651162	1643078	8084	3836	12933380	13386644	12756097334996146
957996	949806	8190	1843	6920162	6730224	12756097343296694
488182	480110	8072	2724	9817402	8899402	12756097354020326
1583520	1575526	7994	2228	8113652	8508998	12756097364136308
1172876	1164830	8046	4334	14664766	14406512	12756097380393106
1261944	1254090	7854	220	2279420	2180090	12756097384354976
610020	602010	8010	2469	8920182	8262154	12756097394303954
1379372	1371304	8068	4381	14977540	14749692	12756097411082352
580438	572238	8200	3324	11664346	10804692	12756097423745472
296168	288074	8094	1701	6544302	5646980	12756097431006272
1101448	1093294	8154	2389	8708248	8511796	12756097441236226
312898	304918	7980	1254	5189478	4321838	12756097447157802
1431266	1423232	8034	1146	4878656	5130560	12756097453884876
373784	365704	8080	1524	6016502	5194564	12756097460695726
162346	154392	7954	2838	9880412	8920464	12756097471180920
813274	805134	8140	757	3907132	3337780	12756097476321234
557100	549164	7936	1387	5791078	4968352	12756097483089354
1474980	1466918	8062	1916	7277866	7483004	12756097492261634
1549204	1541230	7974	778	3998908	4139514	12756097498228896
1006088	997998	8090	3625	12364416	12115250	12756097512021806
939052	931130	7922	1366	5667768	5287906	12756097519047940
1669000	1660792	8208	4116	13770666	14259068	12756097534907068
747346	739246	8100	3541	12051812	11602076	12756097548129840
1552678	1544526	8152	2343	8881514	8824446	12756097558982352
1144426	1136524	7902	138	1868458	1815950	12756097562413976
1668612	1660504	8108	3398	11704572	12096144	12756097576208696
1406518	1398644	7874	577	3122148	3394302	12756097581160272
1322900	1314828	8072	4330	14507472	14543108	12756097597411874
1020222	1012150	8072	1997	7428200	7259020	12756097606282496
1655422	1647460	7962	751	3767770	4160552	12756097612125336
943946	936032	7914	304	2544966	2113100	12756097616034914
1502532	1494378	8154	1683	6904130	6801416	12756097624862816
1249998	1242136	7862	24	1519392	1581936	12756097628052192
1552642	1544644	7998	4052	13991982	13940906	12756097644031600
549600	541704	7896	1074	4958012	4024648	12756097649960174
769114	761090	8024	192	2438232	1603378	12756097653585614
357694	349688	8006	1046	4674770	3745854	12756097659037228
1248342	1240360	7982	1820	7239254	6957520	12756097667945936
660462	652572	7890	1357	5516852	4980464	12756097674540960
336868	328822	8046	503	3087556	2109850	12756097678386492
1091116	1083162	7954	3001	10439560	10335346	12756097690337220
1343782	1335706	8076	4432	14798562	14870636	12756097706901188
1403970	1395906	8064	3206	11463340	11257522	12756097720186994
347806	339804	8002	901	4130620	3305794	12756097725086740
874604	866484	8120	4711	15581764	15233794	12756097741963800
1376846	1368756	8090	1660	6835924	6602052	12756097750594752
1012180	1004276	7904	689	3495994	3330662	12756097755521548
1083594	1075500	8094	3718	12725522	12469482	12756097769749398
1505784	1497644	8140	4450	14719572	15080370	12756097786393144
775000	766966	8034	3635	12407744	11910262	12756097799995376
1537860	1529902	7958	1159	5057722	5263848	12756097807010376
407850	399818	8032	4807	15822100	15052398	12756097823658194
1104278	1096194	8084	4644	15371902	15264006	12756097840555168
463544	455714	7830	339	2450342	1737508	12756097843889030
1100956	1092956	8000	3398	11687706	11527042	12756097857114626
339010	331162	7848	1625	6294498	5460538	12756097864170162
379114	371044	8070	3388	11662398	10779610	12756097876630786
432380	424264	8116	2588	9175240	8434200	12756097886659394
1309038	1300868	8170	4440	14751186	14854396	12756097903138020
532514	524396	8118	2426	8798206	8052382	12756097912887600
678200	670136	8064	1390	6018972	5093586	12756097920003728
1476914	1469016	7898	517	3109818	3282486	12756097925010428
1031204	1022936	8268	3612	12679344	12104374	12756097939140188
174600	166446	8154	3997	13509812	12398062	12756097953245086
914296	906332	7964	1515	6100732	5708058	12756097960679962
1318526	1310338	8188	4807	15813334	15965242	12756097978230494
155492	147580	7912	2226	8332482	7073080	12756097987126596
388332	380210	8122	2777	9828528	8952120	12756097997750848
1654338	1645878	8460	1518	6083428	6516736	12756098005897550
818774	810748	8026	4911	16588620	15764944	12756098023713734
1323024	1315108	7916	1246	5182896	5305258	12756098030628780
882110	874016	8094	3597	12198656	11897702	12756098044116840
997008	988922	8086	3397	11578596	11416392	12756098057101190
990130	982034	8096	1898	7534910	6924432	12756098066037120
1571726	1563608	8118	3990	13797260	13764112	12756098081813700
1290070	1281870	8200	1573	6335578	6251406	12756098089849342
1534618	1526124	8494	2998	10420918	10757322	12756098102212122
1318310	1310138	8172	4025	13850558	13617252	12756098117789354
271710	263670	8040	903	4203726	3227658	12756098122674710
1281496	1273458	8038	4058	13637486	13679216	12756098138002518
1127548	1119230	8318	2849	10379250	9904956	12756098149918960
1661514	1653364	8150	2038	7960508	8017512	12756098159949416
996814	988700	8114	2576	9251676	8956452	12756098170606846
1365774	1357818	7956	1794	6805890	6984988	12756098179185392
262054	253952	8102	3309	11419378	10415746	12756098191274386
1547520	1539540	7980	1021	4491832	4854402	12756098197722558
1163980	1155872	8108	2521	8991432	8960668	12756098208284082
1126422	1118506	7916	256	2408288	2141896	12756098212227078
1353128	1344916	8212	1647	6568164	6535140	12756098220555608
324822	316696	8126	3051	10620022	9708544	12756098231908878
1200218	1192338	7880	82	1809604	1697148	12756098235325274
1128634	1120566	8068	3606	12198256	12170282	12756098249059998
949094	940976	8118	1823	7307998	6655464	12756098257724486
345802	337674	8128	2797	9794350	8966256	12756098268272728
1655916	1647884	8032	2847	9972470	10426600	12756098280309400
878604	870556	8048	4533	15033904	14697054	12756098296630542
529036	521046	7990	2314	8389318	7702902	12756098305957000
550618	542448	8170	1416	6093070	5038702	12756098313008952
781268	773138	8130	4815	15862234	15441632	12756098330059708
751948	743880	8068	1925	7612636	6761466	12756098338832472
1068036	1060050	7986	804	3829664	3723612	12756098344137734
514640	506608	8032	3314	11676948	10685180	12756098356738162
976844	968816	8028	3590	12189460	11975284	12756098370312268
1553922	1545782	8140	4213	14177464	14412380	12756098386473448
718266	710210	8056	4843	15948594	15462154	12756098403547324
1385272	1377138	8134	2107	7906040	7939426	12756098413246886
186690	178828	7862	466	3175580	1829062	12756098417019470
883356	875212	8144	165	2356256	1628438	12756098420667248
1479170	1471076	8094	3640	12448916	12627402	12756098435003422
758436	750480	7956	929	4647572	3791580	12756098440816236
257078	248962	8116	4618	15684246	14331680	12756098457164846
296466	288346	8120	3585	12310248	11278606	12756098470181450
1026214	1018326	7888	169	2317918	1786648	12756098473934054
560616	552552	8064	887	4514008	3468394	12756098479415386
1587000	1578950	8050	3960	13613548	13692326	12756098495026200
1349038	1341062	7976	1222	5512850	5260240	12756098502294374
1114000	1106088	7912	256	2253214	2133756	12756098506087840
1667506	1659394	8112	2861	10083064	10482928	12756098518244832
1657150	1649242	7908	1736	6619600	7105070	12756098526931854
847240	839190	8050	747	3674068	3337338	12756098531862350
0	0	0	0	0	0	0
1425454	1417402	8052	3066	10622454	10863982	12756098561130480
881104	872982	8122	3173	11355512	10632612	12756098573772858
544002	535924	8078	840	4353400	3310268	12756098579077406
1414192	1406072	8120	3440	12151812	11961480	12756098593050516
1602418	1594482	7936	639	3438086	3766388	12756098598500262
485896	477792	8104	4969	16421864	15615122	12756098615814074
280096	271974	8122	2874	10393840	9136692	12756098626894496
284788	276666	8122	2794	9810700	8900288	12756098637398292
1212576	1204574	8002	1947	7272680	7294606	12756098646293160
1497206	1488992	8214	3675	12584250	12750302	12756098660782136
619648	611518	8130	2683	9773894	8902114	12756098671582874
431426	423480	7946	2129	8082264	7052416	12756098680505094
1116936	1108944	7992	1178	5218990	4895410	12756098687248154
484932	476848	8084	4357	14899258	13773452	12756098703041216
467702	459564	8138	2768	10141378	9000352	12756098714058876
1417956	1409882	8074	1728	7029624	6839894	12756098722913436
1033764	1025806	7958	1345	5444888	5308354	12756098729798976
1425350	1417332	8018	2397	8706130	8852814	12756098740354408
1082636	1074512	8124	4420	15049348	14562562	12756098756894728
1174836	1166748	8088	4668	15836152	15399192	12756098774315742
546126	538008	8118	2509	9360034	8306952	12756098784629126
578628	570612	8016	2084	7840378	7065576	12756098793454800
629592	621576	8016	1008	4571430	3899412	12756098799063568
1656876	1648736	8140	989	4741260	4868482	12756098805870096
978950	970852	8098	2209	8044842	7842922	12756098815302194
726354	718418	7936	2132	7939156	7360152	12756098824375514
1546692	1538588	8104	529	3259022	3382680	12756098829589468
1659044	1651096	7948	1889	7137500	7563868	12756098838794224
311170	303284	7886	480	3039574	2000784	12756098842555256
1479886	1471814	8072	1836	6964044	7227132	12756098851406746
560524	527874	32650	3609	12443798	11612878	12756098864820402
1664858	1656658	8200	3931	13356848	13684702	12756098880308598
487986	480008	7978	997	4581238	3726830	12756098885787950
1151470	1143504	7966	83	1777026	1653102	12756098889124152
869504	861486	8018	1970	7498988	7021342	12756098897901688
336604	328612	7992	897	4141504	3277130	12756098902788912
808540	800230	8310	3170	11041018	10549174	12756098915046882
1391046	1382810	8236	4614	15667432	15454690	12756098932515372
450186	442038	8148	4075	13894644	12899958	12756098947269252
1318136	1310214	7922	1936	7312296	7364488	12756098956307834
865028	856966	8062	3810	12934788	12519144	12756098970517016
160164	151990	8174	4699	15708972	14478102	12756098986793884
1106896	1098886	8010	2703	9542060	9451804	12756098997850656
1608642	1600744	7898	571	3287960	3572268	12756099003155968
417360	409154	8206	2121	7959900	7022922	12756099011943014
790030	782062	7968	204	2128060	1654878	12756099015269666
1611460	1603444	8016	653	3630360	3828418	12756099020918722
1293612	1285486	8126	4899	16528034	16210302	12756099039147852
1663734	1655640	8094	1951	7466170	7769080	12756099048685254
447702	439588	8114	1533	6104628	5292058	12756099055645812
1271760	1263660	8100	875	4196284	4142480	12756099061521912
1329724	1321636	8088	1820	6963320	7030434	12756099070223368
1277300	1269614	7686	1624	6415096	6391040	12756099078323584
1653558	1645318	8240	4226	14421900	14555228	12756099094807702
1664172	1656008	8164	2530	9066828	9487386	12756099105948852
445148	437230	7918	287	2460752	1556908	12756099109264092
1313670	1305498	8172	2017	7560692	7603272	12756099118545674
1661626	1653488	8138	4637	15438074	15792592	12756099136051980
929896	921608	8288	3099	10943568	10457548	12756099148333384
715470	707294	8176	3072	10726646	10163790	12756099160183320
269982	261942	8040	4460	15005466	13874518	12756099175866600
1661680	1653638	8042	2320	8408536	8859708	12756099186344714
263478	255300	8178	3691	12732604	11565876	12756099199749470
746112	737748	8364	3515	11987018	11521612	12756099212892096
269756	261756	8000	1689	6700780	5578156	12756099220269050
1674350	1666288	8062	4036	13748710	14008194	12756099236099460
1660124	1652100	8024	3330	11837484	11880024	12756099250008248
1652730	1644670	8060	3527	12125508	12460108	12756099264196214
687768	679504	8264	4512	15120022	14442920	12756099280413466
199270	191284	7986	4272	14429130	13240356	12756099295464100
1423528	1415442	8086	2431	8802268	8952200	12756099306098128
705704	697762	7942	1271	5324850	4764318	12756099312536306
1193810	1185922	7888	270	2382462	2256504	12756099316520114
170664	162756	7908	1835	7083056	5915646	12756099324182322
1648840	1640834	8006	2272	8676042	8702884	12756099334914566
919986	911942	8044	1381	5583290	5307646	12756099341826600
785200	777218	7982	2583	9287236	8770464	12756099352307668
454658	446574	8084	4192	14098208	13254974	12756099367285818
1331274	1323036	8238	4268	14339714	14360186	12756099383366352
1305468	1297264	8204	2526	9353260	9119928	12756099394435256
476896	468794	8102	4175	14168504	13225134	12756099409490040
1522384	1514200	8184	1343	5704644	5797106	12756099417125908
810386	802414	7972	2034	7731430	7153020	12756099426074976
865752	857838	7914	894	4539496	3797872	12756099431888736
1318368	1310246	8122	3835	13319484	13050994	12756099446934732
1473350	1465232	8118	1528	6148908	6301374	12756099454964022
804980	796874	8106	3525	12009622	11609444	12756099468188714
718378	710222	8156	2292	8370246	7832512	12756099477685346
725248	717316	7932	421	2694978	2239536	12756099481514202
759312	751396	7916	1282	5302068	4850884	12756099487982966
587686	579832	7854	1609	6268602	5656526	12756099495248760
573860	565936	7924	4497	15083476	14286558	12756099511315758
835892	828016	7876	1542	6275714	5703974	12756099518835626
907876	899566	8310	1225	5134814	4830704	12756099525285416
308984	300996	7988	3580	12364848	11278424	12756099538367160
463264	455446	7818	371	2774138	1829390	12756099542011108
1658618	1650634	7984	2230	8543404	8587298	12756099552622182
1056972	1048958	8014	2381	8632444	8438242	12756099562723152
1280338	1272354	7984	2057	7611812	7690468	12756099572023992
783990	776034	7956	3524	12407702	11585912	12756099585624234
163306	155392	7914	2149	8016958	6851092	12756099594212696
1181236	1173078	8158	4944	16357900	16229758	12756099612158456
1419128	1411178	7950	3449	11973094	11994208	12756099625957172
378646	370670	7976	4539	15058074	14235274	12756099641802640
835150	827310	7840	192	2157782	1663810	12756099645201234
1229656	1221750	7906	2481	9214186	8909150	12756099656052896
275186	267222	7964	4389	14995768	13665400	12756099671729994
1711586	1703608	7978	2949	10290558	10794500	12756099684138386
1526754	1518736	8018	3720	12680480	12913154	12756099698759418
665318	657182	8136	4840	16020122	15404178	12756099715855462
1648218	1640322	7896	701	3550134	4000438	12756099721462392
1529716	1521740	7976	4793	15826094	16129944	12756099739226426
719194	711122	8072	2731	9713080	9148482	12756099750067338
1661570	1653652	7918	3654	12795434	12852620	12756099764932684
1001150	993210	7940	3423	11851976	11497980	12756099778195260
1657656	1649714	7942	3618	12362616	12740986	12756099792622134
736896	728992	7904	937	4230520	3793902	12756099797998392
1431778	1423892	7886	2350	8490014	8720976	12756099808327452
190952	183182	7770	523	3233468	2009568	12756099812162574
1343554	1335706	7848	45	1997114	1730952	12756099815913028
719972	711446	8526	445	3104368	2305316	12756099820143942
483284	475418	7866	445	2944396	2069334	12756099823980568
886122	878024	8098	4271	14640280	13921030	12756099839916566
1662796	1654794	8002	4308	14626146	14812126	12756099856615504
569490	561530	7960	4659	15374480	14768230	12756099872967798
1232656	1224788	7868	598	3422542	3277036	12756099878030580
1653538	1645438	8100	2719	10002252	10046838	12756099890093862
1349936	1341914	8022	2527	9473028	9168180	12756099901324900
1454808	1446704	8104	2390	8694596	8868604	12756099911883972
155270	147240	8030	1682	6893022	5443464	12756099919341674
1658854	1650820	8034	1631	6386260	6792282	12756099927794778
1225026	1217132	7894	128	1987046	1863798	12756099931416294
902844	894844	8000	4569	15147722	14831256	12756099947875388
1084980	1077190	7790	126	2096894	1714358	12756099951463394
1600250	1592422	7828	87	1934436	2115684	12756099955405526
1281412	1273452	7960	3824	13083122	12980714	12756099970176940
878460	870528	7932	3739	12864794	12324906	12756099984328514
665878	657936	7942	3153	11148670	10357356	12756099996551352
757972	749944	8028	318	2376022	1963856	12756100000094320
790388	782440	7948	2058	7814866	7206622	12756100009108406
976764	968644	8120	3238	11238894	10930562	12756100021733298
637368	629324	8044	312	2364552	1826880	12756100025143992
427770	419714	8056	3157	11068480	10127358	12756100037049696
209298	201124	8174	3223	11503108	10111796	12756100049170938
653332	645500	7832	243	2590228	1637414	12756100052823406
143860	136024	7836	467	2985314	1796210	12756100056360294
1518488	1510522	7966	4652	15577696	15695968	12756100073863754
1342184	1334192	7992	4695	15650772	15648232	12756100091264728
909932	902034	7898	762	4000490	3443516	12756100096581844
821488	813648	7840	963	4532830	3957514	12756100102344582
230054	222184	7870	400	2870934	1681984	12756100105853348
1666252	1657988	8264	3189	11088806	11465096	12756100119015752
762282	754322	7960	4682	15633576	15037156	12756100135832782
1664730	1656678	8052	1819	6875832	7367798	12756100144795122
781410	773540	7870	895	4210472	3723248	12756100150208834
588566	580782	7784	320	2461454	1810176	12756100153679320
1117326	1109380	7946	3966	13408252	13244890	12756100168624932
852432	844618	7814	714	3578506	3249698	12756100173474866
429270	421320	7950	2764	9736100	8960192	12756100184059638
273062	265152	7910	1471	6268756	4935780	12756100191020566
1544372	1536506	7866	1798	7013686	7186560	12756100199998546
1386884	1378848	8036	3201	11449582	11230278	12756100213252232
1668056	1660136	7920	1900	7359210	7617362	12756100222697708
1659994	1652030	7964	4672	15470860	15903440	12756100240252016
882324	874470	7854	153	1896828	1598202	12756100243472888
312788	304748	8040	3198	11161880	10144438	12756100255368724
1604432	1596582	7850	588	3195064	3624604	12756100260587126
1546864	1538900	7964	2721	9785188	9951568	12756100272339554
170974	163012	7962	1103	4880736	3744532	12756100277811374
1554890	1546852	8038	2384	8743306	8950590	12756100288530184
1248292	1240306	7986	2908	10150004	10210086	12756100300347816
326750	318934	7816	372	2771256	1697104	12756100303867748
579276	571218	8058	3139	10932646	10233298	12756100315801564
1666172	1658354	7818	1263	5208586	5704834	12756100323098750
1128768	1120908	7860	2561	9096306	9054088	12756100333742796
681058	673058	8000	1519	5975852	5489232	12756100340837232
1652530	1644544	7986	1868	7083456	7505768	12756100349991354
1567782	1559854	7928	3472	11840966	12217630	12756100363823542
1293980	1286042	7938	4907	16136910	16237176	12756100381671798
531536	523586	7950	4167	13878554	13260968	12756100396517354
253156	245292	7864	951	4293884	3361350	12756100401485520
1072078	1064096	7982	1851	7175866	6872092	12756100410151826
330848	322956	7892	1590	6185752	5350272	12756100417087406
1149928	1141948	7980	589	3168990	3174342	12756100421827152
861834	853968	7866	195	2271254	1707836	12756100425379010
531750	523620	8130	2721	9619704	8933082	12756100435949034
157168	149110	8058	2067	8055138	6606216	12756100444580082
1373738	1365824	7914	2388	8592156	8782538	12756100454963936
1235292	1227152	8140	4887	16083032	16121894	12756100472702066
1658774	1650720	8054	4998	16459306	16875360	12756100491238662
1665788	1657872	7916	1048	4621582	5066100	12756100497946812
276068	268240	7828	388	2832782	1698192	12756100501480362
403102	395170	7932	4060	13775100	12812450	12756100516093056
328136	320270	7866	918	4406490	3334622	12756100521249728
163010	154972	8038	3950	13369052	12245584	12756100535202124
1538744	1530826	7918	3299	11743480	11672276	12756100548905548
520906	512852	8054	2518	9223352	8319264	12756100559069280
667474	659450	8024	1972	7765590	6826564	12756100567922178
423864	415708	8156	2965	10735926	9558658	12756100579500492
715462	707354	8108	4362	14502374	14026430	12756100595136756
980056	972074	7982	4345	14814320	14244508	12756100611350510
1133700	1125914	7786	252	2177410	2148070	12756100615080674
1271304	1263308	7996	2260	8396288	8291710	12756100625166674
559666	551762	7904	3056	11007794	9967102	12756100637153954
1007200	999388	7812	1249	5603098	5001816	12756100644182862
1483772	1475696	8076	3482	11910176	12161388	12756100657995794
1401432	1393618	7814	578	3595834	3386446	12756100663411430
1660164	1652136	8028	3726	12798400	13069832	12756100678290460
266194	258206	7988	432	2923022	1814706	12756100681900670
570040	562162	7878	1476	5961446	5247730	12756100688854726
639646	631718	7928	1578	6215612	5619618	12756100696128272
1654028	1646138	7890	2249	8439088	8644086	12756100706642150
1547098	1539146	7952	4532	15202908	15373224	12756100723810200
1302100	1294282	7818	38	1540030	1669306	12756100727072958
1118262	1110152	8110	701	3978004	3488428	12756100732587590
404296	396270	8026	2883	10125736	9292154	12756100743536916
1660038	1652140	7898	3978	13301742	13820576	12756100758919200
1543492	1535474	8018	3495	12082088	12260522	12756100772968066
169110	160822	8288	3730	12732898	11591380	12756100786288842
991218	983176	8042	4538	15328628	14829436	12756100803027174
293404	285552	7852	1181	5280630	4084654	12756100809021522
203042	195060	7982	2714	9574144	8585482	12756100819217774
1651228	1643140	8088	1225	5458956	5574396	12756100826747500
1422974	1414994	7980	2628	9264350	9545894	12756100837856390
1366352	1358354	7998	4001	13837832	13599760	12756100853482546
1056334	1048438	7896	1268	5283576	5107108	12756100860241758
1661302	1653312	7990	1116	4788356	5259956	12756100867110904
499408	491422	7986	4282	14248878	13573178	12756100882281300
1591458	1583562	7896	493	3179248	3322344	12756100887470580
247606	239848	7758	556	3141460	2169032	12756100891277532
1122512	1114560	7952	4864	16296840	15935776	12756100909116240
1321390	1313466	7924	3641	12455162	12475788	12756100923312926
746330	738308	8022	3694	12494538	12060276	12756100936972116
504522	496388	8134	3797	13224936	12126412	12756100951123218
684278	676468	7810	360	2597970	2020298	12756100954825522
776602	768636	7966	3414	11761390	11263420	12756100967781368
152668	144640	8028	2952	10525638	9245210	12756100978880640
1430830	1422778	8052	4922	16148062	16426572	12756100996877146
674248	666336	7912	998	4417080	3918420	12756101002387694
422978	415020	7958	2081	7933690	6916508	12756101011163114
1450568	1442774	7794	121	1892350	2067904	12756101014923160
1132114	1124108	8006	741	3760650	3610352	12756101020234328
183602	175596	8006	2532	9180574	8020686	12756101030018422
1019346	1011462	7884	1722	7017432	6429172	12756101038474080
1375214	1367248	7966	58	1875910	1822746	12756101042146108
1147072	1139198	7874	1754	7118616	6654596	12756101050833816
580464	572530	7934	2074	7639598	7045574	12756101059473402
1083592	1075620	7972	2597	9570260	9114650	12756101070547452
707588	699636	7952	2080	7649174	7190878	12756101079323690
165146	157270	7876	1836	7097018	5918498	12756101087005772
912078	904180	7898	130	1815870	1560430	12756101090152976
214380	206416	7964	2069	8089528	6665756	12756101098877022
882606	874594	8012	2678	9463692	9155736	12756101109643274
1212962	1204854	8108	4911	16168488	16169138	12756101127443210
305702	297848	7854	1080	4827122	3795128	12756101132997558
289748	281806	7942	967	4545490	3441046	12756101138252146
1658982	1651118	7864	2463	9236428	9288730	12756101149566776
1517106	1509194	7912	1022	4493814	4830260	12756101155997302
1415350	1407164	8186	3603	12647038	12456874	12756101170480032
1289496	1281496	8000	1355	5842298	5604940	12756101178030914
818284	810290	7994	3710	12742496	12177732	12756101192009474
158440	150460	7980	4999	16822314	15377008	12756101209408800
1655524	1647538	7986	3502	12207878	12392136	12756101223691596
1077884	1070056	7828	163	2163980	1823648	12756101227354900
1479404	1471414	7990	2809	9905494	10142304	12756101239159366
1665212	1657208	8004	1627	6507696	6791490	12756101247752228
522708	514622	8086	2610	9261532	8591704	12756101257958832
798338	790304	8034	3908	13142250	12752302	12756101272319090
817568	809728	7840	288	2380806	1939268	12756101275935762
271620	263580	8040	3458	11783004	10882104	12756101288408912
516696	508872	7824	299	2622190	1663676	12756101291967180
1668562	1660630	7932	986	4350486	4879888	12756101298404488
525562	517382	8180	2761	9817266	9045784	12756101309170274
1666214	1658158	8056	3415	12081438	12146594	12756101323335964
740732	732634	8098	1169	5023948	4498902	12756101329524674
1659294	1651388	7906	2529	9093006	9482310	12756101340696914
994220	986318	7902	2766	9915204	9529388	12756101352027372
1439314	1431304	8010	3818	12998440	13124004	12756101366883328
1660550	1652658	7892	1750	6949834	7161410	12756101375912672
882668	874702	7966	2372	8960658	8238476	12756101386175574
956638	948698	7940	1229	5235256	4893404	12756101392786098
324468	316292	8176	4289	14284124	13418816	12756101407812720
1504876	1496600	8276	3973	13350524	13650926	12756101423086768
1055822	1047950	7872	3125	11222404	10668622	12756101435797454
319432	311524	7908	1993	7620586	6546226	12756101444159506
1652112	1644076	8036	1045	5018490	5034434	12756101451247546
1656616	1648604	8012	4853	16165284	16434606	12756101469487840
504700	496760	7940	533	3148612	2369198	12756101473561514
1602712	1594906	7806	615	3339728	3698334	12756101478924416
200618	192790	7828	392	2757636	1629740	12756101482302028
168468	160488	7980	1915	7323480	6160142	12756101490213056
795016	787024	7992	3939	13574754	12840176	12756101505001976
1352422	1344452	7970	2399	8603520	8786850	12756101515379104
1599632	1591724	7908	503	3170064	3361778	12756101520567586
1392392	1384336	8056	766	3782972	3945038	12756101526163606
1243694	1235850	7844	256	2271016	2270338	12756101530097246
1668598	1660604	7994	2662	9461954	9892834	12756101541646720
160690	152682	8008	4682	15631688	14429702	12756101557859764
880380	872268	8112	2947	10222814	9955338	12756101569380882
1133942	1125972	7970	3937	13439578	13172672	12756101584374484
196992	189150	7842	1218	5225176	4101474	12756101590216496
618534	610526	8008	367	2653384	1975580	12756101593909286
1514884	1506892	7992	4643	15761976	15674308	12756101611607782
1337750	1329708	8042	3985	13487234	13522182	12756101626853058
1504752	1496818	7934	1715	6577040	6899264	12756101635367246
1135626	1127648	7978	948	4394314	4236512	12756101641316154
724328	716454	7874	1741	6805964	6193880	12756101649267056
428838	420868	7970	3084	10671350	9926524	12756101660787552
1437506	1429560	7946	1612	6441242	6523718	12756101669086914
1149652	1141830	7822	82	2104776	1653138	12756101672761652
1610196	1602274	7922	541	3135884	3487246	12756101677927066
528764	520930	7834	1064	4598986	3972528	12756101683474872
1037718	1029770	7948	1438	5967162	5599798	12756101690897442
705776	697818	7958	4076	14065614	13164104	12756101706089712
1573024	1565168	7856	224	2317588	2503402	12756101710401756
505918	498058	7860	447	2831336	2104764	12756101714174168
669398	661438	7960	757	4139750	3194464	12756101719404664
1278560	1270548	8012	4618	15271794	15359852	12756101736375978
670768	662938	7830	436	2944988	2234332	12756101740410188
326642	318660	7982	3427	11752332	10844230	12756101752908646
742530	734660	7870	270	2257390	1811678	12756101756329392
176848	168848	8000	3861	13393634	11989822	12756101770318186
325374	317350	8024	2504	9008908	8080900	12756101780085904
899502	891586	7916	748	4095770	3394574	12756101785499608
858224	850290	7934	979	4520936	4049426	12756101791300452
1664578	1656612	7966	2357	8720118	8980424	12756101802103122
1603786	1595902	7884	43	2006772	1991394	12756101806136620
795368	787322	8046	4633	15435250	14921076	12756101822800762
1176860	1168808	8052	2468	8928602	8823820	12756101833325246
1337546	1329492	8054	1151	5113904	5042708	12756101840195954
172256	164314	7942	3447	12198082	10764004	12756101852986610
1662572	1654432	8140	3099	11107998	11199718	12756101866176184
1018536	1010464	8072	1272	5383888	5085900	12756101873014416
166426	158382	8044	4199	14431104	12993086	12756101888030640
1661648	1653672	7976	1753	6750858	7171360	12756101896864466
1676684	1668684	8000	3094	10716596	11195526	12756101909680152
1284100	1275934	8166	2978	10365482	10458132	12756101921753022
687476	679374	8102	4698	15598028	15006612	12756101938458378
1661586	1653536	8050	3538	12136978	12510694	12756101952676098
1009378	1001474	7904	1790	7014176	6622208	12756101961119260
1449106	1441066	8040	184	2217826	2258266	12756101965204398
1590360	1582370	7990	2449	8966718	9175592	12756101976182952
527790	519766	8024	4167	14038316	13258600	12756101991168280
624900	616934	7966	2790	9860288	9234234	12756102002072750
1375112	1367392	7720	8	1890218	1660080	12756102005758126
460700	452904	7796	345	2600614	1750484	12756102009238250
864116	855996	8120	2434	9155344	8409456	12756102019676834
258118	250110	8008	1518	6096716	5061804	12756102026451326
420226	412246	7980	3876	13316748	12283204	12756102040608268
1604196	1596332	7864	475	3008072	3289400	12756102045641122
1353352	1345512	7840	628	3405656	3488718	12756102050834336
772556	764582	7974	3792	12899468	12378904	12756102064924744
381462	373460	8002	2114	7769400	6963208	12756102073494448
1662368	1654352	8016	2550	9278658	9550310	12756102084852442
1282416	1274516	7900	138	1964914	1952484	12756102088518896
431380	423250	8130	4150	13915752	13110254	12756102103284808
566596	558548	8048	2659	9595978	8783290	12756102113868254
875986	867988	7998	1973	7755898	7039984	12756102122919940
662226	654166	8060	3768	12984258	12197034	12756102136985280
737112	729122	7990	4173	13930668	13481686	12756102152072546
1551474	1543394	8080	2066	7765892	7993508	12756102161808760
936190	928308	7882	157	2200982	1662292	12756102165365634
580432	572264	8168	3739	12580388	12034436	12756102178959784
944308	936270	8038	2993	10410620	10159710	12756102190732574
1653122	1645240	7882	728	3632564	4088794	12756102196436594
999946	992124	7822	183	2059186	1806970	12756102199916626
1449488	1441548	7940	4562	15515554	15360050	12756102217300002
221056	213158	7898	1618	6247440	5327558	12756102224188302
377440	369348	8092	970	4668154	3538026	12756102229654126
614796	606762	8034	4618	15215854	14696242	12756102245903474
470598	462732	7866	358	2514176	1800660	12756102249308880
1655628	1647496	8132	1157	5087472	5373930	12756102256488664
743854	735844	8010	3241	11158360	10700396	12756102268814488
1490404	1482352	8052	4692	15501520	15786456	12756102286213572
119754	111876	7878	411	2658272	1600548	12756102289401146
1602314	1594474	7840	546	3232998	3487898	12756102294645780
1655194	1647234	7960	3644	12313536	12812078	12756102309022666
494252	486280	7972	4623	15337912	14580366	12756102325286414
1502704	1494720	7984	2433	8728882	9034430	12756102335926042
1090408	1082324	8084	3730	12620358	12508672	12756102350044240
1058068	1049966	8102	3606	12641806	12099478	12756102364150454
1039126	1031098	8028	3548	12068786	11913440	12756102377665392
374766	366786	7980	901	4286070	3321378	12756102382735458
823680	815812	7868	193	2113754	1653084	12756102386081488
405600	397694	7906	897	4449526	3339872	12756102391343880
1043960	1036002	7958	687	3561842	3358964	12756102396357936
934796	926828	7968	4937	16335350	15960706	12756102414035528
1157398	1149468	7930	895	4478466	4091332	12756102420079360
1659242	1651214	8028	4204	14114928	14495058	12756102436261046
1304986	1296978	8008	1193	5204450	5126144	12756102443179522
1092186	1084274	7912	1157	5321134	4805852	12756102450000012
1652034	1644088	7946	1775	6868234	7215642	12756102458928074
326428	318422	8006	3359	11670696	10629510	12756102471333844
1660356	1652336	8020	2438	8884232	9205218	12756102482287000
174150	166192	7958	912	4278518	3154558	12756102487148772
501734	493656	8078	3817	12929728	12188690	12756102500989256
1360040	1352094	7946	1772	6862456	6917100	12756102509620144
718044	710044	8000	834	3956690	3462372	12756102514703562
1050976	1043038	7938	2446	8861518	8620614	12756102525023848
1031230	1023174	8056	3018	10600458	10316122	12756102537062502
1670264	1662384	7880	1080	4853502	5150878	12756102543995592
458172	450292	7880	326	2393240	1684008	12756102547257868
1667218	1659250	7968	2323	8609028	8873314	12756102557942460
900980	893106	7874	168	2104568	1655738	12756102561357340
844202	836318	7884	2089	7701150	7346802	12756102570309194
1663434	1655442	7992	2884	10432538	10546312	12756102582812736
260132	252168	7964	2153	7900780	6956338	12756102591384792
1661272	1653248	8024	2873	10254474	10509212	12756102603710026
1653280	1645332	7948	4577	15374314	15600882	12756102621147682
683008	674944	8064	2046	7617332	7053310	12756102629856402
1659044	1651038	8006	3282	11415662	11731316	12756102643339768
651830	643750	8080	2183	8032408	7435554	12756102652433602
1654784	1646770	8014	1024	4500976	4970376	12756102658997368
1149590	1141486	8104	3381	11821164	11521990	12756102672379274
948158	940074	8084	2619	9561446	9038766	12756102683296490
1253666	1245752	7914	2207	8376882	8109054	12756102693334868
413442	405524	7918	2764	9854408	8936030	12756102704011398
1174484	1166592	7892	1235	5552616	5122946	12756102711159268
1419900	1411908	7992	4500	15020154	15137792	12756102728006316
269774	261806	7968	2002	7847926	6512154	12756102736544248
730708	722762	7946	758	3707922	3251386	12756102741392746
1185024	1177072	7952	1917	7362248	7177888	12756102750346896
345618	337620	7998	4866	15963490	15159900	12756102767063894
160144	152210	7934	1565	6555670	5095564	12756102774187048
459134	451078	8056	2710	9689570	8819484	12756102784742768
1198192	1189766	8426	3802	12818422	12827514	12756102799168384
602016	593866	8150	3889	13193168	12494048	12756102813372132
1651150	1643270	7880	1803	6882248	7297560	12756102822313536
1665308	1657222	8086	3098	10741842	11199674	12756102835131286
343504	335502	8002	377	2563796	1721804	12756102838448534
1423812	1415744	8068	2894	10250668	10334892	12756102850530746
1491916	1483988	7928	1815	6862120	7172880	12756102859293180
1105180	1096886	8294	697	3511084	3444030	12756102864317606
638822	630656	8166	2187	8067686	7435486	12756102873431594
1540930	1532904	8026	3418	11925770	12025320	12756102887307914
159886	151980	7906	1080	4812882	3644742	12756102892687814
1661432	1653442	7990	4588	15185646	15642700	12756102909943994
1363674	1355796	7878	1679	6517110	6639652	12756102918232920
1239742	1231760	7982	3070	10662264	10689116	12756102930544440
948182	940126	8056	785	3913552	3548938	12756102935813768
1654280	1646256	8024	2971	10542792	10796290	12756102948419616
1253748	1245764	7984	1889	7256896	7160940	12756102957338944
877716	869740	7976	3379	11714068	11239360	12756102970338240
1660498	1652594	7904	1766	6694378	7193772	12756102979100062
263676	255224	8452	3274	11357678	10313302	12756102991132454
1295838	1287858	7980	1153	4986716	4999056	12756102997821180
1681470	1673444	8026	1844	6957398	7454252	12756103006868256
314338	306208	8130	4103	14145646	12848436	12756103021740612
1223456	1215408	8048	2491	8887368	8932232	12756103032259960
1058486	1050460	8026	2528	9206324	8876710	12756103042932254
649980	641972	8008	2361	8929190	7972556	12756103052921132
1393114	1385078	8036	3613	12274760	12459550	12756103066997662
1110472	1102482	7990	4592	15601332	15109804	12756103084118704
780544	772564	7980	3249	11168580	10758678	12756103096475718
1381126	1373000	8126	4848	15951396	16144642	12756103114216646
303068	295114	7954	965	4425070	3444114	12756103119354840
1223274	1215254	8020	2984	10377694	10405778	12756103131363762
1334062	1326028	8034	3223	11285636	11235366	12756103144391980
1466514	1458392	8122	2530	9127206	9293372	12756103155394632
630224	622212	8012	2681	9428532	8909036	12756103165862488
702308	694188	8120	1560	6108974	5625990	12756103173081664
154078	146038	8040	3364	11693294	10474146	12756103185337092
1664200	1656174	8026	3365	11591234	11987350	12756103198998414
1519554	1511504	8050	3213	11506132	11389876	12756103212435502
1363446	1355542	7904	1309	5475630	5534172	12756103219683918
1664990	1656922	8068	3605	12244470	12709220	12756103234001142
390300	382382	7918	360	2563532	1722184	12756103237365434
1148070	1140114	7956	4757	15843546	15638570	12756103254766804
999328	991470	7858	142	1958384	1680084	12756103258155672
707298	699342	7956	2001	7628686	6949054	12756103266899206
1662446	1654444	8002	3810	13000316	13319486	12756103281983856
158426	150540	7886	1020	4570234	3466072	12756103287121034
329836	321836	8000	3852	13056228	12113178	12756103300916238
1155158	1147256	7902	56	2033482	1585700	12756103304512892
1448554	1440540	8014	4159	13960126	14151752	12756103320330572
957420	949402	8018	3229	11236250	10875144	12756103332933392
352840	344874	7966	375	2702674	1730182	12756103336396108
550452	542486	7966	1427	5740248	5074260	12756103343094314
1665190	1657166	8024	3318	11791626	11850900	12756103356958828
1602146	1594252	7894	88	1809992	2117770	12756103360780540
1380420	1372326	8094	3309	11416192	11536684	12756103373984954
1505294	1497158	8136	4516	15145124	15277194	12756103391043686
805458	797424	8034	4325	14801840	14004184	12756103407059202
1653500	1645446	8054	1821	7012900	7357612	12756103416131782
1602360	1594474	7886	52	1674364	2010200	12756103419818778
419818	411786	8032	4542	15040252	14267238	12756103435686802
685022	677148	7874	291	2302696	1810346	12756103439082600
1663106	1655086	8020	3259	11632052	11672704	12756103452786520
1546100	1538010	8090	4029	13553486	13858952	12756103468295474
1384566	1376530	8036	4554	15322322	15267210	12756103485411904
1663700	1655644	8056	2045	7597560	8038006	12756103495082820
716444	708454	7990	2378	8801818	8088676	12756103505008726
931904	923858	8046	3803	13237604	12568810	12756103519587174
1483692	1475752	7940	2660	9658726	9695062	12756103531137866
907408	899346	8062	4020	13698562	13194008	12756103546151602
331872	323858	8014	3310	11478584	10489950	12756103558367760
1662018	1653958	8060	3669	12658176	12896342	12756103573097154
651388	643392	7996	3489	12072300	11349674	12756103586230962
1600598	1592572	8026	640	3777792	3771716	12756103592019692
153902	145922	7980	1712	6548784	5531528	12756103599129686
1299996	1291898	8098	2758	9773446	9808804	12756103610610304
1448068	1440114	7954	1168	4988774	5196986	12756103617453522
1498194	1490284	7910	780	3868820	4085762	12756103623229046
1101106	1093054	8052	278	2659496	2188136	12756103627396136
1475508	1467436	8072	4858	16128062	16269170	12756103645407714
164148	156094	8054	2826	10002482	8875990	12756103655981192
1516908	1508818	8090	2268	8459028	8559564	12756103666363476
372606	364528	8078	3785	12901844	11952122	12756103680046074
691218	683122	8096	4697	15500958	15004022	12756103696646076
599306	591290	8016	2197	8270184	7429226	12756103705924900
1276690	1268648	8042	4071	13628302	13716616	12756103721237634
1347424	1339392	8032	3753	13091608	12834570	12756103736084302
1627776	1619736	8040	1188	5413560	5437268	12756103743532688
1408622	1400460	8162	1912	7164828	7384460	12756103752513672
1468348	1460366	7982	698	3597112	3810884	12756103757987576
316342	308296	8046	2219	8215228	7212512	12756103766927626
1661710	1653684	8026	4056	13918940	14055160	12756103782917322
1089734	1081584	8150	2425	8739968	8603662	12756103793155674
1424202	1415912	8290	2190	8409190	8230460	12756103803396656
1049098	1041036	8062	308	2503092	2226250	12756103807358234
466902	458936	7966	2187	8057924	7267204	12756103816290506
314014	305902	8112	1406	5766308	4776288	12756103822778898
209788	201678	8110	1209	5106042	4080196	12756103828501800
479998	471946	8052	2610	9468286	8543488	12756103838858112
1048476	1040586	7890	201	2230422	1904966	12756103842545160
1458162	1450162	8000	1784	6779298	7052482	12756103851191366
714784	706792	7992	2659	9475962	8927402	12756103861788074
735928	727892	8036	2130	7833662	7364712	12756103870767042
510330	502416	7914	1284	5308878	4607050	12756103876994054
1066826	1058796	8030	2430	8762864	8595112	12756103887232634
388850	380768	8082	4695	15644742	14694338	12756103903674074
1239306	1231180	8126	4905	16242260	16174688	12756103921563142
736554	728496	8058	2076	7774790	7204604	12756103930482026
212210	204104	8106	2692	9711122	8521364	12756103940812938
755132	747022	8110	3880	13168694	12622208	12756103955147202
1325750	1317704	8046	3979	13767106	13489204	12756103970646378
1266986	1259008	7978	4091	13751060	13764006	12756103986072890
545624	537722	7902	551	3233428	2450368	12756103990259892
1668302	1660418	7884	1069	4670962	5120922	12756103997006216
917826	909784	8042	3150	11295628	10601388	12756104009646000
1649456	1641474	7982	3413	11833074	12118064	12756104023537430
355756	347842	7914	1759	6826284	5874156	12756104031126640
362232	354216	8016	1770	7092032	5924840	12756104038989506
200706	192784	7922	4588	15184652	14186660	12756104054783150
1356830	1348888	7942	1953	7469954	7456022	12756104064017104
1662664	1654520	8144	4215	14215072	14532344	12756104080302088
696298	688284	8014	4713	15692532	15056826	12756104097101562
1656618	1648602	8016	2835	10351348	10393236	12756104109518742
1131872	1124030	7842	308	2398504	2304904	12756104113459406
249664	241660	8004	4377	14553960	13601894	12756104128670058
1333850	1325890	7960	2844	10055386	10099858	12756104140480804
1190868	1182882	7986	137	1946804	1854088	12756104144028064
1667132	1659220	7912	1670	6856102	6919068	12756104152959266
861144	853098	8046	4240	14117482	13804874	12756104168359818
186576	178572	8004	4037	13939052	12521594	12756104182892210
1450182	1442076	8106	3400	11636714	11879624	12756104196387840
1597678	1589838	7840	120	2071274	2210592	12756104200465032
162182	154336	7846	2891	10277282	9068962	12756104211324386
691800	683452	8348	3402	11759612	11128162	12756104224181714
401010	392996	8014	4914	16265188	15362016	12756104241255760
340054	331978	8076	4014	13497824	12609192	12756104255500878
