# Loop @ Start frequency 1000000Hz took 2146.29 cycles
# Interval [2128 ; 2165]
# Q1 : 2120 ; Q3 : 2124
# Loop @ Target frequency 800000Hz took 2674.20 cycles
# Interval [2668 ; 2680]
# Q1 : 2650 ; Q3 : 2652
# Confidence intervals do not overlap, alternatives are statistically different with selected confidence level
Change time (with write) [cycles]	Change time [cycles]	Write cost [cycles]	Wait time [us]	Time since last frequency change request [cycles]	Time since last frequency change [cycles]	Detected frequency change timestamp [cycles]
514564	459084	55480	3567	481413256	480622664	1120329863987509
1197718	1164198	33520	4812	11253552	11253550	1120329876980599
1200968	1161764	39204	907	3178870	3448536	1120329881885849
1193414	1160012	33402	3036	7654876	7697974	1120329891282151
0	0	0	0	0	0	0
1183934	1151284	32650	2463	6557004	6541980	1120329912114549
1009920	978540	31380	4156	9944798	9763984	1120329923604409
1191792	1158948	32844	3982	9596418	9588436	1120329934916241
1190528	1158300	32228	4075	9342782	9784660	1120329945974841
666706	635070	31636	3998	9406924	9096042	1120329956586891
1201218	1168122	33096	3427	8483772	8485546	1120329966797391
609752	576912	32840	2191	5753680	5423868	1120329973685821
1013388	981000	32388	4544	10712022	10534276	1120329985937461
954722	921860	32862	3891	9412896	9168986	1120329996842659
1274526	1157678	116848	4101	9332256	9919622	1120330007974431
0	0	0	0	0	0	0
1195326	1162372	32954	2535	6768134	6698752	1120330025899041
1191756	1159980	31776	27	1154584	1679380	1120330028791401
1197064	1163684	33380	2511	6214036	6662540	1120330036728729
1198366	1165906	32460	4626	10340224	10894270	1120330048795871
1138120	1106726	31394	4697	10616388	10975334	1120330061077619
374348	341152	33196	4859	11150942	10526048	1120330073129761
664972	632764	32208	1572	4770658	4243648	1120330079092329
1254874	1209338	45536	447	2522344	2582830	1120330083396199
1199524	1161816	37708	3556	8887344	8743840	1120330094008689
1200346	1167678	32668	4871	11190232	11375858	1120330106937439
768924	737256	31668	3275	7718148	7764796	1120330115949921
0	0	0	0	0	0	0
289728	237080	52648	3078	7789410	6879118	1120330130502689
1189770	1155730	34040	1572	4283458	4767018	1120330136502699
1159040	1125020	34020	1286	4250852	4164336	1120330142437841
836954	805960	30994	4158	9457634	9584932	1120330153257709
693794	662758	31036	156	1952496	1439822	1120330156430531
873888	842212	31676	590	2816422	2498280	1120330160646621
1201418	1167638	33780	1788	5337130	5211370	1120330167712059
1214972	1162188	52784	4822	10935628	11293416	1120330180387521
1190880	1158540	32340	271	2010662	2177180	1120330184115421
1329740	1173792	155948	2722	6751092	7207200	1120330192744161
1146972	1113052	33920	3041	7718188	7661072	1120330202135321
1035636	1000848	34788	1519	4675666	4516176	1120330208385921
929004	895708	33296	1506	4733038	4385084	1120330214573281
935390	901162	34228	4306	10346412	9980774	1120330226379551
0	0	0	0	0	0	0
0	0	0	0	0	0	0
1204506	1171162	33344	2294	5863374	6226086	1120330251074551
1328182	1157802	170380	1597	4828668	4958030	1120330257758191
1335130	1165334	169796	2113	5436000	5993386	1120330265068991
1044814	774866	269948	412	2320296	2301666	1120330268960699
1154278	1113334	40944	138	1554514	1864906	1120330272196091
566404	534700	31704	3347	8345746	7718420	1120330281646201
0	0	0	0	0	0	0
1203464	1171996	31468	1746	5127738	5128620	1120330291627181
682174	650654	31520	4935	11329558	10986898	1120330304165751
1248946	1155640	93306	3464	8574312	8631738	1120330314524419
1192720	1161492	31228	3745	8942870	9126488	1120330325186181
1199498	1166510	32988	2732	7104060	7096568	1120330334014871
1187722	1155570	32152	1498	4531268	4616042	1120330340281059
298356	264680	33676	4146	9620434	9022912	1120330350725541
391116	357664	33452	1096	3463556	3030228	1120330355106321
434096	401536	32560	1260	4259954	3388128	1120330360325309
649132	616080	33052	4117	9865158	9323992	1120330371366161
1303606	1159750	143856	2011	5652962	5758828	1120330378846619
1196560	1164196	32364	172	1778830	1973064	1120330382347569
1153336	1049012	104324	2268	5961094	6132060	1120330389988321
333434	284486	48948	4094	9825876	8956270	1120330400682291
1304456	1166996	137460	745	3116050	3227416	1120330405631245
1447100	1157876	289224	2672	6490740	7222916	1120330414095849
1202574	1166698	35876	3355	8126098	8347362	1120330423973271
415768	383296	32472	1239	7836534	3328656	1120330432772341
1033080	1001266	31814	4099	9841620	9664082	1120330444173619
326572	277116	49456	3278	8194910	7325224	1120330453231021
1165978	1125710	40268	2673	7033582	6944678	1120330461956311
364178	332478	31700	2143	5389242	5082838	1120330468260511
1192308	1159084	33224	1737	5113822	5111104	1120330475094569
0	0	0	0	0	0	0
1189564	1158892	30672	797	3019646	3216004	1120330485635789
1215324	1180020	35304	643	2922538	2932456	1120330490299421
1191924	1159496	32428	3558	8756594	8749572	1120330500773949
409592	375588	34004	4047	9548100	8937432	1120330511257621
575690	543210	32480	882	3388152	2773738	1120330515745651
392740	361356	31384	2473	6600364	5772028	1120330523288589
1204924	1173196	31728	1585	4435664	4807256	1120330529454829
1190078	1158482	31596	2540	6323312	6704770	1120330537493939
1285828	1251128	34700	4264	9806064	10247244	1120330549109581
379384	348518	30866	2738	6916236	6287704	1120330556931041
1209916	1171868	38048	2733	7221304	7108108	1120330565889529
1209128	1173886	35242	4271	10185052	10185140	1120330577818581
1202370	1168426	33944	2902	7192212	7440490	1120330586753811
1191796	1158436	33360	3628	8715482	8882098	1120330597187089
392630	348834	43796	3111	7809900	7046870	1120330605915911
558782	519390	39392	266	2163378	1523414	1120330609176039
927814	894790	33024	4833	11319226	11027706	1120330621948999
559562	527894	31668	157	1946660	1307930	1120330625000731
1201988	1168424	33564	226	1627032	2085828	1120330628355109
1195614	1164396	31218	1531	4462886	4717362	1120330634538699
1193208	1161460	31748	3004	7118392	7633744	1120330643376229
1283056	1251464	31592	3731	8710334	9179308	1120330653895929
269240	236940	32300	4131	9892328	8963848	1120330664592089
1193870	1162366	31504	3481	8583822	8586442	1120330674894631
1198432	1164412	34020	587	2288938	2825480	1120330678909161
1210172	1162432	47740	4252	9681168	10157368	1120330690324761
1164928	1121320	43608	3693	9085652	9004336	1120330701099541
947018	915462	31556	3638	8902122	8655126	1120330711473499
1060420	1028164	32256	2737	6594502	6967480	1120330719652821
0	0	0	0	0	0	0
880882	847974	32908	262	1610488	1837698	1120330728791259
1195118	1162618	32500	2312	6248204	6251638	1120330736761311
1193456	1159952	33504	533	2627744	2692772	1120330741107701
1164978	1130062	34916	3593	8620520	8783410	1120330751417859
899372	867492	31880	99	1822218	1530200	1120330754663469
244654	212138	32516	4288	9796126	9262010	1120330765228751
1243966	1211262	32704	4109	9855036	9896414	1120330776853891
1199006	1166654	32352	2408	6007874	6456150	1120330784584951
1188712	1157256	31456	3027	7280844	7685496	1120330793582609
786926	755150	31776	4985	11439856	11189542	1120330806334651
1189534	1158230	31304	678	3003996	2998526	1120330811055271
827998	794966	33032	2117	5653130	5495870	1120330818061639
1191900	1158492	33408	2293	6327522	6222328	1120330826117541
1015044	983464	31580	1789	4865374	5026984	1120330832548609
1189376	1157828	31548	914	3461330	3449036	1120330837722889
301494	264022	37472	4153	9382014	9040858	1120330847956939
933600	902576	31024	1515	4653540	4396976	1120330854090961
1194260	1162808	31452	1040	3717460	3717420	1120330859539641
694086	660226	33860	4496	10071824	10118202	1120330870831271
1229078	1166978	62100	3415	8457492	8492886	1120330881044219
1197070	1163194	33876	4104	9657810	9838646	1120330892424111
898214	866610	31604	3390	8377466	8121722	1120330902225231
273258	239886	33372	3186	8010990	7089446	1120330911044119
1025468	993900	31568	4864	11360020	11186696	1120330923956269
1202738	1169506	33232	3823	9282972	9281726	1120330934979531
529906	498758	31148	4098	9591684	9160158	1120330945628571
526584	493468	33116	155	1946914	1269556	1120330948627229
0	0	0	0	0	0	0
5923936	5916796	7140	4861	11370554	16078760	1120330976858361
0	0	0	0	0	0	0
1191438	1159850	31588	110	1430040	1846486	1120330989235799
1198528	1167764	30764	1900	5138210	5431116	1120330996096829
1202608	1167856	34752	4545	10279552	10724296	1120331008124849
641718	607166	34552	3369	8471000	7834362	1120331017775859
1144114	1112566	31548	2297	6220268	6170538	1120331025674151
985428	863736	121692	4406	10437160	10228748	1120331037619429
1185484	1153868	31616	787	2849116	3194024	1120331042179521
0	0	0	0	0	0	0
658898	616682	42216	2005	5250812	5101338	1120331058888731
1041206	1008246	32960	1318	4266796	4108306	1120331064720931
655258	624406	30852	4294	10221112	9675854	1120331076124939
1198056	1165696	32360	824	3353176	3289612	1120331081223641
1207132	1174772	32360	1278	3778516	4196772	1120331086734749
734036	702626	31410	2680	7001174	6538904	1120331094994509
1305866	1274644	31222	1094	3813882	3925614	1120331100637399
0	0	0	0	0	0	0
1330292	1158372	171920	162	1882820	2087472	1120331113411681
1241730	1210310	31420	1420	4262030	4515818	1120331119441011
987968	956408	31560	1616	4670900	4652376	1120331125625249
1204072	1169214	34858	4621	10896648	10880492	1120331138251261
569404	530432	38972	1886	5410248	4783116	1120331144754541
1186944	1153836	33108	4189	9946534	9998496	1120331156414009
775220	742874	32346	4642	10732690	10499072	1120331168448201
1196172	1162896	33276	2200	6038828	6036176	1120331176209121
462756	430412	32344	4100	9425026	9094372	1120331186635601
1186742	1154542	32200	3859	8817208	9346506	1120331197163479
1191714	1160086	31628	1704	4479814	5033586	1120331203360439
0	0	0	0	0	0	0
1196270	1162842	33428	3768	9167598	9164910	1120331225444839
961288	928172	33116	2718	6723844	6830508	1120331233655721
1188700	1157228	31472	3756	9140868	9135108	1120331244511049
1201092	1169556	31536	1692	4468418	5019948	1120331250707369
1256622	1166466	90156	4481	10040550	10660234	1120331262530911
1194290	1162642	31648	1863	4916748	5364694	1120331269166439
0	0	0	0	0	0	0
1190434	1157438	32996	1574	4518116	4771786	1120331283562471
1199738	1168250	31488	4855	11276196	11342998	1120331296561751
1195402	1163086	32316	44	1699348	1715846	1120331299983331
1199412	1160080	39332	4716	10821430	11064188	1120331312537281
454866	422718	32148	3488	8616186	7864330	1120331322136663
1311332	1167540	143792	2537	6180000	6818916	1120331330177101
846740	815876	30864	3773	9115722	8836352	1120331340686401
963992	929854	34138	320	1798228	2050590	1120331343975571
1189388	1158472	30916	1013	3659072	3647856	1120331349358929
777486	746022	31464	613	2511036	2436614	1120331353173071
0	0	0	0	0	0	0
0	0	0	0	0	0	0
1189060	1154556	34504	2181	5985702	5982760	1120331379042421
1208556	1174476	34080	4979	11198704	11598848	1120331391973841
1185688	1153728	31960	1799	5221902	5216208	1120331398926809
1191906	1159614	32292	1483	4327412	4591818	1120331404973079
1190978	1158570	32408	1306	3767140	4258094	1120331410456119
327664	294828	32836	1083	3693974	2936888	1120331415002689
1245304	1212060	33244	2629	6376544	6944528	1120331423150329
240264	185004	55260	847	3165176	2367164	1120331427081281
893038	710258	182780	3437	8545622	8201310	1120331437045899
1190640	1158700	31940	2324	6277962	6271672	1120331445039421
510624	478616	32008	2335	6076096	5614404	1120331452151389
314564	282660	31904	4813	11278016	10388088	1120331464285301
1188906	1157538	31368	4546	10330314	10713786	1120331476329491
1094434	1049122	45312	3083	7369796	7694562	1120331485320979
513636	480424	33212	4348	10322994	9642984	1120331496684129
920974	889350	31624	1639	4901358	4631886	1120331503033351
742328	710044	32284	4708	11041700	10590116	1120331515342669
1213828	1180816	33012	3991	9173132	9629052	1120331526256069
301244	263888	37356	895	2957314	2525188	1120331530039429
1019448	987884	31564	130	1892180	1711948	1120331533489629
1193368	1162696	30672	3547	8729760	8720328	1120331543937449
884936	851348	33588	2350	6345774	6018580	1120331551700981
0	0	0	0	0	0	0
1119816	1088252	31564	3071	7784684	7704640	1120331571711761
432274	399314	32960	3121	7869376	7106834	1120331580560059
1193406	1160726	32680	3537	8702712	8701222	1120331590981099
1186068	1153828	32240	1541	4156480	4711948	1120331596849749
544160	510648	33512	4851	10891260	10685392	1120331608809761
1537276	1505836	31440	3520	8467462	9009316	1120331619340709
668298	636034	32264	3752	12640990	8605514	1120331633175659
1202680	1167560	35120	1926	5003810	5488712	1120331639908061
0	0	0	0	0	0	0
300606	266930	33676	2108	5328404	4960790	1120331658775831
386200	353992	32208	3409	8450312	7638376	1120331668137281
624428	592140	32288	1582	4814442	4244080	1120331674115441
1331858	1166062	165796	1307	3725640	4379914	1120331679720899
1205618	1163058	42560	3269	7951080	8177138	1120331689426579
1209734	1167238	42496	1444	4175376	4528298	1120331695336631
816540	783802	32738	367	2174768	1984688	1120331698853469
1316332	1159464	156868	4526	10206718	10821380	1120331710901181
1248500	1214744	33756	1010	3454470	3700916	1120331716129261
1195984	1161560	34424	3218	8085846	8087912	1120331725944721
867128	834432	32696	4507	10649070	10314456	1120331737995709
1206658	1172882	33776	3592	8814882	8823470	1120331748569159
786328	754300	32028	4429	10486050	10076964	1120331760368729
1193086	1158002	35084	2363	5939694	6349798	1120331768027411
282938	249658	33280	3697	8885650	8109730	1120331777735339
1188086	1156434	31652	765	3155304	3149714	1120331782662391
679798	648334	31464	3037	7321592	7197614	1120331791191991
613880	581376	32504	1186	3998850	3419428	1120331796330069
1204422	1170420	34002	2722	6564768	7083502	1120331804626531
1193228	1159412	33816	2586	6741422	6796784	1120331813087281
1196588	1165060	31528	2562	6431092	6754280	1120331821240561
1218594	1186830	31764	3618	8874646	8886422	1120331831858411
880218	847230	32988	410	2256892	2131982	1120331835532071
750910	717710	33200	4858	10869750	10900702	1120331847676671
1121502	1089878	31624	1582	4406958	4718118	1120331853729251
899086	866150	32936	3846	9335062	9023378	1120331864498679
1190948	1158848	32100	3808	9248202	9248224	1120331875462469
848248	816304	31944	616	2346390	2512964	1120331879181709
1195936	1162980	32956	730	3082206	3087736	1120331883985441
1221346	1188258	33088	4975	11045944	11604430	1120331896802691
208534	176570	31964	3171	7968148	6982914	1120331905503831
568320	537176	31144	3263	8151802	7527828	1120331914749541
1198528	1153568	44960	3658	8947070	8948224	1120331925421649
833366	801974	31392	2970	7477940	7205334	1120331934258415
727128	695880	31248	1899	4956324	4957240	1120331940466201
1205482	1173150	32332	4467	10051326	10574062	1120331952248419
0	0	0	0	0	0	0
1204100	1171164	32936	1769	5164750	5176240	1120331969822901
870896	838372	32524	4276	9949606	9856156	1120331981189581
1309546	1161978	147568	301	2232276	2345882	1120331985258231
923340	889136	34204	3424	8294702	8205944	1120331995001921
1197930	1154014	43916	2861	6987122	7351350	1120332003712471
568272	535992	32280	4112	9475328	9223856	1120332014296729
3939678	3932950	6728	4151	9939522	12684842	1120332028702111
1192130	1156478	35652	2256	6140898	6138902	1120332036560379
385750	355058	30692	4034	9359580	8895510	1120332046832011
1191418	1158906	32512	4903	11435334	11428490	1120332059983571
1110140	1077484	32656	1688	4789528	4918444	1120332066422209
1189320	1157912	31408	2109	5863020	5858252	1120332073999389
1185504	1152804	32700	1608	4679768	4832756	1120332080401481
0	0	0	0	0	0	0
445098	414178	30920	3338	8322372	7576450	1120332093784939
480670	447626	33044	735	3097670	2383490	1120332097910451
1051234	1019534	31700	1482	4678452	4448754	1120332104178979
1195050	1163622	31428	3071	7743122	7793854	1120332113666791
1208328	1173508	34820	4014	9304622	9668532	1120332124705929
1194240	1163072	31168	1443	4259322	4538464	1120332130685761
967934	915686	52248	1781	4995474	4986532	1120332137175479
1190910	1158706	32204	2561	6750660	6746586	1120332145644391
1194744	1161612	33132	2849	7059246	7327240	1120332154424201
1196102	1162534	33568	1244	3858318	4128230	1120332160005399
1192840	1160916	31924	2967	7240870	7558836	1120332168974161
1195670	1162870	32800	1604	4411968	4837146	1120332175108939
1198786	1167050	31736	39	1370324	1710438	1120332178204039
1204614	1171738	32876	1695	4873294	5029446	1120332184821739
717692	685908	31784	4374	10378058	9898748	1120332196442761
1320982	1278510	42472	3531	8218598	8813414	1120332206507951
285280	247852	37428	2513	6678498	5745380	1120332214000269
1190856	1158736	32120	2483	6593052	6590028	1120332222333669
1186860	1155392	31468	4695	10655680	11009840	1120332234703609
476212	441932	34280	2080	5396578	5079532	1120332241102961
291932	259392	32540	4985	11603708	10696172	1120332253524549
1195142	1163510	31632	4703	11031376	11034786	1120332266277719
362000	329660	32340	3532	8258230	7857714	1120332275422409
1194320	1162768	31552	2604	6837640	6836416	1120332283980681
1286234	1153170	133064	4218	9779344	10153464	1120332295584539
997688	965992	31696	596	2540124	2625724	1120332299647981
1225898	1162894	63004	4133	10027252	9924934	1120332311428139
0	0	0	0	0	0	0
917950	886198	31752	3903	9372210	9156254	1120332334391979
531712	498816	32896	1905	5462548	4799040	1120332340913681
0	0	0	0	0	0	0
1190454	1157986	32468	4592	10266544	10809306	1120332363366279
538616	506652	31964	4918	11309926	10807596	1120332375740281
264610	232914	31696	1158	3454560	3013154	1120332379996251
1013870	983166	30704	856	3357840	3171226	1120332384963551
1075710	1040030	35680	3235	7636052	7999210	1120332394201291
1195720	1162544	33176	553	2740310	2745532	1120332398687281
0	0	0	0	0	0	0
1291096	1163352	127744	4849	11341134	11421456	1120332420596481
0	0	0	0	0	0	0
515132	480560	34572	4279	10187740	9506584	1120332442660241
1190688	1158302	32386	3894	9419170	9412898	1120332453795779
1195140	1162348	32792	1731	4510010	5089508	1120332460050181
652984	621112	31872	2542	6461956	6170172	1120332467701969
1030304	998584	31720	1197	4022596	3857608	1120332473303289
1058928	1026056	32872	4572	10770840	10635320	1120332485657809
707222	672734	34488	4725	11076800	10589710	1120332497967991
1194412	1162356	32056	1616	4866610	4861676	1120332504567161
1191002	1158638	32364	2907	7263568	7448006	1120332513547611
1194528	1163204	31324	2035	5373392	5697392	1120332520641089
762794	730466	32328	251	1804196	1704374	1120332523733291
370780	337276	33504	4439	10505660	9681448	1120332535157241
1186056	1154652	31404	4084	9794692	9787192	1120332546664449
1194478	1162936	31542	3836	8947542	9309090	1120332557332751
0	0	0	0	0	0	0
1203172	1169172	34000	2724	6775460	7084164	1120332572623381
1189448	1158120	31328	2228	5850254	6085200	1120332580187561
1192020	1159916	32104	4334	10350988	10345544	1120332592264049
1204918	1173022	31896	220	2086212	2086858	1120332596082919
797768	766340	31428	2469	6261860	6168968	1120332603675689
1285034	1251646	33388	4381	10410696	10481406	1120332615896911
1194620	1163192	31428	3324	8401660	8275720	1120332626042429
1206976	1174584	32392	1701	4905034	5043380	1120332632692769
6028896	6023708	5188	2389	6102424	11260100	1120332645350561
1191666	1160950	30716	1254	4132816	4132562	1120332651201271
1206216	1174884	31332	1146	3437254	3931768	1120332656369769
1191352	1157840	33512	1524	4685970	4682248	1120332662772881
0	0	0	0	0	0	0
1194464	1162792	31672	757	3139616	3142000	1120332675521801
1188806	1158170	30636	1387	4041014	4393998	1120332681278171
1129062	1096954	32108	1916	5222860	5394258	1120332688156411
1196398	1164366	32032	778	2759076	3185106	1120332692649719
981062	949194	31868	3625	8882118	8663210	1120332703038199
977472	945500	31972	1366	4359388	4141372	1120332708900621
0	0	0	0	0	0	0
794288	762604	31684	3541	8258930	8309378	1120332730081269
1019094	980882	38212	2343	5786614	6138990	1120332737435979
705172	673080	32092	138	1906458	1413052	1120332740574121
1191346	1158938	32408	3398	8428064	8418862	1120332750720211
994052	963528	30524	577	2402600	2589144	1120332754642881
740120	708820	31300	4330	10296708	9832268	1120332766204789
1196712	1163620	33092	1997	5773518	5633820	1120332773709421
1100284	1066928	33356	751	2899734	3035536	1120332778258929
391818	349478	42340	304	2263044	1454666	1120332781438431
701302	668018	33284	1683	4993398	4498966	1120332787659811
853844	819660	34184	24	1684968	1335488	1120332790724301
1189106	1157374	31732	4052	9763176	9728390	1120332802295491
1190604	1158092	32512	1074	3424796	3774388	1120332807435989
1202978	1169982	32996	192	1527120	2021558	1120332810691379
1203224	1168368	34856	1046	3669316	3729800	1120332816089561
372620	338020	34600	1820	5292524	4468668	1120332822304833
318270	281318	36952	1357	4352350	3476358	1120332827502511
1189092	1158508	30584	503	2629960	2627312	1120332831845261
1189656	1156740	32916	3001	7608514	7625004	1120332841193809
454210	422686	31524	4432	10012910	9751550	1120332852186251
1190028	1157060	32968	3206	8183612	8178944	1120332862095969
796784	764664	32120	901	3094774	3033868	1120332866526669
1198924	1165860	33064	4711	11042904	11052608	1120332879294809
1186158	1153698	32460	1660	4859682	4938758	1120332885867931
579658	548130	31528	689	2463720	2390822	1120332889445419
1197746	1165462	32284	3718	8557216	9067382	1120332899725471
401760	370276	31484	4450	10533630	9733864	1120332911195401
399546	366718	32828	3635	8540934	8100970	1120332920661091
1188266	1155256	33010	1159	3953552	3938860	1120332926327749
878052	843752	34300	4807	10854544	10923280	1120332938587425
629050	593206	35844	4644	10927100	10349242	1120332950670339
296072	262148	33924	339	2301450	1406112	1120332953793321
847712	814636	33076	3398	7935350	8077660	1120332963110961
819306	786298	33008	1625	4883896	4501922	1120332969338451
0	0	0	0	0	0	0
1190986	1157758	33228	2588	6474526	6800490	1120332987645931
964258	931850	32408	4440	10209892	10276838	1120332999347111
1193840	1159228	34612	2426	5969880	6477720	1120333007036681
1199790	1167326	32464	1390	4079322	4411858	1120333012840591
763988	732080	31908	517	2420152	2229812	1120333016550801
732586	700338	32248	3612	8518964	8398238	1120333026329299
1009088	976156	32932	3997	9630912	9445108	1120333037493761
1185466	1153886	31580	1515	4661086	4649726	1120333043866011
962120	928528	33592	4807	10835362	11009860	1120333056210561
1005466	972676	32790	2226	5564932	5891688	1120333063327849
281392	249448	31944	2777	7182666	6268064	1120333071317769
1219546	1188902	30644	1518	4155364	4687930	1120333077217819
1197276	1165200	32076	4911	10896342	11451336	1120333089837529
826136	794396	31740	1246	4119804	3750588	1120333095330341
1189036	1157296	31740	3597	8465908	8815278	1120333105511105
1225048	1158512	66536	3397	8444454	8452488	1120333115705141
1198204	1164016	34188	1898	5231614	5426348	1120333122674189
1002788	970640	32148	3990	9073522	9424480	1120333133276641
1063668	1033152	30516	1573	4771594	4642752	1120333139637541
1324430	1292252	32178	2998	7515862	7753172	1120333149002221
833068	794928	38140	4025	9503068	9317752	1120333159862697
1080460	1048060	32400	903	3435800	3320304	1120333164926109
1190014	1158194	31820	4058	9829526	9738648	1120333176471579
1185676	1153840	31836	2849	7032086	7327292	1120333185213161
877926	845026	32900	2038	5158924	5386638	1120333191775299
1224880	1193152	31728	2576	6781550	6810980	1120333200330241
856842	824714	32128	1794	4905518	4877998	1120333206618131
1291038	1155102	135936	3309	8245110	8341914	1120333216680339
1190100	1158380	31720	1021	3491802	3672040	1120333221889241
1193940	1162368	31572	2521	6540520	6668464	1120333230159049
447784	414936	32848	256	2155728	1398496	1120333233296861
599594	567522	32072	1647	4925136	4326530	1120333239346691
1198048	1164856	33192	3051	7744460	7734880	1120333248815029
1186102	1153502	32600	82	1362568	1794482	1120333251889031
1013236	887220	126016	3606	8501974	8657156	1120333261938181
0	0	0	0	0	0	0
851494	814314	37180	2797	7433596	7084762	1120333277120251
1008536	976200	32336	2847	7325114	7136816	1120333285979269
338394	306022	32372	4533	10695326	9838358	1120333297560991
1195426	1160014	35412	2314	5773454	6257990	1120333305053959
841160	809400	31760	1416	3992826	4106936	1120333310413657
1203892	1171408	32484	4815	11186000	11277564	1120333323328261
0	0	0	0	0	0	0
530514	498506	32008	804	3191156	2571474	1120333334882811
1189738	1156974	32764	3314	8255474	8251642	1120333344853971
304476	256664	47812	3590	8824244	7916392	1120333354508641
1197662	1162282	35380	4213	9569628	10056350	1120333365801751
982878	948690	34188	4843	11134850	11102102	1120333378456779
536034	503258	32776	2107	5695326	5198742	1120333385213979
1199640	1167748	31892	466	2559300	2565736	1120333389499589
1191318	1160370	30948	165	1867870	1955442	1120333393085239
1207830	1165110	42720	3640	8577080	8920814	1120333403395651
1205122	1173822	31300	929	3418960	3495186	1120333408544851
752796	720124	32672	4618	10803338	10434440	1120333420628433
0	0	0	0	0	0	0
1191134	1158930	32204	169	1836276	1960782	1120333434694771
0	0	0	0	0	0	0
1195096	1162428	32668	3960	9606846	9547760	1120333450420561
1208160	1176208	31952	1222	3976712	4093568	1120333456131621
1048098	1016550	31548	256	1568802	1993874	1120333459285451
840256	806960	33296	2861	7357264	6994940	1120333468009549
1188778	1158118	30660	1736	5105642	5094870	1120333474840091
1000376	969084	31292	747	2875054	2931388	1120333479241581
0	0	0	0	0	0	0
1184720	1153288	31432	3066	7364212	7750296	1120333501329841
1072088	1040104	31984	3173	7528372	7852188	1120333510453089
820776	790132	30644	840	3321004	2943448	1120333515119769
1201288	1158472	42816	3440	8562654	8514936	1120333525410141
765718	733346	32372	639	2549422	2477642	1120333529248539
1190050	1159358	30692	4969	11576150	11560158	1120333542540779
0	0	0	0	0	0	0
1203256	1156344	46912	2794	7119032	7226260	1120333560287809
607072	575632	31440	1947	5228640	4933908	1120333566647681
1202028	1168792	33236	3675	8986190	8985032	1120333577360509
1199828	1168098	31730	2683	6591072	6998434	1120333585676199
888092	855448	32644	2129	5917768	5578772	1120333593006401
1195512	1159176	36336	1178	3993276	3985068	1120333598721769
1212460	1168080	44380	4357	9903282	10369752	1120333610362641
1527600	1496492	31108	2768	7111974	7506876	1120333619527801
677290	644470	32820	1728	4587612	4816950	1120333625319351
796028	765316	30712	1345	4315158	3919228	1120333630954137
0	0	0	0	0	0	0
1206118	1173338	32780	4420	10328412	10478650	1120333651181971
1193100	1161180	31920	4668	10392490	10961696	1120333663294929
0	0	0	0	0	0	0
1203680	1170092	33588	2084	5794622	5806984	1120333678903361
783866	751676	32190	1008	7603134	3232044	1120333687815529
1224842	1155094	69748	989	3690056	3636314	1120333693264499
268764	236640	32124	2209	5905474	5119384	1120333699964369
700802	669270	31532	2132	5891930	5398110	1120333707094311
1199168	1168064	31104	529	2689900	2690268	1120333711508629
1209934	1175194	34740	1889	4880744	5421078	1120333718123379
216530	179558	36972	480	2608128	1632710	1120333721483939
497968	466516	31452	1836	5373540	4603800	1120333727879349
771508	738322	33186	3609	8893544	8421816	1120333738080721
1201008	1168776	32232	3931	9513580	9515772	1120333749342109
1190604	1157296	33308	997	3442066	3617840	1120333754501729
629562	597542	32020	83	1248968	1229406	1120333756906619
1193680	1162876	30804	1970	5787980	5564320	1120333764414681
851340	820308	31032	897	3195370	3090584	1120333768986381
1194468	1162940	31528	3170	8104974	7967452	1120333778811461
1206276	1173056	33220	4614	10345146	10874012	1120333790889121
563574	532538	31036	4075	9595044	9146354	1120333801572299
1315302	1155638	159664	1936	5502216	5618722	1120333808914031
557750	523158	34592	3810	9344990	8611806	1120333819340331
1000354	969154	31200	4699	11023896	10830098	1120333831890871
1199302	1165898	33404	2703	7156058	7039254	1120333840795751
0	0	0	0	0	0	0
1197450	1160570	36880	2121	5640528	5871538	1120333852479859
657132	624628	32504	204	2038906	1505748	1120333855701509
1196052	1164232	31820	653	3022138	2935464	1120333860468301
971038	939390	31648	4899	10870214	11201042	1120333872835291
692610	655930	36680	1951	5531030	5028110	1120333879582739
1190232	1158348	31884	1533	4628470	4688720	1120333885926321
199728	168084	31644	875	2996178	2382388	1120333889663781
708632	676112	32520	1820	5275228	4781432	1120333896172641
940252	908032	32220	1624	4883808	4629080	1120333902534281
862946	830034	32912	4226	10076666	9748070	1120333914000871
912436	879120	33316	2530	6688054	6404288	1120333922138269
748968	716572	32396	287	2230102	1780188	1120333925654721
1223274	1178354	44920	2017	5660404	5689942	1120333933064999
1196022	1163070	32952	4637	10906580	10903264	1120333945693711
1295660	1173892	121768	3099	7648960	7925788	1120333955187289
1295942	1263426	32516	3072	7561632	7873362	1120333964571471
841346	808126	33220	4460	10334524	10205718	1120333976270739
580774	547630	33144	2320	6276916	5663630	1120333983654111
1310096	1242292	67804	3691	9011914	9124120	1120333994501361
1191818	1160590	31228	3515	8688802	8654666	1120334004907059
0	0	0	0	0	0	0
1189200	1157700	31500	4036	9180480	9693512	1120334022182261
1189252	1158124	31128	3330	7716848	8282600	1120334031624229
1198974	1163882	35092	3527	8315586	8686346	1120334041663899
308158	276518	31640	4512	10465412	9765822	1120334052962931
680992	649412	31580	4272	10312898	9657908	1120334064481761
0	0	0	0	0	0	0
638208	605644	32564	1271	3914882	3626140	1120334077778869
599820	567536	32284	270	2166228	1572304	1120334081080429
1189920	1158540	31380	1835	5301188	5293652	1120334088096469
1193078	1159374	33704	2272	5818552	6169174	1120334095655539
1191732	1157732	34000	1381	4320056	4388088	1120334101692149
1190252	1158260	31992	2583	6814548	6789768	1120334110272661
1204500	1172016	32484	4192	9539570	10022300	1120334121540841
841286	808154	33132	4268	9622504	9809502	1120334132527451
966204	934600	31604	2526	6679244	6453160	1120334140696389
1184788	1153420	31368	4175	9510484	9978304	1120334151916881
1245932	1214132	31800	1343	4018418	4363280	1120334157727921
627186	595406	31780	2034	5338874	5128822	1120334164229151
467922	422522	45400	894	3445904	2712994	1120334168667855
1190864	1158776	32088	3835	9414368	9291860	1120334179800721
772942	741050	31892	1528	4219360	4261458	1120334185332731
1202666	1168790	33876	3525	8681544	8686834	1120334195742371
1252888	1158348	94540	2292	5862692	6271156	1120334203408541
1147170	1106434	40736	421	2276270	2423206	1120334207356759
1193706	1162122	31584	1282	4194574	4192698	1120334213269339
1193706	1161926	31780	1609	4426064	4847698	1120334219414579
596920	563740	33180	4497	10296180	10023596	1120334230834461
707258	674746	32512	1542	4720112	4225374	1120334236786631
400982	295266	105716	1225	4076898	3282390	1120334241788299
838712	806028	32684	3580	8257338	8431378	1120334251434061
910358	878878	31480	371	1912480	2085714	1120334254783639
1189682	1158126	31556	2230	5621548	6095142	1120334262120871
1189244	1157802	31442	2381	6360692	6406810	1120334270204477
1201708	1170380	31328	2057	5659322	5758900	1120334277614841
1204370	1172834	31536	3524	8675070	8685282	1120334288021451
1062216	1029200	33016	2149	5599304	5793764	1120334295233229
0	0	0	0	0	0	0
1185556	1153568	31988	3449	8526094	8516880	1120334317436321
1250704	1168560	82144	4539	10730526	10761876	1120334329943449
1199956	1168024	31932	192	1803942	2017028	1120334333484629
264994	230046	34948	2481	6022926	5659482	1120334340297619
1121080	1088012	33068	4389	10423398	10354324	1120334352367649
1201178	1167330	33848	2949	7057022	7531342	1120334361151691
1196216	1162852	33364	3720	8562194	9069344	1120334371434641
1190300	1158188	32112	4840	10959758	11302636	1120334384108629
466198	434774	31424	701	2598652	2301566	1120334387712471
277112	244596	32516	4793	10729508	10296172	1120334399257221
1205100	1169214	35886	2731	7104080	7101354	1120334408091231
1202464	1160530	41934	3654	8622374	8944890	1120334418466439
1187866	1154110	33756	3423	8506904	8492220	1120334428685791
215902	180366	35536	3618	8449346	7911094	1120334437877719
1197490	1164580	32910	937	3501568	3504594	1120334443111379
1188742	1156242	32500	2350	5939908	6321834	1120334450764539
1113876	1079752	34124	523	2405650	2603956	1120334454809657
1194768	1162280	32488	45	1220704	1727248	1120334457750441
1003624	972264	31360	445	1989944	2325992	1120334461293309
1189616	1157020	32596	445	2611972	2512992	1120334465621269
243846	211798	32048	4271	9726424	9220234	1120334476117419
331058	286990	44068	4308	10379872	9402214	1120334487370591
3877754	3871930	5824	4659	10962734	13629190	1120334502739099
1190870	1159094	31776	598	2829928	2820818	1120334507286179
1190526	1156990	33536	2719	6964804	7061618	1120334515967779
1192752	1158744	34008	2527	6296748	6679504	1120334523994001
1186298	1153706	32592	2390	6049584	6399162	1120334531767451
1190994	1159218	31776	1682	4920024	4989558	1120334538428139
1178522	1146090	32432	1631	4466126	4873814	1120334544627579
919092	887964	31128	128	1894728	1607740	1120334547968141
1023376	990216	33160	4569	10895394	10604932	1120334560422321
921618	889906	31712	126	1906252	1631478	1120334563774531
850610	812910	37700	87	1804350	1459218	1120334566963491
1333222	1162846	170376	3824	9291540	9412374	1120334578116071
0	0	0	0	0	0	0
1195930	1163218	32712	3153	7525898	7948778	1120334597942519
1211536	1161948	49588	318	2110012	2280452	1120334601800189
1197792	1164312	33480	2058	5551438	5745960	1120334609096301
310470	276714	33756	3238	7815540	7217562	1120334617748971
356586	314566	42020	312	2256024	1413950	1120334620899131
1192060	1160176	31884	3157	7944332	7939208	1120334630560421
918194	886618	31576	3223	7949654	7820678	1120334639952519
533612	502688	30924	243	2112210	1452088	1120334643147861
1134496	1101396	33100	467	2558134	2502320	1120334647364821
1089250	1056902	32348	4652	10936740	10826766	1120334659917431
1201102	1168834	32268	4695	11056050	11023050	1120334672709131
809194	777242	31952	762	2843196	2775430	1120334676885299
1229562	1167450	62112	963	3554570	3588882	1120334682195531
891124	858814	32310	400	2211118	2123198	1120334685847171
1153884	1117020	36864	3189	8006146	7965120	1120334695543781
1012730	981302	31428	4682	11001238	10808786	1120334708082599
1218568	1184680	33888	1819	5274344	5301144	1120334715112381
1134436	1102220	32216	895	3421882	3357660	1120334720194109
504250	471910	32340	320	2289290	1600418	1120334723523931
374978	343146	31832	3966	9563454	8739898	1120334733986631
1205002	1174026	30976	714	3052838	3066362	1120334738782571
1195432	1153448	41984	2764	6888574	7156352	1120334747390877
1189106	1157910	31196	1471	4472604	4564922	1120334753578511
1273248	1157088	116160	1798	4759042	5301612	1120334760136661
0	0	0	0	0	0	0
1190284	1159020	31264	1900	5430226	5424072	1120334776771581
834738	802630	32108	4672	10851802	10610594	1120334788983879
447136	414076	33060	153	1944092	1185640	1120334791902349
608240	572844	35396	3198	8020858	7438256	1120334801069329
1184540	1153640	30900	588	2811350	2795276	1120334805591581
1316282	1284070	32212	2721	6537758	7191722	1120334813971259
1192590	1160278	32312	1103	3492840	3831334	1120334819193511
0	0	0	0	0	0	0
1197244	1166440	30804	2908	7447956	7446368	1120334836102129
232270	180286	51984	372	2386132	1418586	1120334839265071
1191432	1159752	31680	3139	7995138	7901528	1120334848976161
1202210	1168870	33340	1263	3954422	4160314	1120334854656891
448728	415412	33316	2561	6756460	6004904	1120334862387389
836060	804104	31956	1519	4674608	4315708	1120334868422649
9031708	9026604	5104	1868	5429200	13206812	1120334883408189
1205606	1172906	32700	3472	8584832	8582818	1120334893723939
429448	393368	36080	4907	11161440	10675088	1120334905863689
1067126	1034974	32152	4167	9522692	9834698	1120334916991299
1198914	1164018	34896	951	3056758	3533634	1120334921773131
953600	918752	34848	1851	5071998	5088360	1120334928343689
1113528	1081904	31624	1590	4323380	4726520	1120334934307529
1327280	1293544	33736	589	2808200	2938828	1120334939195361
1274370	1155854	118516	195	2027740	2095834	1120334943024371
1199656	1156996	42660	2721	6633892	7073048	1120334951381569
1204914	1174042	30872	2067	5717252	5773458	1120334958828767
1200824	1169120	31704	2388	6318176	6408736	1120334966872589
721212	689416	31796	4887	11070702	10928252	1120334979190973
1189298	1156978	32320	4998	11622500	11618702	1120334992528899
742114	709550	32564	1048	3724204	3271954	1120334997521659
1308564	1274156	34408	388	2413964	2517164	1120335001770129
629760	509292	120468	4060	9746480	9181420	1120335012685189
1209612	1177944	31668	918	3109978	3497636	1120335017531001
1190614	1159226	31388	3950	9503446	9524098	1120335028751991
1190766	1159346	31420	3299	8249864	8223030	1120335038716039
1195612	1158972	36640	2518	6355818	6675268	1120335046792881
1204882	1171122	33760	1972	5476596	5581886	1120335053998039
380264	347792	32472	2965	7557244	6742540	1120335062473349
778292	746880	31412	4362	10361928	9945184	1120335074139281
916610	882930	33680	4345	9797892	10040490	1120335085399491
0	0	0	0	0	0	0
0	0	0	0	0	0	0
0	0	0	0	0	0	0
1189752	1156280	33472	1249	3909256	4120816	1120335111086429
824218	792006	32212	3482	8408360	8220802	1120335120844819
439280	407284	31996	578	2350890	2033444	1120335124159881
1271914	1159254	112660	3726	9085334	9167046	1120335135052439
1210252	1177104	33148	432	2449840	2507272	1120335139238713
1041134	1008338	32796	1476	4588806	4426366	1120335145393571
316658	285538	31120	1578	4903800	3906354	1120335151139059
726016	693708	32308	2249	5639516	5655148	1120335158030401
926210	893766	32444	4532	10598620	10422542	1120335170092511
1188150	1156738	31412	38	1110072	1698446	1120335172926351
0	0	0	0	0	0	0
1118648	1085784	32864	2883	7396032	7317796	1120335185588801
1191556	1156016	35540	3978	9587996	9580800	1120335196891581
1153482	1111130	42352	3495	8626198	8577126	1120335207195419
1201180	1159136	42044	3730	8602118	9094840	1120335217525049
1191946	1158630	33316	4538	10705794	10701282	1120335229949811
1194808	1163312	31496	1181	3779852	3988916	1120335235472549
0	0	0	0	0	0	0
516998	485350	31648	1225	4094242	3398298	1120335248382611
1194990	1161986	33004	2628	7014102	6885430	1120335257118591
556588	524012	32576	4001	9451374	8990516	1120335267652081
1273004	1218368	54636	1268	4307008	4243540	1120335273758461
463592	429736	33856	1116	3859818	3128636	1120335278617041
806568	773544	33024	4282	10198102	9803848	1120335290147929
712950	681530	31420	493	2105200	2131526	1120335293500291
1195234	1161450	33784	556	2747046	2741774	1120335297966539
1280696	1200876	79820	4864	11240204	11441460	1120335311021889
1194034	1161736	32298	3641	8466412	8909364	1120335321207177
0	0	0	0	0	0	0
1245592	1162176	83416	3797	9224216	9272144	1120335341750489
861730	741886	119844	360	2396142	2014414	1120335345556631
812204	779310	32894	3414	7948836	8072164	1120335354845101
433748	401968	31780	2952	7532864	6771592	1120335363338561
481192	447252	33940	4922	11471244	10758944	1120335375817841
0	0	0	0	0	0	0
969978	938106	31872	2081	5605602	5565334	1120335388410591
1332640	1298736	33904	121	1885308	2022600	1120335392155229
1192066	1159746	32320	741	3189696	3132626	1120335397084611
1034948	1000852	34096	2532	6391632	6532756	1120335405037441
1186400	1153528	32872	1722	5220062	5062400	1120335411968801
1188114	1156798	31316	58	1641646	1737538	1120335415334499
1291840	1259956	31884	1754	5012870	5231880	1120335422164121
1227420	1193480	33940	2074	5335750	5810172	1120335429263661
1329004	1296720	32284	2597	6351316	6955320	1120335437469189
1066754	1034886	31868	2080	5606904	5661890	1120335444668919
1072974	1040330	32644	1836	5302396	5180348	1120335451571111
803470	770762	32708	130	1890680	1495970	1120335454791571
1017316	983608	33708	2069	5771734	5589912	1120335462105381
0	0	0	0	0	0	0
445882	413614	32268	4911	10984088	10723010	1120335482813711
507440	474320	33120	1080	3333472	3110416	1120335487181301
986268	947296	38972	967	3561960	3354232	1120335492256089
745484	712784	32700	2463	6570236	6124040	1120335500097149
843370	802150	41220	1022	3676040	3328714	1120335505153099
487720	453780	33940	3603	8352690	8124104	1120335514519349
1024888	992836	32052	1355	4443400	4168900	1120335520514521
1032256	996676	35580	3710	8599116	8896720	1120335530671761
1194020	1158608	35412	4999	11620512	11625064	1120335544013441
946696	911988	34708	3502	8375552	8383568	1120335553872029
820964	788328	32636	163	1958896	1580460	1120335557188201
0	0	0	0	0	0	0
1199346	1166738	32608	1627	4374952	4886738	1120335571546579
577044	543652	33392	2610	6335738	6229900	1120335578984201
1201114	1166958	34156	3908	9460548	9449334	1120335590170191
0	0	0	0	0	0	0
1191020	1157976	33044	3458	8542500	8541648	1120335603695921
223960	172680	51280	299	2059560	1256800	1120335606576881
816930	785608	31322	986	3598898	3221538	1120335611519819
334440	301400	33040	2761	7259440	6400840	1120335619638921
536902	503510	33392	3415	7961988	7798482	1120335628663611
1190130	1158198	31932	1169	3968722	3960650	1120335634348791
1207348	1174388	32960	2529	6503364	6709174	1120335642583961
1226870	1183814	43056	2766	6901008	7201858	1120335651237399
1039728	1001068	38660	3818	9273440	9109156	1120335662078189
500636	469148	31488	1750	5150332	4453324	1120335668281109
1199068	1164256	34812	2372	6381684	6384892	1120335676387441
1189492	1157696	31796	1229	4038168	4087692	1120335682141861
1174104	1138332	35772	4289	10038666	10183868	1120335693890401
1198516	1165344	33172	3973	9569882	9576916	1120335705194649
1189284	1157688	31596	3125	7637554	7871236	1120335714547329
427596	393760	33836	1993	5567224	4848252	1120335721065669
1186302	1154566	31736	1045	3724240	3708606	1120335726502311
1029206	993886	35320	4853	10949144	11178650	1120335739005131
1191966	1158630	33336	533	2695944	2690298	1120335743419879
1200064	1167780	32284	615	2553426	2862416	1120335747697869
0	0	0	0	0	0	0
579976	548288	31688	1915	5540326	4843940	1120335757919701
0	0	0	0	0	0	0
1198556	1164520	34036	2399	5854524	6428316	1120335776732141
1196234	1164418	31816	503	2642664	2634170	1120335781097779
3266350	3260910	5440	766	2599650	5232078	1120335787487951
1166186	1125398	40788	256	1954764	2112186	1120335791135719
1191590	1159190	32400	2662	6485934	6950202	1120335799339031
1053140	1020132	33008	4682	10926560	10850024	1120335811844481
642156	611440	30716	2947	7530276	6969704	1120335820565441
448048	415628	32420	3937	9503392	8753992	1120335831041301
1187204	1154800	32404	1218	4072756	4056288	1120335836826329
795422	746906	48516	367	2072596	1960850	1120335840220579
758094	725890	32204	4643	10932834	10498926	1120335852437179
1191696	1158988	32708	3985	9678952	9593996	1120335863834589
1190626	1158874	31752	1715	4569052	5054202	1120335870143451
1332940	1176620	156320	948	3004300	3660556	1120335875013809
1191630	1158454	33176	1741	5111852	5106874	1120335881842499
1263240	1230644	32596	3084	7575340	7864540	1120335891239901
1192632	1159396	33236	1612	4292936	4848700	1120335897251329
1187292	1155012	32280	82	1287518	1784588	1120335900251981
1188708	1156882	31826	541	2438382	2702886	1120335904405379
1274080	1154068	120012	1064	3374518	3834932	1120335909578629
1209118	1168622	40496	1438	4320982	4517666	1120335915633691
1189010	1157178	31832	4076	9591824	9773882	1120335926939411
1206928	1173760	33168	224	1538272	2101280	1120335930209441
878566	846566	32000	447	2488384	2220810	1120335934101051
952470	919770	32700	757	3154130	2911982	1120335938740871
451698	419142	32556	4618	10864442	10120978	1120335950582031
1218132	1186380	31752	436	2498508	2521320	1120335954824349
671904	637816	34088	3427	8204844	7959048	1120335964226129
1332592	1157580	175012	270	9591178	2304284	1120335975674701
1191290	1158930	32360	3861	9156930	9346530	1120335986571331
1192890	1158126	34764	2504	6562732	6632726	1120335994852771
431208	398240	32968	748	2900264	2361200	1120335998709121
1189208	1158360	30848	979	3581820	3579216	1120336004005049
1164112	1131320	32792	2357	5809360	6312748	1120336011511961
703082	671366	31716	43	1709426	1223190	1120336014450819
1292300	1163908	128392	4633	10984228	10990468	1120336027253949
235520	179724	55796	2468	6536326	5604284	1120336034551185
1213628	1181780	31848	1151	3928664	3947652	1120336040219241
1275656	1170752	104904	3447	8161604	8603212	1120336050183181
629092	595964	33128	3099	7833306	7267544	1120336059184589
1218272	1185080	33192	1272	4173160	4193556	1120336065101641
1193070	1161578	31492	4199	9989880	10024194	1120336076810419
1189820	1158040	31780	1753	5075972	5131080	1120336083601041
1198510	1164162	34348	3094	7441828	7818670	1120336092767699
1191092	1157672	33420	2978	7335898	7579372	1120336101820141
1192760	1161688	31072	4698	10581230	11021248	1120336114141781
332388	296688	35700	3538	8661192	7852324	1120336123683301
430524	397356	33168	1790	4776028	4445284	1120336129425421
558504	526308	32196	184	1998466	1358888	1120336132509341
1195942	1162174	33768	2449	6523262	6527142	1120336140754743
1204870	1172358	32512	4167	9509840	9986258	1120336151995591
1255368	1223232	32136	2790	6875400	7267876	1120336160664009
1193920	1162720	31200	8	1187208	1651388	1120336163572029
1213558	1180278	33280	345	2024822	2336662	1120336167336151
1191548	1160304	31244	2434	6242394	6491564	1120336175296161
1219162	1183062	36100	1518	4676618	4688386	1120336181717631
945540	907908	37632	3876	9208350	9131064	1120336192479989
214428	167156	47272	475	2656010	1598384	1120336195876749
0	0	0	0	0	0	0
1087788	1054184	33604	3792	9039582	9114688	1120336211134049
1198584	1166972	31612	2114	5860058	5859096	1120336218718781
697250	665530	31720	2550	6738068	6230930	1120336226679459
1213268	1182332	30936	138	1404130	1931164	1120336229823349
1192138	1159118	33020	4150	9931822	9925130	1120336241484139
1188760	1156920	31840	2659	6650632	6940488	1120336249848701
0	0	0	0	0	0	0
1190922	1159010	31912	3768	8661240	9159834	1120336266504771
1191616	1157488	34128	4173	9798574	9982260	1120336278019381
1204602	1171790	32812	2066	5301498	5770850	1120336285066271
1199536	1166780	32756	157	1537834	1945420	1120336288331181
1196516	1164252	32264	3739	9119784	9117116	1120336299174161
1212450	1180846	31604	2993	7086990	7630418	1120336307999939
562912	530936	31976	728	2564728	2450864	1120336311662441
809418	777726	31692	183	2016094	1612450	1120336315013491
546370	515454	30916	4562	10756140	10102638	1120336326841731
1214044	1154996	59048	1618	4530584	4884726	1120336333111389
1195520	1163820	31700	970	3071714	3568504	1120336337904881
1191600	1157760	33840	4618	10973638	10861376	1120336350618769
1084158	1053218	30940	358	1847972	2241562	1120336354077379
1186330	1153778	32552	1157	3946802	3942350	1120336359749471
870458	838890	31568	3241	7951954	7785166	1120336369119551
1191254	1158530	32724	4692	11013986	11008206	1120336381850219
1190290	1158122	32168	411	2479380	2446706	1120336386059251
857140	823152	33988	546	2457232	2382780	1120336389910061
365296	333356	31940	3644	8918124	8086552	1120336399730141
1190130	1155786	34344	4623	10964888	10869038	1120336412434939
0	0	0	0	0	0	0
1189840	1157576	32264	3730	8591182	9083172	1120336429928481
1209896	1178228	31668	3606	8574324	8853580	1120336440262381
1225044	1192566	32478	3548	8669444	8763024	1120336450683429
868870	836918	31952	901	3430182	3103422	1120336455509231
1164142	1126474	37668	193	1659178	1982258	1120336458858579
847336	814524	32812	897	2934454	3083560	1120336463167621
1194878	1162782	32096	687	3002004	3001486	1120336467889211
1201044	1169448	31596	4937	11178286	11509484	1120336480805309
1284816	1238048	46768	895	3045164	3516040	1120336485661041
1190306	1156754	33552	4204	9869652	10031534	1120336497244379
1193078	1158246	34832	1193	3520770	4011642	1120336502483099
1185254	1153430	31824	1157	3707662	3953486	1120336507903247
1193424	1155720	37704	1775	5180806	5174548	1120336514815329
336628	304172	32456	3359	8439664	7487684	1120336524116441
1189524	1153916	35608	2438	6510926	6509320	1120336532353289
1204546	1172332	32214	912	3473454	3475068	1120336537556269
356726	322166	34560	3817	8728266	8423246	1120336547168391
1448122	1158378	289744	1772	5180256	5423402	1120336554321819
0	0	0	0	0	0	0
1198896	1166376	32520	2446	6527374	6523048	1120336566780461
1150944	1118744	32200	3018	7561136	7620950	1120336576018389
1189964	1158100	31864	1080	3783624	3782540	1120336581541409
0	0	0	0	0	0	0
247316	207836	39480	2323	5851634	5326388	1120336591882729
503692	471264	32428	168	1961832	1270788	1120336594885069
831506	797054	34452	2089	5806626	5444118	1120336602048791
649848	617316	32532	2884	7422082	6874184	1120336610671101
1448622	1416006	32616	2153	5936496	6188058	1120336618579779
1195608	1162740	32868	2873	7171694	7396988	1120336627472721
788162	755148	33014	4577	10413620	10375384	1120336639199161
987078	953038	34040	2046	5719130	5511490	1120336646432059
910252	879404	30848	3282	8301618	7907556	1120336656171101
0	0	0	0	0	0	0
595578	563590	31988	1024	3345990	3075858	1120336667866379
1344082	1167238	176844	3381	8422356	8537830	1120336678170759
246146	214430	31716	2619	6811586	5935550	1120336685766791
1191350	1159118	32232	2207	5531588	6037442	1120336693037939
555602	524982	30620	2764	7033676	6516126	1120336701154059
1293150	1153826	139324	1235	3624022	4196042	1120336706597631
1194536	1162968	31568	4500	10466224	10639536	1120336718784961
882346	843286	39060	2002	5168684	5340878	1120336725362671
1206980	1176276	30704	758	3142792	3155200	1120336730239241
735232	703782	31450	1917	5153598	5002574	1120336736653499
1195618	1162442	33176	4866	10880432	11370858	1120336749255771
1187550	1153086	34464	1565	4774640	4749882	1120336755743631
1019938	988406	31532	2710	6475952	6873206	1120336763789971
1150528	1118812	31716	3802	9074580	9186144	1120336774550529
1198608	1158040	40568	3889	9428398	9409248	1120336785702425
1216804	1167532	49272	1803	5121596	5256748	1120336792578689
1064422	887530	176892	3098	7656688	7703418	1120336801826211
817826	781742	36084	377	1964842	2004526	1120336805147539
1208762	1172616	36146	2894	6921198	7428952	1120336813804349
402590	370080	32510	1815	4914720	4465302	1120336819672191
1190670	1158862	31808	697	3024962	3018210	1120336824424291
933400	858676	74724	2187	5474378	5740476	1120336831356929
1211990	1179710	32280	3418	7976250	8481572	1120336841071479
566372	533912	32460	1080	3692618	3158380	1120336845855801
1190680	1159360	31320	4588	10802112	10798344	1120336858381981
1298924	1174804	124120	1679	5015316	5097792	1120336865220221
1191944	1160148	31796	3070	7556964	7762868	1120336874495149
1192480	1161004	31476	785	2953920	3203760	1120336879167601
1192140	1160584	31556	2971	7529472	7567496	1120336888415201
1194744	1163932	30812	1889	5392098	5413456	1120336895525741
1024792	993148	31644	3379	8052018	8214932	1120336905129741
438444	406800	31644	1766	5201684	4402320	1120336911295329
1191100	1160152	30948	3274	7819050	8171328	1120336920829981
821564	763956	57608	1153	3448426	3569984	1120336925626401
752164	720496	31668	1844	5320688	4874264	1120336932224921
1194744	1162390	32354	4103	9843326	9844032	1120336943789409
592226	559070	33156	2491	6295724	6006338	1120336951212871
0	0	0	0	0	0	0
7366920	7361188	5732	2361	5870510	12522668	1120336973383441
1158024	1127368	30656	3613	8357796	8818644	1120336983424361
1169780	1117360	52420	4592	10809448	10785792	1120336995928009
1137402	1104818	32584	3249	8125648	8067978	1120337005725611
475752	441536	34216	4848	11320160	10604944	1120337018057841
1316792	1167860	148932	965	3577722	3687612	1120337023500801
1189352	1156840	32512	2984	7399718	7589984	1120337032615301
672966	641162	31804	3223	7821394	7559814	1120337041634871
1047332	1015892	31440	2530	6918008	6541920	1120337050127141
1148882	1116982	31900	2681	7011100	6958482	1120337058824711
238426	204150	34276	1560	4752994	3791698	1120337064342179
258190	212334	45856	3364	7878058	7420134	1120337073003859
893384	861908	31476	3365	8368004	8057916	1120337082792929
1192036	1156768	35268	3213	7842716	8052172	1120337092353601
1194010	1157574	36436	1309	3925332	4245166	1120337097999511
954142	918474	35668	3605	8540568	8597246	1120337108031531
459276	425980	33296	360	2377034	1636980	1120337111404649
1189638	1158086	31552	4757	11149402	11136354	1120337124270839
1190298	1158310	31988	142	1436830	1909338	1120337127423579
1193464	1162404	31060	2001	5180022	5630064	1120337134322705
843540	802532	41008	3810	9179240	8906412	1120337144870721
0	0	0	0	0	0	0
825018	793930	31088	3852	8809090	8961786	1120337160014059
1190346	1158078	32268	56	1780540	1758390	1120337163521271
1001802	968366	33436	4159	9661356	9751862	1120337174710699
446258	414126	32132	3229	8092142	7337726	1120337183775019
1190628	1158776	31852	375	2491560	2375024	1120337187993449
1194840	1161968	32872	1427	3959010	4482368	1120337193695641
883680	851448	32232	3318	7679052	7951888	1120337202808401
620552	460420	160132	88	1803138	1230692	1120337205757141
1195024	1155840	39184	3309	7711264	8247040	1120337215205629
1192398	1159318	33080	4516	10331390	10657666	1120337227254939
1185500	1154520	30980	4325	9860302	10267980	1120337238825921
1195020	1162440	32580	1821	4865590	5277960	1120337245411369
1189974	1159226	30748	52	1340604	1726018	1120337248468259
776140	744604	31536	4542	10519842	10304552	1120337260290321
499520	467276	32244	291	2214960	1524224	1120337263529701
1209810	1166190	43620	3259	8151168	8161218	1120337273417879
1200352	1168840	31512	4029	9686198	9692076	1120337284830461
1200824	1165440	35384	4554	10740366	10740440	1120337297296761
1254116	1153828	100288	2045	5723394	5777008	1120337304802029
487412	454240	33172	2378	6352278	5676380	1120337312167201
606048	571864	34184	3803	9333920	8665908	1120337322653809
453696	420140	33556	2660	6960202	6205416	1120337330593449
776402	745260	31142	4020	9668836	9248108	1120337341564029
1189662	1156530	33132	3310	7770758	8244594	1120337351051251
624710	593302	31408	3669	8526652	8395254	1120337360730151
0	0	0	0	0	0	0
838014	806314	31700	640	2441566	2551106	1120337374867391
654420	614244	40176	1712	4581920	4520524	1120337380629701
810412	779456	30956	2758	7156858	6759132	1120337389123629
1194028	1161844	32184	1168	4104012	3964036	1120337394947221
1191886	1158498	33388	780	2857296	3184442	1120337399522991
1318256	1158540	159716	278	2192542	2306596	1120337403559329
1139578	1107202	32376	4858	11288434	11287102	1120337416510551
1190100	1157448	32652	2826	7283328	7276372	1120337425509049
1187988	1155216	32772	2268	5711384	6156748	1120337432932881
684592	652728	31864	3785	9205466	8687672	1120337443347369
1190712	1157856	32856	4697	11042358	11017816	1120337456107409
1207620	1175928	31692	2197	5836552	6036172	1120337463686301
1192062	1158770	33292	4071	9775226	9767762	1120337475188679
446902	411530	35372	3753	8846558	8389250	1120337485007419
1371480	1166972	204508	1188	4093694	4181072	1120337490997953
562206	530438	31768	1912	4993444	4818990	1120337497080619
937868	904788	33080	698	3018064	2765624	1120337501560301
1191674	1132994	58680	2219	6065434	6061602	1120337509344039
1186438	1153990	32448	4056	9305294	9730946	1120337520360711
0	0	0	0	0	0	0
0	0	0	0	0	0	0
1199586	1168058	31528	308	2175624	2248750	1120337539467619
227764	195800	31964	2187	5537476	5034532	1120337545757821
1188852	1157756	31096	1406	3983136	4431528	1120337551466809
1190900	1157004	33896	1209	3574122	4042340	1120337556756901
1195274	1163122	32152	2610	6535424	6869354	1120337565013179
1206082	1174682	31400	201	1746536	2040302	1120337568489939
710750	617318	93432	1784	4896688	4719346	1120337574620579
1189930	1158422	31508	2659	6598780	6949946	1120337582935711
1185578	1154226	31352	2130	5801474	5877306	1120337590447251
970410	939494	30916	1284	4214522	3982806	1120337596160091
1000288	968500	31788	2430	6512330	6314140	1120337604211909
592130	559706	32424	4695	10501412	10415618	1120337615831551
2693008	2685216	7792	4905	11434922	12937504	1120337630494481
1194368	1162764	31604	2076	5784090	5779488	1120337637999769
1295038	1163350	131688	2692	6438860	7111578	1120337646272279
774932	741344	33588	3880	9109220	8967648	1120337656682081
932456	857776	74680	3979	9581372	9322516	1120337667721569
1191244	1159208	32036	4091	9306934	9805764	1120337678756269
824870	790670	34200	551	2203052	2369610	1120337682309851
1245000	1201840	43160	1069	3768892	3823264	1120337687848001
1199020	1165080	33940	3150	7425220	7933304	1120337697015929
0	0	0	0	0	0	0
1185146	1154334	30812	1759	5092586	5135890	1120337713537951
493988	457020	36968	1770	4902320	4466228	1120337719460709
1193634	1161412	32222	4588	10802766	10803286	1120337731982291
0	0	0	0	0	0	0
0	0	0	0	0	0	0
1191294	1159482	31812	4713	11075236	11049670	1120337762429651
1189560	1157976	31584	2835	7293698	7301824	1120337771437829
1209088	1153034	56054	308	2217018	2257638	1120337775389379
1191314	1157570	33744	4377	9949708	10379450	1120337787053531
1199058	1167838	31220	2844	6920692	7320770	1120337795699191
1196270	1164390	31880	137	1448268	1904110	1120337798888379
0	0	0	0	0	0	0
308766	272866	35900	4240	10111422	9221106	1120337815896699
817316	782364	34952	4037	9698432	9324520	1120337826951169
1189552	1158924	30628	3400	8424768	8421280	1120337837091361
1188962	1155526	33436	120	1808308	1861734	1120337840614791
1208238	1174938	33300	2891	7153460	7444014	1120337849501939
1208526	1177534	30992	3402	8434394	8445210	1120337859670191
1195500	1159852	35648	4914	11459178	11456452	1120337872863029
1294356	1162456	131900	4014	9306466	9756504	1120337883987841
