# Loop @ Start frequency 1000000Hz took 2137.47 cycles
# Interval [2134 ; 2141]
# Q1 : 2120 ; Q3 : 2124
# Loop @ Target frequency 1200000Hz took 1774.32 cycles
# Interval [1772 ; 1777]
# Q1 : 1766 ; Q3 : 1770
# Confidence intervals do not overlap, alternatives are statistically different with selected confidence level
Change time (with write) [cycles]	Change time [cycles]	Write cost [cycles]	Wait time [us]	Time since last frequency change request [cycles]	Time since last frequency change [cycles]	Detected frequency change timestamp [cycles]
1204670	1157302	47368	3567	479831460	479666814	1120357093464715
917718	883362	34356	4812	10996530	10977502	1120357105759699
1195020	1161876	33144	907	3434522	3442848	1120357110771001
1192238	1158190	34048	3036	7578764	7697782	1120357119918191
936294	903750	32544	4996	11539540	11360470	1120357132778135
627104	593616	33488	2463	6545862	5986952	1120357140326845
1195666	1161318	34348	4156	9953626	9963814	1120357151851351
585514	413594	171920	3982	9825642	9005342	1120357162643051
1258686	1163490	95196	4075	9498914	9851138	1120357173776135
1234854	1202402	32452	3998	9565460	9664026	1120357184962315
1193230	1158022	35208	3427	8477450	8481070	1120357195008591
412550	380554	31996	2191	6009736	5226294	1120357201805915
309062	214302	94760	4544	10713066	9830522	1120357213212283
645752	611560	34192	3891	9043952	8860016	1120357223276829
1133038	1102474	30564	4101	9817292	9767054	1120357234602059
417468	385292	32176	3295	8213584	7439452	1120357243608401
1186188	1154732	31456	2535	6338388	6691164	1120357251509105
1196208	1165140	31068	27	1438774	1683536	1120357254519041
216192	182796	33396	2511	6650100	5672492	1120357261760981
630866	591658	39208	4626	10493574	10315362	1120357273283591
437438	405966	31472	4697	11023642	10264538	1120357285120071
623858	591850	32008	4859	11057522	10776722	1120357297176371
813418	781726	31692	1572	4760562	4389910	1120357303125911
443298	392946	50352	447	2516618	1770270	1120357306461691
291468	257592	33876	3556	8748366	7847588	1120357315877885
1201322	1150662	50660	4871	11365312	11377118	1120357328827655
303948	272184	31764	3275	8286738	7287864	1120357337794161
1200068	1166564	33504	1540	4694072	4711792	1120357344070265
1005138	972182	32956	3078	7828472	7601818	1120357353279291
847382	814014	33368	1572	4764132	4425298	1120357359265475
1241450	1155302	86148	1286	4194742	4247842	1120357365077403
1193996	1161788	32208	4158	9576978	9944504	1120357376223869
1191120	1157852	33268	156	1581788	1938028	1120357379371069
782876	744836	38040	590	2718230	2395940	1120357383248721
1193534	1162006	31528	1788	4837102	5201838	1120357389655331
1197014	1163962	33052	4822	11294128	11274542	1120357402520731
864214	832798	31416	271	2090216	1849934	1120357405849935
695902	664170	31732	2722	7072692	6573482	1120357414015539
1029248	995526	33722	3041	7704466	7545662	1120357423130819
1129816	1097452	32364	1519	4656204	4599632	1120357429291401
1116560	1084284	32276	1506	4459120	4561868	1120357435242081
1220050	1187814	32236	4306	10363090	10262866	1120357447201391
462872	422744	40128	3273	8164312	7440084	1120357456204165
408050	376586	31464	1904	5075698	4649290	1120357462063339
1199606	1165218	34388	2294	6220634	6230214	1120357469858871
1196954	1164954	32000	1597	4820700	4823498	1120357476258075
242624	195564	47060	2113	5513846	4902138	1120357482389761
256750	223762	32988	412	2472156	1538178	1120357485493835
1190516	1158296	32220	138	1697050	1899868	1120357488755621
644714	612862	31852	3347	8306134	7771294	1120357498081667
1196190	1164402	31788	16	1657394	1668922	1120357501311215
505638	473966	31672	1746	4799084	4431430	1120357506990591
1192668	1161088	31580	4935	11490782	11496244	1120357520049469
554862	523370	31492	3464	8189092	7915054	1120357529167615
1194362	1161070	33292	3745	9108378	9117554	1120357539845075
1195376	1160516	34860	2732	6771312	7093164	1120357548195969
1258368	1210868	47500	1498	4613390	4694912	1120357554442949
1202950	1169458	33492	4146	9605314	9936274	1120357565627415
326996	294868	32128	1096	3812528	2951384	1120357570143385
1197086	1164734	32352	1260	3963618	4148346	1120357575679455
1099324	1067072	32252	4117	9799540	9767112	1120357586959609
1186384	1153460	32924	2011	5648472	5640008	1120357594168641
1188622	1158010	30612	172	1659924	1964902	1120357597392811
1187448	1155800	31648	2268	6125784	6156008	1120357605083681
1190316	1158256	32060	4094	9814734	9811132	1120357616464445
385250	352210	33040	745	3316498	2308430	1120357620541659
1121512	1086984	34528	2672	6965522	6899596	1120357629005545
1204432	1169468	34964	3355	8327590	8347640	1120357638914301
724928	692848	32080	1239	4097026	3637528	1120357644112769
1134502	1102130	32372	4099	9829480	9776010	1120357655452251
301976	264128	37848	3278	7838054	7291084	1120357663967741
1192878	1160838	32040	2673	6966196	6973382	1120357672508519
1194620	1161988	32632	2143	5890890	5914408	1120357679970185
1190690	1159018	31672	1737	5029504	5098774	1120357686576279
1193772	1159544	34228	1406	4148184	4448236	1120357692293305
1189194	1156974	32220	797	3168116	3230162	1120357697026675
1198132	1165076	33056	643	2908472	2918670	1120357701509585
1196286	1165210	31076	3558	8332580	8746686	1120357711413711
1198228	1165920	32308	4047	9717948	9725720	1120357722703445
594130	562510	31620	882	3046180	2801298	1120357726719391
1194092	1162400	31692	2473	6571814	6572980	1120357734861281
1189616	1155720	33896	1585	4643274	4794024	1120357741068741
1191452	1157760	33692	2540	6666912	6705030	1120357749302525
850522	816662	33860	4264	9887422	9813262	1120357760415495
382400	346312	36088	2738	7136062	6314796	1120357768309301
1189382	1158394	30988	2733	7113814	7102262	1120357776988291
2169614	2163350	6264	4271	9816474	11144730	1120357789350419
1068634	1036030	32604	2902	7125920	7306046	1120357797921339
638014	604402	33612	3628	8923210	8327414	1120357807864655
666290	631806	34484	3111	7841684	7321810	1120357816754855
577024	542804	34220	266	2154340	1543392	1120357819861525
1190274	1158676	31598	4833	11293000	11290630	1120357832726675
1189548	1158180	31368	157	1694102	1937056	1120357835985985
1195404	1158396	37008	226	1655448	2081376	1120357839233841
1201110	1169482	31628	1531	4535288	4695890	1120357845345467
1189106	1157530	31576	3004	7242408	7630114	1120357854151339
824616	791256	33360	3731	8960194	8722376	1120357864310845
511028	476944	34084	4131	9892006	9213904	1120357875089189
1193900	1162820	31080	3481	8419340	8590880	1120357885077921
1154996	1121448	33548	587	2764692	2761768	1120357889372969
1190094	1157598	32496	4252	16420092	10127218	1120357907357951
498886	466218	32668	3693	8765080	8318306	1120357916996631
1309994	1161454	148540	3638	8905526	9019246	1120357927587755
1273174	1155174	118000	2737	7088154	7180814	1120357936322759
1199080	1157436	41644	1854	5307484	5348332	1120357943204705
919218	887638	31580	262	1996320	1876986	1120357946494739
1197388	1164608	32780	2312	6256066	6254796	1120357954322929
949102	917002	32100	533	2711140	2463826	1120357958358511
1203976	1169320	34656	3593	8833470	8849412	1120357968771321
1202936	1171472	31464	99	1704388	1834392	1120357972054305
1257072	1161668	95404	4288	10011538	10265892	1120357983698389
1188954	1157202	31752	4109	9852696	9840134	1120357995120131
386496	353044	33452	2408	6444120	5634856	1120358002325665
1254304	1166048	88256	3027	7684470	7750680	1120358011641369
1022486	990730	31756	4985	11597646	11427518	1120358024637431
1199986	1137486	62500	678	2978650	2988826	1120358029190951
1189938	1157646	32292	2117	5854642	5856862	1120358036610755
1409044	1154516	254528	2293	5860666	6437444	1120358044255821
1138674	1107422	31252	1789	5188740	5160446	1120358050957495
1202750	1169526	33224	914	3148372	3465298	1120358055683431
1157430	1122778	34652	4153	9821820	9897658	1120358067044039
1197644	1165524	32120	1515	4649146	4661712	1120358073266181
834028	801612	32416	1040	3700152	3348904	1120358078174589
1155534	1114414	41120	4496	10633056	10597238	1120358090338031
470364	437612	32752	3415	8461306	7743848	1120358099644741
1198260	1165756	32504	4104	9830874	9838020	1120358111048589
764056	649152	114904	3390	8376370	7975048	1120358120564321
1214770	1162058	52712	3186	7990698	8020586	1120358130144919
1145892	1114020	31872	4864	11316926	11314128	1120358142981989
1303860	1157944	145916	3823	8925986	9383352	1120358153587785
1193350	1161486	31864	4098	9796494	9822398	1120358164953295
470198	437238	32960	155	1932344	1212858	1120358167732091
1186960	1150420	36540	3875	9375790	9371636	1120358178730721
484276	450336	33940	4861	11043654	10658656	1120358190633961
1199872	1165116	34756	2928	7474318	7487164	1120358199683525
1194480	1160896	33584	110	1459084	1846180	1120358202732085
1012064	980632	31432	1900	5088240	5268228	1120358209207549
777174	745494	31680	4545	10711918	10300902	1120358221072631
1195514	1158874	36640	3369	8356248	8365934	1120358230998851
1071326	1037766	33560	2297	6215776	6097450	1120358238662611
1194024	1162512	31512	4406	10425684	10437308	1120358250657317
1205578	1171950	33628	787	3195562	3214110	1120358255434811
362084	328528	33556	3521	8666738	7836616	1120358264839241
294610	190590	104020	2005	5626320	4737122	1120358271135731
556608	524816	31792	1318	4251618	3623972	1120358276319621
514626	481746	32880	4294	10218236	9543546	1120358287427571
1191270	1158170	33100	824	3380310	3272118	1120358292374171
1190396	1158400	31996	1278	4236024	4216196	1120358298175205
1190240	1158684	31556	2680	6994286	6993428	1120358306735045
420628	388680	31948	1094	3810264	3041092	1120358311341341
736240	704216	32024	3047	7361120	7264272	1120358319812941
921484	890664	30820	162	1946780	1677264	1120358323062105
1199842	1165930	33912	1420	4108886	4473034	1120358328746439
288486	256896	31590	1616	4853938	3953172	1120358334265109
279540	247622	31918	4621	10868320	9965904	1120358345788081
1191624	1158252	33372	1886	5392454	5396306	1120358352754109
406868	372492	34376	4189	10001818	9219736	1120358363537225
773908	741156	32752	4642	10904190	10490824	1120358375590229
593422	561026	32396	2200	6019604	5426650	1120358382577611
1121300	1089024	32276	4100	9831224	9754976	1120358393905405
1188936	1157100	31836	3859	9341778	9339376	1120358404818941
1190044	1158600	31444	1704	4641876	5041936	1120358411026001
501916	465986	35930	4153	9880442	9241716	1120358421783789
1269832	1156820	113012	3768	9155374	9239132	1120358432591621
1326378	1293378	33000	2718	7020718	7195200	1120358441314111
337550	211062	126488	3756	9066908	8282770	1120358451093207
1191590	1161012	30578	1692	4678426	5010222	1120358457337251
1202056	1170348	31708	4481	10470638	10597224	1120358469383629
345290	311978	33312	1863	5345920	4504830	1120358475448795
1190458	1158194	32264	2575	6770718	6773818	1120358483785851
1214742	1158110	56632	1574	4472934	4796162	1120358489858191
668674	637150	31524	4855	11255890	10811070	1120358502163995
1193142	1161770	31372	44	1524574	1714086	1120358505256411
1187810	1157098	30712	4716	10973860	11054492	1120358517792951
670026	638410	31616	3488	8446588	8080206	1120358527291175
1192654	1157862	34792	2537	6699976	6701442	1120358535559655
317406	275770	41636	3773	8982262	8297110	1120358545234419
667090	636342	30748	320	2259446	1740742	1120358548537995
574802	542450	32352	1013	3352598	3055438	1120358552839735
1192424	1161836	30588	613	2847876	2852104	1120358557255225
1194426	1161078	33348	4795	11148762	11217886	1120358569973219
652664	622324	30340	1000	3543470	3085728	1120358574553445
1185532	1155148	30384	2181	5991388	5980312	1120358582106161
302622	268070	34552	4979	11230722	10693938	1120358594015219
427920	394908	33012	1799	5253576	4485544	1120358600080465
1134606	1101402	33204	1483	4693834	4555374	1120358606285139
851832	819076	32756	1306	4267744	3916968	1120358611780265
1197446	1164534	32912	1083	3456616	3797774	1120358616815871
242944	208224	34720	2629	6674216	5934380	1120358624107265
1186084	1153772	32312	847	3325230	3322868	1120358628994469
1194062	1162614	31448	3437	8456698	8502178	1120358639020295
1190664	1157072	33592	2324	5999016	6272680	1120358646584781
460774	372322	88452	2335	6293742	5563342	1120358653714891
748430	716834	31596	4813	10920050	10807532	1120358665766515
354786	323326	31460	4546	10712808	9878370	1120358677232695
1093552	1063144	30408	3083	7783994	7692556	1120358686485425
1154790	1114022	40768	4348	10317836	10283290	1120358698332575
696988	665764	31224	1639	5043436	4409176	1120358704448669
775840	744340	31500	4708	11056164	10644600	1120358716653445
1186118	1154006	32112	3991	9303718	9610714	1120358727517631
696336	664700	31636	895	3241098	2919856	1120358731829909
732420	700304	32116	130	1883970	1425684	1120358734827965
1204050	1169370	34680	3547	8856334	8731374	1120358745263475
568558	535466	33092	2350	6217900	5701942	1120358752423979
1200162	1169630	30532	3611	8850248	8864450	1120358762849419
1195514	1158242	37272	3071	7567934	7770374	1120358771988679
1189762	1157594	32168	3121	7664164	7865254	1120358781226915
1093128	1060468	32660	3537	8533996	8598184	1120358791230205
848992	817372	31620	1541	4377420	4365076	1120358796832041
301304	267700	33604	4851	10972156	10435624	1120358808480201
1196548	1163804	32744	3520	8434386	8679632	1120358818485385
1212726	1157882	54844	3752	14293256	9149206	1120358834367511
940968	906320	34648	1926	5441676	5234204	1120358841125669
1190002	1157906	32096	4751	11121618	11125338	1120358853812651
1225960	1170088	55872	2108	5822192	5874792	1120358861244521
1201810	1170530	31280	3409	8444652	8453942	1120358871266291
1259820	1226360	33460	1582	4718680	4858484	1120358877620249
1207046	1162674	44372	1307	4230360	4254358	1120358883433355
1194460	1163460	31000	3269	8160700	8165626	1120358893164805
237076	183144	53932	1444	4452260	3558940	1120358898229325
308906	203530	105376	367	2358144	1482582	1120358901271151
1192922	1161286	31636	4526	10676450	10680402	1120358913515031
600190	542478	57712	1010	3643810	3052222	1120358918134295
224526	179058	45468	3218	7740312	7094006	1120358926474599
740884	709240	31644	4507	10632062	10188448	1120358938222885
1196494	1165328	31166	3592	8421678	8813688	1120358948218361
1188796	1157370	31426	4429	10498092	10491902	1120358960280599
1021044	989124	31920	2363	6373618	6202060	1120358968050821
1314140	1161228	152912	3697	9023806	9151412	1120358978763805
748894	716386	32508	765	3118718	2713198	1120358983006511
946178	913942	32236	3037	7692592	7453330	1120358992019651
606748	575012	31736	1186	4011242	3422016	1120358997024305
923682	890890	32792	2722	7070132	6800894	1120359005393179
1115704	1083484	32220	2586	6799596	6720404	1120359013683129
1229028	1195508	33520	2562	6747076	6785272	1120359022044353
1326348	1158556	167792	3618	8867592	9005124	1120359032613621
1199162	1166550	32612	410	2406898	2451818	1120359036594415
1190534	1158250	32284	4858	11339636	11339258	1120359049499659
1263360	1154596	108764	1582	4793396	4859020	1120359055932357
217388	174912	42476	3846	9311802	8342732	1120359065842385
1197700	1165136	32564	3808	9241196	9247748	1120359076662561
1038042	1006226	31816	616	2681458	2702978	1120359080756851
1285460	1162080	123380	730	3087200	3178460	1120359085504321
1200716	1165472	35244	4975	11401690	11584144	1120359098481465
848896	817416	31480	3171	7586184	7631352	1120359107291529
1238214	1206214	32000	3263	8143130	8197338	1120359117048795
1189336	1157596	31740	3658	8936586	8938412	1120359127549861
1190408	1159048	31360	2970	7516416	7562804	1120359136630825
1124594	1092398	32196	1899	5232422	5376114	1120359143362931
1271358	1165838	105520	4467	10555978	10638190	1120359155565651
1193390	1158042	35348	4256	9932944	10140102	1120359167067575
826956	793308	33648	1769	5100548	4798908	1120359173369069
1226408	1160104	66304	4276	9861316	10213164	1120359184832409
1189000	1156784	32216	301	1913404	2225664	1120359188311025
1189240	1157652	31588	3424	8304686	8480396	1120359198179185
1193498	1161986	31512	2861	7149412	7348710	1120359206897431
1111280	1080224	31056	4112	9434802	9767428	1120359217817093
1191234	1158034	33200	4151	9919480	9925366	1120359229312899
1195036	1162924	32112	2256	5917964	6141912	1120359236800729
1194380	1161472	32908	4034	9535580	9695200	1120359247905961
1331614	1162970	168644	4903	11335564	11570082	1120359260955099
1193476	1161904	31572	1688	4802178	5002280	1120359267324865
0	0	0	0	0	0	0
921752	889628	32124	1608	4841198	4576652	1120359280229045
1202626	1158546	44080	962	3555294	3569746	1120359285361895
1271468	1164868	106600	3338	8019442	8379452	1120359295028701
756480	725056	31424	735	3104846	2660168	1120359299265705
1190716	1159348	31368	1482	4237120	4587812	1120359305067921
1193264	1160828	32436	3071	7734096	7766876	1120359314370305
1193160	1161504	31656	4014	9419616	9665168	1120359325358181
1197264	1165156	32108	1443	4517938	4516680	1120359331448181
969932	938996	30936	1781	4873112	4964016	1120359337666865
1191274	1158302	32972	2561	6740382	6745554	1120359345980075
1195096	1159848	35248	2849	7208668	7325540	1120359354765889
1197470	1165838	31632	1244	3951090	4118642	1120359360290191
1190600	1157888	32712	2967	7402810	7563044	1120359369259209
1441282	1171702	269580	1604	4443468	5092874	1120359375518171
1192680	1161536	31144	39	1710850	1703560	1120359378797281
1115636	1076988	38648	1695	4834594	4939144	1120359385122161
1071576	1038862	32714	4374	10361644	10251596	1120359396930039
299442	267662	31780	3531	8349672	7794442	1120359405953775
412708	377044	35664	2513	6658498	5873648	1120359413407065
1220374	1172882	47492	2483	6705694	6618346	1120359421708659
939562	907170	32392	4695	10647118	10763662	1120359433679671
1188612	1155000	33612	2080	5783388	5782100	1120359441034669
1191670	1158314	33356	4985	11595250	11596510	1120359454195735
835890	803238	32652	4703	10789176	10674294	1120359466195747
975634	940690	34944	3532	8694508	8481250	1120359476241411
1192224	1158300	33924	2604	7041286	7042636	1120359484849945
1321468	1290080	31388	4218	10055768	10190980	1120359496603121
1035424	894852	140572	596	2469896	2668600	1120359500483001
1187704	1155840	31864	4133	12877912	9887548	1120359514923281
716566	684270	32296	4664	10919224	10479310	1120359526934031
1210060	1166032	44028	3903	9104346	9450748	1120359537623341
1197186	1162268	34918	1905	5455404	5440654	1120359544650475
581288	513600	67688	3540	8448238	8116520	1120359554054449
1457876	1292964	164912	4592	10476016	11074084	1120359566363077
1198126	1162122	36004	4918	11466504	11473870	1120359579403099
1192910	1160830	32080	1158	4061050	3942254	1120359585031899
1189854	1158198	31656	856	3363694	3334986	1120359589960839
419410	291706	127704	3235	7901426	7323078	1120359598662311
442948	408472	34476	553	2387352	1990200	1120359601867841
846936	811192	35744	3179	7628464	7637368	1120359610727705
600218	566698	33520	4849	11324516	10731182	1120359623028903
1185584	1153860	31724	4083	9787046	9785648	1120359634378181
1193560	1161120	32440	4279	10014432	10197632	1120359645964061
1308236	1154644	153592	3894	9362770	9530504	1120359657016701
1185370	1154158	31212	1731	5069954	5081830	1120359663647739
1215528	1178084	37444	2542	6286598	6732404	1120359671531825
241548	204872	36676	1197	4021556	3070440	1120359676169809
401534	367586	33948	4572	10773376	9987186	1120359687721699
847862	813378	34484	4725	10725792	10731858	1120359699681955
545954	514682	31272	1616	4856428	4212070	1120359705468051
1193374	1158818	34556	2907	7438104	7442070	1120359714475367
272768	239600	33168	2035	5815862	4775328	1120359720938721
829514	797526	31988	251	1776896	1765682	1120359723919491
0	0	0	0	0	0	0
570776	539312	31464	4084	9530756	9171868	1120359745754541
883626	851882	31744	3836	9394752	8989738	1120359756417339
1191614	1159406	32208	1843	5006966	5319478	1120359762991311
1189558	1157234	32324	2724	6903114	7069934	1120359771459171
1193426	1159954	33472	2228	6035320	6083118	1120359779062975
1188860	1156420	32440	4334	10211096	10289820	1120359790838321
0	0	0	0	0	0	0
6854600	6847676	6924	2469	6555758	12225972	1120359807223909
1210798	1162746	48052	4381	10202138	10406842	1120359819011991
1190248	1158744	31504	3324	8243452	8271508	1120359828821429
1193872	1162080	31792	1701	4828442	5030748	1120359835219121
1155100	1074060	81040	2389	6125900	6367688	1120359842876129
626740	595204	31536	1254	4130724	3568956	1120359848009709
1192320	1161000	31320	1146	3939080	3936000	1120359853537241
1196714	1161250	35464	1524	4333926	4679190	1120359859441579
1326546	1295022	31524	2838	7099694	7436026	1120359868243371
324872	291296	33576	757	3124752	2282404	1120359872067645
1193302	1161722	31580	1387	4041276	4400250	1120359877678059
340456	308408	32048	1916	5421300	4606280	1120359883823161
1193930	1163378	30552	778	2794212	3182110	1120359888192571
1151150	1113982	37168	3625	8864700	8845034	1120359898583799
1184248	1151116	33132	1366	4353186	4350796	1120359904496829
0	0	0	0	0	0	0
319948	286952	32996	3541	8703498	7833460	1120359924812341
644798	605646	39152	2343	6302036	5763910	1120359932135135
641030	600114	40916	138	1911624	1359854	1120359935063375
548752	514860	33892	3398	8415728	7779020	1120359944402949
1191084	1159932	31152	577	2811982	2800920	1120359948781281
1155734	1112902	42832	4330	10119356	10248226	1120359960431879
264664	230600	34064	1997	5636938	4701944	1120359966708681
403922	316914	87008	751	3123918	2339154	1120359970611939
463164	429960	33204	304	2226986	1504036	1120359973677165
1202934	1168998	33936	1683	5119176	5002374	1120359980384911
773204	655460	117744	24	1278272	1253960	1120359982813141
1231258	1196322	34936	4052	9725664	9767542	1120359994145091
1453884	1157564	296320	1074	3412062	4035964	1120359999385665
1275280	1159136	116144	192	1611196	2092148	1120360002647101
1217700	1186292	31408	1046	3719276	3741916	1120360007959401
608068	574492	33576	1820	5265138	4680552	1120360014213741
687112	655360	31752	1357	4354648	3856268	1120360019630721
324396	291612	32784	503	2637326	1762920	1120360022968001
1189138	1156006	33132	3001	7625804	7623050	1120360032158711
471184	437848	33336	4432	10505040	9776716	1120360043510665
645976	613768	32208	3206	8032536	7492096	1120360052565321
505594	474358	31236	901	3419860	2740410	1120360056866895
1304712	1161460	143252	4711	11177450	11160428	1120360069723961
1360448	1158104	202344	1660	4958552	5114528	1120360076423685
502424	471784	30640	689	2980106	2332548	1120360080281685
1191234	1158278	32956	3718	9071880	9067762	1120360090920279
1194944	1160944	34000	4450	10157146	10528500	1120360102647985
1199916	1165944	33972	3635	8605560	8915820	1120360112828905
328902	296492	32410	1159	3590238	3080336	1120360117123781
988888	956004	32884	4807	11041362	11034376	1120360129529669
598252	566680	31572	4644	10909644	10318496	1120360141410901
1188300	1157656	30644	339	2295430	2299716	1120360145269045
1192968	1158104	34864	3398	8420186	8421024	1120360155255545
935368	902860	32508	1625	4705906	4619180	1120360161271949
1193146	1161074	32072	3388	8408680	8402926	1120360171249635
353042	319438	33604	2588	6795272	5962710	1120360178773535
1230024	1157604	72420	4440	10168070	10564156	1120360190546405
1193048	1158616	34432	2426	6450042	6480352	1120360198603269
1191736	1159596	32140	1390	4277260	4403864	1120360204446045
1194122	1161066	33056	517	2675366	2660214	1120360208690339
1204850	1166846	38004	3612	8493008	8886318	1120360218763019
1024010	991602	32408	3997	9403866	9450294	1120360229566055
1196716	1165252	31464	1515	4646600	4659820	1120360235784761
1191144	1156436	34708	4807	11245376	11239156	1120360248603089
1090126	1059386	30740	2226	5811866	5982418	1120360255879983
1197464	1165468	31996	2777	7168002	7182688	1120360264629285
1201200	1168052	33148	1518	4431330	4678728	1120360270636961
1189952	1157884	32068	4911	11474792	11447916	1120360283677605
1193672	1161932	31740	1246	4122816	4119716	1120360289393249
1192776	1157552	35224	3597	8826230	8818944	1120360299786305
590636	559150	31486	3397	8330906	7819198	1120360309094111
300636	267956	32680	1898	5410634	4528320	1120360315179969
1303248	1269184	34064	3990	9598482	9715856	1120360326456549
1022480	904828	117652	1573	4526830	4624268	1120360332381725
467408	433794	33614	2998	7274130	6904056	1120360340498593
1186304	1154000	32304	4025	9668390	9669844	1120360351727349
251770	219710	32060	903	3107504	2492722	1120360355468835
1244604	1161602	83002	4058	9410938	9794440	1120360366499661
1191488	1157456	34032	2849	7234464	7333332	1120360375300401
379176	343588	35588	2038	5397730	4889928	1120360381452081
1305970	1154154	151816	2576	6792910	6892462	1120360389926819
203068	170556	32512	1794	10923508	4226560	1120360401435801
738756	706060	32696	3309	8056548	7790128	1120360410605465
0	0	0	0	0	0	0
1306394	1161434	144960	2521	6359464	6781458	1120360423888919
1192554	1160970	31584	256	2087050	2138886	1120360427549135
1264154	1231150	33004	1647	4498088	4992082	1120360433686603
826802	793818	32984	3051	7453438	7362778	1120360442347251
711780	679820	31960	82	1801988	1320568	1120360445236169
1193204	1161728	31476	3606	8834500	8839360	1120360455639469
1052356	1019728	32628	1823	4998058	5132020	1120360462070585
1189488	1157752	31736	2797	6904358	7217252	1120360470539661
1188430	1156998	31432	2847	7297440	7316038	1120360479400599
784624	752620	32004	4533	10495506	10283816	1120360491056649
1198768	1167656	31112	2314	6280306	6261388	1120360498910789
1194698	1159180	35518	1416	4463382	4461842	1120360504944671
1063916	1032268	31648	4815	11271314	11128348	1120360517655765
1354250	1299802	54448	1925	5479342	5639186	1120360524872091
1197036	1162236	34800	804	3337860	3237996	1120360529782805
472272	440924	31348	3314	7870200	7554132	1120360538506081
1193426	1161106	32320	3590	8800402	8806358	1120360548875059
1188236	1156510	31726	4213	9782878	10047750	1120360560221755
464774	380610	84164	4843	10917102	10583218	1120360571978215
555064	521868	33196	2107	5839826	5202176	1120360578754385
1192432	1159340	33092	466	2558128	2558604	1120360582879761
496312	462604	33708	165	1600504	1260336	1120360585351601
1145400	1112864	32536	3640	8906684	8858340	1120360595778625
771826	739078	32748	929	3125158	3063958	1120360600057059
1078016	1044384	33632	4618	10856378	10751248	1120360612367169
1325744	1161456	164288	3585	8802524	8941188	1120360622870789
1194044	1161524	32520	169	1870842	1965360	1120360626311005
1193792	1162084	31708	887	3167980	3422424	1120360631048761
1199880	1159900	39980	3960	9541180	9553692	1120360642164721
514632	482824	31808	1222	3889918	3391212	1120360646945485
289256	256136	33120	256	2130648	1235540	1120360649740109
1093918	1061946	31972	2861	7347590	7250602	1120360658566699
1076980	1044456	32524	1736	5106926	4996116	1120360665125461
1189840	1157412	32428	747	3123922	3115212	1120360669814461
629630	501366	128264	4831	11289888	10724690	1120360682120259
1145568	1109008	36560	3066	7429968	7710836	1120360691072121
951060	917424	33636	3173	7775370	7730416	1120360700173441
1189206	1156962	32244	840	3323524	3314918	1120360705061639
206088	170596	35492	3440	8190312	7520032	1120360713832369
1195256	1164372	30884	639	2895968	2905676	1120360718305529
417156	384452	32704	4969	11544164	10796596	1120360730641349
1193330	1161654	31676	2874	7370698	7373910	1120360739581539
554182	522438	31744	2794	6895058	6576402	1120360747406211
1210390	1178730	31660	1947	5624748	5539070	1120360754616419
1190184	1157880	32304	3675	8672478	8991402	1120360764854161
227680	175044	52636	2683	6989938	6027434	1120360772447549
903618	870542	33076	2129	5890400	5594990	1120360779617459
527734	473658	54076	1178	3985226	3317114	1120360784505579
1092756	1060580	32176	4357	10015034	10249588	1120360795988421
812428	780608	31820	2768	7156600	6783148	1120360804340089
273822	241242	32580	1728	5090398	4173078	1120360810079455
1197182	1164678	32504	1345	4135032	4322210	1120360815786739
1198072	1164364	33708	2397	6221068	6424276	1120360823585525
1190168	1157492	32676	4420	10446896	10463660	1120360835597545
877170	845682	31488	4668	10567206	10645714	1120360847416551
571012	538764	32248	2509	6641340	6020508	1120360855004261
1189282	1157626	31656	2084	5786378	5790482	1120360862354531
495050	462746	32304	1008	3674606	2962530	1120360866900211
672160	640548	31612	989	3715294	3081948	1120360871663285
1193200	1161196	32004	2209	6038640	6044436	1120360879288321
1086872	1051740	35132	2132	5654788	5784760	1120360886405901
1190378	1158858	31520	529	2691976	2691350	1120360890663419
1289888	1161366	128522	1889	5410086	5501972	1120360897738829
1071536	907648	163888	480	2583660	2464264	1120360901776401
1050872	1015380	35492	1836	5030088	5156256	1120360908237665
973152	941024	32128	3609	8856518	8633936	1120360918441929
660108	627768	32340	3931	9502486	8954948	1120360928978829
1207616	1154876	52740	997	3644974	3634696	1120360934206281
1307240	1275616	31624	83	1784546	1930120	1120360937673921
933036	899836	33200	1970	5283858	5306220	1120360944271629
1191902	1157286	34616	897	3421216	3426770	1120360949260419
992932	961136	31796	3170	7963424	7763756	1120360958593361
1199888	1166588	33300	4614	10857180	10863592	1120360971026289
1304154	1156074	148080	4075	9490668	9888682	1120360982196431
1190080	1157292	32788	1936	5222284	5495624	1120360988984305
417922	384926	32996	3810	9080656	8469554	1120360998858019
1199700	1166420	33280	4699	11015184	11030628	1120361011447769
925430	894598	30832	2703	7030320	6765450	1120361019779379
1130722	1099042	31680	571	2760872	2704634	1120361024060715
1185912	1154420	31492	2121	5875892	5870636	1120361031497845
1203322	1169446	33876	204	1916886	2043730	1120361034993139
312188	278480	33708	653	2589972	2052008	1120361038270069
1196790	1157938	38852	4899	11512214	11441098	1120361051354499
1200434	1168550	31884	1951	5523476	5535610	1120361058454175
1195296	1156868	38428	1533	4531090	4705292	1120361064554965
1197220	1165014	32206	875	3091446	3392242	1120361069218795
1194238	1161606	32632	1820	5031718	5266442	1120361075819771
1196132	1161932	34200	1624	4734480	4877372	1120361082131681
1210872	1158324	52548	4226	10087346	10105372	1120361093804349
1201998	1168002	33996	2530	6599510	6694546	1120361101989399
1197490	1165214	32276	287	2113866	2205618	1120361105684855
324006	275582	48424	2017	5574868	4789458	1120361111963235
825320	793016	32304	4637	10896684	10531600	1120361124066449
1006946	975682	31264	3099	7842376	7657518	1120361133292131
729612	695656	33956	3072	14109088	7307220	1120361148506725
1194390	1162382	32008	4460	10218902	10566762	1120361160295271
218824	170328	48496	2320	6145120	5299712	1120361167033705
1196488	1165328	31160	3691	9002904	9010600	1120361177609341
588820	555276	33544	3515	8659486	8052788	1120361187233565
495048	462424	32624	1689	5005584	4306992	1120361193109681
1188306	1155878	32428	4036	9704908	9694370	1120361204378859
1283754	1155690	128064	3330	8318176	8398966	1120361214356251
549962	517498	32464	3527	8647798	8045774	1120361223928459
1017964	987288	30676	4512	10661606	10476184	1120361235992265
1190662	1158134	32528	4272	10169680	10168338	1120361247734951
690128	655504	34624	2431	6483146	5985960	1120361255288369
1191170	1159034	32136	1271	4212866	4167118	1120361261067335
1194486	1161874	32612	270	1864794	2167522	1120361264500631
483566	451126	32440	1835	4905080	4595362	1120361270263655
1185828	1153988	31840	2272	6173342	6173572	1120361277997865
1186860	1154364	32496	1381	4028906	4382776	1120361283596845
1204698	1171750	32948	2583	6496138	6803394	1120361291672611
1196016	1163860	32156	4192	9877538	10012904	1120361303127765
254344	209978	44366	4268	10172604	9222674	1120361313930059
1203708	1169928	33780	2526	6679580	6688796	1120361322193369
1194366	1157254	37112	4175	9749428	9979278	1120361333511955
1170224	1125160	45064	1343	4310072	4289128	1120361339367801
1204874	1162082	42792	2034	5690504	5706474	1120361346638419
226068	182328	43740	894	3040680	2457002	1120361350279449
1308048	1153712	154336	3835	9311062	9433536	1120361361273385
1189964	1137556	52408	1528	4327752	4679504	1120361367165265
944496	882896	61600	3525	8438984	8426380	1120361376923769
1208802	1163838	44964	2292	6219630	6225926	1120361384728011
1174356	1140636	33720	421	2317932	2448960	1120361388595549
896526	864298	32228	1282	4192198	3895148	1120361394059629
1161486	1128394	33092	1609	4496878	4812734	1120361400092499
776830	745330	31500	4497	10301438	10203922	1120361411545779
560458	510522	49936	1542	4702416	4076870	1120361417183355
1199712	1167988	31724	1225	3734248	4083980	1120361422492621
1189076	1157516	31560	3580	8584404	8788348	1120361432641869
1191478	1157770	33708	371	2369472	2365718	1120361436578279
1194162	1162242	31920	2230	5998118	6086598	1120361444146899
1267350	1234226	33124	2381	6388624	6472332	1120361452178055
1203060	1156216	46844	2057	5378820	5749708	1120361459133649
1199468	1165792	33676	3524	8666742	8681814	1120361469374005
1192018	1159246	32772	2149	5702532	5924178	1120361476644539
1191904	1157912	33992	4944	11513436	11513056	1120361489726245
783284	623652	159632	3449	8336720	8115580	1120361499227609
1195760	1163172	32588	4539	10353346	10709040	1120361511152001
894550	862130	32420	192	2002462	1712506	1120361514424711
410286	375958	34328	2481	6627668	5805062	1120361521838415
239148	207360	31788	4389	10402066	9451784	1120361532859165
1243560	1161456	82104	2949	7196258	7575020	1120361541673609
287086	255418	31668	3720	9021100	8160742	1120361551362995
1196696	1162898	33798	4840	11297034	11308558	1120361564232579
1193336	1159920	33416	701	3045374	3038684	1120361568847105
1040370	1007578	32792	4793	10922866	11061302	1120361581186071
1195046	1161526	33520	2731	7080616	7090662	1120361589836691
1197708	1162178	35530	3654	8817076	8937724	1120361600235245
1217258	1158790	58468	3423	8475542	8504406	1120361610324691
1199532	1167692	31840	3618	8952496	8990180	1120361620852229
852136	817908	34228	937	3499218	3160260	1120361625579429
1243092	1157440	85652	2350	6323210	6376936	1120361633520361
1108960	1076396	32564	523	2636024	2588208	1120361637640229
1162668	1127308	35360	45	1711678	1687620	1120361640895901
368282	337010	31272	445	2526976	1693718	1120361644165503
1192182	1160446	31736	445	2517848	2525014	1120361648251311
425584	393448	32136	4271	10187510	9424500	1120361659240705
587322	555336	31986	4308	10246500	9635724	1120361670450341
1084896	1052876	32020	4659	10965438	10834720	1120361682875785
1199702	1168378	31324	598	2814300	2829268	1120361687264511
1189798	1158146	31652	2719	7069650	7060562	1120361695898635
394002	361264	32738	2527	6709718	5881884	1120361703384785
587172	552760	34412	2390	6062606	5799844	1120361710409869
1308796	1160280	148516	1682	5006250	5128382	1120361717099421
1193356	1158100	35256	1631	4893904	4890318	1120361723561961
1190376	1159180	31196	128	1885172	1879672	1120361727012989
1197492	1164828	32664	4569	10768314	10768900	1120361739354001
1190686	1158570	32116	126	1741104	1875286	1120361742661131
1190168	1158012	32156	87	1532084	1807020	1120361745758541
1191804	1158068	33736	3824	8945936	9272728	1120361756278105
1192228	1160360	31868	3739	9102812	9112864	1120361766948469
898978	865810	33168	3153	7678246	7637602	1120361775901155
566580	534968	31612	318	2260536	1636228	1120361779108761
1245868	1167192	78676	2058	5747478	5796344	1120361786477961
1191374	1157586	33788	3238	8118846	8100790	1120361796163399
1195088	1161996	33092	312	1869772	2253132	1120361799603081
1188908	1157452	31456	3157	7763622	7937024	1120361808930881
467052	433676	33376	3223	8022778	7346432	1120361817796941
461514	428486	33028	243	2104988	1381798	1120361820745311
695088	663244	31844	467	2217036	2084624	1120361824032849
283192	251080	32112	4652	10710600	10020828	1120361835400921
1238232	1175368	62864	4695	11009664	11062316	1120361848023821
1184210	1153080	31130	762	3133800	3147636	1120361852717845
1189466	1158254	31212	963	3547632	3547334	1120361857831059
4169988	4164564	5424	400	2443672	5404040	1120361864825489
1194306	1160946	33360	3189	8052954	8006114	1120361874447699
650090	618122	31968	4682	10938396	10455170	1120361886411371
1232902	1202302	30600	1819	5261122	5310690	1120361893280155
1197848	1163548	34300	895	3409886	3422836	1120361898263109
429780	397428	32352	320	2269878	1510852	1120361901338969
1317890	1163962	153928	3966	9562548	9681886	1120361912594971
542168	510836	31332	714	3053084	2403708	1120361916565241
1189506	1157630	31876	2764	7157040	7151050	1120361925286571
1221178	1166270	54908	1471	4279050	4597418	1120361931162139
1169116	1137440	31676	1798	5155720	5197900	1120361937862021
641818	599522	42296	3201	8021400	7476498	1120361946906659
419924	388928	30996	1900	5497500	4654184	1120361953198805
1112142	1081194	30948	4672	10964812	10888890	1120361965650819
833596	800852	32744	153	1926452	1572780	1120361968796349
1105984	1072404	33580	3198	8027284	7935354	1120361978304669
940466	908806	31660	588	2829628	2572558	1120361982449019
1053754	1021254	32500	2721	7062906	6929322	1120361990940251
334002	300402	33600	1103	3847294	2974106	1120361995496455
1206652	1158428	48224	2384	6387152	6407980	1120362003465121
1198102	1164906	33196	2908	7286246	7447842	1120362012324491
1232930	1169562	63368	372	2017306	2409198	1120362015949255
455382	421862	33520	3139	7898592	7166262	1120362024683695
929562	896806	32756	1263	4152242	3888770	1120362030139815
1256896	1224900	31996	2561	6766276	6834876	1120362038537041
1188328	1156660	31668	1519	4760062	4659244	1120362044860481
805578	773382	32196	1868	5591006	4972642	1120362051631659
1196284	1158724	37560	3472	8239802	8571308	1120362061448261
1189798	1157318	32480	4907	11430350	11436506	1120362074443719
1184564	1153328	31236	4167	9943256	9972612	1120362085946389
1194486	1163046	31440	951	3188864	3529454	1120362090716211
1193508	1161700	31808	1851	5284436	5329116	1120362097569269
217170	183174	33996	1590	4797416	3829494	1120362102958815
395070	361174	33896	589	2582230	2007654	1120362106310775
1105864	1073492	32372	195	2035108	1937676	1120362109827501
1333994	1302430	31564	2721	7067888	7210074	1120362118609531
1170748	1125064	45684	2067	5600868	5739144	1120362125756301
590966	558738	32228	2388	6395018	5798814	1120362133124439
315404	283252	32152	4887	11387776	10520804	1120362145202789
1189956	1157724	32232	4998	11619282	11618168	1120362158387209
324908	284648	40260	1048	3340852	2863796	1120362162428145
273022	235822	37200	388	2406400	1491646	1120362165482171
1187196	1155864	31332	4060	9738360	9740684	1120362176782325
1185576	1154112	31464	918	3165324	3453648	1120362181508649
876360	842252	34108	3950	9520520	9209308	1120362192281405
1044918	1011980	32938	3299	7899954	8077510	1120362201601791
1196090	1164490	31600	2518	6654744	6666474	1120362209826895
230892	178632	52260	1972	5310340	4607892	1120362215751661
572916	540696	32220	2965	7555040	6935784	1120362224263681
1185430	1154738	30692	4362	10041800	10341778	1120362235866111
1190414	1158326	32088	4345	10038462	10313582	1120362247474931
534364	502880	31484	252	1873110	1471276	1120362250258889
1195856	1162044	33812	2260	6226368	6172024	1120362258056385
1192566	1158910	33656	3056	7346212	7736470	1120362266968967
1342438	1310702	31736	1249	3846646	4272606	1120362272532679
797706	766286	31420	3482	8599224	8196274	1120362282304011
1267556	1236016	31540	578	2794240	2867024	1120362286739845
704190	671970	32220	3726	8983016	8589506	1120362296802375
364574	332024	32550	432	2496292	1662778	1120362300038711
1185668	1154536	31132	1476	4226098	4570312	1120362305825841
1193662	1161702	31960	1578	4370984	4785106	1120362311773735
561660	530300	31360	2249	5858612	5490660	1120362318581661
1098838	1067854	30984	4532	10691078	10598294	1120362330746735
1189694	1158262	31432	38	1591606	1699830	1120362333903631
661890	631090	30800	701	2741496	2497726	1120362337687815
915508	882264	33244	2883	7383916	7116336	1120362346369305
369618	336370	33248	3978	16444968	8760822	1120362363557331
1382034	1291906	90128	3495	8616576	8807602	1120362373931671
1071636	1037588	34048	3730	9087254	8964676	1120362384473109
1215470	1180050	35420	4538	10694250	10725022	1120362396758915
1198384	1166000	32384	1181	3987716	3994576	1120362402319805
304190	272102	32088	2714	7083812	6186250	1120362410083551
1007072	975248	31824	1225	4198238	3900016	1120362415664305
1191026	1158702	32324	2628	6876480	6881794	1120362424112295
1193006	1161362	31644	4001	9421728	9629998	1120362435102139
300956	267500	33456	1268	3861676	3270168	1120362439640001
751170	718226	32944	1116	3852580	3416162	1120362444624211
1191398	1159570	31828	4282	9851256	10212178	1120362456042359
1068878	1036350	32528	493	2348872	2486582	1120362459835831
1112740	1081368	31372	556	2380370	2658452	1120362463715625
1186176	1153656	32520	4864	11360402	11348352	1120362476646969
445804	414136	31668	3641	8715730	8160428	1120362486182545
1187506	1155366	32140	3694	9088848	9021362	1120362496834135
541664	511024	30640	3797	8953000	8568634	1120362506704205
518872	486152	32720	360	2343612	1670028	1120362509941449
1190292	1158616	31676	3414	8452492	8451692	1120362519964705
1188616	1157156	31460	2952	7548384	7533792	1120362529097001
904136	871256	32880	4922	11093182	11180616	1120362541470429
1193354	1160638	32716	998	3311572	3621614	1120362546349619
1188748	1157096	31652	2081	5626516	5810928	1120362553540945
1196070	1162398	33672	121	1816252	1871134	1120362556928231
221504	175080	46424	741	3007350	2136320	1120362560531669
1195994	1160774	35220	2532	6684842	6693662	1120362568788135
1067900	1037088	30812	1722	5022014	4944492	1120362575253909
1194940	1163624	31316	58	1738544	1743946	1120362578562949
423544	390336	33208	1754	4785086	4373184	1120362584147525
543024	511064	31960	2074	5417196	5124420	1120362590482989
721704	688140	33564	2597	6531972	6372876	1120362598111545
1193156	1162380	30776	2080	5794980	5797076	1120362605474925
745494	712654	32840	1836	5094520	4849262	1120362611691235
981406	949452	31954	130	1882514	1673824	1120362614941201
1192252	1158448	33804	2069	5757442	5764452	1120362622265889
1210236	1169252	40984	2678	6966164	7010364	1120362630817909
1189274	1154170	35104	4911	11444840	11443678	1120362643826835
1010532	978268	32264	1080	3711188	3604528	1120362648932061
966120	930360	35760	967	3568834	3333756	1120362653841569
1186724	1154232	32492	2463	6546092	6546304	1120362661970145
1187892	1156512	31380	1022	3346568	3665224	1120362666889281
874186	842506	31680	3603	8827210	8513130	1120362676965455
706066	673830	32236	1355	4337740	3849254	1120362682385335
1199690	1166134	33556	3710	9054546	9059430	1120362693014855
1195678	1161630	34048	4999	11337942	11627102	1120362705922691
1188298	1157674	30624	3502	8312602	8624814	1120362715805215
1148448	1113836	34612	163	1757310	1906684	1120362719091377
1217252	1185196	32056	2809	7252572	7268704	1120362727936145
1197694	1165866	31828	1627	4514286	4884138	1120362734030575
1191002	1158830	32172	2610	6484634	6843834	1120362742081771
397196	364272	32924	3908	9451446	8654164	1120362752305881
830344	796928	33416	288	2036282	1860404	1120362755547065
1184958	1154078	30880	3458	8533388	8533522	1120362765641555
235190	199230	35960	299	2222500	1267002	1120362768481735
968708	934028	34680	986	3590324	3375020	1120362773415281
1191160	1159492	31668	2761	7143320	7147096	1120362782125641
1031402	999806	31596	3415	8091090	8295058	1120362791623847
1246072	1161448	84624	1169	3960368	4018112	1120362797210365
1190476	1157984	32492	2529	6642538	6680060	1120362805418729
939856	906860	32996	2766	7126934	6905312	1120362813860085
1201064	1167088	33976	3818	9262940	9270776	1120362824705169
1207280	1175840	31440	1750	5028556	5140732	1120362831315361
1192916	1158516	34400	2372	6365784	6369912	1120362839248945
1190904	1157624	33280	1229	4014170	4081436	1120362844828885
1042104	1005920	36184	4289	10204856	10053564	1120362856450025
1186034	1154466	31568	3973	9564022	9564890	1120362867575811
1234040	1156344	77696	3125	7561110	7916168	1120362876745745
1199282	1157566	41716	1993	5333002	5619794	1120362883653015
1192330	1159998	32332	1045	3570010	3715914	1120362888796011
676608	644020	32588	4853	11039002	10816032	1120362900886121
1234122	1203358	30764	533	2685932	2733010	1120362905181659
1194710	1161454	33256	615	2853364	2857670	1120362909604195
1145024	1104924	40100	392	2436820	2362264	1120362913560465
221024	182728	38296	1915	5445130	4483792	1120362919602469
1190608	1158820	31788	3939	9184082	9501448	1120362930351945
756436	724576	31860	2399	6375868	5996588	1120362937859745
1188544	1155364	33180	503	2624612	2627260	1120362942065765
1057196	1013284	43912	766	2761432	3023200	1120362946260357
870560	837816	32744	256	2149038	1827464	1120362949655669
1187988	1156230	31758	2662	7150580	6945588	1120362958375089
1191164	1159484	31680	4682	10684624	11009960	1120362970626189
1194634	1161902	32732	2947	7565520	7521486	1120362979761515
1185500	1153784	31716	3937	9263856	9491860	1120362990592381
1195008	1163492	31516	1218	4055834	4064356	1120362996217797
363688	279386	84302	367	2374666	1549786	1120362999330459
1191250	1158178	33072	4643	10907102	10912134	1120363011803975
401800	369706	32094	3985	9607074	8805836	1120363022198469
1288436	1155692	132744	1715	5061242	5167416	1120363028923069
1191160	1158028	33132	948	3493342	3520348	1120363033981681
1261884	1228544	33340	1741	5066720	5176996	1120363040706385
1187576	1156856	30720	3084	7800234	7788376	1120363050070029
1201560	1156580	44980	1612	4572360	4857804	1120363056219921
1194224	1161342	32882	82	1775276	1816564	1120363059564521
955342	923606	31736	541	2693628	2470014	1120363063587711
1186164	1154960	31204	1064	3437556	3747824	1120363068586409
1203904	1160180	43724	1438	4500926	4513928	1120363074666161
1189918	1157290	32628	4076	9770892	9773062	1120363086002071
1198650	1164482	34168	224	2086718	2087074	1120363089662779
1208876	1174568	34308	447	2442504	2537088	1120363093694985
716546	684306	32240	757	3132896	2665198	1120363097938611
1192052	1158228	33824	4618	10858064	10862408	1120363110373981
1220652	1186916	33736	436	2500810	2535076	1120363114470521
1191720	1158488	33232	3427	8479836	8478288	1120363124517561
1194230	1160450	33780	270	1977692	2178306	1120363128064091
1195426	1162626	32800	3861	9234104	9348998	1120363138869211
605340	573268	32072	2504	6629586	6047352	1120363146478961
1198664	1158160	40504	748	3119300	3128128	1120363151172249
635016	603632	31384	979	3322258	3026264	1120363155504565
1210408	1177992	32416	2357	6346314	6356096	1120363163436009
1188836	1156736	32100	43	1606890	1709184	1120363166606401
382308	349248	33060	4633	10810650	10081324	1120363178173669
1196150	1163886	32264	2468	6560678	6573842	1120363186305479
464800	431796	33004	1151	3706674	3209100	1120363190852109
1193604	1159692	33912	3447	8512810	8520304	1120363200932909
1196806	1164550	32256	3099	7439434	7827262	1120363209943951
1189940	1157736	32204	1272	4025804	4166828	1120363215541025
402392	369524	32868	4199	10018548	9233724	1120363226337501
653036	620264	32772	1753	5147698	4612932	1120363232514069
749072	717324	31748	3094	7815936	7370768	1120363241453989
606022	574482	31540	2978	7633208	6995732	1120363250068911
466388	433596	32792	4698	11029646	10306284	1120363261941189
1197698	1162434	35264	3538	8699190	8707758	1120363272224379
1190946	1159498	31448	1790	5238582	5226758	1120363279029639
1195640	1159580	36060	184	1957356	1998856	1120363282558301
1413290	1169630	243660	2449	6521130	6745894	1120363290867879
1205976	1175108	30868	4167	9749180	9973680	1120363302198481
655764	623984	31780	2790	7212814	6680204	1120363310442209
1190338	1157598	32740	8	1637406	1639602	1120363313644259
868638	837578	31060	345	1889012	1992550	1120363316801011
1333588	1166208	167380	2434	6487392	6633728	1120363324997889
1308890	1162126	146764	1518	4273888	4778474	1120363330955179
478184	445528	32656	3876	14044196	8664424	1120363345852309
1198692	1159480	39212	475	2570274	2580556	1120363350002821
1198066	1163206	34860	628	2902570	2897138	1120363354478111
1116364	1082516	33848	3792	8907346	9146860	1120363364876365
1192060	1159676	32384	2114	5860496	5855060	1120363372303925
733680	701396	32284	2550	6625722	6292936	1120363380037601
546432	514468	31964	138	1914048	1268684	1120363382874241
1209056	1176272	32784	4150	9923990	9942276	1120363394382841
1195120	1159496	35624	2659	6647494	7009364	1120363402600805
618980	587504	31476	1973	5301540	5012520	1120363408896689
1189640	1156984	32656	3768	9289592	9157292	1120363419751285
1192952	1161564	31388	4173	9938608	9972480	1120363431270445
783192	752348	30844	2066	5743162	5348040	1120363438170625
821432	790000	31432	157	1977444	1576492	1120363441344861
397620	364336	33284	3739	8779274	8308628	1120363450896989
540742	506958	33784	2993	7632554	6959098	1120363459446011
1193180	1161928	31252	728	3077764	3082914	1120363464092409
1240436	1157296	83140	183	1705416	2040952	1120363467413681
1124618	1092138	32480	4562	10703520	10680750	1120363479617739
1072150	1040466	31684	1618	4662926	4742102	1120363485733195
1246658	1212074	34584	970	3558560	3621314	1120363490919699
399460	303740	95720	4618	10794762	10068420	1120363502490341
607002	575542	31460	358	2030306	1765166	1120363505503863
1208784	1174100	34684	1157	3936830	3957254	1120363511023685
614032	566324	47708	3241	7751878	7530412	1120363519764805
1189562	1157974	31588	4692	10641454	11007326	1120363531978235
771110	740038	31072	411	2330950	2026718	1120363535461851
400536	368728	31808	546	2366064	1926764	1120363538603229
1190424	1159024	31400	3644	8906574	8911208	1120363549074969
1201484	1169092	32392	4623	10863770	10881532	1120363561515949
1189502	1158038	31464	2433	6472742	6489170	1120363569553959
280328	247378	32950	3730	8972092	8173864	1120363579180629
1190584	1157960	32624	3606	8834862	8836444	1120363589580881
845976	813080	32896	3548	8672244	8374388	1120363599474229
880456	848280	32176	901	3432438	3115640	1120363604162665
1194444	1162392	32052	193	1707930	2014232	1120363607440569
526134	372718	153416	897	3415752	2753110	1120363611758275
1188018	1157454	30564	687	3120796	2995186	1120363616448119
900226	858690	41536	4937	11150242	11218118	1120363628874279
519830	486598	33232	895	3409018	2743678	1120363633177719
518824	486752	32072	4204	10034326	9360100	1120363644106721
1197740	1164976	32764	1193	4014968	4025828	1120363649693509
1189980	1158468	31512	1157	3860094	3937928	1120363655127749
1207382	1173088	34294	1775	5148974	5190590	1120363661859111
1190002	1158422	31580	3359	8351078	8341950	1120363671781659
1202800	1169644	33156	2438	6258500	6513428	1120363679628365
777458	745642	31816	912	3107210	3032438	1120363683893051
197422	166406	31016	3817	8934668	8264570	1120363693418875
727620	695580	32040	1772	5161584	4704900	1120363699683045
681072	648228	32844	834	3408092	2781576	1120363704166485
0	0	0	0	0	0	0
1189140	1157896	31244	3018	7273280	7658072	1120363721118401
1195404	1164668	30736	1080	3620354	3788552	1120363726308669
1199752	1166280	33472	326	2029210	2293560	1120363729912921
1190562	1157714	32848	2323	5937282	6269626	1120363737425715
586394	554434	31960	168	1950492	1354426	1120363740337575
1185924	1154472	31452	2089	5816830	5814484	1120363747715005
1224488	1192228	32260	2884	7417152	7425320	1120363756739441
1231766	1199482	32284	2153	5817746	5969658	1120363764164691
6503918	6496550	7368	2873	8154988	13443982	1120363779198811
1190616	1157580	33036	4577	10773244	10778600	1120363791537385
801294	769858	31436	2046	5727626	5324882	1120363798439951
475084	441588	33496	3282	8189312	7472692	1120363807479681
1191966	1159718	32248	2183	5990156	5990082	1120363815036551
1025246	993538	31708	1024	3670870	3507810	1120363820107731
218788	178356	40432	3381	8393350	7421820	1120363829095169
1197132	1165374	31758	2619	6962878	6867770	1120363837629475
241298	198534	42764	2207	5687242	5090126	1120363843939611
1196596	1163392	33204	2764	7151322	7157644	1120363852668889
1191410	1158790	32620	1235	3811624	4105362	1120363858047635
568276	534980	33296	4500	10530798	10003068	1120363869522365
435176	404464	30712	2002	5620936	4873548	1120363875953241
1190204	1158688	31516	758	3135878	3140216	1120363880660221
545368	512820	32548	1917	5316414	4813024	1120363886897321
1190180	1157532	32648	4866	11364302	11355680	1120363899828041
680454	647846	32608	1565	4750696	4245150	1120363905642295
566832	534340	32492	2710	7037912	6419112	1120363913628665
1201000	1168852	32148	3802	9232636	9237564	1120363924444721
1193082	1161510	31572	3889	9252528	9421914	1120363935266675
1189940	1156896	33044	1803	5230594	5230916	1120363942061545
1197354	1165038	32316	3098	7652342	7827974	1120363951286831
559468	527826	31642	377	1979332	1747924	1120363954200925
691922	659878	32044	2894	7432258	6942290	1120363962699035
553244	522544	30700	1815	4921596	4636320	1120363968547841
348692	316412	32280	697	2700214	2185424	1120363971971985
1197272	1165916	31356	2187	5994128	6004972	1120363979544561
1192748	1161040	31708	3418	8461062	8464024	1120363989573921
1197760	1166280	31480	1080	3807294	3790340	1120363994952989
1204840	1170676	34164	4588	10483916	10814074	1120364007017961
1218432	1186188	32244	1679	4842218	5008464	1120364013453401
640244	608860	31384	3070	7625066	7215720	1120364022093189
1198338	1158486	39852	785	3196522	3209778	1120364026863239
1287508	1157236	130272	2971	7214512	7661348	1120364035740401
1065918	1034334	31584	1889	5406644	5278266	1120364042598711
429002	397478	31524	3379	8088666	7629886	1120364051491743
510302	478218	32084	1766	5146014	4475210	1120364057522931
1202190	1169998	32192	3274	8171054	8183334	1120364067272855
1287804	1165244	122560	1153	3710260	4026364	1120364072646429
1328752	1161422	167330	1844	5314048	5451440	1120364079665261
1193330	1161346	31984	4103	9966640	9834118	1120364091205731
915368	882320	33048	2491	6615900	6331124	1120364099111769
1188956	1158376	30580	2528	6677554	6679320	1120364107353281
1059672	1028156	31516	2361	6134924	6215704	1120364114924025
1189590	1157858	31732	3613	8852050	8849126	1120364125341739
1189056	1157396	31660	4592	10603056	10808976	1120364137509081
1195960	1164424	31536	3249	7955494	8127756	1120364147035965
1194318	1161694	32624	4848	10954852	11322630	1120364159558279
508858	477882	30976	965	3326310	2872438	1120364163768739
733066	702270	30796	2984	7590152	7133154	1120364172472899
1197752	1164816	32936	3223	7845238	8088224	1120364181891441
1190118	1157374	32744	2530	6437854	6684142	1120364189903831
1195812	1164352	31460	2681	6861314	6990720	1120364198341361
1187608	1155316	32292	1560	4754542	4750496	1120364204657181
1024388	992394	31994	3364	8139696	8184606	1120364214195879
328394	279066	49328	3365	8459980	7496694	1120364223359735
757970	727178	30792	3213	8050106	7615378	1120364232543251
1188202	1157290	30912	1309	4242738	4239670	1120364238349451
1192616	1158940	33676	3605	8690028	8844768	1120364248607825
1192720	1158148	34572	360	2346662	2347080	1120364252521961
895608	864076	31532	4757	11012300	10856068	1120364264804729
915946	883974	31972	142	1903828	1634898	1120364267999075
1287694	1158834	128860	2001	5633594	5730598	1120364275294759
604520	571528	32992	3810	9249234	8658356	1120364285523409
1188386	1156198	32188	1020	3664568	3664262	1120364290751275
226830	175182	51648	3852	9216614	8365058	1120364300569655
1116632	1085076	31556	56	1727718	1661860	1120364303789381
912088	878096	33992	4159	9945102	9662374	1120364315026749
525120	493464	31656	3229	8080770	7417424	1120364324007749
245538	210746	34792	375	2412232	1464578	1120364327040215
958694	761036	197658	1427	4471616	4244936	1120364332845241
1085862	1053438	32424	3318	8130030	8154938	1120364342434351
1195140	1162280	32860	88	1805220	1803904	1120364345809625
473120	441508	31612	3309	8238762	7525344	1120364354901521
578510	546814	31696	4516	10651390	10043842	1120364366506775
408062	247798	160264	4325	10278106	9492598	1120364377568359
773722	733314	40408	1821	5192894	4848770	1120364383909935
1139992	1108824	31168	52	1721926	1674848	1120364387152121
750020	704240	45780	4542	10701060	10265876	1120364398978069
990778	948130	42648	291	1881442	2008270	1120364402224811
1015924	982840	33084	3259	7815808	7967676	1120364411431861
1190138	1158934	31204	4029	9338908	9679878	1120364422336015
1147488	1115256	32232	4554	10436114	10711668	1120364434295301
1193650	1161776	31874	2045	5729064	5725170	1120364441593399
486022	454030	31992	2378	6394940	5674470	1120364448849671
1188438	1154650	33788	3803	9225448	9227134	1120364459638071
1196730	1158894	37836	2660	6786150	6950234	1120364468002299
369672	336880	32792	4020	9768220	8909972	1120364478515141
346368	312808	33560	3310	8247250	7400464	1120364487483689
1191870	1160122	31748	3669	8962292	8964442	1120364498013171
4578710	4573450	5260	3489	8237798	11991894	1120364511203899
764884	733632	31252	640	2880370	2477196	1120364515224025
599008	566920	32088	1712	5043186	4457160	1120364521240121
1189376	1157808	31568	2758	7144502	7138120	1120364529948509
1189108	1156980	32128	1168	3812636	3958276	1120364535334089
1181410	1149898	31512	780	3180688	3173942	1120364540070391
470542	437402	33140	278	2194708	1467710	1120364543111451
1190120	1158300	31820	4858	11335846	11339064	1120364556013041
878994	847154	31840	2826	7293026	6986490	1120364564559835
1171732	1136900	34832	2268	6181768	6141004	1120364572288465
1214494	1168128	46366	3785	9209650	9226870	1120364583087155
1192600	1161528	31072	4697	11023954	11019476	1120364595679189
1188860	1154656	34204	2197	6035716	6015222	1120364603287345
1189684	1157472	32212	4071	9521842	9763800	1120364614374121
1203014	1171638	31376	3753	8938810	9165878	1120364624891339
756154	724522	31632	1188	3997556	3565614	1120364630020475
1191394	1158122	33272	1912	5451308	5455670	1120364637037691
1050096	1019376	30720	698	2749028	2878468	1120364641212309
645540	612060	33480	2219	6056790	5517056	1120364648289721
1202562	1168846	33716	4056	9847030	9760430	1120364659714619
1187704	1153800	33904	2425	6218850	6469512	1120364667505705
1387040	1164276	222764	2190	5776466	6198120	1120364675044925
528136	494528	33608	308	2362914	1577624	1120364678310081
1082290	1048266	34024	2187	6002694	5910106	1120364685770199
916282	885554	30728	1406	4439882	4161410	1120364691510115
1193758	1155170	38588	1209	4037648	4045586	1120364697117491
1208078	1165270	42808	2610	6482232	6862322	1120364705183799
1152700	1116408	36292	201	1651176	1986124	1120364708362401
1187326	1154042	33284	1784	5357250	5188830	1120364715282935
1196472	1162412	34060	2659	6764624	6946400	1120364723620085
637104	604840	32264	2130	5555712	5331164	1120364730194665
1298492	1174980	123512	1284	4203722	4309808	1120364736071989
1185918	1153774	32144	2430	6187752	6479766	1120364743821351
825766	792658	33108	4695	11017584	10649270	1120364756049059
1186206	1154498	31708	4905	11451912	11451990	1120364769061479
296334	264158	32176	2076	5483886	4881542	1120364775217471
1192468	1160908	31560	2692	7010232	7011560	1120364783795669
1192956	1160076	32880	3880	9167548	9386660	1120364794538025
1191986	1157836	34150	3979	9541418	9584404	1120364805646989
1188842	1156726	32116	4091	9685728	9802154	1120364816905675
1278096	1157666	120430	551	2727206	2814086	1120364821286951
232852	175356	57496	1069	3483624	2802996	1120364825379665
753942	722026	31916	3150	7925594	7488378	1120364834434671
1120694	1089402	31292	3413	8448556	8380490	1120364844379395
719060	688264	30796	1759	5156820	4692744	1120364850631625
524580	493736	30844	1770	5173798	4498112	1120364856705169
1223184	1167780	55404	4588	10892662	10833332	1120364869195641
1198548	1166948	31600	1953	5267780	5536464	1120364876036949
1190552	1157356	33196	4215	9954028	10053648	1120364887556881
975914	943954	31960	4713	10826194	10834038	1120364899734119
1305310	1272106	33204	2835	7294076	7408418	1120364908715515
1144840	1113644	31196	308	1857620	2200768	1120364912092929
1212372	1180588	31784	4377	10392578	10410620	1120364924072445
665720	633348	32372	2844	7314216	6796192	1120364932427765
503208	470308	32900	137	1910726	1210076	1120364935217189
583852	550368	33484	1670	4973582	4357604	1120364941149729
737966	706000	31966	4240	10098844	9651112	1120364952361841
882372	850096	32276	4037	9703216	9399712	1120364963324149
278614	247262	31352	3400	8385906	7511958	1120364972364311
695258	662738	32520	120	1890056	1391082	1120364975324875
1199764	1157772	41992	2891	7040496	7413800	1120364983941365
870108	838036	32072	3402	8415928	8106892	1120364993609557
1307458	1161706	145752	4914	15436154	11567320	1120365010734871
1185778	1154074	31704	4014	9659422	9646230	1120365021955035
