# Loop @ Start frequency 1100000Hz took 1937.66 cycles
# Interval [1935 ; 1941]
# Q1 : 1926 ; Q3 : 1930
# Loop @ Target frequency 3500000Hz took 708.44 cycles
# Interval [707 ; 710]
# Q1 : 706 ; Q3 : 708
# Confidence intervals do not overlap, alternatives are statistically different with selected confidence level
Change time (with write) [cycles]	Change time [cycles]	Write cost [cycles]	Wait time [us]	Time since last frequency change request [cycles]	Time since last frequency change [cycles]	Detected frequency change timestamp [cycles]
1345330	1299828	45502	3567	446570662	446963868	1120856502058823
908270	878114	30156	4812	10900036	10935484	1120856514063697
1404986	1372070	32916	907	3411944	3621414	1120856519074449
1651620	1618536	33084	3036	7657784	8126608	1120856528574937
1411290	1380846	30444	4996	11530070	11826598	1120856541706509
1248566	1218348	30218	2463	6526276	6577886	1120856549671761
1369378	1327528	41850	4156	9890866	10083262	1120856561122401
1404902	1374398	30504	3982	9545492	9771640	1120856572263893
1641578	1592134	49444	4075	9738938	10195226	1120856583834481
1427886	1392954	34932	3998	9515728	9826290	1120856594968659
1415300	1385090	30210	3427	8440112	8671864	1120856605014069
1306866	1192912	113954	2191	5972302	6092650	1120856612483561
1498226	1467742	30484	4544	10286590	10990192	1120856624458867
1004380	973104	31276	3891	9606878	9319014	1120856635260833
671906	638836	33070	4101	9789566	9275934	1120856645912289
1417570	1384178	33392	3295	7897218	8410530	1120856655417873
1715096	1683902	31194	2535	6660110	7187746	1120856663983417
808372	779462	28910	27	1196712	1264598	1120856666178653
1421126	1390628	30498	2511	6611962	6845148	1120856674405389
1726840	1669414	57426	4626	10404426	11382768	1120856686726987
1714944	1682668	32276	4697	10484436	11511860	1120856699116913
744106	683336	60770	4859	10608880	10863582	1120856710659991
1686382	1656612	29770	1572	4755418	5245328	1120856717292249
1439862	1408932	30930	447	2463062	2736804	1120856721385733
1508844	1479110	29734	3556	8579918	9024516	1120856731664569
1407280	1374836	32444	4871	11222542	11550382	1120856744484921
932510	868488	64022	3275	7964424	7884550	1120856753572129
1652774	1621254	31520	1540	4303174	5135454	1120856759718325
1323998	1293198	30800	3078	7217276	7884108	1120856768449473
1322484	1290608	31876	1572	4727304	4873666	1120856774689973
1827610	1786918	40692	1286	4165042	4810038	1120856780873033
1001020	969780	31240	4158	9901704	9718070	1120856791966283
750854	720276	30578	156	1890464	1465496	1120856794798091
906800	875190	31610	590	2785064	2498066	1120856798680009
869600	838714	30886	1788	5170954	4857534	1120856804910849
1434406	1403704	30702	4822	11119354	11505354	1120856817655509
1196108	1163708	32400	271	1679242	2141366	1120856820721219
1696748	1666926	29822	2722	6993564	7567456	1120856829601761
1258722	1226024	32698	3041	7492896	7741304	1120856838543713
1734258	1701466	32792	1519	4628762	5179336	1120856845097201
1716390	1686114	30276	1506	4601256	5132546	1120856851605191
641810	542952	98858	4306	10153210	9656450	1120856862590553
1350662	1319692	30970	3273	7966316	8298608	1120856872097373
1073672	1042890	30782	1904	5392264	5283240	1120856878756241
1413996	1383394	30602	2294	6240164	6411218	1120856886600609
1593724	1559868	33856	1597	4816212	5199770	1120856893200263
1426342	1393410	32932	2113	5814234	6055182	1120856900630783
736092	705536	30556	412	2271248	1970638	1120856903828559
1197914	1165210	32704	138	1855964	1876114	1120856907096309
1161114	1130826	30288	3347	8278630	8257060	1120856916725497
992894	963058	29836	16	1624648	1435806	1120856919533237
823192	792764	30428	1746	5081276	4718160	1120856925627441
1581080	1550254	30826	4935	11462504	11853036	1120856938861285
1602064	1485606	116458	3464	8078162	8933158	1120856948732185
523506	391728	131778	3745	9056186	8427330	1120856958501533
1488260	1458486	29774	2732	7063806	7360878	1120856967244171
658218	608190	50028	1498	4497454	4057880	1120856972590111
1475200	1443738	31462	4146	9893784	10181856	1120856984149013
1646086	1599846	46240	1096	3602816	4241190	1120856989591861
637812	607470	30342	1260	4119614	3559688	1120856994539537
714118	681182	32936	4117	9312050	9350762	1120857004755817
1523680	1493850	29830	2011	5621724	5955446	1120857012091295
1465640	1432868	32772	172	2020276	2213340	1120857015771189
1122260	1091548	30712	2268	6163840	6060372	1120857023247803
1403186	1372350	30836	4094	9801396	9993798	1120857034642599
1743762	1663864	79898	745	3039370	3644998	1120857039615149
1522986	1491004	31982	2672	6932126	7269866	1120857048260267
1536890	1504592	32298	3355	8249222	8648356	1120857058236201
1552028	1513334	38694	1239	3601298	4432690	1120857063579277
907442	876652	30790	4099	9596086	9508452	1120857074272563
751810	721726	30084	3278	8212254	7709250	1120857083426873
1582706	1489042	93664	2673	6939650	7331310	1120857092139773
1712152	1682520	29632	2143	5879286	6400386	1120857099925067
1449250	1414878	34372	1737	4875758	5325874	1120857106440189
1584274	1553488	30786	1406	4416310	4807856	1120857112631137
1464866	1434528	30338	797	3213702	3468628	1120857117499703
1163706	1134538	29168	643	2724878	2852822	1120857121578485
1433098	1403990	29108	3558	8226474	8950920	1120857131427773
904664	857908	46756	4047	9675438	9400886	1120857142197323
1716158	1653812	62346	882	3345730	3883096	1120857147452781
843970	795600	48370	2473	6331386	6192672	1120857154818517
1208296	1109882	98414	1585	4761366	4786962	1120857160978777
1779396	1749414	29982	2540	6261252	7288232	1120857169209833
1618796	1589526	29270	4264	10112240	10548102	1120857181131121
858050	825072	32978	2738	7164872	6736588	1120857189344259
1054256	1023598	30658	2733	7047884	6922336	1120857197636417
1634598	1605370	29228	4271	9849718	10577514	1120857209310669
1633792	1603748	30044	2902	6722964	7846036	1120857217857877
1369432	1338472	30960	3628	8844146	9028712	1120857228261397
1421874	1390630	31244	3111	7806436	8045986	1120857237679755
285374	255362	30012	266	1756416	1220028	1120857239911283
1544970	1512596	32374	4833	11326458	11613858	1120857252972743
1186972	1156684	30288	157	1914824	1902088	1120857256264733
355610	324534	31076	226	1982790	1210664	1120857258815317
512164	481968	30196	1531	4652054	3983870	1120857264169883
1372496	1341950	30546	3004	7591642	7783126	1120857273328105
1775330	1743428	31902	3731	8702632	9654606	1120857283996429
808252	779166	29086	4131	9720876	9471566	1120857294715727
665964	634400	31564	3481	8551434	8040214	1120857304123343
859152	723468	135684	587	2270736	2436414	1120857307446459
1669098	1634862	34236	4252	10078584	10575728	1120857319406303
1630334	1598610	31724	3693	8853136	9417850	1120857330079477
1572148	1540460	31688	3638	8864002	9248982	1120857340709303
1444532	1411380	33152	2737	7059570	7328642	1120857349403527
1727130	1697370	29760	1854	5115086	5838148	1120857356436153
1452666	1421360	31306	262	1998760	2378452	1120857360077595
741298	708066	33232	2312	6112000	5768288	1120857367124183
1246676	1216408	30268	533	2758440	2714416	1120857371319551
1646830	1616448	30382	3593	8776986	9235172	1120857381933577
1189294	1158450	30844	99	1787202	1788106	1120857385100045
1685120	1654108	31012	4288	10173756	10662752	1120857397171761
1637380	1603126	34254	4109	9746300	10258006	1120857408745913
1712632	1680594	32038	2408	5581058	6930100	1120857416229185
1649594	1618948	30646	3027	7638752	8106540	1120857425708047
1489994	1458546	31448	4985	11536436	11863066	1120857438924381
1007282	825330	181952	678	2943910	2765824	1120857443065607
1576256	1545326	30930	2117	5820660	6213514	1120857450652487
1483224	1443472	39752	2293	5738458	6471428	1120857458063393
1621464	1589792	31672	1789	5186844	5601264	1120857465101633
890426	828594	61832	914	2998400	3143760	1120857469180493
1585646	1555154	30492	4153	9489512	10316948	1120857480445669
714538	624654	89884	1515	4042246	4146748	1120857485392539
1523268	1481442	41826	1040	3667608	4006704	1120857490773221
1086580	1054584	31996	4496	10174526	10481194	1120857502224505
1703230	1667738	35492	3415	8417288	8935804	1120857512535053
1135308	1103090	32218	4104	9806538	9757154	1120857523666989
1797682	1767770	29912	3390	8367136	8983544	1120857534021727
1624364	1523654	100710	3186	7960328	8397942	1120857543799885
894734	864090	30644	4864	10771804	11024684	1120857555656245
1576598	1546648	29950	3823	9229248	9623300	1120857566651959
1491780	1462056	29724	4098	9483170	10090216	1120857577817079
941110	909968	31142	155	1710304	1653630	1120857580658391
1548358	1468900	79458	3875	9344734	9710892	1120857591741559
1684526	1652082	32444	4861	11297688	11807736	1120857604913603
1729980	1699154	30826	2928	7556004	8497976	1120857614389589
1763350	1728972	34378	110	5112562	2386922	1120857621456337
1766080	1734594	31486	1900	4994138	5968234	1120857628406933
1752916	1723146	29770	4545	10001446	11247066	1120857640351787
1686068	1654192	31876	3369	7676988	8826108	1120857649904789
1508908	1477370	31538	2297	6180210	6505880	1120857657783601
1466650	1434028	32622	4406	9963142	10680940	1120857669403193
1423592	1390626	32966	787	3265434	3401018	1120857674282125
893720	864290	29430	3521	8502170	8338898	1120857683868121
1167386	1137230	30156	2005	5257434	5580790	1120857690483805
1718460	1688772	29688	1318	4236366	4780238	1120857696628839
1061892	1029880	32012	4294	9559630	10051626	1120857707440213
1109558	1079224	30334	824	3231732	3160404	1120857711971799
1492646	1458926	33720	1278	3704344	4452326	1120857717358819
1455712	1374234	81478	2680	6950546	7217246	1120857725955877
1416866	1385084	31782	1094	3792410	4008888	1120857731354933
1194836	1122266	72570	3047	7688632	7691894	1120857740428867
1086016	1054914	31102	162	1372654	1812520	1120857743077991
1535806	1505646	30160	1420	4422074	4778334	1120857749225709
1670794	1638788	32006	1616	4629948	5305832	1120857755716687
1031128	1000378	30750	4621	10219440	10675870	1120857767157005
1408954	1379230	29724	1886	5353210	5583444	1120857774108693
1664380	1631810	32570	4189	9901794	10447356	1120857785867753
758592	728642	29950	4642	10491774	10444170	1120857797308149
1565606	1533216	32390	2200	6049314	6367584	1120857805113145
1635932	1605348	30584	4100	9316040	10249104	1120857816255385
1423268	1382808	40460	3859	9081430	9542528	1120857826950623
1415790	1385954	29836	1704	4990194	5226050	1120857833547145
1524856	1492550	32306	4153	9813704	10233692	1120857845076035
1383990	1354140	29850	3768	9139210	9322540	1120857855789101
1740450	1710524	29926	2718	6605714	7579320	1120857864325521
1381498	1350178	31320	3756	8653138	9295710	1120857874550493
687910	658066	29844	1692	4971682	4481012	1120857880432821
1587812	1520218	67594	4481	10575602	10963222	1120857892786613
1476750	1444702	32048	1863	5316390	5610020	1120857899769577
1724270	1692788	31482	2575	6305328	7278034	1120857907989083
1407522	1377300	30222	1574	4669266	4958074	1120857914256217
1729220	1699562	29658	4855	11314198	11842288	1120857927489803
1002240	949506	52734	44	1689242	1494552	1120857930370867
1568308	1537592	30716	4716	11013786	11402068	1120857943142829
1468886	1403060	65826	3488	8561662	8846734	1120857953363349
944894	813374	131520	2537	6666222	6420342	1120857961165241
945850	914344	31506	3773	8633524	8902796	1120857970934117
314586	283542	31044	320	2224382	1357292	1120857973662817
1696774	1666050	30724	1013	3615780	4126076	1120857979165015
1302596	1272276	30320	613	2213048	2941712	1120857982870765
1637676	1605764	31912	4795	10785416	11634916	1120857995483721
1078182	1048232	29950	1000	3292254	3480808	1120858000044263
1726558	1689400	37158	2181	5941804	6491100	1120858007906515
965030	929522	35508	4979	10799058	11326042	1120858019860883
1145410	1114258	31152	1799	5185104	5147000	1120858026381219
959496	929892	29604	1483	4562366	4328948	1120858032093323
1808338	1776728	31610	1306	4203110	4821572	1120858038298133
1793862	1505626	288236	1083	3007734	4362292	1120858043289533
1288326	1257166	31160	2629	6844358	6950094	1120858051611997
1010786	980168	30618	847	3275692	3109542	1120858056088449
1178632	1147126	31506	3437	8463638	8454130	1120858065924167
1470420	1375184	95236	2324	6234788	6520816	1120858073819905
1409100	1379562	29538	2335	6259310	6480958	1120858081678465
1729002	1696530	32472	4813	11328478	11758778	1120858094926313
1455462	1378012	77450	4546	10290622	10954604	1120858106862653
702614	671844	30770	3083	7751834	7270462	1120858115507645
1472092	1442390	29702	4348	10283538	10571026	1120858127453213
1450622	1419542	31080	1639	8628150	5133078	1120858137721613
768954	739164	29790	4708	10995686	10587434	1120858149675893
1484984	1451922	33062	3991	9682592	9868948	1120858161033829
1660094	1627846	32248	895	3378996	3853792	1120858166262833
800266	768016	32250	130	1841756	1462136	1120858169094977
1520712	1490464	30248	3547	8681316	9018042	1120858179487327
1487310	1456494	30816	2350	6095748	6589116	1120858187259907
1646252	1615732	30520	3611	8819074	9270394	1120858197914785
1563452	1533180	30272	3071	7325610	8106426	1120858206993937
1693420	1663090	30330	3121	7662820	8346874	1120858216539789
1480526	1450956	29570	3537	8108300	8957082	1120858226318797
1788948	1756912	32036	1541	4303004	5273472	1120858232601197
1300728	1268862	31866	4851	11121160	11414262	1120858245212853
505560	467400	38160	3520	8817222	7947520	1120858254725671
559994	529920	30074	3752	9094324	8473966	1120858264569967
1327124	1164590	162534	1926	5146036	5580916	1120858271233049
1563748	1534108	29640	4751	11142772	11466846	1120858284129611
1151534	1119584	31950	2108	5693592	5770200	1120858291177375
1682334	1650134	32200	3409	8399914	8901962	1120858301450029
1674282	1645184	29098	1582	4747730	5241242	1120858308061945
1303644	1273074	30570	1307	4212208	4321016	1120858313771351
1858898	1689160	169738	3269	8250358	8812174	1120858324070601
1066910	1036386	30524	1444	3760948	4359166	1120858329092467
1674210	1562130	112080	367	2317068	2811220	1120858333273673
708096	677386	30710	4526	10643890	10163354	1120858344815471
1494182	1463184	30998	1010	3612486	3926160	1120858350111557
1731698	1699720	31978	3218	7840276	8569356	1120858359876979
1581710	1551892	29818	4507	10093872	10997878	1120858371742897
1096464	1066836	29628	3592	9010422	8682264	1120858382039651
1331062	1301270	29792	4429	10451964	10591862	1120858394016111
1664172	1633574	30598	2363	6309340	6793218	1120858402183147
1723678	1691658	32020	3697	8454070	9520308	1120858412554553
1284314	1251246	33068	765	3139940	3236652	1120858417169123
1453702	1423876	29826	3037	7047958	7938230	1120858425860529
1298380	1268298	30082	1186	3475888	4072846	1120858430825153
1420272	1381374	38898	2722	7033688	7267756	1120858439468921
1593346	1560674	32672	2586	6343834	7167190	1120858447595929
1611038	1578210	32828	2562	6765326	7138814	1120858456161549
852712	822782	29930	3618	8839512	8490782	1120858466047161
989994	960006	29988	410	1997902	2213208	1120858469228421
1357794	1327772	30022	4858	11259422	11475326	1120858482058145
1628920	1597080	31840	1582	3948606	5202116	1120858487829263
1479978	1449972	30006	3846	8662564	9574516	1120858498162253
1261112	1229752	31360	3808	9208800	9280646	1120858508825287
1570216	1540256	29960	616	2828834	3204212	1120858513414327
903678	874470	29208	730	2677998	2766966	1120858517185781
1180258	1149914	30344	4975	11261986	11532102	1120858529818293
1693660	1663682	29978	3171	7555628	8437194	1120858539257603
1684218	1653978	30240	3263	7710566	8612212	1120858548842089
1443048	1409498	33550	3658	8231858	9162236	1120858558706867
1557324	1526746	30578	2970	7697982	7899590	1120858568153035
679028	648366	30662	1899	4867512	4878414	1120858573892709
1322088	1292284	29804	4467	10048928	10658138	1120858585453689
1628512	1598596	29916	4256	9705866	10544028	1120858596977979
1467056	1436332	30724	1769	4645516	5416688	1120858603280511
768930	718364	50566	4276	10085692	9722040	1120858614324263
482114	450078	32036	301	2191158	1484510	1120858617187403
1388188	1357538	30650	3424	8433712	8637644	1120858627199379
1635150	1605488	29662	2861	7319508	7758982	1120858636344293
1563758	1533124	30634	4112	9408282	10191422	1120858647506813
763970	698320	65650	4151	9777884	9468684	1120858658238939
1541516	1512102	29414	2256	6095994	6457024	1120858666090449
1624886	1592788	32098	4034	9340972	10094584	1120858677249699
1614854	1576860	37994	4903	11666720	11821754	1120858690721633
1708278	1678242	30036	1688	4968984	5498006	1120858697588927
1464908	1434952	29956	2109	5743868	6084294	1120858704987593
1529532	1496912	32620	1608	4848470	5390886	1120858711556167
1409938	1379414	30524	962	3434582	3736788	1120858716590437
1299088	1269516	29572	3338	8108096	8384116	1120858726187605
1512046	1482590	29456	735	2805110	3385140	1120858730698465
922610	891352	31258	1482	4575418	4296268	1120858736386989
1401036	1369804	31232	3071	7821406	7962938	1120858745799387
1414482	1383162	31320	4014	9476840	9845372	1120858756880767
1479776	1438990	40786	1443	4479302	4767364	1120858763030017
1632732	1501056	131676	1781	5146294	5596208	1120858769998853
1315660	1286104	29556	2561	6354038	6840478	1120858777861749
1168890	1137028	31862	2849	7282720	7269188	1120858786502859
1515072	1485102	29970	1244	4079418	4413756	1120858792287037
1788408	1715062	73346	2967	7571150	8126258	1120858801836293
1699690	1530746	168944	1604	4269366	5309970	1120858807995531
1566154	1535706	30448	39	6930388	2045922	1120858816681941
1700484	1668378	32106	1695	5129832	5493648	1120858823702245
1464750	1403916	60834	4374	9845482	10615688	1120858835202387
982160	949932	32228	3531	8651442	8446846	1120858845025761
1439168	1404300	34868	2513	6614320	6868784	1120858853268679
632276	601342	30934	2483	6546592	6001214	1120858860637717
1854404	1711080	143324	4695	10977350	11655158	1120858873659773
1465230	1432342	32888	2080	5333630	6027666	1120858880648529
474208	444954	29254	4985	11665014	10869256	1120858892977355
1190870	1098764	92106	4703	10991746	10999386	1120858905350017
1153368	1121702	31666	3532	8440978	8618568	1120858915134409
1588194	1558292	29902	2604	6874456	7198826	1120858923787209
614714	578736	35978	4218	10023612	9450496	1120858934615559
1632130	1579076	53054	596	2787162	3235820	1120858939224983
1527144	1493980	33164	4133	9857498	10195264	1120858950799869
1746432	1714168	32264	4664	10917124	11487088	1120858963653143
1675074	1520040	155034	3903	9397058	9883942	1120858974915609
828466	797986	30480	1905	5434950	5041480	1120858981369013
1404884	1375594	29290	3540	8664882	8887256	1120858991629377
1785472	1625100	160372	4592	10772668	11372944	1120859004377753
1239846	1206770	33076	4918	10950266	11479942	1120859016758077
1421748	1392080	29668	1158	3321960	4140100	1120859021691895
1401342	1365416	35926	856	3376336	3516190	1120859026659577
1512892	1481550	31342	3235	7798048	8385950	1120859036161057
465446	434988	30458	553	2533386	1972750	1120859039353505
1490712	1460972	29740	3179	7948988	8251324	1120859049006759
1307202	1277328	29874	4849	11320870	11408190	1120859061825097
1493708	1375356	118352	4083	9742800	10062228	1120859073251543
1683190	1563328	119862	4279	10155846	10644056	1120859085280973
1439160	1406674	32486	3894	9268718	9628264	1120859096178819
1753824	1723044	30780	1731	5060832	5618984	1120859103187389
1400530	1370174	30356	2542	6618350	6886534	1120859111396077
1208742	1177284	31458	1197	3977540	4005586	1120859116772227
1414404	1384010	30394	4572	10771316	10973378	1120859129147845
1551010	1519628	31382	4725	10965096	11404102	1120859141854277
1616094	1585618	30476	1616	4282642	5251494	1120859147943307
1087566	1057196	30370	2907	7006362	7303950	1120859156226729
1510530	1478096	32434	2035	5648504	5980638	1120859163575661
931950	867696	64254	251	2063928	1834364	1120859166761093
842560	813642	28918	4439	10464102	10132696	1120859178281577
1733354	1702942	30412	4084	9265790	10304558	1120859189470253
1514670	1483848	30822	3836	8580570	9611514	1120859199755581
1606076	1573428	32648	1843	5234090	5693094	1120859206786837
1535400	1504528	30872	2724	6482272	7386832	1120859214994147
1162170	1132558	29612	2228	5642344	6044218	1120859221988829
826708	796694	30014	4334	10059952	9898022	1120859233065263
368290	332064	36226	220	2031592	1213098	1120859235654819
1513150	1480968	32182	2469	6525310	6853568	1120859243883639
1405340	1372474	32866	4381	10344478	10571296	1120859255823759
1402698	1373582	29116	3324	8234192	8453396	1120859265651041
1713550	1683838	29712	1701	4990686	5519746	1120859272545893
1300126	1269762	30364	2389	6302072	6487962	1120859280338305
740492	706994	33498	1254	4093800	3652138	1120859285362689
1728234	1697482	30752	1146	3875120	4423388	1120859291156407
1667874	1519350	148524	1524	4347492	5118110	1120859297362025
1537930	1496962	40968	2838	6871580	7614886	1120859305961931
1514118	1481990	32128	757	2942202	3429372	1120859310608133
1607592	1577788	29804	1387	4367842	4793014	1120859316773575
1403022	1373882	29140	1916	5429694	5650274	1120859323796969
1151262	1120328	30934	778	2750852	3110514	1120859327889177
1215458	1182600	32858	3625	8438076	8867828	1120859337733219
1717514	1687824	29690	1366	4316618	4851722	1120859343957203
1483796	1452290	31506	4116	9808554	10117730	1120859355439405
1172156	1142570	29586	3541	8678436	8656126	1120859365479757
1684972	1591386	93586	2343	5889994	6773480	1120859373244547
808154	778584	29570	138	1860564	1486940	1120859376103629
1702270	1670880	31390	3398	8374076	8900706	1120859386373725
879714	850074	29640	577	2121670	2435906	1120859389565093
1280428	1250600	29828	4330	10246056	10343748	1120859401281757
439814	407024	32790	1997	5577454	4837254	1120859407489029
1622206	1592460	29746	751	2716094	3526748	1120859412017393
555600	525236	30364	304	2194242	1567102	1120859414960787
1695392	1646800	48592	1683	5019962	5464086	1120859421866499
808198	779532	28666	24	1014454	1256768	1120859423879333
1690018	1660212	29806	4052	9693620	10196542	1120859435453093
904796	872902	31894	1074	3509782	3456116	1120859440057837
1188096	1158630	29466	192	1234052	1974540	1120859442673105
1647262	1468776	178486	1046	3714106	4166620	1120859448224257
1525122	1493696	31426	1820	5230896	5567794	1120859455170007
981446	838998	142448	1357	4303190	4098630	1120859460644301
1684140	1641490	42650	503	2608820	3102954	1120859465126949
1708896	1679006	29890	3001	7509568	8114260	1120859474535669
1426270	1392512	33758	4432	9998486	10691150	1120859486150947
1319032	1290222	28810	3206	7995656	8132720	1120859495659583
1405160	1373676	31484	901	3387122	3611148	1120859500641757
1695476	1664610	30866	4711	10562692	11519730	1120859513089913
1451116	1399596	51520	1660	4900218	5173536	1120859519631473
1812270	1651042	161228	689	2961204	3593568	1120859524594643
1020986	989920	31066	3718	8425534	8858626	1120859534231227
809756	779510	30246	4450	10485264	10112502	1120859545715965
1613616	1573736	39880	3635	8853466	9286026	1120859556373715
1662144	1630276	31868	1159	3948234	4389370	1120859562174277
826660	795746	30914	4807	10545920	10841838	1120859573740581
1491040	1461200	29840	4644	10693372	11180386	1120859586114921
1311428	1282468	28960	339	2251608	2391806	1120859589871269
943978	914170	29808	3398	8384324	8143004	1120859599389739
1691568	1659954	31614	1625	4374286	5343298	1120859605645329
7901926	7895992	5934	3388	8240248	15079538	1120859621977583
520524	406840	113684	2588	6781556	6099246	1120859629470081
798794	766546	32248	4440	10465626	10082584	1120859640924221
1545898	1516306	29592	2426	5792860	6800848	1120859648453365
1544342	1510902	33440	1390	4415912	4777804	1120859654603769
1325190	1212052	113138	517	2241874	2760888	1120859658360533
1674060	1489936	184124	3612	8440374	9300572	1120859668665345
1610522	1569902	40620	3997	9588168	10018850	1120859680053717
1402746	1372818	29928	1515	4615452	4833512	1120859686265827
1434424	1403886	30538	4807	10775322	11450518	1120859698665443
1650658	1620810	29848	2226	5889546	6516512	1120859706395619
972830	944106	28724	2777	7173376	6936128	1120859714731751
1408968	1377714	31254	1518	4640980	4852482	1120859720971817
1517670	1484666	33004	4911	11408796	11741456	1120859734088391
695812	665066	30746	1246	4080550	3591118	1120859739058533
1409768	1377378	32390	3597	8780064	9005618	1120859749438373
1706958	1676526	30432	3397	8383990	8902130	1120859759719473
1682788	1648876	33912	1898	4720712	5881126	1120859766313237
1450216	1420782	29434	3990	9036608	9831220	1120859776990617
1212464	1181948	30516	1573	4739678	4761420	1120859783132887
799568	769578	29990	2998	7575732	7196916	1120859791697871
1728900	1671376	57524	4025	9634656	10180566	1120859803251131
602326	572624	29702	903	3336948	2810548	1120859807380495
1513558	1376228	137330	4058	9397350	10032966	1120859818481705
1212924	1183320	29604	2849	7300206	7333550	1120859827185009
1548198	1519098	29100	2038	5656640	6025532	1120859834580173
575914	545978	29936	2576	6739138	6138190	1120859842085813
1188788	1157522	31266	1794	5168676	5178410	1120859848636717
870508	839682	30826	3309	7605110	7889020	1120859857302243
1622926	1592988	29938	1021	3627224	4068126	1120859862742735
1050398	1018646	31752	2521	6526946	6501646	1120859870510109
949166	918060	31106	256	2103710	1874420	1120859873752883
1487038	1457208	29830	1647	5087394	5182898	1120859880540653
1435734	1405364	30370	3051	7694948	7946694	1120859889861307
1188498	1158696	29802	82	1849842	1755318	1120859893090057
1466716	1436206	30510	3606	8810156	9083166	1120859903580113
1045830	1014652	31178	1823	5239578	5095068	1120859910055297
825676	796556	29120	2797	6835984	6821398	1120859917911073
1634370	1604144	30226	2847	7282468	7731272	1120859927017699
1010838	980290	30548	4533	10657850	10479824	1120859938876029
1404394	1374474	29920	2314	6209574	6434050	1120859946679549
1458880	1394990	63890	1416	4510810	4717534	1120859952840009
633470	601532	31938	4815	11429298	10869648	1120859965092413
901562	871352	30210	1925	5436682	5154676	1120859971620477
1607072	1578166	28906	804	3190320	3617112	1120859976608033
1715296	1684980	30316	3314	7584744	8745776	1120859986098101
1414332	1384668	29664	3590	8346964	8997068	1120859996063123
1724768	1693984	30784	4213	10008374	10553768	1120860007989461
1725070	1694764	30306	4843	10797406	11812808	1120860020705631
1249124	1219706	29418	2107	5126670	5865652	1120860027271653
1369108	1339534	29574	466	2524748	2704614	1120860031355637
771652	739502	32150	165	1908456	1504230	1120860034226089
1729020	1698722	30298	3640	8864652	9411136	1120860045009421
1348092	1318142	29950	929	3459222	3608556	1120860050006387
1502990	1418096	84894	4618	10532248	11142642	1120860062235217
1361448	1329480	31968	3585	8318946	8933684	1120860072105609
1181686	1150596	31090	169	1919296	1920712	1120860075399833
1458562	1291026	167536	887	3357226	3634572	1120860080428621
1643856	1615048	28808	3960	9529812	9990800	1120860091791893
1621838	1592150	29688	1222	4028184	4468866	1120860097631795
1184434	1155594	28840	256	1885738	2098238	1120860100892377
1742348	1562226	180122	2861	7216064	7867716	1120860110064201
1407084	1370898	36186	1736	5064036	5280640	1120860116728881
1640774	1605194	35580	747	3048554	3541954	1120860121608529
1759810	1670058	89752	4831	11282948	11824970	1120860134841473
1131384	1101066	30318	3066	7718036	7664528	1120860143880999
1675386	1645456	29930	3173	7966632	8423754	1120860153712959
1514164	1483318	30846	840	3246552	3596656	1120860158663737
724654	694414	30240	3440	8073736	8006146	1120860167652041
1529094	1498160	30934	639	2867636	3211270	1120860172238529
1447042	1416162	30880	4969	11518592	11787736	1120860185394323
1585890	1550260	35630	2874	7338410	7736192	1120860194509135
496932	467728	29204	2794	7182020	6496070	1120860202378013
1355818	1325214	30604	1947	5492736	5653152	1120860209416943
1525940	1493580	32360	3675	8930126	9277356	1120860220063011
1135220	1104904	30316	2683	6937798	6903682	1120860228330189
1721782	1692688	29094	2129	5968586	6404412	1120860236210693
1056160	1025926	30234	1178	3626048	3815516	1120860241083037
1619728	1580852	38876	4357	9911554	10743444	1120860252804533
1661108	1627596	33512	2768	6588016	7600258	1120860261243819
1435262	1405742	29520	1728	4866976	5294284	1120860267735903
1610092	1580026	30066	1345	4409862	4701706	1120860273946747
1014822	984976	29846	2397	5837878	6211448	1120860280989377
1629926	1600056	29870	4420	9727102	10869856	1120860292536381
1684906	1652290	32616	4668	10473760	11423584	1120860304885241
502366	467166	35200	2509	5920894	5923352	1120860311498695
1042068	1004450	37618	2084	5887418	5613414	1120860318618401
1517922	1486258	31664	1008	3635770	3945036	1120860323962193
914776	883918	30858	989	3059776	3295122	1120860328127017
1570780	1539430	31350	2209	5603438	6391110	1120860335494959
1405222	1373698	31524	2132	5846922	6070098	1120860342937281
1367568	1337702	29866	529	2248548	2835288	1120860346743653
834434	803860	30574	1889	5210252	5022336	1120860352978435
203828	174312	29516	480	2543184	1566610	1120860355915837
697184	666684	30500	1836	5255962	4771824	1120860362059179
967646	935940	31706	3609	8821188	8589598	1120860372041527
1500224	1470246	29978	3931	9443614	9765580	1120860383178007
1622386	1592684	29702	997	3529374	4020146	1120860388520147
661958	628366	33592	83	1753536	1235988	1120860391125713
1586374	1550126	36248	1970	5516154	5927602	1120860398418033
1399158	1368828	30330	897	3383114	3602922	1120860403390763
865976	835490	30486	3170	7633080	7607224	1120860412079509
1696664	1666650	30014	4614	10416314	11326570	1120860424386171
1538506	1506618	31888	4075	9734986	10090974	1120860435849849
1200020	1169248	30772	1936	9597528	5473984	1120860446837301
1165658	1133702	31956	3810	9244164	9188458	1120860457436911
1189278	1158810	30468	4699	10996058	10990896	1120860469812453
1473224	1443998	29226	2703	7001060	7282686	1120860478476265
1546434	1516226	30208	571	2732750	3098488	1120860482945493
622462	487372	135090	2121	5697600	5265336	1120860489455457
1190978	1158400	32578	204	1617486	2002348	1120860492453877
989250	958686	30564	653	2807186	2697578	1120860496440197
1514096	1483640	30456	4899	11396354	11722280	1120860509540933
1701280	1667822	33458	1951	5631710	6005570	1120860517064045
499148	466832	32316	1533	4274480	3987850	1120860522027829
1497972	1468282	29690	875	3338180	3649954	1120860527056657
1186638	1156656	29982	1820	5191476	5229968	1120860533625297
1574422	1544088	30334	1624	4833252	5225720	1120860540222969
1162570	1131300	31270	4226	9365266	10016412	1120860550941025
1406766	1376378	30388	2530	6657440	6868752	1120860559195241
994570	964702	29868	287	2111398	1970104	1120860562490989
991136	960836	30300	2017	5835154	5438252	1120860569531511
992840	962898	29942	4637	10866804	10669898	1120860581581059
707342	674692	32650	3099	7781084	7306776	1120860590259591
1490846	1441458	49388	3072	7733036	8037276	1120860599673517
1078690	1046970	31720	4460	10510898	10400928	1120860611452717
1399530	1364432	35098	2320	6237246	6442802	1120860619279477
1612758	1580420	32338	3691	8964336	9397514	1120860630046603
775034	745478	29556	3515	8039410	8206346	1120860639054879
1410860	1380326	30534	1689	4956882	5190882	1120860645612651
1646374	1538480	107894	4036	9650730	10120004	1120860657100059
1571592	1539422	32170	3330	8161794	8634190	1120860667023267
1147524	1118644	28880	3527	8553830	8602294	1120860676915023
1077750	1047938	29812	4512	10604764	10503756	1120860688787169
1138702	1108798	29904	4272	9466272	10084306	1120860699582097
1609528	1577166	32362	2431	6447612	6876254	1120860707828881
1430206	1389460	40746	1271	4132644	4375238	1120860713581407
257984	226776	31208	270	2127634	1199144	1120860716157189
1473668	1443596	30072	1835	5252812	5545210	1120860723076881
1507914	1478008	29906	2272	6140286	6454372	1120860730914981
819250	788724	30526	1381	4304242	3985090	1120860736228299
814332	783528	30804	2583	6748792	6382150	1120860743981333
1724664	1685650	39014	4192	9981084	10510508	1120860755877549
1564930	1439154	125776	4268	9495418	10504114	1120860767127749
965938	935412	30526	2526	6641860	6418594	1120860774924729
1401970	1372054	29916	4175	9959634	10155080	1120860786476637
826132	794688	31444	1343	4297190	3920758	1120860791836773
1505074	1475470	29604	2034	5647814	5974780	1120860799179697
1144370	1114526	29844	894	2840846	3343006	1120860803354979
752338	720992	31346	3835	8919322	8825596	1120860813216819
1702300	1672860	29440	1528	4707930	5159904	1120860819816793
1478750	1448372	30378	3525	8633790	8931142	1120860830119133
917256	885854	31402	2292	5969576	5904068	1120860837199509
393674	362844	30830	421	2430484	1638910	1120860840213893
1635688	1605298	30390	1282	4228956	4602328	1120860846267969
1473286	1441530	31756	1609	4902394	5093352	1120860852833513
1166846	1135596	31250	4497	10574832	10562414	1120860864764935
1333448	1301762	31686	1542	4676786	4829922	1120860870965483
1574172	1544732	29440	1225	4036148	4427470	1120860876766177
1454346	1421160	33186	3580	8590190	9021180	1120860887000221
1699390	1669390	30000	371	2225436	2843652	1120860891115311
1024360	994600	29760	2230	5860444	5887370	1120860898190223
1629922	1599332	30590	2381	6353726	6794478	1120860906363741
1407128	1375386	31742	2057	5078194	5924140	1120860913038919
1045954	973608	72346	3524	8636684	8495280	1120860922911609
623230	592622	30608	2149	5399778	5329818	1120860929124769
645916	599880	46036	4944	11082510	10942094	1120860941043415
799710	767956	31754	3449	8487848	8099734	1120860950521129
1448160	1419326	28834	4539	10676374	10937344	1120860962835459
1943380	1913930	29450	192	1975914	2731238	1120860966944665
1468304	1437536	30768	2481	6132364	6841710	1120860974735545
819890	789636	30254	4389	10465388	9999382	1120860986211081
1495280	1465616	29664	2949	7484324	7795858	1120860995380373
1478184	1449424	28760	3720	8886892	9320388	1120861005935167
1584140	1552984	31156	4840	11259828	11666826	1120861018969101
1433610	1403396	30214	701	2841636	3236382	1120861023434437
1635190	1604780	30410	4793	11004316	11622674	1120861036263941
1717716	1684752	32964	2731	7140386	7583014	1120861045312445
1482552	1453036	29516	3654	8512246	9192348	1120861055497175
1180818	1150476	30342	3423	8417452	8429756	1120861065285369
1088498	1058334	30164	3618	8161090	8736036	1120861074724943
1227382	1197330	30052	937	3145900	3508742	1120861079287881
1410230	1378518	31712	2350	6282308	6512302	1120861087170603
292256	259594	32662	523	2637594	1740888	1120861090290639
1641752	1589184	52568	45	1677612	2135014	1120861093800109
1424466	1391696	32770	445	8660310	2716252	1120861104074697
1440336	1410704	29632	445	2474006	2732172	1120861108182625
1804490	1774496	29994	4271	9947850	10747846	1120861120124709
550566	521330	29236	4308	9449226	9567956	1120861130318597
506530	456716	49814	4659	10903380	10227868	1120861141918503
680926	626078	54848	598	2779262	2278162	1120861145568909
1408362	1379324	29038	2719	7015282	7248652	1120861154182239
1404602	1375376	29226	2527	6658024	6862070	1120861162434461
1669822	1640268	29554	2390	6370866	6862160	1120861170665601
1417670	1383376	34294	1682	4530060	5183704	1120861176803439
1539174	1509414	29760	1631	4456660	5212054	1120861182988855
1196250	1166774	29476	128	1921322	1854970	1120861186295917
1449564	1419044	30520	4569	10827482	11000546	1120861198785097
1187496	1157982	29514	126	1827006	1850266	1120861201989017
1227956	1157572	70384	87	1675254	1804244	1120861205139391
693772	663026	30746	3824	9245952	8745030	1120861215269169
1050352	1017654	32698	3739	9069926	8931166	1120861225579673
1308950	1271000	37950	3153	7887804	8017360	1120861234966187
746966	716790	30176	318	1690524	1797150	1120861237594177
1620324	1590818	29506	2058	5697146	6138894	1120861245101467
1584080	1551826	32254	3238	8059650	8463320	1120861254935201
1195078	1157710	37368	312	1843734	2230732	1120861258164159
1463376	1432096	31280	3157	8043922	8179336	1120861267930391
1622326	1582486	39840	3223	8020456	8469748	1120861277763247
1189208	1159662	29546	243	1463320	2078074	1120861280606093
1470428	1436800	33628	467	2535228	2817864	1120861284801339
1574544	1541860	32684	4652	11007400	11281110	1120861297573359
1534304	1504522	29782	4695	10584968	11325798	1120861309883003
729486	699464	30022	762	2717866	2655776	1120861313520109
1258918	1227686	31232	963	3508130	3586988	1120861318477553
1551858	1523050	28808	400	2405458	2760432	1120861322624485
1404924	1372996	31928	3189	7560100	8185778	1120861331779405
1693966	1662876	31090	4682	10928726	11459838	1120861344592353
1388918	1347380	41538	1819	5095810	5452926	1120861351267313
1400666	1371350	29316	895	3376838	3594146	1120861356234969
212988	169622	43366	320	2361414	1254828	1120861358999343
1901468	1776420	125048	3966	9516788	10236802	1120861370607713
1071226	1041444	29782	714	2862832	2909714	1120861374731395
1448262	1418302	29960	2764	7096414	7387708	1120861383466357
1523732	1493418	30314	1471	4044202	4867932	1120861389223831
1610662	1502076	108586	1798	5179962	5609826	1120861396204689
1513770	1484334	29436	3201	7853028	8317742	1120861405761743
657718	626188	31530	1900	5358240	4859922	1120861411967651
1595074	1566206	28868	4672	10930240	11341550	1120861424682861
1589076	1541840	47236	153	1872910	2305094	1120861428334837
1345512	1313178	32334	3198	7930974	8143422	1120861437801219
427968	398234	29734	588	2467274	2006322	1120861440885683
968216	939048	29168	2721	6933988	6844342	1120861448977853
1401488	1370288	31200	1103	3807320	4010144	1120861454377039
618812	587230	31582	2384	6358302	5789576	1120861461544279
1422192	1391700	30492	2908	7395264	7640494	1120861470551605
1110376	1078718	31658	372	2351328	2268426	1120861474203773
1123198	1093242	29956	3139	7445534	7802722	1120861482962537
1330394	1299776	30618	1263	4111054	4260210	1120861488593709
1411584	1381128	30456	2561	6715708	6942070	1120861496910803
1403278	1372824	30454	1519	4498186	4855016	1120861503002465
1487544	1457824	29720	1868	5322318	5624458	1120861510002677
1749254	1718156	31098	3472	8331156	9095226	1120861520276303
1636696	1606294	30402	4907	10868524	11853398	1120861532971629
1323020	1291428	31592	4167	9295166	10059844	1120861543779891
1509592	1479924	29668	951	3599164	3814524	1120861549078427
1647458	1614088	33370	1851	5174470	5751350	1120861556090213
1598970	1568894	30076	1590	4701226	5182032	1120861562583757
792938	761720	31218	589	2154954	2372368	1120861565721653
1491628	1460836	30792	195	1858608	2284614	1120861569262357
1087708	1056728	30980	2721	6999622	6931844	1120861577540303
1556396	1526080	30316	2067	5726164	6093192	1120861585012943
1477620	1446260	31360	2388	6369326	6657044	1120861593050155
1542028	1512010	30018	4887	11328004	11718988	1120861606110473
1428418	1395160	33258	4998	11110448	11826604	1120861618843165
1422826	1391328	31498	1048	3402404	3929226	1120861623859067
479966	450184	29782	388	2371116	1658818	1120861626900233
1506504	1475040	31464	4060	9707514	10029464	1120861638304659
1766340	1505078	261262	918	3026020	4006074	1120861643286541
1481074	1449528	31546	3950	9491548	9784664	1120861654449083
1525528	1493870	31658	3299	7710488	8525754	1120861663875457
1224530	1194552	29978	2518	6465958	6664224	1120861671756393
1697206	1667276	29930	1972	5526050	6043828	1120861679169095
1459732	1425022	34710	2965	7088560	7799230	1120861687907497
1011534	982340	29194	4362	10308130	10136920	1120861699417179
676100	642780	33320	4345	10276524	9768246	1120861710559741
1185368	1154728	30640	252	1690060	2091524	1120861713624907
1661776	1629642	32134	2260	6198178	6585928	1120861721675283
820000	790938	29062	3056	7300480	7335026	1120861729985453
699086	668746	30340	1249	4080056	3600146	1120861734958461
1074324	1044684	29640	3482	8548724	8442206	1120861744771539
1504776	1474656	30120	578	2749708	3074408	1120861749215977
1650742	1620668	30074	3726	9158816	9505106	1120861760215943
1081086	1049876	31210	432	2444728	2347922	1120861763932313
1477616	1444026	33590	1476	4629054	4833252	1120861770228861
1665886	1636132	29754	1578	4374038	5224216	1120861776459007
1563938	1397426	166512	2249	6181648	6487178	1120861784395045
1414056	1382310	31746	4532	10660226	10887452	1120861796659043
1189272	1156556	32716	38	1565828	1678370	1120861799604237
1290892	1259358	31534	701	2998868	3096488	1120861804083741
7727856	7720804	7052	2883	7359444	13897376	1120861819364657
1409026	1378346	30680	3978	9555868	9767464	1120861830519741
781572	743564	38008	3495	8592966	8186818	1120861840084133
1406114	1374026	32088	3730	8681226	9269306	1120861850364639
1478378	1447468	30910	4538	10660166	10956166	1120861862692837
1311888	1282368	29520	1181	3963164	4099590	1120861868158329
1401548	1372624	28924	2714	7014406	7232658	1120861876779939
1219540	1188806	30734	1225	3986532	4084798	1120861882175847
670184	639044	31140	2628	6860358	6328472	1120861889896419
1279126	1180604	98522	4001	9585918	9683014	1120861900951299
1474752	1412682	62070	1268	3727072	4429540	1120861906342913
1205696	1175262	30434	1116	3954906	3850100	1120861911693817
1107252	1077666	29586	4282	10142704	10074852	1120861923133253
1401944	1372972	28972	493	2570298	2790028	1120861927295887
1348148	1317766	30382	556	2628056	2864038	1120861931462105
1435598	1400922	34676	4864	11139734	11564976	1120861944227425
938470	907190	31280	3641	8862532	8622996	1120861954218249
622608	591400	31208	3694	8299636	8412488	1120861963330329
1409180	1377322	31858	3797	9175530	9404932	1120861974104799
1565572	1536176	29396	360	2407856	2689630	1120861978271137
1642820	1610856	31964	3414	8042642	8874420	1120861988146327
1791024	1630816	160208	2952	7030040	8098250	1120861997160425
1609590	1578278	31312	4922	11376344	11855500	1120862010336923
1571458	1541054	30404	998	3578240	3970220	1120862015676713
1491058	1459152	31906	2081	5365916	6056112	1120862022724285
1184280	1154786	29494	121	1368468	1830214	1120862025467529
860738	830938	29800	741	2867636	2745742	1120862029385917
1306756	1275040	31716	2532	6269254	6772556	1120862037151809
1410438	1380698	29740	1722	5044138	5257202	1120862043795473
804630	774480	30150	58	1808090	1322920	1120862046597671
1412630	1383374	29256	1754	5121314	5344494	1120862053321569
1558748	1528066	30682	2074	5727102	6109204	1120862060797641
1601794	1570580	31214	2597	6851116	7198286	1120862069440661
1655218	1624210	31008	2080	5572166	6218748	1120862076857997
1413826	1383114	30712	1836	4668782	5488310	1120862083130617
1268094	1235402	32692	130	1500538	1952474	1120862086088789
1426590	1396146	30444	2069	5730570	5968622	1120862093439293
1536726	1504110	32616	2678	6461442	7295256	1120862101627403
683316	651064	32252	4911	10987320	10906974	1120862113487859
983804	954102	29702	1080	3753210	3545358	1120862118414275
1596162	1502526	93636	967	3664614	3942060	1120862123864661
1594364	1563548	30816	2463	6479872	6923068	1120862132128749
1494158	1463056	31102	1022	3626080	3939518	1120862137442453
1365772	1334954	30818	3603	8252002	8974748	1120862147250003
1611072	1581400	29672	1355	4294072	4725040	1120862153345259
1590722	1561162	29560	3710	8812530	9412756	1120862163938873
1828066	1787088	40978	4999	11572790	12226774	1120862177530103
767318	611326	155992	3502	8103746	8174492	1120862186591301
778332	749332	29000	163	1952564	1528640	1120862189512293
707232	674562	32670	2809	7221172	6727828	1120862197631109
1741266	1711262	30004	1627	4832812	5398466	1120862204395143
1569612	1539874	29738	2610	6808826	7201278	1120862212963373
888842	723780	165062	3908	9274394	9107780	1120862223316581
1182118	1152306	29812	288	1722926	2160776	1120862226411759
1164902	1134706	30196	3458	8341768	8482844	1120862236108489
283652	251950	31702	299	2227290	1284098	1120862238813187
1407978	1378238	29740	986	3556702	3783896	1120862243967533
1313874	1282062	31812	2761	7103938	7237812	1120862252575297
872248	840796	31452	3415	8467642	8114524	1120862262105623
1660570	1629446	31124	1169	3918128	4402544	1120862267909949
1626370	1577234	49136	2529	6033624	7086700	1120862275759705
1728950	1693732	35218	2766	7065088	7663368	1120862284744163
901174	869982	31192	3818	9235094	8948950	1120862295070329
958976	928416	30560	1750	5082998	4861604	1120862301302031
1516636	1487120	29516	2372	5850630	6663610	1120862308859601
702240	665876	36364	1229	4055522	3561650	1120862313807201
1639444	1530112	109332	4289	10176098	10620284	1120862325812387
1244236	1201706	42530	3973	9657036	9591728	1120862336903067
1412556	1372120	40436	3125	7838102	8065396	1120862346343357
498350	468596	29754	1993	5563124	4886746	1120862352595089
1476526	1443828	32698	1045	3401536	3984438	1120862357662989
977730	946820	30910	4853	11145904	11085650	1120862369976247
1405300	1375328	29972	533	2650942	2873886	1120862374225821
1103078	1069990	33088	615	2820732	2734144	1120862378339545
802266	772168	30098	392	1967288	1988612	1120862381298693
710474	680602	29872	1915	5548218	4943552	1120862387746927
1414116	1384080	30036	3939	9463658	9695036	1120862398814481
1075116	1044894	30222	2399	6033868	6296782	1120862406113409
365994	335074	30920	503	2583158	1773154	1120862409256297
359158	328580	30578	766	3071552	2292936	1120862412899363
1653492	1621314	32178	256	2098526	2567546	1120862416841751
847006	815930	31076	2662	6352814	6572992	1120862424231157
1629448	1598830	30618	4682	10952844	11395208	1120862437003541
1571986	1524190	47796	2947	6917486	7873776	1120862445684017
1433732	1403306	30426	3937	9454008	9708320	1120862456761627
1627412	1596200	31212	1218	4043956	4474132	1120862462623253
216394	186198	30196	367	1690856	1353416	1120862464720253
933552	903424	30128	4643	10974244	10621850	1120862476817273
1743228	1652042	91186	3985	9552940	10115584	1120862488302843
1488342	1456990	31352	1715	4954786	5322404	1120862494949973
1478248	1448510	29738	948	3420890	3775914	1120862500039839
1311996	1283270	28726	1741	5067728	5196770	1120862506613525
1529374	1496520	32854	3084	7768078	8109164	1120862516100805
642556	574774	67782	1612	4814594	4270686	1120862521751917
794610	763462	31148	82	1755192	1360782	1120862524492023
970708	940642	30066	541	2674884	2464522	1120862528328083
535994	506204	29790	1064	3739156	3064964	1120862532793297
1403528	1373764	29764	1438	4223934	4695940	1120862538610777
1095124	1063160	31964	4076	9769872	9659886	1120862549666281
673972	644366	29606	224	2100478	1524932	1120862552631101
1407618	1377086	30532	447	2487574	2713028	1120862556716757
1611288	1564074	47214	757	3172452	3537114	1120862561690373
1654668	1624854	29814	4618	10460042	11293094	1120862573995673
1512032	1480482	31550	436	1980180	2791838	1120862577681233
1228662	1198110	30552	3427	8389808	8484236	1120862587489555
776110	745204	30906	270	2122512	1719702	1120862590578937
1407792	1375326	32466	3861	9327864	9556264	1120862601504549
1021338	989094	32244	2504	6680348	6434178	1120862609396059
1701062	1628406	72656	748	3084748	3600164	1120862614371801
1562862	1524832	38030	979	3574864	3931756	1120862619699485
1736156	1704874	31282	2357	5828876	6852062	1120862627454729
788366	758700	29666	43	1675314	1275748	1120862630108935
1680212	1647412	32800	4633	10847582	11349310	1120862642830643
1099136	1070140	28996	2468	6529370	6438388	1120862650649603
1692222	1661422	30800	1151	3896942	4407072	1120862656428637
1703528	1626206	77322	3447	7829966	9000638	1120862666151803
1697070	1665974	31096	3099	7107034	8297040	1120862675149329
820552	789322	31230	1272	3440912	3775818	1120862679600793
1612886	1582352	30534	4199	9307108	10414740	1120862690711051
1467624	1437402	30222	1753	5019940	5384818	1120862697389633
1518574	1487648	30926	3094	7784750	8108906	1120862706882609
602900	559240	43660	2978	7074812	6969642	1120862714750785
1735240	1703778	31462	4698	16201308	11534116	1120862732877005
881074	849350	31724	3538	8677120	8359348	1120862742624755
875184	831970	43214	1790	5194796	4878332	1120862748884785
1208678	1179052	29626	184	1246722	1978834	1120862751530345
1476956	1445222	31734	2449	6546942	6777862	1120862759744557
1707922	1677802	30120	4167	9926862	10445082	1120862771569417
898644	738610	160034	2790	7089740	6881952	1120862779748045
1070232	1039022	31210	8	1600200	1489538	1120862782609161
838374	806298	32076	345	2280456	1938360	1120862785917743
1757846	1656118	101728	2434	6663670	7027734	1120862794529153
1969622	1687604	282018	1518	4531952	5418476	1120862801220911
1798220	1638612	159608	3876	9428592	9952646	1120862812637421
1795440	1764712	30728	475	2671716	3155454	1120862817294565
1502716	1472410	30306	628	2289978	3168130	1120862821277771
1026472	996616	29856	3792	8968900	9013250	1120862831463531
1400514	1369002	31512	2114	5823086	6030468	1120862838877465
1406156	1375558	30598	2550	6679522	6908080	1120862847153099
990744	960376	30368	138	1869802	1669754	1120862850203559
1672870	1643722	29148	4150	9881510	10374990	1120862861947657
643244	610634	32610	2659	6507258	6362920	1120862869287983
1477730	1447628	30102	1973	5634440	5826750	1120862876590465
1769360	1739010	30350	3768	9146252	9717338	1120862887695921
1151618	1112716	38902	4173	9796326	9900236	1120862898834157
1437118	1407334	29784	2066	5820172	5971456	1120862906281599
1250032	1175096	74936	157	1814578	1966864	1120862909536447
1574562	1502580	71982	3739	9039834	9454630	1120862920364919
1697228	1665886	31342	2993	7047204	8086518	1120862929299501
1051674	1021054	30620	728	2950440	2908842	1120862933491869
1247994	1160870	87124	183	1322030	2016812	1120862936252253
1435308	1405096	30212	4562	10782614	10961968	1120862948659443
1506998	1476454	30544	1618	4844166	5164712	1120862955201113
1520626	1467972	52654	970	3172398	3863128	1120862960084649
1406322	1375572	30750	4618	10817238	11044582	1120862972502217
1163114	1133524	29590	358	2485290	2290964	1120862976341057
1555736	1525168	30568	1157	3894904	4272274	1120862981981599
1370216	1341304	28912	3241	7920894	8256028	1120862991466029
1111256	1079706	31550	4692	11087998	10898552	1120863003854919
770394	731584	38810	411	2090932	1995070	1120863006906025
1394876	1364098	30778	546	2679292	2888904	1120863011170477
1675486	1638178	37308	3644	8868842	9365432	1120863021905033
1466452	1434966	31486	4623	10640562	11114972	1120863034201927
1487692	1453972	33720	2433	6441654	6755866	1120863042321067
1059502	1029720	29782	3730	9058206	8922430	1120863052628809
1424194	1394178	30016	3606	8804200	9044454	1120863063047449
1761582	1630650	130932	3548	8677986	9259308	1120863073676739
904600	811170	93430	901	2986462	3108410	1120863077757757
1187592	1155784	31808	193	1427168	1975148	1120863080562669
1640942	1610276	30666	897	3498002	3846934	1120863085891961
1464374	1339596	124778	687	3041494	3240344	1120863090587393
910046	879592	30454	4937	10925550	11186152	1120863102612997
1539676	1421516	118160	895	3510240	3740686	1120863107852557
1697020	1666358	30662	4204	9998270	10508714	1120863119737821
564356	534640	29716	1193	3375154	3352508	1120863123867099
1685884	1631954	53930	1157	3515828	4402194	1120863129258679
1635726	1605318	30408	1775	5115610	5587928	1120863136200381
1710078	1679926	30152	3359	7851976	8830796	1120863145952709
1641494	1609846	31648	2438	5907678	6918854	1120863153692001
1278286	1247796	30490	912	3407826	3504076	1120863158568757
1678482	1647814	30668	3817	9279710	9737260	1120863169716891
1646770	1511042	135728	1772	5125356	5594006	1120863176679127
1656032	1612890	43142	834	2725414	3724500	1120863181250331
1579220	1546670	32550	2446	5982102	6880794	1120863189001461
1666482	1635154	31328	3018	7606520	8103700	1120863198464647
1333298	1304174	29124	1080	3822866	3900908	1120863203811459
421662	391342	30320	326	2234750	1476186	1120863206657813
1659450	1512322	147128	2323	6068146	6716238	1120863214575549
797314	767806	29508	168	1931910	1542912	1120863217495341
1788230	1620550	167680	2089	5764734	6368226	1120863225238221
1439132	1407296	31836	2884	6687764	7616658	1120863233555093
1406350	1373666	32684	2153	5894716	6113696	1120863241046199
693878	607302	86576	2873	7223574	6842524	1120863249153653
940476	909090	31386	4577	10879844	10496556	1120863261164171
1587176	1446532	140644	2046	5669610	6081992	1120863268610807
1610766	1579848	30918	3282	7682292	8578756	1120863278094339
6847536	6844048	3488	2183	6082194	11614714	1120863291217097
1060628	1031120	29508	1024	3642362	3511698	1120863296110099
1414472	1383032	31440	3381	8353506	8578800	1120863306071907
547860	516434	31426	2619	6627962	6187500	1120863313441163
767694	737138	30556	2207	5636152	5583560	1120863320034921
1745348	1633620	111728	2764	7132962	7675664	1120863329106607
1107622	1077414	30208	1235	4096480	3980992	1120863334500787
1593074	1563314	29760	4500	10604466	11014738	1120863346888151
1644792	1614468	30324	2002	5527178	6052690	1120863354249833
214210	170064	44146	758	2658956	2131062	1120863357313179
1244732	1208930	35802	1917	5419696	5479936	1120863364167665
1416450	1387478	28972	4866	10790720	11551912	1120863376565349
1684704	1654938	29766	1565	4683456	5226908	1120863383123509
1578536	1548374	30162	2710	6439198	7407358	1120863391331229
915324	884016	31308	3802	9183146	8923582	1120863401619955
1530526	1493150	37376	3889	8978536	9710526	1120863412319123
1191894	1159000	32894	1803	5267442	5206702	1120863418968369
1098718	1067048	31670	3098	7779786	7697270	1120863428037173
380830	288374	92456	377	2341718	1536394	1120863430953249
981252	951384	29868	2894	7364878	7171490	1120863439489585
741480	690256	51224	1815	5216688	4772648	1120863445637813
874160	842222	31938	697	2988420	2671604	1120863449690467
1234450	1204396	30054	2187	5975530	6010254	1120863457090717
508804	469334	39470	3418	8433838	7746150	1120863466222959
1415412	1384310	31102	1080	3758988	3977616	1120863471587497
1075316	1042446	32870	4588	10742388	10653756	1120863483595357
725974	694832	31142	1679	4937040	4486218	1120863489447953
1094884	1065964	28920	3070	7806256	7637338	1120863498538809
1549972	1512816	37156	785	3163088	3526936	1120863503441821
535078	447184	87894	2971	7523524	6878250	1120863511690927
1428544	1398660	29884	1889	4996908	5609934	1120863518306291
1547986	1517400	30586	3379	8183758	8707466	1120863528227721
1499786	1470102	29684	1766	4836428	5434692	1120863534753413
1365592	1335766	29826	3274	7522512	8315566	1120863543831157
1003578	971688	31890	1153	3522510	3711822	1120863548547129
1437722	1407250	30472	1844	5287890	5541796	1120863555463193
1104980	1050056	54924	4103	9312570	9712324	1120863566070399
565490	532138	33352	2491	6167726	5949436	1120863572996841
1784830	1685366	99464	2528	6680512	7244128	1120863581652129
858902	770118	88784	2361	6233356	5982644	1120863588934133
1353706	1323084	30622	3613	8333374	8994426	1120863598810853
938298	906668	31630	4592	10834336	10524468	1120863610773277
1656770	1625174	31596	3249	8769764	9241094	1120863621389739
1733708	1702658	31050	4848	11293424	11830692	1120863634606601
1849674	1658170	191504	965	3025690	4183170	1120863639672549
1557568	1527104	30464	2984	7390088	7927092	1120863648810319
1648114	1554564	93550	3223	7624108	8505208	1120863658272759
1515346	1485168	30178	2530	6547968	6976374	1120863666525969
1498754	1467984	30770	2681	6954432	7270990	1120863675169345
1027302	997320	29982	1560	4493292	4549992	1120863680879845
958902	928436	30466	3364	8316992	8090512	1120863690345321
1427876	1391440	36436	3365	8313208	8559786	1120863700276285
1638186	1481870	156316	3213	8013824	8468132	1120863710118533
1041674	905488	136186	1309	4139630	4061670	1120863715493889
1669042	1639292	29750	3605	8804202	9281728	1120863726157283
1115006	1085544	29462	360	1716910	2236706	1120863729179181
1179846	1146410	33436	4757	11230690	11095792	1120863741779917
931388	900642	30746	142	1869942	1617496	1120863744771443
1114984	1004190	110794	2001	5614272	5519482	1120863751690941
1362640	1302590	60050	3810	8722464	9384128	1120863761966485
1641754	1611376	30378	1020	3049562	4084602	1120863766851621
1451006	1420316	30690	3852	8711742	9557548	1120863777204833
1188766	1157956	30810	56	1128856	1711650	1120863779712517
603086	573254	29832	4159	9837218	9323246	1120863790342749
1627774	1596570	31204	3229	8042168	8488940	1120863800203383
224874	189932	34942	375	1948528	1377760	1120863802566413
722848	692710	30138	1427	4444564	3985088	1120863807924369
1057252	1027528	29724	3318	8217256	8096498	1120863817388693
994186	964798	29388	88	1832718	1573008	1120863820405599
1403464	1372482	30982	3309	8211818	8432838	1120863830210869
1578326	1464002	114324	4516	10232294	11012948	1120863842211625
1511310	1481332	29978	4325	10235540	10563710	1120863854148457
1602998	1570940	32058	1821	5242066	5647402	1120863861186189
1194014	1163730	30284	52	1634802	1699730	1120863864205085
1516692	1485918	30774	4542	10496060	11002562	1120863876407661
1721678	1568020	153658	291	2213274	2728274	1120863880532661
1609638	1579750	29888	3259	8124054	8539066	1120863890456537
1455864	1421828	34036	4029	9556150	9916282	1120863901658665
1646368	1613180	33188	4554	10696474	11156798	1120863914191101
1638182	1608022	30160	2045	5225106	6130428	1120863921244823
1395586	1366020	29566	2378	5761518	6563500	1120863928592199
1776248	1744430	31818	3803	9200748	9793778	1120863939758733
1490684	1460650	30034	2660	6907518	7213446	1120863948347153
1915356	1730466	184890	4020	9477746	10356934	1120863959929703
1562596	1532012	30584	3310	8068426	8584956	1120863969750907
1764662	1733934	30728	3669	8398502	9505080	1120863980104881
1333326	1303306	30020	3489	8377650	8713350	1120863990009501
1491994	1462624	29370	640	2867586	3174678	1120863994562101
899888	825288	74600	1712	5099808	4736488	1120864000751987
877082	847380	29702	2758	7106506	6801198	1120864008925119
1675324	1645016	30308	1168	3922290	4413608	1120864014713257
964958	901956	63002	780	3087008	2949378	1120864018954939
1192308	1161006	31302	278	1750856	2159574	1120864022088201
698886	666904	31982	4858	11224722	10817472	1120864034230673
747328	587782	159546	2826	6944706	6801720	1120864042113009
1464516	1434708	29808	2268	6125080	6402770	1120864049896223
3489746	3484844	4902	3785	9149406	11460840	1120864062725377
1537156	1504978	32178	4697	10988256	11342328	1120864075440685
1469778	1439560	30218	2197	5880824	6265928	1120864082981213
1772930	1717800	55130	4071	9564174	10318600	1120864094508259
608512	567574	40938	3753	9113312	8524574	1120864104419845
1625368	1596412	28956	1188	3968526	4409550	1120864110204547
1704446	1673708	30738	1912	5044744	5929988	1120864117143589
1413610	1383298	30312	698	2581586	3220308	1120864121328797
1550354	1519806	30548	2219	6020488	6391784	1120864129089421
513838	479372	34466	4056	9189650	9053840	1120864138982813
1522084	1481474	40610	2425	6429898	6772986	1120864147124977
922060	892492	29568	2190	5851658	5705080	1120864154088955
301332	272324	29008	308	2200206	1319822	1120864156784227
1460158	1430442	29716	2187	5965998	6236054	1120864164400913
1574460	1529092	45368	1406	4025884	4789348	1120864170191243
1155940	1017634	138306	1209	3999472	3976260	1120864175536625
1749750	1719638	30112	2610	6342288	7372940	1120864183818443
396380	364434	31946	201	1489858	1202656	1120864185894995
1582790	1551852	30938	1784	5147608	5552062	1120864192815351
1482386	1451790	30596	2659	6459316	7203128	1120864200946941
1707654	1678178	29476	2130	5841248	6370960	1120864208686179
713250	682258	30992	1284	4038548	3696098	1120864213627703
1596328	1566476	29852	2430	6438592	6859854	1120864221852685
895810	863668	32142	4695	10803350	10688806	1120864233742087
1514680	1387884	126796	4905	11533810	11726820	1120864246980875
1513642	1483864	29778	2076	5741140	6068642	1120864254425807
1571306	1540036	31270	2692	6889938	7358302	1120864263077329
585262	554328	30934	3880	8954092	8755538	1120864272807227
1707158	1674574	32584	3979	9548432	10068858	1120864284252993
964504	931908	32596	4091	9610694	9549220	1120864295018349
1670712	1634530	36182	551	2689610	3175744	1120864299568477
1447886	1418740	29146	1069	3335110	3988992	1120864304541669
528016	490580	37436	3150	7892070	7239864	1120864313151639
795898	766802	29096	3413	8418110	8023782	1120864322555453
1531708	1490556	41152	1759	4474296	5452716	1120864328751277
1730292	1698692	31600	1770	4621882	5673084	1120864335293813
1657650	1524518	133132	4588	10367584	11236890	1120864347509033
1413858	1380628	33230	1953	5042222	5721178	1120864354155237
1498656	1465680	32976	4215	9825902	10330706	1120864365669893
539672	387720	151952	4713	10943528	10367844	1120864377342797
1586272	1549262	37010	2835	7252988	7659138	1120864386371361
211776	181408	30368	308	2207808	1236772	1120864388980897
1701120	1671226	29894	4377	10337792	10856484	1120864401210143
969692	803376	166316	2844	7086684	7060964	1120864409456657
527198	496278	30920	137	1860984	1203362	1120864412034127
3951690	3947024	4666	1670	5047174	7693558	1120864421226505
1597244	1565296	31948	4240	9367994	10488728	1120864432382017
1313216	1206678	106538	4037	9662892	9795310	1120864443547901
1263188	1232818	30370	3400	7872438	8464804	1120864452873739
1193906	1161186	32720	120	1357042	1842690	1120864455614481
1642062	1609582	32480	2891	7374068	7824454	1120864464820583
1400334	1369408	30926	3402	7999806	8615124	1120864474410729
1728426	1697634	30792	4914	11483620	12023724	1120864487812777
1586934	1556360	30574	4014	9197558	10017348	1120864498787197
