# Loop @ Start frequency 1100000Hz took 1945.95 cycles
# Interval [1929 ; 1963]
# Q1 : 1926 ; Q3 : 1930
# Loop @ Target frequency 800000Hz took 2675.59 cycles
# Interval [2670 ; 2681]
# Q1 : 2650 ; Q3 : 2652
# Confidence intervals do not overlap, alternatives are statistically different with selected confidence level
Change time (with write) [cycles]	Change time [cycles]	Write cost [cycles]	Wait time [us]	Time since last frequency change request [cycles]	Time since last frequency change [cycles]	Detected frequency change timestamp [cycles]
1215468	1167366	48102	3567	447056274	447883752	1120617685383331
795840	764180	31660	4812	10664832	10823182	1120617697375601
1202726	1172042	30684	907	3409026	3420060	1120617702516301
1185884	1155984	29900	3036	7269694	7669624	1120617711497459
1212306	1176848	35458	4996	11270062	11605430	1120617724505809
658628	628628	30000	2463	6524612	5986378	1120617732218121
1191108	1160968	30140	4156	9925120	9919510	1120617743860489
352126	323024	29102	3982	9218646	8717496	1120617753967371
1200626	1170486	30140	4075	9755694	9761652	1120617765461821
1191288	1159860	31428	3998	9321842	9588882	1120617776502439
1200410	1170762	29648	3427	8159868	8462202	1120617786387469
1132510	1101480	31030	2191	5939088	5917746	1120617793985449
1013154	983222	29932	4544	10696486	10507634	1120617806242089
0	0	0	0	0	0	0
1190316	1157122	33194	4101	9532114	9792752	1120617828593051
1188006	1157628	30378	3295	8087572	8180224	1120617838394669
368904	337994	30910	2535	6454796	5850754	1120617845745479
952506	921876	30630	27	1874934	1430658	1120617849107071
638040	599952	38088	2511	6637960	6063000	1120617856908521
610760	581178	29582	4626	10847750	10263680	1120617868893191
222320	188846	33474	4697	10996150	10017654	1120617880636641
922454	892010	30444	4859	11325008	11042478	1120617893408651
0	0	0	0	0	0	0
300636	267038	33598	447	2501974	1599894	1120617902392779
1193916	1163646	30270	3556	8718054	8709246	1120617912831979
538336	507710	30626	4871	10825634	10706402	1120617924722341
1453960	1161858	292102	3275	8146750	8405938	1120617934847859
1302468	1273032	29436	1540	4683734	4785160	1120617941358321
744184	715010	29174	3078	7758726	7302020	1120617950387971
1195360	1164920	30440	1572	4750790	4741574	1120617956861121
1189196	1158402	30794	1286	4189216	4163402	1120617962766931
1128098	1099138	28960	4158	9735354	9845666	1120617974157681
822656	666746	155910	156	1919964	1546034	1120617977426381
1187184	1156420	30764	590	2779296	2769638	1120617981918691
1084066	1054230	29836	1788	4761962	5061732	1120617988317529
423880	392430	31450	4822	11252008	10468956	1120618000519249
386956	354274	32682	271	2275712	1332276	1120618003706289
1314246	1161962	152284	2722	7044224	7161260	1120618012599571
930208	898812	31396	3041	7362784	7424390	1120618021419431
1188418	1156472	31946	1519	4140582	4628250	1120618027273601
1055938	1026148	29790	1506	4343614	4469428	1120618033199041
1192106	1163168	28938	4306	10210834	10207194	1120618045127101
0	0	0	0	0	0	0
1187864	1156446	31418	1904	5424636	5397574	1120618061456731
464788	433560	31228	2294	5779724	5453628	1120618068225721
866150	835812	30338	1597	4284690	4464640	1120618073900991
1185854	1156316	29538	2113	5833404	5820134	1120618081462659
1184320	1155508	28812	412	1935142	2411116	1120618085109121
1209328	1178642	30686	138	1507932	1887664	1120618088352101
1198612	1168166	30446	3347	7951690	8303928	1120618098029301
1185866	1157458	28408	16	1100312	1619808	1120618100866529
1215722	1184728	30994	1746	4830898	5110772	1120618107438301
622332	591608	30724	4935	11463568	10893840	1120618120050809
1002220	971718	30502	3464	8557190	8340184	1120618130134669
0	0	0	0	0	0	0
1192640	1162488	30152	2732	6800208	7068648	1120618148990929
1446436	1186130	260306	1498	4542734	4845296	1120618155506691
1189496	1156822	32674	4146	9683694	9884208	1120618166929591
880640	849426	31214	1096	3685710	3474906	1120618172020761
410632	379974	30658	1260	4143070	3356272	1120618177114651
1195822	1162462	33360	4117	9827770	9830876	1120618188663721
726360	696844	29516	2011	5473040	5149960	1120618195388299
758430	684310	74120	172	1937274	1504098	1120618198610253
1199840	1153956	45884	2268	5653970	6157840	1120618205989699
210424	174884	35540	4094	9801514	8810076	1120618216540209
1196906	1165440	31466	745	3099184	3089812	1120618221362671
1191120	1161066	30054	2672	6620340	6936938	1120618229700721
1217134	1174916	42218	3355	8279056	8329298	1120618239734659
1298386	1175030	123356	1239	3663716	4178470	1120618245243911
884788	854982	29806	4099	9745132	9485006	1120618256400201
1205800	1175750	30050	3278	11278102	8164204	1120618269409133
414460	383482	30978	2673	6891060	6161206	1120618277241741
1129186	1098780	30406	2143	5890674	5817732	1120618284786421
805604	775488	30116	1737	5075036	4681716	1120618291192809
1187882	1156180	31702	1406	4413360	4402380	1120618297318981
1085088	1054484	30604	797	2860024	3081248	1120618301790191
557438	527296	30142	643	2900132	2246154	1120618305782509
1201506	1170706	30800	3558	8711096	8718920	1120618316232481
1197734	1165952	31782	4047	9287574	9694454	1120618327243619
1172330	1133068	39262	882	3370428	3337538	1120618332311219
734308	704750	29558	2473	6159960	6086280	1120618339731089
1026168	994346	31822	1585	4771594	4599726	1120618346074901
224838	174730	50108	2540	6697710	5712136	1120618353523509
673002	640114	32888	4264	10134588	9605128	1120618364879661
913074	883674	29400	2738	7081686	6790332	1120618373399569
1304372	1274248	30124	2733	7069168	7172572	1120618382298821
199472	166518	32954	4271	10015656	9149650	1120618393039909
1195840	1164872	30968	2902	7404202	7401280	1120618402164161
1201492	1169620	31872	3628	8673668	8866344	1120618412565741
1195274	1164972	30302	3111	7525416	7825496	1120618421813471
1185128	1156524	28604	266	1744990	2118688	1120618425293249
1182306	1134568	47738	4833	10757014	11252182	1120618437758329
0	0	0	0	0	0	0
480454	451164	29290	226	2068322	1335010	1120618443898445
0	0	0	0	0	0	0
0	0	0	0	0	0	0
1129638	1100838	28800	3731	9057810	8992852	1120618469501399
0	0	0	0	0	0	0
1196658	1165154	31504	3481	8420162	8559924	1120618491244289
443690	414116	29574	587	2700872	2021144	1120618494915291
1231528	1164618	66910	4252	9603684	10137160	1120618506277071
720606	691004	29602	3693	8946086	8514080	1120618516470081
1328022	1296070	31952	3638	8878928	9007316	1120618527203369
1138492	1108416	30076	2737	6653826	7014056	1120618535521777
1280124	1161746	118378	1854	5307476	5389676	1120618542659391
1186592	1156400	30192	262	1936080	2113086	1120618546307801
344956	314072	30884	2312	5709994	5371250	1120618552888139
1190662	1161186	29476	533	2732870	2658090	1120618557335801
1179190	1145762	33428	3593	8692730	8767856	1120618567734231
927282	895922	31360	99	1796056	1532054	1120618570992069
1193060	1163060	30000	4288	10289260	10169006	1120618582999981
1210978	1182268	28710	4109	9458890	9829660	1120618594195829
620328	588886	31442	2408	6206412	5846804	1120618601547151
1184386	1154896	29490	3027	7657156	7640506	1120618610923151
1186890	1157004	29886	4985	11380682	11558006	1120618624017521
385926	357298	28628	678	2461492	2143862	1120618627412539
1189176	1157370	31806	2117	5329892	5825380	1120618634457669
823776	792030	31746	2293	6206404	5810804	1120618642012311
1040508	1007894	32614	1789	5190952	5025816	1120618648790909
1190236	1160690	29546	914	3429074	3420990	1120618653936631
245920	213730	32190	4153	9583518	8953586	1120618664304249
815088	785434	29654	1515	4775812	4246888	1120618670421409
660470	630956	29514	1040	3682220	3143096	1120618675290751
1187238	1156012	31226	4496	10246672	10581394	1120618687251341
1188714	1158306	30408	3415	7991166	8420604	1120618696956751
1192400	1162360	30040	4104	9428650	9802298	1120618708104379
1195706	1165928	29778	3390	8250916	8386234	1120618718077631
1188044	1156516	31528	3186	7700124	7962462	1120618727489859
0	0	0	0	0	0	0
1192798	1161712	31086	3823	9026770	9249606	1120618751060469
0	0	0	0	0	0	0
572372	541394	30978	155	2011306	1283718	1120618765691879
586090	555708	30382	3875	9349650	8738738	1120618776161539
1225950	1197242	28708	4861	10960252	11348958	1120618788873381
248010	218224	29786	2928	7474380	6506736	1120618797121309
743814	712960	30854	110	1820128	1366840	1120618800211081
1297410	1168334	129076	1900	5409092	5505388	1120618807444691
954150	924476	29674	4545	10487080	10446652	1120618819413271
1089392	1057328	32064	3369	7880724	8229044	1120618828908485
1191344	1160952	30392	2297	6194538	6188036	1120618836820371
1196158	1166090	30068	4406	10356564	10410420	1120618848899021
1195296	1165500	29796	787	2774842	3171490	1120618853396189
1187374	1156998	30376	3521	8456766	8631010	1120618863566211
849434	818666	30768	2005	5130996	5261994	1120618870084191
1187756	1156400	31356	1318	3743612	4226146	1120618875540409
1205692	1174772	30920	4294	9788818	10194412	1120618887086311
1027068	997108	29960	824	2744642	3076166	1120618891383601
341096	309652	31444	1278	4153584	3299270	1120618896403671
808038	776940	31098	2680	6962464	6568366	1120618904700461
1190574	1158240	32334	1094	3789674	3779480	1120618910206969
1201072	1160614	40458	3047	7610328	7710106	1120618919543481
1192492	1162804	29688	162	1405440	1919564	1120618922676831
449040	417486	31554	1420	3869782	3697346	1120618927519281
1231298	1164034	67264	1616	4835230	4864728	1120618934121569
1192098	1163218	28880	4621	10611194	10834788	1120618946450191
1190040	1160430	29610	1886	5267468	5363742	1120618953434169
1190184	1159216	30968	4189	9616934	9970144	1120618964766229
1296844	1172644	124200	4642	10408926	10991074	1120618976998759
220090	166040	54050	2200	5585420	5020898	1120618983329979
0	0	0	0	0	0	0
1187444	1156546	30898	3859	8774904	9319358	1120619005337159
1186698	1157120	29578	1704	4782214	4996324	1120619011832321
234802	190486	44316	4153	9700318	8941526	1120619022302331
909550	877266	32284	3768	9143270	8858590	1120619032881009
1191944	1161082	30862	2718	7034548	7029848	1120619041633421
763088	731240	31848	3756	9110804	8676510	1120619052044391
624660	595056	29604	1692	4998100	4419322	1120619058193949
1205770	1177046	28724	4481	10582770	10590730	1120619070506931
461046	429722	31324	1863	5184946	4588332	1120619076678141
1161862	1129008	32854	2575	6755908	6713070	1120619085122991
365972	336448	29524	1574	4756598	3916008	1120619090772981
312622	282880	29742	4855	11352840	10467458	1120619102963601
1204748	1175134	29614	44	1182252	1694844	1120619105875681
1311476	1166878	144598	4716	10660714	11144752	1120619118386331
0	0	0	0	0	0	0
493822	462840	30982	2537	6562378	5968844	1120619136284561
1196454	1165978	30476	3773	9151434	9153778	1120619147159049
1217318	1185504	31814	320	2121630	2260930	1120619151025869
1194046	1162164	31882	1013	3626414	3621938	1120619156372641
656614	626906	29708	613	2516866	2295876	1120619160073129
1048368	1013008	35360	4795	11194882	11049270	1120619172842781
945260	914216	31044	1000	3609540	3347340	1120619177923589
1191708	1161788	29920	2181	5981160	5975510	1120619185636019
770104	738324	31780	4979	11422376	11130776	1120619198366269
1199790	1168720	31070	1799	5224188	5199346	1120619205317969
1307640	1276294	31346	1483	4288538	4675902	1120619211439809
1211974	1168588	43386	1306	4003468	4226294	1120619217180121
0	0	0	0	0	0	0
804804	773226	31578	2629	6872434	6473492	1120619230254839
1201826	1169870	31956	847	2930102	3299372	1120619234911729
1201706	1163160	38546	3437	8474884	8477556	1120619245115601
1190538	1157222	33316	2324	5949978	6242076	1120619252782397
634748	603644	31104	2335	5920830	5708024	1120619259864459
1197350	1166250	31100	4813	10706806	11225160	1120619272306965
870810	839194	31616	4546	10704066	10365224	1120619284408349
1221142	1169786	51356	3083	7765098	7789694	1120619293920641
1187496	1156750	30746	4348	10310796	10291506	1120619305968871
1045062	1014600	30462	1639	4313808	4724618	1120619311864401
381110	349652	31458	4708	11015600	10199074	1120619323800391
1211682	1177820	33862	3991	9578828	9595986	1120619335136821
1192830	1163254	29576	895	3386330	3384534	1120619340241969
1191132	1161424	29708	130	1602648	1862932	1120619343562271
734004	702586	31418	3547	8167766	8230036	1120619353015001
1188706	1157398	31308	2350	5955074	6291184	1120619360683679
1164570	1118796	45774	3611	8803808	8789258	1120619371177459
631928	596172	35756	3071	7797502	7177110	1120619380132791
1190884	1161378	29506	3121	7843876	7840560	1120619389693619
1113054	1081840	31214	3537	8677498	8588846	1120619400033761
1205424	1172678	32746	1541	4702884	4712910	1120619406468039
1323000	1161228	161772	4851	11310052	11428410	1120619419627521
508192	472340	35852	3520	8430538	7951076	1120619429102611
1181736	1128542	53194	3752	8654344	9086510	1120619439464071
334788	305170	29618	1926	5521652	4588904	1120619445847109
1201696	1170240	31456	4751	11112254	11105070	1120619458705871
1185272	1155672	29600	2108	5744318	5802376	1120619466161389
503394	473316	30078	3409	7882264	7723324	1120619475073529
429992	400210	29782	1582	4755446	3996214	1120619480784029
0	0	0	0	0	0	0
368418	338800	29618	3269	8135214	7308636	1120619495576391
1049200	1018316	30884	1444	4486282	4340178	1120619501647121
358812	327754	31058	367	2354216	1492880	1120619504910679
850608	818396	32212	4526	10137314	10303386	1120619516424391
557040	526560	30480	1010	3292852	2990400	1120619520800801
1192290	1161560	30730	3218	8292842	8030720	1120619530811961
1192616	1162944	29672	4507	10437056	10609286	1120619542966251
1327240	1297836	29404	3592	8751252	8913112	1120619553570761
1205124	1174956	30168	4429	10403336	10462790	1120619565714511
1207066	1176510	30556	2363	5944776	6334550	1120619573402391
1189502	1158016	31486	3697	8998520	8987564	1120619584116791
412382	382236	30146	765	2617578	2343736	1120619587673631
1201480	1171600	29880	3037	7195410	7677948	1120619596606641
1354074	1175768	178306	1186	3776064	4128214	1120619602261209
1335774	1165606	170168	2722	6864166	7190720	1120619610986841
1094080	1062704	31376	2586	11319148	6669218	1120619623925419
539348	447458	91890	2562	6598760	6065566	1120619631614259
1155766	1116504	39262	3618	8833604	8795244	1120619642152579
299174	269312	29862	410	2513764	1539858	1120619645489939
1188850	1158926	29924	4858	11329320	11307100	1120619658533509
1191150	1161062	30088	1582	4499898	4765218	1120619664751849
1186710	1156324	30386	3846	9178348	9282360	1120619675643329
0	0	0	0	0	0	0
1195268	1164216	31052	616	2849462	2838894	1120619690501669
1040708	1007566	33142	730	2664952	2926002	1120619694733109
1413642	1383990	29652	4975	11550838	11767882	1120619708223941
1204190	1169134	35056	3171	7748938	7958640	1120619717704409
464738	434960	29778	3263	8132242	7394226	1120619726850889
393776	298188	95588	3658	8417696	8113636	1120619736187881
1185330	1155478	29852	2970	7050920	7529204	1120619744951309
873288	843616	29672	1899	5217702	5075016	1120619751567271
0	0	0	0	0	0	0
921508	891806	29702	4256	10126812	9848494	1120619775717321
1193140	1164340	28800	1769	5138978	5134466	1120619782584919
1296458	1164102	132356	4276	9740444	10274866	1120619794148121
887512	858130	29382	301	1997328	1897968	1120619797557099
517078	487188	29890	3424	8461954	7768802	1120619807074651
739014	707822	31192	2861	7325226	6863854	1120619815664481
941572	910328	31244	4112	9868628	9566578	1120619827012969
1195080	1163724	31356	4151	9903750	9901324	1120619838638401
1195492	1163208	32284	2256	6114338	6112034	1120619846474781
548476	518804	29672	4034	9462592	9026088	1120619857013609
1399840	1368924	30916	4903	11406570	11609378	1120619870344881
1189688	1157714	31974	1688	4468890	4968070	1120619876530689
366548	334770	31778	2109	5565712	4994006	1120619882989469
650638	619336	31302	1608	4818012	4270176	1120619888985611
720792	689656	31136	962	3028968	3046260	1120619893261709
1187258	1157214	30044	3338	8256400	8265566	1120619903232139
756266	727334	28932	735	2554112	2629146	1120619907069009
1006358	976958	29400	1482	4561214	4373126	1120619913161061
1200584	1170490	30094	3071	7740558	7744056	1120619922627291
429526	399318	30208	4014	9685044	8967158	1120619933268109
0	0	0	0	0	0	0
0	0	0	0	0	0	0
1192802	1161406	31396	2561	6286438	6718326	1120619953277261
1201508	1172274	29234	2849	6864232	7302718	1120619961867909
1190690	1160622	30068	1244	3738688	4080304	1120619967346979
1296708	1254188	42520	2967	7409672	7633478	1120619976578971
309940	278264	31676	1604	4946238	3920394	1120619982362119
930618	901046	29572	39	1675212	1411578	1120619985492779
1187818	1157586	30232	1695	4989322	4979782	1120619992206001
1188310	1158302	30008	4374	10232028	10346314	1120620004152329
462680	433260	29420	3531	8516824	7947074	1120620013656625
8605962	8602212	3750	2513	6234568	14033168	1120620029033901
1196094	1165498	30596	2483	6565134	6564148	1120620037319939
1184680	1155672	29008	4695	10632280	10976178	1120620049662401
1327414	1204930	122484	2080	5508664	5890374	1120620057049099
1196794	1160154	36640	4985	11566928	11569590	1120620070338301
692774	662398	30376	4703	10552114	10501064	1120620082108269
1193298	1159228	34070	3532	8234742	8659640	1120620092062659
263070	215754	47316	2604	6621330	5872038	1120620099472439
451776	422374	29402	4218	10046766	9290690	1120620110497051
1222718	1190136	32582	596	2787354	2818500	1120620115033941
1196544	1165264	31280	4133	9483566	9864316	1120620126239659
1194456	1161918	32538	4664	10943084	10933482	1120620138903501
1050806	1021792	29014	3903	9089584	9259824	1120620149569739
0	0	0	0	0	0	0
1053194	1023608	29586	3540	8448368	8536006	1120620166747941
0	0	0	0	0	0	0
738694	708756	29938	4918	11565406	10977110	1120620191593321
445432	413356	32076	1158	3915378	3163884	1120620196499979
0	0	0	0	0	0	0
1195364	1163186	32178	3235	7771826	8067394	1120620211041769
1130624	1100790	29834	553	2480776	2638990	1120620215179009
768012	738498	29514	3179	7968790	7528288	1120620224442391
0	0	0	0	0	0	0
307658	277222	30436	4083	9767604	8877086	1120620247423841
889734	860440	29294	4279	10151804	9847888	1120620258991809
411404	320214	91190	3894	8883716	8600294	1120620268813361
1190768	1161422	29346	1731	5068360	5055676	1120620275598729
1188718	1156086	32632	2542	6208532	6676256	1120620283546611
1182172	1149576	32596	1197	3734878	3976838	1120620289010061
853982	822814	31168	4572	10747086	10401076	1120620301135699
1192794	1161372	31422	4725	11049244	11044918	1120620313902519
1186208	1157246	28962	1616	4356384	4821700	1120620319979781
1186900	1157514	29386	2907	7367520	7424114	1120620329072501
409056	380366	28690	2035	5303536	4880856	1120620335310531
538902	509578	29324	251	2095336	1442170	1120620338470379
1191016	1160990	30026	4439	9961190	10475884	1120620350202435
1196346	1166172	30174	4084	9569230	9776514	1120620361493657
549306	518872	30434	3836	8886664	8624018	1120620371482521
1192024	1160556	31468	1843	5308878	5282206	1120620378509171
1194632	1165560	29072	2724	7073772	7044862	1120620387303765
1127574	1098722	28852	2228	6042260	5985886	1120620395000589
1056170	1025282	30888	4334	10262618	10125668	1120620406845109
1070260	1039980	30280	220	1555710	1912340	1120620409997251
1190096	1158802	31294	2469	6546564	6538700	1120620418273051
1196628	1164508	32120	4381	10016882	10367274	1120620430011389
1194492	1161006	33486	3324	7769540	8244088	1120620439523181
1334982	1305440	29542	1701	4894930	5139006	1120620446289601
600016	570454	29562	2389	6198774	5786620	1120620453612589
1204386	1172254	32132	1254	4107302	4116052	1120620459472969
1205552	1161858	43694	1146	3519038	3901204	1120620464724099
1191746	1159208	32538	1524	4458864	4641738	1120620470900249
1202954	1170876	32078	2838	6970856	7280364	1120620479599311
460856	431228	29628	757	2851902	2377274	1120620483463269
1191160	1160254	30906	1387	3893070	4368480	1120620489073539
0	0	0	0	0	0	0
1260140	1230286	29854	778	2815250	3217696	1120620500088371
569118	538672	30446	3625	8860992	8230236	1120620510045331
1200048	1169892	30156	1366	3858338	4334208	1120620515632217
1193336	1163234	30102	4116	9622024	9826874	1120620526981429
1187590	1157794	29796	3541	8414080	8672186	1120620537109511
534148	503068	31080	2343	6085292	5622916	1120620544256001
716486	686108	30378	138	1882266	1401136	1120620547380411
1200952	1153124	47828	3398	8396626	8397658	1120620557504699
1203120	1173466	29654	577	2791752	2757866	1120620562036881
0	0	0	0	0	0	0
1193568	1163808	29760	1997	5072432	5591346	1120620580405231
877612	848142	29470	751	3014746	2781934	1120620584823169
1171966	1137668	34298	304	1867304	2182756	1120620588387491
1200206	1169650	30556	1683	4473904	4973726	1120620594587739
853096	823510	29586	24	1648746	1303830	1120620597614581
1200948	1171302	29646	4052	9190954	9706174	1120620608540321
1190492	1160474	30018	1074	3498250	3749340	1120620613755821
1259476	1170476	89000	192	1711064	2045876	1120620617262849
896282	864536	31746	1046	3499320	3390430	1120620622183581
1246512	1164356	82156	1820	5260518	5295926	1120620629215731
1200616	1107234	93382	1357	4248604	4315820	1120620635189861
1190940	1161232	29708	503	2400192	2597952	1120620639306131
1229076	1162746	66330	3001	7262756	7632268	1120620648322121
1213014	1177618	35396	4432	10160056	10490152	1120620660276059
713254	683174	30080	3206	7695234	7548618	1120620669210169
694046	663836	30210	901	2887706	2897816	1120620673318931
748042	715962	32080	4711	11018018	10571466	1120620685610821
1330618	1300240	30378	1660	4964102	5053130	1120620692441459
562348	533182	29166	689	2830562	2351800	1120620696359081
1188256	1156712	31544	3718	8602194	9051860	1120620706674891
1195536	1163602	31934	4450	9988306	10508038	1120620718384141
1113532	1081882	31650	3635	8363320	8787008	1120620728386071
1255940	1161856	94084	1159	3438180	3984020	1120620733606429
725914	693526	32388	4807	11127308	10742634	1120620746010301
469170	439000	30170	4644	10356532	10160386	1120620757383401
446628	415294	31334	339	2273490	1525694	1120620760630859
210278	170130	40148	3398	8390930	7408988	1120620769758429
587902	559006	28896	1625	4946846	4238990	1120620775840059
305348	275170	30178	3388	8371482	7484174	1120620785067379
479120	394486	84634	2588	6300008	6056458	1120620792373099
1195672	1166156	29516	4440	10475060	10477440	1120620804569601
584462	555142	29320	2426	6448718	5837778	1120620812128289
825174	794792	30382	1390	4403046	4028462	1120620817882961
1190028	1158866	31162	517	2637722	2632546	1120620822257761
1199394	1167772	31622	3612	8292084	8825362	1120620832275079
1190720	1160354	30366	3997	9606798	9595480	1120620843598369
1008152	979374	28778	1515	4215868	4439658	1120620849361721
1377786	1347414	30372	4807	10725324	11393444	1120620861989329
1010894	980764	30130	2226	6087376	5876208	1120620869634369
1186416	1156792	29624	2777	7173612	7141602	1120620878545789
1211360	1168396	42964	1518	4464818	4649502	1120620884748499
948036	916586	31450	4911	10887864	11181360	1120620897111271
1200328	1170078	30250	1246	4100094	4092350	1120620902937501
1316432	1284756	31676	3597	8238058	8912576	1120620913017491
1330154	1161114	169040	3397	8392548	8525572	1120620923265141
711650	681374	30276	1898	5041390	4909362	1120620929544611
1197592	1161464	36128	3990	9075050	9580690	1120620940352491
0	0	0	0	0	0	0
693042	663362	29680	2998	7590290	7089992	1120620955479789
1065452	1035594	29858	4025	9843280	9517062	1120620966914191
1194894	1164618	30276	903	3404684	3403828	1120620972039579
1196206	1166500	29706	4058	9500386	9713758	1120620983260741
1210734	1180094	30640	2849	6763694	7311284	1120620991761249
1204104	1155648	48456	2038	5677376	5683132	1120620999190529
545612	478602	67010	2576	6336400	6099652	1120621006599941
1197384	1166544	30840	1794	5165458	5187846	1120621013489691
832214	801828	30386	3309	7981444	7857588	1120621022851589
1192018	1162050	29968	1021	3692050	3635880	1120621028260179
1204196	1173880	30316	2521	6342836	6670386	1120621036332369
268944	237406	31538	256	1927034	1234336	1120621039055109
0	0	0	0	0	0	0
1330850	1164106	166744	3051	7728690	7835460	1120621060788841
1326054	1297006	29048	82	1575388	1891466	1120621064215961
270172	237310	32862	3606	8354888	7883284	1120621073366031
230910	192390	38520	1823	5251344	4279654	1120621079374725
1197428	1167904	29524	2797	7190570	7193896	1120621088289109
1192786	1153094	39692	2847	7166614	7307488	1120621097174449
1186246	1156726	29520	4533	10531224	10655072	1120621109417819
389296	358234	31062	2314	5987874	5418074	1120621116318821
1199412	1168922	30490	1416	3943998	4432616	1120621121986901
517950	489038	28912	4815	10707882	10550030	1120621133749381
1203208	1163334	39874	1925	5478620	5456000	1120621140966529
1082664	1052610	30054	804	2813514	3091680	1120621145386019
0	0	0	0	0	0	0
1189716	1159446	30270	3590	8779012	8771632	1120621164938859
1121084	1090598	30486	4213	9610444	9949848	1120621176196199
235334	204824	30510	4843	11080736	10333766	1120621188038349
1190312	1159828	30484	2107	5300470	5808322	1120621195055251
1192052	1161596	30456	466	2535156	2526960	1120621199308969
1185684	1153902	31782	165	1703354	1918386	1120621202724569
336866	306928	29938	3640	8879714	8018830	1120621212467661
1107976	1078140	29836	929	3457912	3368722	1120621217558759
1196794	1166634	30160	4618	10829286	10835840	1120621230133471
1224590	1194580	30010	3585	8775750	8800806	1120621240659181
1114296	1083802	30494	169	1444352	1864424	1120621243742909
554358	524088	30270	887	3369340	2730234	1120621248202839
765432	719656	45776	3960	9525288	9095722	1120621259019891
1186322	1156790	29532	1222	4039236	4032586	1120621264772679
1202506	1169978	32528	256	1722676	2116400	1120621268222881
1188684	1158984	29700	2861	7154894	7339126	1120621277093019
1199526	1170000	29526	1736	5068264	5074424	1120621283887731
566174	536046	30128	747	2523406	2461884	1120621287514401
823240	787694	35546	4831	11257538	10888006	1120621300133299
1189336	1159820	29516	3066	7741236	7733088	1120621309589421
634184	602202	31982	3173	7966300	7381578	1120621318740113
1197232	1165006	32226	840	3284360	3280672	1120621323747121
0	0	0	0	0	0	0
1205002	1163050	41952	639	2561008	2887156	1120621338284811
734760	705248	29512	4969	11404922	11084262	1120621350950431
414430	384916	29514	2874	7340402	6563920	1120621359232071
1038414	1007472	30942	2794	7187354	7029512	1120621367984019
502310	472524	29786	1947	5006820	4799300	1120621374029879
0	0	0	0	0	0	0
1193532	1161658	31874	2683	7007408	6972058	1120621392926951
1188838	1158032	30806	2129	6000264	5847980	1120621400642131
1195670	1163642	32028	1178	3834372	3954470	1120621406200981
0	0	0	0	0	0	0
347074	315624	31450	2768	7180564	6307234	1120621426236229
638774	474646	164128	1728	5165462	4497874	1120621432565829
1248104	1218530	29574	1345	3783648	4345264	1120621438123171
647072	615100	31972	2397	5969738	5843890	1120621445266131
887984	856348	31636	4420	9934344	10128814	1120621456614869
1190102	1160124	29978	4668	10936378	10927586	1120621469266881
665522	603850	61672	2509	6503778	6085176	1120621476962229
232382	177560	54822	2084	5469978	4803262	1120621483191121
1202506	1172768	29738	1008	3618032	3621084	1120621488537169
1205948	1170934	35014	989	3113760	3597930	1120621493382619
1186414	1156590	29824	2209	6035408	6006868	1120621501130961
249368	212020	37348	2132	5460282	4915766	1120621507365861
475554	335620	139934	529	2175546	1936580	1120621510544061
451314	420146	31168	1889	5046088	4651456	1120621516567821
1295684	1255312	40372	480	2560756	2659440	1120621520950121
1190290	1156806	33484	1836	5278940	5263438	1120621527944651
606264	576704	29560	3609	8604674	8226216	1120621537692549
1188238	1158776	29462	3931	9598904	9451740	1120621549018461
1201526	1170526	31000	997	3561324	3597646	1120621554307659
1285632	1161352	124280	83	1532568	1859716	1120621557651761
872034	842470	29564	1970	5333016	5214968	1120621564394101
1293298	1156186	137112	897	3386602	3488950	1120621569599311
1182618	1136418	46200	3170	7846714	7923742	1120621579178551
998966	969112	29854	4614	10310344	10628610	1120621591014881
1225748	1173988	51760	4075	9758634	9776840	1120621602525521
1205126	1174902	30224	1936	5466816	5480316	1120621609724831
358344	328064	30280	3810	9121706	8380660	1120621619749971
510408	480518	29890	4699	10535762	10311600	1120621631333941
1249480	1176108	73372	2703	13230460	7056926	1120621646340939
0	0	0	0	0	0	0
1187912	1156462	31450	2121	5854030	5841926	1120621657531281
1199102	1168650	30452	204	1521858	2008868	1120621660786441
1196486	1165500	30986	653	2419254	2904614	1120621664927829
656848	627186	29662	4899	11050210	10855878	1120621677160119
675054	645632	29422	1951	5083026	4978290	1120621683442241
939930	908076	31854	1533	4666280	4407090	1120621689575059
1188372	1157974	30398	875	2827748	3341890	1120621694137449
1197006	1167478	29528	1820	5177984	5247038	1120621701038101
1192520	1163554	28966	1624	4273318	4841622	1120621707029489
1213820	1184288	29532	4226	9583248	10069346	1120621718352679
1301624	1272114	29510	2530	6485284	6785366	1120621726664429
1183752	1153436	30316	287	1981200	2158348	1120621730356571
446948	416618	30330	2017	5541000	4890698	1120621736869699
1129994	1096834	33160	4637	10872166	10806114	1120621749398689
971126	938684	32442	3099	7797302	7570788	1120621758693699
308382	278868	29514	3072	7748048	6855520	1120621767276881
1238828	1164606	74222	4460	10539982	10560330	1120621779581309
1186000	1156302	29698	2320	6182522	6228222	1120621787484401
898264	865726	32538	3691	8985596	8682068	1120621797904589
739384	708610	30774	3515	8644362	8181272	1120621807837651
1186824	1154900	31924	1689	4983164	4967490	1120621814552949
269480	215200	54280	4036	9603120	8743680	1120621824951601
892174	862480	29694	3330	7793586	7954094	1120621834162201
697726	666254	31472	3527	8665862	8166782	1120621844051699
0	0	0	0	0	0	0
248896	218376	30520	4272	10085032	9195674	1120621867270679
1277502	1246884	30618	2431	5940850	6542386	1120621875015191
1200550	1171520	29030	1271	3712940	4144296	1120621880454231
314830	284498	30332	270	2139340	1257976	1120621883436471
1190070	1160380	29690	1835	5267692	5263206	1120621890421651
1064482	1027312	37170	2272	5894908	6021694	1120621897906011
1185688	1156136	29552	1381	3839584	4349686	1120621903467221
423020	391824	31196	2583	6749088	5991874	1120621911166429
1193688	1164074	29614	4192	9982610	9978888	1120621922869049
1201894	1171952	29942	4268	10149006	10139154	1120621934745109
0	0	0	0	0	0	0
1034238	1005466	28772	4175	9955960	9794898	1120621953581319
1175078	1146118	28960	1343	4420440	4263550	1120621959726199
1187936	1158076	29860	2034	5662404	5657082	1120621967126971
846976	815722	31254	894	2911494	3036770	1120621971411891
1194540	1163540	31000	3835	9314600	9266420	1120621982447461
1220522	1160406	60116	1528	4327508	4690514	1120621988521349
391930	362124	29806	3525	8414410	7855546	1120621997852721
1256222	1161760	94462	2292	6183706	6243254	1120622005834929
1090112	1060246	29866	421	2258948	2335160	1120622009720761
1188746	1157050	31696	1282	3671744	4155658	1120622015119401
1195386	1165622	29764	1609	4541156	4816306	1120622021379961
1197568	1167226	30342	4497	10018782	10594954	1120622033124129
1186120	1156468	29652	1542	4487080	4672858	1120622039322561
1193130	1159900	33230	1225	4011340	4046660	1120622045053571
1198172	1168146	30026	3580	8231408	8761768	1120622055010529
718474	687754	30720	371	1871616	1862714	1120622058126789
0	0	0	0	0	0	0
1091444	1059924	31520	2381	6024266	6256190	1120622073563591
430530	401494	29036	2057	5212178	4947868	1120622079756699
1198282	1167100	31182	3524	8652618	8647948	1120622090146371
1115780	1085802	29978	2149	5556132	5816006	1120622097343741
1193868	1162218	31650	4944	11485420	11483052	1120622110547819
1069662	907680	161982	3449	8215070	8380280	1120622120357521
1128132	1098066	30066	4539	10295960	10617150	1120622132307861
749596	719890	29706	192	1985864	1535062	1120622135571361
1190342	1160506	29836	2481	6558418	6555150	1120622143856009
1200772	1170990	29782	4389	10022550	10381362	1120622155628381
1191370	1161970	29400	2949	6910280	7491762	1120622164268811
676560	647084	29476	3720	8524360	8518568	1120622173995951
355560	325206	30354	4840	10888598	10436822	1120622185790849
631830	600434	31396	701	3002168	2435854	1120622189961089
1187366	1158108	29258	4793	11269046	11184022	1120622202952521
0	0	0	0	0	0	0
1006080	976742	29338	3654	8912518	8716120	1120622220855129
893224	861980	31244	3423	8453406	8140956	1120622230728211
1199682	1170706	28976	3618	8854074	8838936	1120622241308537
1198174	1166974	31200	937	3122466	3474988	1120622246155081
1197560	1165788	31772	2350	6270622	6305948	1120622254148361
537802	508370	29432	523	2172286	1985794	1120622257382629
1199734	1170134	29600	45	3002606	1691162	1120622262110411
1185576	1156722	28854	445	2280354	2484326	1120622266102251
1183508	1152112	31396	445	2148782	2475690	1120622269960241
550890	521060	29830	4271	10150208	9504366	1120622281197469
1209270	1177796	31474	4308	10110558	10228524	1120622293043809
1191258	1160920	30338	4659	10656454	10910934	1120622305417681
442186	412500	29686	598	2618902	2039844	1120622309004599
1306234	1156308	149926	2719	6595794	7146930	1120622317432549
1202566	1169528	33038	2527	6609214	6658616	1120622325770781
559536	529042	30494	2390	6191822	5741468	1120622333055709
1195222	1160812	34410	1682	4962946	4960462	1120622339739409
1192850	1162530	30320	1631	4826888	4858584	1120622346296989
1190376	1160432	29944	128	1856182	1847958	1120622349868469
1186296	1156234	30062	4569	10208964	10724990	1120622361800301
1185426	1156062	29364	126	1770534	1839370	1120622365293401
1191574	1160620	30954	87	1424394	1768584	1120622368435469
614916	584800	30116	3824	9199186	8665650	1120622378774721
1190930	1161258	29672	3739	9076230	9071444	1120622389568681
0	0	0	0	0	0	0
888672	857946	30726	318	1767216	1936656	1120622401932309
434588	402996	31592	2058	5185022	4952438	1120622408086171
954080	923808	30272	3238	8101648	7853848	1120622417667649
441578	391516	50062	312	2225850	1467676	1120622420885049
1220342	1188012	32330	3157	7908958	7936496	1120622430539791
1214346	1166812	47534	3223	7630584	8066758	1120622439911701
0	0	0	0	0	0	0
1185258	1155960	29298	467	2190280	2521684	1120622447462619
1192428	1160916	31512	4652	10511790	10899280	1120622459693659
1205922	1176326	29596	4695	10487298	10997936	1120622471927109
1215096	1167300	47796	762	2790426	3142140	1120622476480141
1134616	1104850	29766	963	3546902	3462948	1120622481687629
262938	232044	30894	400	2449070	1465206	1120622484949979
0	0	0	0	0	0	0
1186796	1158090	28706	4682	10545154	10961348	1120622506611611
1183936	1154082	29854	1819	4693986	5232232	1120622513014771
293120	263512	29608	895	2965174	2485960	1120622516799935
199774	170258	29516	320	2376296	1242754	1120622519900489
913942	868538	45404	3966	9558786	9272568	1120622530908649
1209098	1179636	29462	714	2615770	3039810	1120622535259739
261022	229742	31280	2764	7128388	6191658	1120622543175539
874412	842734	31678	1471	4545396	4218314	1120622549120929
0	0	0	0	0	0	0
203310	174598	28712	3201	8003200	7007380	1120622564045781
1198980	1160348	38632	1900	5521668	5411220	1120622571291309
1187996	1155862	32134	4672	10614706	10933206	1120622583618241
1184288	1156176	28112	153	1866794	1892416	1120622587214519
1196842	1165374	31468	3198	7521948	7994736	1120622596458989
724860	695380	29480	588	2482372	2313340	1120622600193021
1369958	1156634	213324	2721	6597542	7214220	1120622608686021
1053738	1024090	29648	1103	3627044	3661850	1120622613893801
742794	712756	30038	2384	6380776	5925904	1120622621554739
972318	942820	29498	2908	7425724	7191180	1120622630488181
494068	464726	29342	372	2340594	1639038	1120622633847971
693472	663970	29502	3139	7873608	7372468	1120622642965291
1254444	1223836	30608	1263	3586366	4182764	1120622648332219
745880	716158	29722	2561	6592540	6280750	1120622656195591
1201084	1170716	30368	1519	4645336	4653076	1120622662566729
0	0	0	0	0	0	0
626908	597324	29584	3472	8083902	7972440	1120622678250481
1186314	1156656	29658	4907	11433838	11426602	1120622691395781
1020490	989664	30826	4167	9748030	9757616	1120622702689851
1008702	979342	29360	951	3506086	3313564	1120622707728049
345474	314916	30558	1851	5404690	4449836	1120622714026725
421526	390526	31000	1590	4784534	4011294	1120622719758771
1265930	1232708	33222	589	2778340	2846096	1120622724339091
932074	902360	29714	195	1987466	1724626	1120622727783209
248476	212178	36298	2721	7037354	6092550	1120622735617631
383322	351736	31586	2067	11673498	4918838	1120622748224269
1193100	1162522	30578	2388	6390168	6380824	1120622756334069
1187290	1158146	29144	4887	11072242	11388502	1120622769118161
800884	769698	31186	4998	11144324	11198828	1120622781587659
1208256	1176296	31960	1048	3695812	3705664	1120622787038949
1189564	1157126	32438	388	2087824	2367742	1120622790842259
1190310	1158434	31876	4060	9680940	9712898	1120622802238889
307810	268766	39044	918	3097318	2552436	1120622806168379
0	0	0	0	0	0	0
1197272	1161628	35644	3299	7886356	8197686	1120622827015709
1220946	1151240	69706	2518	6445244	6660764	1120622835207351
1198716	1159002	39714	1972	5384514	5545224	1120622842315011
1204216	1172818	31398	2965	7226486	7542932	1120622851270391
1081156	1050496	30660	4362	10209174	10206570	1120622863087331
677106	646338	30768	4345	10292014	9769200	1120622874581151
404218	372788	31430	252	2103724	1310746	1120622877614241
1187938	1156710	31228	2260	6118612	6108576	1120622885455911
1185842	1155900	29942	3056	7359072	7698330	1120622894527749
1227240	1161174	66066	1249	3634760	4134484	1120622899915081
647886	618332	29554	3482	8367698	8012208	1120622909463661
380844	348720	32124	578	2423428	1940186	1120622912794641
1231892	1171106	60786	3726	9058358	9086728	1120622923611581
1042900	1012118	30782	432	2244752	2307968	1120622927434501
823508	793726	29782	1476	4551582	4177760	1120622933335041
0	0	0	0	0	0	0
1330012	1300222	29790	2249	5912546	6230214	1120622947207489
744446	714958	29488	4532	10661024	10210466	1120622959139821
1192530	1161490	31040	38	1686140	1670606	1120622962543841
800676	769922	30754	701	2571356	2611490	1120622966440051
261024	227994	33030	2883	7468746	6429394	1120622974696309
1193770	1163548	30222	3978	9619390	9552788	1120622986034931
537356	502064	35292	3495	8424726	7929816	1120622995522531
1184156	1154732	29424	3730	9055902	9045880	1120623006299249
1201518	1171856	29662	4538	10131614	10678556	1120623018158451
292048	218906	73142	1181	3751404	3064270	1120623022727021
1200340	1170944	29396	2714	7029168	7030176	1120623031481229
1183330	1154346	28984	1225	3824622	4036706	1120623037038081
1192442	1161426	31016	2628	6860490	6850762	1120623045617141
594416	564956	29460	4001	9608096	8999104	1120623056417051
1206722	1177012	29710	1268	4138078	4146150	1120623062287381
1192462	1160590	31872	1116	3340778	3826932	1120623067345071
1299080	1269086	29994	4282	9909960	10265806	1120623079079521
1191882	1161696	30186	493	2213818	2579824	1120623083010331
518124	488716	29408	556	2512528	2032072	1120623086566511
1166360	1122656	43704	4864	11337890	11296590	1120623099596711
1321318	1156522	164796	3641	8877330	9005108	1120623110333589
266508	235602	30906	3694	8812592	8065824	1120623119938651
1188720	1159108	29612	3797	9192318	9191184	1120623130868779
1185244	1154224	31020	360	1938054	2307438	1120623134517319
796752	767258	29494	3414	8004868	8032608	1120623143844689
780964	669490	111474	2952	7495134	7086694	1120623152658899
460284	429920	30364	4922	11038884	10714974	1120623164684099
1185914	1155590	30324	998	3648318	3584184	1120623170043661
1191496	1160788	30708	2081	5434674	5764486	1120623177195491
1193962	1164890	29072	121	1789548	1836428	1120623180703691
742250	712798	29452	741	2664770	2649242	1120623184635949
1197196	1168304	28892	2532	6188486	6672010	1120623192546771
1231472	1179166	52306	1722	4831218	5077650	1120623199135059
1187114	1158562	28552	58	1791556	1704936	1120623202640599
697656	668248	29408	1754	4906546	4606676	1120623208769151
1190792	1162060	28732	2074	5747098	5741776	1120623216232171
1197164	1166364	30800	2597	6807782	6814476	1120623224762561
1243040	1159902	83138	2080	5759818	5804994	1120623232290329
632212	603078	29134	1836	4987706	4715324	1120623238435417
1210166	1179024	31142	130	1364854	1884878	1120623241537381
559786	529316	30470	2069	5771382	5101200	1120623248406969
1192138	1161352	30786	2678	6827812	6950752	1120623256953281
274586	180990	93596	4911	11435654	10498606	1120623269189581
653562	624598	28964	1080	3753888	3215678	1120623274122531
1192694	1160662	32032	967	3542316	3535876	1120623279385601
1190798	1161310	29488	2463	6388370	6518586	1120623287491639
938736	896736	42000	1022	3646304	3385264	1120623292625611
355812	211328	144484	3603	8316650	7982882	1120623301824581
1192008	1160678	31330	1355	3979458	4304558	1120623307544701
728706	698768	29938	3710	8527804	8549322	1120623317351381
0	0	0	0	0	0	0
986970	955920	31050	3502	8378360	8393810	1120623340697441
1207650	1178094	29556	163	1430010	1946032	1120623343862069
1282936	1160122	122814	2809	6654714	7304140	1120623352335331
1197078	1166926	30152	1627	4700572	4861736	1120623358757429
1307206	1170686	136520	2610	6701424	6930682	1120623367291531
0	0	0	0	0	0	0
365316	333906	31410	288	2177994	1344068	1120623380805481
1187704	1157140	30564	3458	8511436	8505270	1120623391029821
1192744	1163068	29676	299	2186874	2193726	1120623394934819
270166	240584	29582	986	3233854	2646220	1120623398966141
0	0	0	0	0	0	0
1201802	1170624	31178	3415	14615148	8434670	1120623423637621
422360	293106	129254	1169	3942790	3164534	1120623428538161
338318	244508	93810	2529	6219500	5821646	1120623435622029
1290064	1249952	40112	2766	7269306	7224592	1120623444717731
1191516	1160922	30594	3818	9241386	9230206	1120623455677091
639606	604124	35482	1750	4578406	4542386	1120623461433121
1307268	1161046	146222	2372	6341482	6454054	1120623469606709
685054	654912	30142	1229	4000146	3545818	1120623474826481
298590	268050	30540	4289	10183048	9278234	1120623485833929
1184666	1154780	29886	3973	9555324	9534726	1120623497121981
677918	647806	30112	3125	7426452	7330696	1120623505753131
936126	902988	33138	1993	5583126	5324730	1120623512807291
744264	715378	28886	1045	3813864	3237188	1120623517891339
552636	523232	29404	4853	11311114	10670134	1120623530293601
1186192	1156762	29430	533	2662186	2654766	1120623534667219
808304	778606	29698	615	2334164	2448356	1120623538335219
475744	446500	29244	392	2602018	1662980	1120623541938691
887698	849404	38294	1915	5482522	5139702	1120623548858561
593218	562942	30276	3939	9592562	8874782	1120623559570049
675104	644788	30316	2399	5948914	5874032	1120623566743829
1192934	1161526	31408	503	2607204	2601342	1120623571071681
1126536	1096874	29662	766	2698524	3061824	1120623575423239
496562	383096	113466	256	2115658	1411660	1120623578561181
240054	209226	30828	2662	6922456	5966166	1120623586248681
833362	802104	31258	4682	10458448	10599828	1120623598065869
909706	878008	31698	2947	7504084	7211898	1120623607006129
943280	798090	145190	3937	8965488	9220384	1120623617439659
772896	743760	29136	1218	4182654	3614070	1120623622923151
810136	779304	30832	367	1818994	1946334	1120623626080429
767864	737842	30022	4643	10406716	10455346	1120623637780061
1196654	1165864	30790	3985	9720846	9575856	1120623649242789
1093142	1064182	28960	1715	4635968	4925870	1120623655497231
1189374	1157166	32208	948	3008224	3486054	1120623660229419
1188030	1157840	30190	1741	4802018	5084034	1120623666743969
1199050	1167446	31604	3084	7812384	7786570	1120623676280993
1201942	1170800	31142	1612	4484778	4840206	1120623682493761
1193132	1161080	32052	82	1269208	1767556	1120623685481009
368394	338854	29540	541	2115144	1852540	1120623688516229
1189152	1160400	28752	1064	3723160	3719694	1120623693954881
1191136	1160574	30562	1438	4056524	4470330	1120623699738869
1311856	1166076	145780	4076	9517544	9864916	1120623711115431
1193232	1164134	29098	224	1870718	2043280	1120623714706881
1192082	1161312	30770	447	1940248	2498402	1120623718363669
516080	485774	30306	757	3118174	2433658	1120623722523615
611934	451530	160404	4618	10850018	10248540	1120623734511411
1192360	1162752	29608	436	2596222	2466068	1120623738825801
709728	677896	31832	3427	8059774	7965742	1120623748121071
0	0	0	0	0	0	0
626418	596806	29612	3861	8822232	8749926	1120623761269619
425822	395124	30698	2504	6607978	5835234	1120623768829009
1195656	1165948	29708	748	3098132	3095842	1120623773646829
1187014	1155312	31702	979	3454658	3546080	1120623778838161
660400	630930	29470	2357	6303540	5775502	1120623786327481
815854	781330	34524	43	1705466	1305170	1120623789374921
1172140	1137212	34928	4633	10548570	10841108	1120623801623079
1296308	1156308	140000	2468	6024912	6635010	1120623809481189
1198634	1167178	31456	1151	3713666	3902372	1120623814933449
1187578	1156258	31320	3447	8359554	8483626	1120623825008361
1173916	1131804	42112	3099	7377242	7774840	1120623834084579
1192994	1160204	32790	1272	3731236	4138688	1120623839533671
1194806	1164306	30500	4199	9621116	9994430	1120623850899381
1300366	1168698	131668	1753	4855444	5208844	1120623857578859
1193952	1163174	30778	3094	7585828	7784386	1120623866896401
1220338	1189146	31192	2978	7417534	7577326	1120623876060721
335892	307276	28616	4698	10853588	10153390	1120623887776191
1702484	1697446	5038	3538	8579794	9181326	1120623898594699
1167062	1136920	30142	1790	4683406	5158338	1120623904971169
1185090	1155516	29574	184	1629750	1954712	1120623908311241
1123674	1093196	30478	2449	6276946	6433492	1120623916237689
565386	536284	29102	4167	9941054	9311528	1120623927271369
1196092	1167234	28858	2790	7179118	7178480	1120623936171991
1185856	1155940	29916	8	1325096	1609496	1120623939209331
1280434	1168062	112372	345	2045996	2372906	1120623943062311
1189556	1160760	28796	2434	6465676	6459004	1120623951243361
1187382	1155652	31730	1518	4382860	4626478	1120623957339101
429652	400190	29462	3876	9194566	8583382	1120623967489369
638300	592034	46266	475	2185040	1990856	1120623970861909
486130	456042	30088	628	2469738	2144868	1120623974343709
427358	397872	29486	3792	9261504	8414422	1120623984558931
1266436	1235366	31070	2114	5829024	5896224	1120623992179899
1187828	1156766	31062	2550	6363400	6690318	1120624000257229
1430468	1174264	256204	138	1816592	2114336	1120624004029851
1189146	1159656	29490	4150	17353662	9891896	1120624023098359
947488	917938	29550	2659	6395766	6668084	1120624030966671
1222074	1172274	49800	1973	5596748	5570920	1120624038311151
484618	434812	49806	3768	9147862	8422346	1120624048467649
668020	635312	32708	4173	10055380	9416116	1120624059717011
1187410	1156014	31396	2066	5232820	5720570	1120624066674321
630770	601414	29356	157	1746162	1347410	1120624069577641
1205846	1176188	29658	3739	9194134	9085748	1120624080512681
1208320	1168000	40320	2993	7215410	7732926	1120624089461059
1191372	1162360	29012	728	2876628	3051074	1120624094066111
0	0	0	0	0	0	0
398746	368458	30288	4562	10727344	9927706	1120624109075281
1191390	1160142	31248	1618	4838470	4829776	1120624115631871
726278	696162	30116	970	3533080	3068770	1120624120450749
0	0	0	0	0	0	0
1187094	1157780	29314	358	2323984	2304406	1120624137071509
895046	862456	32590	1157	3599872	3611330	1120624142091349
1187770	1155496	32274	3241	7993080	8080134	1120624151798051
966240	936704	29536	4692	10759260	10752344	1120624164058371
750884	721158	29726	411	1914876	1974696	1120624167249079
1187038	1156598	30440	546	2695692	2681860	1120624171657131
1107844	1078456	29388	3644	8589174	8798124	1120624181889879
816600	785622	30978	4623	10900132	10487404	1120624194144551
1186764	1155750	31014	2433	5957916	6453794	1120624201814631
304548	272940	31608	3730	8815490	8166936	1120624211484349
1184500	1154764	29736	3606	8816018	8796706	1120624222034199
450850	419960	30890	3548	8134222	7949090	1120624231144521
1197854	1168336	29518	901	3400596	3403118	1120624236267469
1197242	1168566	28676	193	1819838	1993500	1120624239810869
1197160	1159662	37498	897	3244460	3392610	1120624244800721
1203648	1173626	30022	687	2956712	2980572	1120624249487191
439350	409026	30324	4937	10958970	10715532	1120624261474769
1189854	1161256	28598	895	2886286	3380864	1120624266089229
1191320	1161084	30236	4204	10029390	10012390	1120624277834569
328568	284394	44174	1193	3995512	3117972	1120624282697791
1190602	1160362	30240	1157	3906772	3905740	1120624288321825
870154	839818	30336	1775	4993516	4836014	1120624294713249
980748	951756	28992	3359	7880304	8101626	1120624304099841
1192802	1161412	31390	2438	6105776	6470026	1120624311923799
1118280	1087760	30520	912	3076938	3344964	1120624316669329
1196510	1146496	50014	3817	8762880	9253306	1120624327155471
1193174	1161352	31822	1772	4808228	5138592	1120624333684001
370934	340644	30290	834	2978336	2440094	1120624337583801
1202598	1170300	32298	2446	6561922	6497036	1120624345889371
1329018	1297778	31240	3018	7244020	7767902	1120624354997699
1200044	1168834	31210	1080	3370694	3763996	1120624360094729
1190452	1160892	29560	326	2169338	2255236	1120624363981111
960826	930992	29834	2323	5688384	6007970	1120624371211321
469660	438692	30968	168	1959730	1208940	1120624374166221
1189992	1159462	30530	2089	5783136	5779406	1120624381666459
1189480	1158880	30600	2884	7078498	7359394	1120624390481929
671920	641614	30306	2153	5772392	5380170	1120624397452321
729846	701068	28778	2873	7353604	6877930	1120624406062189
766830	737796	29034	4577	10252180	10323578	1120624417607031
349348	249152	100196	2046	5203336	4843214	1120624423695473
974168	926194	47974	3282	7651112	7941798	1120624432856301
432942	403470	29472	2183	5457658	5201444	1120624439273049
1211200	1180480	30720	1024	3253924	3662040	1120624444263201
1196680	1159080	37600	3381	8381008	8361374	1120624454366659
1189712	1159280	30432	2619	6789468	6829920	1120624462871619
1053294	1021206	32088	2207	6028116	5868284	1120624470479041
1189320	1158284	31036	2764	6628578	7128288	1120624478823089
1219538	1189576	29962	1235	3783344	4091386	1120624484351311
1204278	1171574	32704	4500	10389934	10628540	1120624496471793
0	0	0	0	0	0	0
1199822	1168492	31330	758	3273388	3117706	1120624508435311
1186666	1157254	29412	1917	5057194	5430548	1120624515206161
1051868	997850	54018	4866	10930974	11185468	1120624527717201
1036716	1007690	29026	1565	4187004	4568926	1120624533492019
1194628	1162800	31828	2710	7017242	7016996	1120624542241899
463840	433432	30408	3802	8786692	8468388	1120624552016961
1204066	1173306	30760	3889	9377092	9392564	1120624563125199
1299574	1162320	137254	1803	5208968	5308112	1120624570158641
1186406	1157076	29330	3098	7762196	7791206	1120624579633371
1190198	1160700	29498	377	1814092	2346688	1120624583183181
1148594	1111416	37178	2894	7014906	7339528	1120624591869461
533440	501286	32154	1815	4726110	4566458	1120624597678299
216900	186402	30498	697	2541150	2014530	1120624600983731
378230	349124	29106	2187	5615780	5153972	1120624607503031
1227042	1156948	70094	3418	8432778	8467024	1120624617697709
1186916	1158052	28864	1080	3547624	3748196	1120624622979551
1191754	1160738	31016	4588	10783006	10768968	1120624635480329
1234096	1203428	30668	1679	4876392	4994192	1120624642128629
1020386	865134	155252	3070	7562702	7572276	1120624651236849
337182	305022	32160	785	2690556	2309008	1120624654789569
1254036	1219804	34232	2971	7060276	7597516	1120624663630401
1183822	1153504	30318	1889	5239076	5365534	1120624670602099
817366	787794	29572	3379	8347734	7978216	1120624680293621
1308348	1252112	56236	1766	5128712	5242082	1120624687256451
1212506	1180478	32028	3274	8145192	8163256	1120624697140599
474116	442622	31494	1153	3630726	3181742	1120624701772161
634470	604270	30200	1844	4831880	4725150	1120624707772511
1211712	1171316	40396	4103	9805488	9819170	1120624719325579
1203902	1171446	32456	2491	6255076	6587184	1120624727311699
287646	257416	30230	2528	6336620	5745874	1120624734461425
1214434	1184858	29576	2361	5824686	6346862	1120624742026151
1140650	1110616	30034	3613	8980172	8790330	1120624752674331
0	0	0	0	0	0	0
1199770	1169560	30210	3249	7611520	8106734	1120624773897281
365432	334142	31290	4848	10907218	10463106	1120624785708761
805180	773708	31472	965	3015910	3135838	1120624790066549
1328710	1165670	163040	2984	7597530	7722736	1120624799517969
1198184	1167682	30502	3223	7851186	8044940	1120624809101389
470232	440576	29656	2530	6144098	5932478	1120624816241411
0	0	0	0	0	0	0
1043040	1012506	30534	1560	4711350	4563716	1120624830586151
1209406	1178646	30760	3364	8322816	8338518	1120624840644341
1185864	1156318	29546	3365	8207116	8319028	1120624850562789
1214614	1182730	31884	3213	7717644	8096456	1120624860021469
1190982	1160936	30046	1309	4240800	4234040	1120624865979751
580714	551156	29558	3605	8445426	8193510	1120624875553391
442044	412690	29354	360	2381568	1564112	1120624878914721
1206850	1174978	31872	4757	11114630	11121644	1120624891761441
532540	502344	30196	142	1895220	1217632	1120624894723091
1201134	1171640	29494	2001	5605736	5607306	1120624902055689
1215072	1184846	30226	3810	8721480	9236036	1120624912517531
718042	678158	39884	1020	3637578	3159584	1120624917398389
1207028	1176820	30208	3852	8880192	9312708	1120624928011371
1200334	1169636	30698	56	1473338	1714770	1120624931210641
1257280	1228112	29168	4159	9915248	9977302	1120624942909499
1187608	1158320	29288	3229	8065440	8046338	1120624952687659
5881568	5876750	4818	375	2077254	7033476	1120624961171631
1191916	1162386	29530	1427	3904904	4448720	1120624966793929
289234	169840	119394	3318	8235166	7325714	1120624975845129
752416	722740	29676	88	1785800	1336606	1120624978932385
1198996	1166272	32724	3309	8258064	8219640	1120624988914841
944390	913980	30410	4516	10639608	10378754	1120625001024159
1004030	973808	30222	4325	10249110	10055042	1120625012801639
450200	419938	30262	1821	5279392	4494054	1120625019057761
0	0	0	0	0	0	0
1131366	1101956	29410	4542	10741274	10624438	1120625034572881
609906	579306	30600	291	2180694	1593884	1120625037889361
1188188	1155642	32546	3259	8125652	8113366	1120625047739549
1192768	1162224	30544	4029	9601042	9652838	1120625059068021
1206374	1161156	45218	4554	10371366	10716348	1120625071171561
1194184	1160174	34010	2045	5704684	5684976	1120625078595349
1194226	1164586	29640	2378	6209104	6352346	1120625086525321
1200910	1171324	29586	3803	9213440	9207932	1120625097463871
1191980	1160658	31322	2660	6431410	6914240	1120625105624961
264262	233316	30946	4020	9361388	8706270	1120625115801111
1222186	1186876	35310	3310	8228804	8244884	1120625125786921
1047876	1016864	31012	3669	8946234	8787680	1120625136328579
1161700	1127162	34538	3489	8251602	8548196	1120625146268331
0	0	0	0	0	0	0
1216628	1185506	31122	1712	5043522	5042702	1120625157231201
1403500	1163878	239622	2758	7121154	7319704	1120625166281959
904094	872718	31376	1168	3878666	3654548	1120625171590509
1076788	1047218	29570	780	3105444	3038160	1120625176323201
714574	674148	40426	278	1715076	1681864	1120625179278979
1268670	1233658	35012	4858	11314508	11388186	1120625192386889
1190272	1161062	29210	2826	7254808	7243880	1120625201356521
1203566	1171934	31632	2268	6137314	6140764	1120625209223739
1238032	1159196	78836	3785	9163100	9208698	1120625220148161
985242	955194	30048	4697	10773038	10788730	1120625232433189
0	0	0	0	0	0	0
1244946	1172736	72210	4071	9749066	9797896	1120625251490781
1188072	1158666	29406	3753	9114190	9096610	1120625262389841
1272656	1164180	108476	1188	3881242	4050964	1120625268070349
1217280	1175196	42084	1912	5375102	5449350	1120625275188911
1187106	1155636	31470	698	3001774	2985794	1120625279904769
1197360	1164906	32454	2219	5504012	6037074	1120625287142951
683134	653056	30078	4056	9368318	9197752	1120625297720611
1204054	1172796	31258	2425	6446326	6455208	1120625305907449
212232	181498	30734	2190	5468206	4993850	1120625312127619
0	0	0	0	0	0	0
1195136	1163980	31156	2187	5973146	5970344	1120625322852461
1203864	1173890	29974	1406	4017146	4416846	1120625328599131
1154746	1119276	35470	1209	3629504	3980244	1120625333909951
822374	792590	29784	2610	6829518	6454562	1120625342097461
770806	735388	35418	201	2035924	1598356	1120625345429931
1034074	989360	44714	1784	4694064	5004732	1120625351683089
1186764	1156294	30470	2659	6403886	6907830	1120625359811751
1191970	1160284	31686	2130	5640750	5854858	1120625367182859
1203490	1173730	29760	1284	3757182	4173916	1120625372668401
1298950	1164270	134680	2430	6522652	6561532	1120625381015751
847620	697410	150210	4695	10994348	10641562	1120625393382389
1193118	1162038	31080	4905	11418330	11406634	1120625406517799
1296330	1158712	137618	2076	5752580	5850764	1120625414092961
1266328	1235830	30498	2692	6817452	7062336	1120625422702901
888360	858086	30274	3880	9362650	9051724	1120625433478779
1193064	1160664	32400	3979	9016894	9552976	1120625444227389
0	0	0	0	0	0	0
420918	390784	30134	551	2221402	1925704	1120625458519139
1191552	1161436	30116	1069	3729240	3729926	1120625463965691
1195112	1163902	31210	3150	7436908	7898046	1120625473135201
1218406	1164022	54384	3413	8296544	8446330	1120625483176401
1116620	1086366	30254	1759	4636790	5037308	1120625489456629
790876	759698	31178	1770	5151668	4734026	1120625495934849
214972	177764	37208	4588	10794340	9798816	1120625507484871
1186214	1155250	30964	1953	5507534	5494682	1120625514713949
3277516	3271260	6256	4215	10145184	12109112	1120625528663241
0	0	0	0	0	0	0
979326	948322	31004	2835	7270174	7052278	1120625549472909
653370	622484	30886	308	1681678	1671284	1120625552342921
443986	373760	70226	4377	10359344	9601534	1120625563671449
1193544	1161264	32280	2844	6745066	7285254	1120625572146891
1207326	1176762	30564	137	1460048	1884308	1120625575338593
977332	948200	29132	1670	4435570	4719978	1120625581276591
372244	341676	30568	4240	10086696	9256098	1120625592261401
1099012	1068412	30600	4037	9684226	9575860	1120625603570119
1087100	1056104	30996	3400	8404498	8289858	1120625613596179
1214872	1182422	32450	120	1448048	2097592	1120625617681881
1186340	1155228	31112	2891	7144500	7371628	1120625626549291
1192678	1163052	29626	3402	7956340	8404968	1120625636223639
0	0	0	0	0	0	0
817138	783916	33222	4014	9624350	9248524	1120625659413809
