# Loop @ Start frequency 1100000Hz took 1936.22 cycles
# Interval [1934 ; 1939]
# Q1 : 1926 ; Q3 : 1930
# Loop @ Target frequency 3700000Hz took 708.17 cycles
# Interval [707 ; 709]
# Q1 : 706 ; Q3 : 708
# Confidence intervals do not overlap, alternatives are statistically different with selected confidence level
Change time (with write) [cycles]	Change time [cycles]	Write cost [cycles]	Wait time [us]	Time since last frequency change request [cycles]	Time since last frequency change [cycles]	Detected frequency change timestamp [cycles]
1580652	1533842	46810	3567	446319220	446543280	1120891161740697
970688	940332	30356	4812	10811110	10997986	1120891173736507
1288362	1257182	31180	907	3086916	3506110	1120891178302177
1567088	1535994	31094	3036	7666900	8050738	1120891187726889
1413918	1382220	31698	4996	11571990	11809420	1120891200903633
1512930	1482752	30178	2463	6523306	6842370	1120891209130521
1526426	1496176	30250	4156	9922374	10240598	1120891220769879
903046	871856	31190	3982	9566922	9267166	1120891231430447
1343680	1314054	29626	4075	9732546	9897164	1120891242697041
1415764	1383672	32092	3998	9652276	9813786	1120891253954965
1555114	1525086	30028	3427	8483618	8811336	1120891264184283
1406420	1376712	29708	2191	5578382	6190020	1120891271359553
1137490	1107966	29524	4544	10601440	10627776	1120891283288469
1552584	1520474	32110	3891	9369670	9738828	1120891294401549
1497586	1380238	117348	4101	9816950	10122928	1120891305906501
1553528	1518674	34854	3295	8178926	8546244	1120891315832377
1741526	1709238	32288	2535	6649264	7214134	1120891324422189
1191252	1160022	31230	27	1482312	1657638	1120891327285973
660310	627772	32538	2511	6613242	6084558	1120891334748879
1582100	1551726	30374	4626	10845628	11237060	1120891347366607
1595384	1560998	34386	4697	10605532	11392082	1120891359757811
1011866	981622	30244	4859	10807702	11132208	1120891371772177
842396	811170	31226	1572	4734860	4390090	1120891377542677
525490	494542	30948	447	2307352	1824816	1120891380565777
1424538	1395050	29488	3556	8602320	8962926	1120891390782761
1706742	1676752	29990	4871	11276990	11849996	1120891403956867
1134352	1104810	29542	3275	7713204	8087240	1120891412994441
1729330	1698726	30604	1540	4673574	5212230	1120891419587305
1641490	1609748	31742	3078	7624684	8200210	1120891429043331
890826	861408	29418	1572	4612640	4436114	1120891434736623
1047682	1013620	34062	1286	4150992	4022646	1120891440125483
1553152	1523742	29410	4158	9812564	10272526	1120891451680881
1190696	1159554	31142	156	1464608	1904638	1120891454526381
1593494	1556614	36880	590	2777208	3181762	1120891459087149
1424582	1395000	29582	1788	4582110	5409658	1120891465284157
1634162	1603958	30204	4822	10787316	11681202	1120891477895727
1484354	1453020	31334	271	1996078	2428632	1120891481569847
1494854	1463734	31120	2722	6946946	7340916	1120891490202317
1630242	1590888	39354	3041	7528894	8113746	1120891499551657
1411238	1379238	32000	1519	4571098	4851932	1120891505724581
736478	707016	29462	1506	4516506	4151618	1120891511167773
556492	524314	32178	4306	10219624	9571080	1120891522133649
1536132	1505306	30826	3273	8131354	8484962	1120891531991257
1439032	1405680	33352	1904	5027662	5649418	1120891538648059
1024774	995188	29586	2294	6182766	6015180	1120891546045793
1677802	1646670	31132	1597	4777032	5273642	1120891552690719
1134158	1105062	29096	2113	5315978	5774462	1120891559331097
981524	949834	31690	412	1863784	2207866	1120891562366453
1580008	1547394	32614	138	1884054	2280212	1120891566020857
1053702	1023556	30146	3347	7923474	8150122	1120891575188485
1029824	1000608	29216	16	1621984	1464828	1120891578030625
871942	841594	30348	1746	5205714	4766794	1120891584298689
919326	888232	31094	4935	10958126	11193436	1120891596365957
1039274	1008748	30526	3464	8551996	8376908	1120891606147789
996130	963246	32884	3745	9074152	8888686	1120891616408557
1053476	1016084	37392	2732	7057822	6931378	1120891624709903
1761504	1732710	28794	1498	4181550	5167364	1120891630843839
695900	664554	31346	4146	9166302	9390328	1120891640896163
1429106	1399400	29706	1096	3777600	4022964	1120891646293391
798992	765668	33324	1260	3933140	3721672	1120891651215193
1611250	1580988	30262	4117	9822356	10248544	1120891662839393
739068	708542	30526	2011	5598184	5164042	1120891669367077
584164	554840	29324	172	1926932	1331476	1120891672068219
481300	450064	31236	2268	6123490	5420224	1120891678863323
1413786	1383462	30324	4094	9844646	10005030	1120891690311697
806154	775942	30212	745	3112062	2703092	1120891694419973
1656330	1625926	30404	2672	6379728	7402908	1120891702646139
1412474	1381146	31328	3355	8299492	8524404	1120891712548209
621976	592852	29124	1239	4096682	3502602	1120891717457647
1024356	994722	29634	4099	9785188	9624126	1120891728457913
1224484	1192460	32024	3278	8143182	8189732	1120891738016079
1491234	1456968	34266	2673	6929166	7241262	1120891746626737
1373752	1334664	39088	2143	5878000	6063800	1120891754069197
896290	864760	31530	1737	5055432	4773720	1120891760211655
1386922	1354842	32080	1406	4937310	5145252	1120891766726217
1102708	1072366	30342	797	3184534	3100724	1120891771204059
1763882	1613632	150250	643	2923160	3451600	1120891776081157
734052	703892	30160	3558	8095352	8252870	1120891785101257
1573300	1543334	29966	4047	9821772	10069138	1120891796686433
1492228	1461026	31202	882	2852632	3665244	1120891801221311
1098234	1067058	31176	2473	6540944	6449016	1120891809050573
1760268	1626732	133536	1585	4618082	5331664	1120891815619163
1478562	1446496	32066	2540	6506342	6962702	1120891823793457
1651294	1621236	30058	4264	10120392	10582648	1120891835758103
643694	611808	31886	2738	6625100	6523770	1120891843220423
1166622	1137008	29614	2733	7044744	7033546	1120891851621311
1710228	1680956	29272	4271	9649022	10654020	1120891863170815
1661368	1631212	30156	2902	6773390	7891422	1120891871795827
1717788	1546276	171512	3628	8479000	9377832	1120891882186201
1761048	1630976	130072	3111	7857514	8431460	1120891891994679
1584416	1554398	30018	266	1939526	2520100	1120891895708741
1106736	1076072	30664	4833	10955756	11175252	1120891907960977
1013098	983298	29800	157	1345238	1728916	1120891910509285
1575436	1545596	29840	226	1888390	2439578	1120891914163667
1490700	1459598	31102	1531	4654432	4961006	1120891920498847
1684518	1654598	29920	3004	7596572	8104870	1120891929970599
1065892	1036172	29720	3731	9078902	8929892	1120891940305887
1402382	1371978	30404	4131	9855724	10076218	1120891951754245
934428	904774	29654	3481	8321788	8299114	1120891961204269
308702	274140	34562	587	2242966	1885376	1120891963946497
1420650	1389232	31418	4252	10084808	10326118	1120891975642393
910648	880960	29688	3693	8834974	8698478	1120891985578297
1549094	1488370	60724	3638	8210358	9236410	1120891995528233
1017756	978774	38982	2737	7061142	6895040	1120892003797209
1028632	998010	30622	1854	5293744	5138944	1120892010314029
565350	535160	30190	262	2121336	1497988	1120892013190751
1642976	1611882	31094	2312	6050080	6669460	1120892021074301
1443794	1405100	38694	533	2439012	2911626	1120892025147105
1267324	1236134	31190	3593	8864086	8854624	1120892035468539
727646	697546	30100	99	1782180	1329888	1120892038168861
1660462	1630358	30104	4288	10174530	10646576	1120892050193617
1531772	1500826	30946	4109	9401144	10153310	1120892061316893
746616	710114	36502	2408	6350036	5965084	1120892068603613
1560416	1411084	149332	3027	7259182	8022120	1120892077613333
1420618	1391268	29350	4985	11663390	11795156	1120892090887433
1728454	1636610	91844	678	2957186	3485844	1120892095763241
1415306	1384120	31186	2117	5828082	6051212	1120892103200049
1052640	1020872	31768	2293	6178064	6039374	1120892110621285
1518400	1484374	34026	1789	4777226	5504430	1120892117107089
1290156	1260364	29792	914	3479604	3520930	1120892122066729
1540814	1510338	30476	4153	9887812	10250260	1120892133685313
1472982	1442698	30284	1515	4123556	4904030	1120892139471453
1510272	1480066	30206	1040	3674774	3992040	1120892144846681
1576344	1545202	31142	4496	10607664	10969558	1120892157220807
1414042	1384512	29530	3415	8409952	8645468	1120892167234291
1420478	1391362	29116	4104	9789290	10030846	1120892178634611
1699904	1650322	49582	3390	8337864	8880868	1120892188862051
1700218	1671164	29054	3186	7600134	8498742	1120892198352205
1734414	1705054	29360	4864	11343434	11887002	1120892211620317
699106	668974	30132	3823	8621360	8747582	1120892221130903
1614184	1584944	29240	4098	9776836	10212556	1120892232711997
1187260	1156704	30556	155	1338290	1900852	1120892235427025
661836	633192	28644	3875	9224770	8812904	1120892245503517
1608720	1577414	31306	4861	10969810	11732774	1120892258272215
642130	610508	31622	2928	6957482	6902856	1120892266061589
618814	589164	29650	110	1802654	1242506	1120892268672267
1403336	1372626	30710	1900	5389264	5605892	1120892275654777
1860128	1830244	29884	4545	10674412	11352150	1120892288379457
1412916	1381858	31058	3369	8331776	8560836	1120892298314197
1498484	1467426	31058	2297	6088808	6501478	1120892306091697
1425034	1395336	29698	4406	9885134	10638706	1120892317592169
796780	766608	30172	787	3168682	2772692	1120892321747843
1407360	1377674	29686	3521	8356932	8852498	1120892331706329
968224	937116	31108	2005	5492320	5379428	1120892338357117
1430712	1399860	30852	1318	4153582	4475672	1120892344131593
1600610	1566240	34370	4294	10161416	10591342	1120892356083397
1359358	1243206	116152	824	3041754	3410654	1120892360674149
1060604	1030488	30116	1278	4144606	4017852	1120892366069329
624846	595026	29820	2680	6949198	6386942	1120892373833481
1395404	1364400	31004	1094	3774128	3984582	1120892379196045
1417634	1387862	29772	3047	7380290	7914220	1120892388184177
1223848	1158326	65522	162	1806172	1950344	1120892391404381
1445256	1414204	31052	1420	4473320	4687790	1120892397535697
1548206	1518232	29974	1616	4820602	5181002	1120892404094589
1766522	1669056	97466	4621	10381798	11411030	1120892416432897
1466842	1437248	29594	1886	5475298	5650322	1120892423565141
1733374	1703240	30134	4189	9889428	10513238	1120892435377539
1730942	1697848	33094	4642	10174636	11418756	1120892447473089
1556204	1526626	29578	2200	5280712	6358842	1120892454500257
1643896	1483474	160422	4100	9667170	10265222	1120892466001897
1699156	1668970	30186	3859	9283710	9818944	1120892477175037
1433512	1404562	28950	1704	5002936	5242628	1120892483801273
605622	575084	30538	4153	9889182	9312462	1120892494489329
725938	695636	30302	3768	8696644	8664156	1120892504101597
1573386	1542082	31304	2718	6812154	7411960	1120892512676973
1119776	1089388	30388	3756	9032598	9034420	1120892523019251
1415960	1377222	38738	1692	5010636	5202908	1120892529635401
1612528	1580248	32280	4481	10549518	10976240	1120892541987907
1677936	1648224	29712	1863	5169150	5806908	1120892549025309
1126524	1096752	29772	2575	6584060	6679560	1120892556925747
855704	823030	32674	1574	4738054	4407180	1120892562708923
1277998	1236132	41866	4855	11028354	11409794	1120892575205065
1192252	1158008	34244	44	1678238	1681768	1120892578265329
727660	698206	29454	4716	10913706	10567122	1120892590096687
1649128	1616756	32372	3488	8580514	9028640	1120892600516049
1338750	1309426	29324	2537	6684644	6824542	1120892608729613
1776772	1746982	29790	3773	9137176	9727132	1120892619833537
509794	356868	152926	320	2225622	1552428	1120892622762607
1498876	1468548	30328	1013	3606736	3927506	1120892628057561
197264	168638	28626	613	2619032	1824286	1120892631063909
1572242	1541998	30244	4795	11168510	11564158	1120892643994883
1642600	1613308	29292	1000	3585474	4044382	1120892649413183
1459790	1416556	43234	2181	5309190	6224550	1120892656372285
1475726	1444158	31568	4979	11080346	11836808	1120892669118083
1623538	1593294	30244	1799	4744584	5625694	1120892675675859
1423396	1393728	29668	1483	4566486	4792502	1120892681855703
1480738	1363314	117424	1306	3773172	4494600	1120892687303019
1090210	1060428	29782	1083	3751446	3658766	1120892692334437
1239986	1210604	29382	2629	6853298	6908834	1120892700618129
1736316	1705300	31016	847	3397330	3833140	1120892705942451
1855812	1709252	146560	3437	8253972	9132808	1120892716241893
969780	940196	29584	2324	5838092	6020738	1120892723239717
1697738	1666036	31702	2335	6251568	6770054	1120892731379717
1674726	1552614	122112	4813	10743578	11702284	1120892743988539
862900	831770	31130	4546	10371372	10357102	1120892755412605
705496	675776	29720	3083	7747148	7273988	1120892764055189
1098156	1068476	29680	4348	10132240	10196170	1120892775475761
1441804	1413066	28738	1639	4863786	5121604	1120892781971373
1456088	1424938	31150	4708	10993960	11274498	1120892794611503
1742202	1711370	30832	3991	9575242	10127730	1120892806119549
1460688	1429586	31102	895	3373802	3654680	1120892811144023
1191638	1160594	31044	130	1770882	1853144	1120892814296919
1264882	1228272	36610	3547	8628446	8774352	1120892824380113
1705330	1624324	81006	2350	6362782	6816428	1120892832638499
1468308	1436170	32138	3611	8206560	9092140	1120892842503353
1407178	1378382	28796	3071	7511702	7961596	1120892851612129
1663750	1634310	29440	3121	7674548	8308366	1120892861140643
1388398	1357416	30982	3537	8268050	8866412	1120892870987225
908468	809504	98964	1541	4673258	4393270	1120892876759225
1711818	1681966	29852	4851	11289496	11817454	1120892889950513
1460222	1430426	29796	3520	8637890	8901942	1120892900238817
797584	766428	31156	3752	8893574	8704950	1120892910120083
587988	553542	34446	1926	5441922	4842228	1120892916340521
1479598	1449944	29654	4751	11093886	11394036	1120892929104011
1603590	1573080	30510	2108	5410264	6222094	1120892936307969
612178	581756	30422	3409	7786370	7832502	1120892944896489
1566748	1537242	29506	1582	4747760	5133846	1120892951401029
1712962	1683406	29556	1307	4201254	4728600	1120892957505095
771534	741544	29990	3269	8118980	7711622	1120892966585677
1566856	1534782	32074	1444	4472404	4856878	1120892972814897
1071426	1041426	30000	367	1823190	2214238	1120892975899421
1237280	1194402	42878	4526	10638536	10690548	1120892987969237
1669548	1516888	152660	1010	3062698	4091710	1120892992891523
1728486	1698918	29568	3218	8028572	8567496	1120893002838385
1594914	1565380	29534	4507	10523022	11010800	1120893015146635
1433942	1373702	60240	3592	8778930	9020346	1120893025549645
1668936	1639128	29808	4429	10443882	10928306	1120893037852479
1043082	1013688	29394	2363	6191576	6171092	1120893045280643
1778788	1750140	28648	3697	8546758	9575726	1120893055796207
1012044	981796	30248	765	2499846	2943852	1120893059501467
1642002	1553550	88452	3037	7276272	8118034	1120893068609319
1210912	1181028	29884	1186	3963798	3986934	1120893073974161
1083180	1052922	30258	2722	7026928	6928206	1120893082274433
1613174	1583578	29596	2586	6394736	7187178	1120893090472299
612794	581790	31004	2562	6656590	6163562	1120893097931919
811400	768570	42830	3618	8893224	8449222	1120893107826441
225902	196320	29582	410	2433122	1448928	1120893110678889
1682426	1652048	30378	4858	11323732	11800942	1120893123875343
1277500	1247264	30236	1582	4744012	4843380	1120893130090433
1699456	1669320	30136	3846	9274516	9795492	1120893141254213
1310546	1236782	73764	3808	9092246	9330194	1120893151847191
548106	518484	29622	616	2177904	2182262	1120893154766777
3356080	3351214	4866	730	3051834	5218902	1120893161364743
650144	615976	34168	4975	11138008	11002918	1120893173342629
913338	881934	31404	3171	7926124	7658302	1120893182371747
1700108	1669428	30680	3263	7964260	8639206	1120893192226553
783402	749792	33610	3658	8515448	8502032	1120893201715687
1578172	1546332	31840	2970	7386734	7919564	1120893210870413
679488	650008	29480	1899	5380808	4879736	1120893217121643
893598	864292	29306	4467	10514834	10227474	1120893228719733
1552998	1522906	30092	4256	10092788	10467682	1120893240554981
1685346	1654362	30984	1769	4747408	5646904	1120893247177341
1758542	1592108	166434	4276	9500926	10725562	1120893258626437
1470654	1441588	29066	301	2085368	2490346	1120893262372535
1045630	1015598	30032	3424	8305334	8316892	1120893271913453
1420370	1390632	29738	2861	6908894	7544174	1120893280436153
1105822	1033988	71834	4112	9830140	9754068	1120893291561503
1672344	1642242	30102	4151	9682314	10375104	1120893303105891
1609700	1573616	36084	2256	6013294	6523630	1120893310919191
1430192	1399972	30220	4034	9092750	9923266	1120893321631627
1357606	1326698	30908	4903	11205822	11564858	1120893334384881
701258	671926	29332	1688	4982176	4499224	1120893340258553
1406440	1377094	29346	2109	5810992	6035352	1120893347665655
468878	439198	29680	1608	4783376	4087332	1120893353108003
1249796	1220268	29528	962	3511160	3576824	1120893358058873
1389490	1349432	40058	3338	8274262	8468228	1120893367912553
1347966	1317526	30440	735	3055738	3219308	1120893372508945
1509028	1429220	79808	1482	4021956	4875576	1120893378229989
1536726	1507570	29156	3071	7753302	8104388	1120893387709629
1401670	1370920	30750	4014	9565018	9832142	1120893398866521
1417060	1388554	28506	1443	4518350	4706492	1120893404991847
1733758	1695696	38062	1781	5148958	5699114	1120893412064417
1652996	1622800	30196	2561	6338636	7177812	1120893420245667
1719392	1687938	31454	2849	6776970	7822636	1120893428932027
1195446	1165150	30296	1244	3598298	4093966	1120893433915985
825106	794720	30386	2967	7515136	7160810	1120893442449525
1575436	1545858	29578	1604	4816414	5195516	1120893449031849
5140098	5135252	4846	39	1266736	5619378	1120893455628533
1488038	1458046	29992	1695	4415852	5280644	1120893461722395
1482402	1452904	29498	4374	9885404	10633874	1120893473280665
1373542	1342476	31066	3531	8307388	8838988	1120893483151659
1812820	1783116	29704	2513	6706390	7241574	1120893491860913
869146	700710	168436	2483	6001804	6237804	1120893498925147
1569010	1537374	31636	4695	10973060	11359582	1120893511656921
1407476	1375748	31728	2080	5746596	5969904	1120893519001357
1451844	1393320	58524	4985	11628616	11824058	1120893532271641
1919588	1888160	31428	4703	11000294	11739152	1120893545381303
1541582	1508732	32850	3532	8616104	9007914	1120893555729217
1587594	1555924	31670	2604	6606516	7197794	1120893564113195
1719920	1689066	30854	4218	10024246	10557924	1120893576047365
700552	671756	28796	596	2049832	2294600	1120893578987961
1669554	1639958	29596	4133	9985258	10336976	1120893590832923
1625124	1594408	30716	4664	10440038	11362078	1120893603088417
548804	517018	31786	3903	8768404	8764066	1120893612595973
1719204	1688418	30786	1905	5618198	6160812	1120893620428369
1466666	1437030	29636	3540	8690258	8958568	1120893630775689
1409634	1378648	30986	4592	10627058	10995158	1120893643002563
1453546	1422120	31426	4918	10987670	11692124	1120893655634365
1657426	1544982	112444	1158	3900242	4375918	1120893661382213
946320	916782	29538	856	3318254	3061410	1120893665837077
1559166	1529132	30034	3235	7773494	8431638	1120893675363821
502138	472330	29808	553	2272550	2011184	1120893678328793
1285596	1254368	31228	3179	7949550	8055092	1120893687754147
1662278	1632264	30014	4849	10546384	11762932	1120893700156759
439770	396566	43204	4083	9769722	9017326	1120893710556145
1669920	1534156	135764	4279	10162158	10628928	1120893722578209
1052662	1022942	29720	3894	9377606	9245222	1120893733198943
1187250	1157620	29630	1731	5178918	5051940	1120893739755505
1701970	1671738	30232	2542	6667056	7190628	1120893748318073
1236058	1205782	30276	1197	3469174	4033044	1120893753214133
1264490	1234974	29516	4572	10835786	10810756	1120893765504437
584456	548452	36004	4725	11082608	10435630	1120893777362377
1584462	1555528	28934	1616	4449756	5219514	1120893783586329
634474	603660	30814	2907	6891118	6851038	1120893791302207
1609824	1573972	35852	2035	5651784	6082226	1120893798753621
1500492	1384706	115786	251	2043620	2405434	1120893802488191
6689530	6682110	7420	4439	10043232	15970008	1120893819411173
1533444	1503204	30240	4084	9849356	10103288	1120893830984933
1463578	1433120	30458	3836	8698452	9548352	1120893841337001
1680680	1640414	40266	1843	5435526	5770152	1120893848644041
1453706	1421174	32532	2724	7013118	7303760	1120893857300961
1034032	947592	86440	2228	5849772	5891370	1120893864375233
897752	868828	28924	4334	9466110	9968988	1120893874928887
543688	513342	30346	220	2035906	1386510	1120893877698831
1519074	1487004	32070	2469	6523484	6859492	1120893885932169
1820652	1789532	31120	4381	10350678	10986468	1120893898293683
738602	709722	28880	3324	7637354	7789104	1120893906859505
1325952	1224992	100960	1701	4995194	5130088	1120893913370783
903254	872602	30652	2389	5846028	6083930	1120893920310189
1045416	926004	119412	1254	4100786	3967234	1120893925646137
994808	879302	115506	1146	3804236	3688778	1120893930635543
1279180	1249696	29484	1524	4638698	4728962	1120893936743843
1732160	1700902	31258	2838	7258932	7810960	1120893945924743
1696218	1667000	29218	757	2683290	3613584	1120893950494761
1181722	1151940	29782	1387	4375760	4380128	1120893956242217
1534668	1504028	30640	1916	4696548	5770316	1120893962663153
1543184	1512772	30412	778	3149388	3501878	1120893967545607
1625594	1595130	30464	3625	8830654	9278170	1120893978191949
955014	925164	29850	1366	3854532	4090436	1120893983191343
1519732	1489298	30434	4116	9814680	10154412	1120893994715933
582364	550978	31386	3541	8278554	8073696	1120894003766525
507900	478776	29124	2343	6269928	5596078	1120894010738047
749334	718600	30734	138	1891356	1428388	1120894013569401
1729980	1578372	151608	3398	8384380	8929384	1120894023873985
980320	950844	29476	577	2118070	2534708	1120894027166289
1563566	1531174	32392	4330	10246098	10627374	1120894039189433
1247532	1217620	29912	1997	5560160	5644172	1120894046187337
1617450	1586142	31308	751	3170082	3543454	1120894051165281
295684	248336	47348	304	2192370	1306888	1120894053843475
1277048	1247688	29360	1683	4949846	5043848	1120894060264809
1188732	1157790	30942	24	1640756	1644598	1120894063284413
1626582	1593328	33254	4052	9482928	10131426	1120894074584227
1388344	1358940	29404	1074	3200744	3939728	1120894079363901
1552138	1519432	32706	192	1969670	2338578	1120894083075667
1412692	1379782	32910	1046	3279760	3907506	1120894087958213
1178182	1147822	30360	1820	5223084	5221546	1120894094549663
866050	722010	144040	1357	4311440	3983818	1120894099917473
1234158	1204660	29498	503	2307836	2642584	1120894103653567
1489350	1443852	45498	3001	7126102	7892940	1120894112458745
1823172	1788086	35086	4432	10462446	11097362	1120894124934385
1302450	1272984	29466	3206	7184674	8116446	1120894133611625
1406870	1377518	29352	901	3379282	3611902	1120894138588053
1420686	1384716	35970	4711	11110420	11243406	1120894151309721
1476302	1391506	84796	1660	4953348	5199062	1120894157929325
241632	210916	30716	689	2685648	2023908	1120894161046597
1152320	1121250	31070	3718	8874242	8991010	1120894171263175
1628496	1598460	30036	4450	10481724	10930214	1120894183563349
1708130	1678444	29686	3635	8415530	9379912	1120894193876845
1147776	1117046	30730	1159	3266644	3869198	1120894198484469
1676820	1647064	29756	4807	11200328	11699066	1120894211551359
1492856	1445598	47258	4644	10469346	11182702	1120894223703337
1600838	1570758	30080	339	2267188	2681332	1120894227761337
1502710	1470380	32330	3398	7838364	8700984	1120894237295101
1492120	1462708	29412	1625	4917320	5143022	1120894243894477
1423968	1393558	30410	3388	8296818	8601758	1120894253808221
1749158	1701572	47586	2588	6786360	7327062	1120894262537333
657364	542898	114466	4440	10510684	9939822	1120894273895485
1651604	1621058	30546	2426	6432620	6904650	1120894282173641
887562	856016	31546	1390	4226074	4069286	1120894287477563
1401126	1371742	29384	517	2617978	2837184	1120894291687117
1400708	1371026	29682	3612	8812296	9027518	1120894302090589
1083298	1051114	32184	3997	9485508	9480688	1120894312849133
943530	914650	28880	1515	4610496	4375196	1120894318593291
1365726	1330744	34982	4807	11196238	11382816	1120894331345363
864584	833366	31218	2226	6030574	5719036	1120894338430193
1567428	1536926	30502	2777	7245298	7530482	1120894347432997
1343714	1314938	28776	1518	4618506	4781532	1120894353585169
1662246	1630670	31576	4911	11402758	11887446	1120894366839653
1417090	1386902	30188	1246	4073860	4312120	1120894372520467
1732066	1699994	32072	3597	8786586	9336626	1120894383229373
1403270	1373268	30002	3397	8374204	8599408	1120894393196493
1330930	1301442	29488	1898	5386918	5529638	1120894400104105
556494	395146	161348	3990	9560636	8938542	1120894410411503
871866	842522	29344	1573	4731806	4425714	1120894416204937
1439802	1409514	30288	2998	7014288	7838610	1120894424848821
967210	936070	31140	4025	9640210	9420626	1120894435646045
1674832	1644714	30118	903	3409090	3881850	1120894440919669
1736480	1707644	28836	4058	9245180	10265232	1120894452091201
1488730	1457534	31196	2849	7319540	7588378	1120894461089393
1553574	1518648	34926	2038	5137394	6032994	1120894467970209
1405058	1374202	30856	2576	6198158	6959076	1120894475763593
1558814	1523910	34904	1794	5269080	5548836	1120894482785285
653714	621634	32080	3309	13309502	7673874	1120894496938133
1482916	1451196	31720	1021	3629898	3927762	1120894502241251
1424476	1332622	91854	2521	6633288	6879112	1120894510488743
259104	227878	31226	256	2274996	1173376	1120894513227349
902136	871908	30228	1647	4879632	4598936	1120894519198309
1725038	1695682	29356	3051	7810024	8229272	1120894528923167
1190446	1159838	30608	82	1419154	1755896	1120894531722549
1155392	1123058	32334	3606	8809084	8769296	1120894541877427
701796	670960	30836	1823	5233096	4751186	1120894548005787
1159594	1129498	30096	2797	7179978	7157394	1120894556535529
1526334	1496152	30182	2847	7284612	7628392	1120894565536205
1567074	1535900	31174	4533	10195478	11040078	1120894577489137
645998	616190	29808	2314	6198394	5675818	1120894584523773
1236398	1206922	29476	1416	4419950	4475794	1120894590370083
1615124	1585618	29506	4815	10859534	11648156	1120894603034703
1393436	1363834	29602	1925	4954570	5646088	1120894609572969
1660128	1629578	30550	804	2748448	3670918	1120894614171653
1459604	1430418	29186	3314	8217936	8496306	1120894624039045
873936	844168	29768	3590	8778742	8457902	1120894633881377
838734	807086	31648	4213	10028068	9667138	1120894644942037
1473808	1443716	30092	4843	11269220	11563014	1120894657875009
1654930	1601696	53234	2107	5843444	6271086	1120894665566087
1555044	1521768	33276	466	2010676	2888190	1120894669322147
1217458	1156960	60498	165	1837344	1948982	1120894672566547
1586778	1556454	30324	3640	8872816	9268858	1120894683239739
1459194	1429742	29452	929	3278590	3719590	1120894688168093
575154	521990	53164	4618	10760618	10213454	1120894699694049
1711300	1677982	33318	3585	8750454	9282786	1120894710346057
1190356	1159556	30800	169	1388472	1931880	1120894713115085
1208754	1179256	29498	887	3285054	3384364	1120894717799453
1435780	1403258	32522	3960	9505250	9760018	1120894728934353
1495798	1466278	29520	1222	4028128	4342376	1120894734648407
957978	924662	33316	256	2236394	1872120	1120894738032489
1640068	1607450	32618	2861	7308138	7765498	1120894747194539
1491132	1461412	29720	1736	4423552	5366184	1120894753299533
1713852	1681738	32114	747	3078950	3610164	1120894758282187
953846	923930	29916	4831	10733832	11018214	1120894770160161
1679462	1649570	29892	3066	7726502	8226244	1120894779755739
1781784	1662672	119112	3173	7390826	8531720	1120894789121899
434074	391256	42818	840	2572076	2524212	1120894792318207
1241594	1211642	29952	3440	8530032	8533784	1120894802299599
443906	414248	29658	639	2220024	2124084	1120894805153889
873244	843252	29992	4969	11527884	11214642	1120894817745137
1591578	1560870	30708	2874	6910986	7742502	1120894826441445
1705716	1675116	30600	2794	6788682	7696654	1120894835125517
1574276	1544796	29480	1947	5287854	5870904	1120894842178015
546568	506350	40218	3675	8749610	8299110	1120894851664249
1464380	1435654	28726	2683	6953462	7233424	1120894860272033
1331020	1301540	29480	2129	5829560	6004826	1120894867622555
1161226	1131198	30028	1178	3936836	3919052	1120894872910773
607474	577824	29650	4357	10304354	9723670	1120894884012865
1410606	1379852	30754	2768	7122166	7349282	1120894892736025
1494898	1435792	59106	1728	4964828	5352792	1120894899386245
1415112	1384498	30614	1345	4292894	4508616	1120894905284401
1686908	1656322	30586	2397	5987020	6884078	1120894913148113
517138	487730	29408	4420	10420792	9759036	1120894924276313
1185048	1155354	29694	4668	10482288	10926874	1120894936134053
1407230	1374044	33186	2509	6743046	6839718	1120894944474173
1151614	1121208	30406	2084	5704706	5729916	1120894951520587
1583898	1532062	51836	1008	3056358	4001808	1120894956350783
1096640	1066956	29684	989	3533776	3496532	1120894961171529
1725210	1695744	29466	2209	5546824	6547636	1120894968634015
1405826	1376380	29446	2132	5850472	6071916	1120894976080569
936410	907128	29282	529	2116228	2397904	1120894979323087
1470566	1434344	36222	1889	5632472	5651682	1120894986639233
244964	187780	57184	480	2553516	1607134	1120894989627593
1409966	1378624	31342	1836	5269324	5484308	1120894996496567
1306946	1275912	31034	3609	8747758	8938926	1120895006741401
1465554	1433092	32462	3931	9462544	9729660	1120895017859959
1396080	1315454	80626	997	3075396	3794226	1120895022524409
1186542	1157434	29108	83	1261978	1753976	1120895025162875
1209254	1178428	30826	1970	5419398	5551592	1120895031981593
1404140	1372712	31428	897	3398994	3600818	1120895036974419
1417494	1386414	31080	3170	7950258	8160844	1120895046531645
1889026	1854048	34978	4614	10818408	11525234	1120895059429133
1774524	1745114	29410	4075	9190300	10324852	1120895070584569
1769588	1734294	35294	1936	5107450	6066586	1120895077651583
536890	506428	30462	3810	8750302	8558152	1120895087128793
1459096	1420682	38414	4699	10703488	11259484	1120895099480817
1426038	1392550	33488	2703	7051356	7232728	1120895108147777
1636670	1603732	32938	571	2271894	3180496	1120895112246337
1574294	1544108	30186	2121	5729124	6225934	1120895119739921
881428	850906	30522	204	1994106	1691770	1120895122809023
1647110	1617640	29470	653	2946172	3356964	1120895127592729
1661168	1630024	31144	4899	11377062	11861044	1120895140820679
1478112	1448116	29996	1951	4924490	5792338	1120895147413507
653200	621142	32058	1533	4567734	4122298	1120895152824533
1843378	1812506	30872	875	3336908	3996542	1120895158194747
1425600	1397098	28502	1820	5256706	5489942	1120895165066859
1133160	1103756	29404	1624	4832870	4783756	1120895171222351
1626698	1598024	28674	4226	9718826	10480392	1120895182757827
1152406	1121694	30712	2530	6517114	6613490	1120895190617441
582282	551632	30650	287	2157908	1558034	1120895193547327
774326	745334	28992	2017	5617280	5210992	1120895200129357
1752814	1722522	30292	4637	10861888	11431134	1120895212933731
1504578	1473814	30764	3099	7723064	8106302	1120895222351409
1537408	1504920	32488	3072	7703516	8092920	1120895231782209
1043064	1012926	30138	4460	10337138	10366350	1120895243355683
1504204	1473840	30364	2320	6221378	6547368	1120895251270831
1496114	1465216	30898	3691	8965298	9279340	1120895261922657
649052	618168	30884	3515	8175678	8080520	1120895270937475
1237768	1208018	29750	1689	5064754	5017516	1120895277430223
1691324	1661748	29576	4036	9657858	10166848	1120895288969663
2380180	2375344	4836	3330	7788294	9448278	1120895299328393
1088174	1056782	31392	3527	8251998	8546338	1120895308858357
1678548	1645254	33294	4512	10617696	11104406	1120895321344629
1139074	1109650	29424	4272	10125530	10084414	1120895332798989
1671414	1626854	44560	2431	6452610	6937326	1120895341113379
1529538	1435786	93752	1271	3704674	4474432	1120895346537445
1355364	1324212	31152	270	2142400	2297594	1120895350225253
1564900	1451154	113746	1835	4900902	5637612	1120895356880767
1491998	1463214	28784	2272	5747676	6447824	1120895364309753
1129520	1097836	31684	1381	4369618	4299978	1120895369999259
921830	891570	30260	2583	6746082	6489518	1120895377857457
1338962	1306158	32804	4192	9986792	10125624	1120895389376545
1407754	1376074	31680	4268	9570384	10345532	1120895400545195
1413106	1383720	29386	2526	6648436	6868244	1120895408796489
4242666	4238086	4580	4175	10093366	12995590	1120895423321981
1725462	1587102	138360	1343	4287620	4812200	1120895429524703
1460812	1430858	29954	2034	5657026	5931334	1120895436831969
905914	808862	97052	894	2980842	3112812	1120895440909057
787656	742492	45164	3835	8800078	8863970	1120895450686705
1404080	1372268	31812	1528	4228932	4870266	1120895456509161
1044696	1014318	30378	3525	8651588	8505368	1120895466395617
1456048	1422036	34012	2292	6176976	6450782	1120895474218943
1451500	1418670	32830	421	2453844	2700700	1120895478314359
1617030	1588542	28488	1282	4160414	4590576	1120895484281857
1464248	1304176	160072	1609	4819098	5097288	1120895490755079
1441992	1412160	29832	4497	10637348	10838188	1120895503024721
1245624	1207666	37958	1542	4665704	4733194	1120895509126239
1484508	1453366	31142	1225	4033814	4336170	1120895514835087
1680820	1648784	32036	3580	8740600	9243122	1120895525447375
1395574	1366062	29512	371	2120682	2540328	1120895529154009
1501570	1386708	114862	2230	5732346	6364374	1120895536577961
1715292	1685034	30258	2381	6344332	6879016	1120895544827693
1496930	1467900	29030	2057	5010746	6019696	1120895551525297
834072	804540	29532	3524	8455012	8285158	1120895561004309
1452572	1422712	29860	2149	5363886	6160822	1120895568010707
816318	786726	29592	4944	10927590	11106744	1120895579944345
810792	781372	29420	3449	8477408	8108678	1120895589422829
1150620	1121372	29248	4539	10663250	10631368	1120895601426519
1024542	994014	30528	192	1975552	1809194	1120895604616449
1503182	1470022	33160	2481	6547842	6867004	1120895612881027
1463596	1431766	31830	4389	10346490	10643806	1120895624881281
1577770	1547300	30470	2949	7599882	7877684	1120895634249443
1159042	1127820	31222	3720	8919742	9007660	1120895644518633
1719764	1689690	30074	4840	11271006	11811734	1120895657699303
1764280	1597054	167226	701	2983480	3569538	1120895662637707
800216	748646	51570	4793	10560158	10787500	1120895674187589
1621786	1592372	29414	2731	6495824	7486568	1120895682495079
872426	842768	29658	3654	8730330	8590168	1120895692287701
1218162	1188754	29408	3423	8435514	8470758	1120895702131297
1369604	1331752	37852	3618	9129534	9018054	1120895712820645
1475024	1442330	32694	937	2952456	3759126	1120895717438065
1658520	1625908	32612	2350	6284988	6763452	1120895725571783
1366298	1336230	30068	523	2536378	2814552	1120895729665285
1506900	1503310	3590	45	1367196	1998972	1120895732729875
1269430	1238488	30942	445	2480858	2561336	1120895736670297
429880	399378	30502	445	2470326	1721334	1120895739760747
1461774	1432446	29328	4271	10090726	10407192	1120895751506589
1464240	1397720	66520	4308	10230352	10485538	1120895763391161
1694654	1663372	31282	4659	10907000	11414576	1120895776183239
1543446	1511962	31484	598	2363158	3141558	1120895780280007
1419662	1387080	32582	2719	6726378	7259102	1120895788616201
1402358	1372940	29418	2527	6647890	6859238	1120895796856839
1298232	1268356	29876	2390	6363366	6481164	1120895804708587
1458466	1410492	47974	1682	4489562	5234404	1120895810846857
1743910	1617862	126048	1631	4948838	5408826	1120895817730177
1188544	1156474	32070	128	1451018	1847598	1120895820562803
1469224	1439870	29354	4569	10729006	11009366	1120895832951385
1189414	1157174	32240	126	1760468	1842828	1120895836091583
1190526	1159730	30796	87	1788788	1773266	1120895839284669
870052	839136	30916	3824	9069320	8920282	1120895849414065
651322	621792	29530	3739	9055486	8531460	1120895859311229
1414562	1383650	30912	3153	7892702	8122184	1120895868808433
1667772	1586402	81370	318	2231604	2706470	1120895872897661
1561372	1390106	171266	2058	5214272	6100000	1120895879863133
1624294	1593862	30432	3238	7643106	8502938	1120895889324009
489970	454952	35018	312	1597480	1517374	1120895891601699
1515502	1483880	31622	3157	7897546	8231316	1120895901205201
1724230	1630684	93546	3223	8033986	8571812	1120895911153787
1506796	1477334	29462	243	2033194	2394332	1120895914884369
584024	554796	29228	467	2506964	1919370	1120895918165539
1647022	1618074	28948	4652	10984128	11361114	1120895931010449
1785312	1756196	29116	4695	10802750	11576890	1120895943788651
349518	319154	30364	762	2519160	2276984	1120895946850763
1124232	1093344	30888	963	3510538	3451714	1120895951675527
1509902	1479242	30660	400	2391676	2711486	1120895955767117
1688374	1658076	30298	3189	7962078	8469232	1120895965611473
1545714	1513928	31786	4682	10957508	11312670	1120895978304729
1556284	1471196	85088	1819	5234260	5603320	1120895985285259
4300204	4295466	4738	895	2923504	6492960	1120895992699209
1692116	1544378	147738	320	2217636	2733006	1120895996799037
950646	921098	29548	3966	9571826	9284542	1120896007511437
1676984	1630876	46108	714	3015394	3506402	1120896012393713
1711496	1669540	41956	2764	7122754	7648056	1120896021418235
1086464	1057620	28844	1471	4526632	4431002	1120896027221171
815678	703208	112470	1798	5175326	4813270	1120896033402319
1717374	1683716	33658	3201	7982438	8521638	1120896043291913
1521574	1491986	29588	1900	5274586	5724434	1120896050278089
1380426	1349922	30504	4672	10770180	11126828	1120896062618785
502412	365616	136796	153	1893198	1211266	1120896065204781
1645846	1613824	32022	3198	7859750	8444930	1120896074900109
786132	755932	30200	588	2190128	2374550	1120896078066417
1267906	1238338	29568	2721	7029888	7111890	1120896086554165
1396784	1366412	30372	1103	3882018	4005562	1120896092022923
1673666	1643248	30418	2384	6349372	6844306	1120896100235813
1131100	1100036	31064	2908	6948642	7349028	1120896108505131
351214	320002	31212	372	2344498	1506410	1120896111391193
1353662	1321776	31886	3139	7862580	8037062	1120896120797631
555746	526164	29582	1263	4174296	3484996	1120896125717707
1365740	1334838	30902	2561	6264300	6890556	1120896133541633
1723898	1694374	29524	1519	4760122	5163934	1120896140215699
1519720	1490778	28942	1868	5321912	5663948	1120896147247459
1218204	1188630	29574	3472	8530544	8564666	1120896157185857
1616916	1588076	28840	4907	11005590	11832868	1120896169998477
1616008	1586700	29308	4167	9297198	10352262	1120896181101457
1839054	1649840	189214	951	2924542	4142512	1120896186054561
1611612	1582180	29432	1851	5300812	5715652	1120896193157003
1562050	1519294	42756	1590	4771882	5145126	1120896199681433
1297270	1267080	30190	589	2710146	2876048	1120896203878613
1552616	1523292	29324	195	1894880	2346806	1120896207519847
1468342	1435930	32412	2721	7023210	7312240	1120896216201521
1432958	1375266	57692	2067	5739702	5978470	1120896223564181
1718050	1689420	28630	2388	6314950	6898006	1120896231787193
1681540	1651886	29654	4887	11242180	11858090	1120896244904513
1088950	1059336	29614	4998	11112696	11493456	1120896257295861
598390	536030	62360	1048	3683152	3096898	1120896261767213
1511238	1480260	30978	388	2366456	2690630	1120896265838061
1198600	1165650	32950	4060	9759352	9719962	1120896276989357
1733944	1703740	30204	918	3419200	3972134	1120896282332713
554272	448268	106004	3950	9494094	8861828	1120896292570943
1585808	1555822	29986	3299	8179582	8587640	1120896302526351
786652	748136	38516	2518	6540148	6230810	1120896310043185
889294	857422	31872	1972	5105264	5233440	1120896316227743
1695690	1665502	30188	2965	7658610	8034516	1120896325772121
1404868	1375420	29448	4362	10308326	10533282	1120896337679189
1415874	1386640	29234	4345	9885432	10507964	1120896349170115
1186108	1157338	28770	252	1890086	2092458	1120896352436303
796798	765550	31248	2260	6171526	5725736	1120896359616905
1669710	1626518	43192	3056	7185150	8183240	1120896368661773
1382956	1319686	63270	1249	3811984	4450778	1120896374046957
1679680	1649796	29884	3482	8546722	9044960	1120896384463641
425176	257016	168160	578	2344038	1982952	1120896387423131
762508	732508	30000	3726	8883034	8616926	1120896397258327
1446704	1407242	39462	432	2445474	2711588	1120896401340549
1466708	1437330	29378	1476	4545596	4820540	1120896407542509
1654824	1625424	29400	1578	4764862	5213646	1120896414152499
1375762	1344260	31502	2249	5475160	6276714	1120896421193363
1498598	1468330	30268	4532	10736504	10963856	1120896433618207
7659928	7655064	4864	38	1249316	8137928	1120896442717421
970864	940086	30778	701	2517348	2784340	1120896446396261
1414908	1385896	29012	2883	7011134	7583224	1120896455012269
1717540	1643528	74012	3978	9649236	10076078	1120896466568857
1429600	1400000	29600	3495	8004272	8821788	1120896476192801
1038456	1004768	33688	3730	9042234	8910598	1120896486463639
1100310	1066190	34120	4538	10667600	10591564	1120896498421417
1732140	1701144	30996	1181	3953748	4506348	1120896504297189
1557092	1526142	30950	2714	6475616	7387982	1120896512520017
1156700	1126930	29770	1225	4050230	4009506	1120896517917633
805872	773160	32712	2628	6367700	6463312	1120896525280717
1747286	1714882	32404	4001	9682206	10152396	1120896536900077
1044466	1007266	37200	1268	4128738	3983534	1120896542263209
1140142	1107826	32316	1116	3543650	3773998	1120896547136777
1697228	1666788	30440	4282	10161368	10663544	1120896559185789
1423892	1374506	49386	493	2568600	2812482	1120896563368417
1646914	1616816	30098	556	2692034	3161928	1120896567897503
1644690	1612736	31954	4864	11172814	11775766	1120896580909149
1643412	1472044	171368	3641	8826052	9328532	1120896591568809
878380	847296	31084	3694	8877916	8670172	1120896601514643
1561890	1531698	30192	3797	8973316	9557978	1120896612240121
1656726	1626040	30686	360	2206220	2784340	1120896616292935
1066748	1034246	32502	3414	8343148	8304818	1120896625892797
1399656	1361726	37930	2952	7489944	7707188	1120896634975669
1357228	1325948	31280	4922	11046558	11604646	1120896647569087
1612860	1463156	149704	998	3580662	4011136	1120896652952771
1407396	1375316	32080	2081	5749438	5970964	1120896660299259
1188402	1158132	30270	121	1797048	1840012	1120896663474217
1665164	1632960	32204	741	3087014	3550804	1120896668438943
1327852	1276038	51814	2532	6747198	6794012	1120896676703537
1348076	1317646	30430	1722	4595950	5202352	1120896682837677
1048662	1018474	30188	58	1700230	1567244	1120896685776235
1310404	1280960	29444	1754	5089582	5221146	1120896692369987
1241322	1211638	29684	2074	5877364	5798504	1120896699678891
1596494	1566014	30480	2597	6128178	7193592	1120896707593913
1100504	1068860	31644	2080	5707596	5662812	1120896714591905
724864	691638	33226	1836	5253728	4797846	1120896720760145
720330	690738	29592	130	1845378	1384046	1120896723515619
817004	787178	29826	2069	5732232	5357716	1120896730254325
1487910	1375012	112898	2678	6948722	7253502	1120896738881093
1170584	1130924	39660	4911	11415910	11394284	1120896751657719
1005572	974474	31098	1080	3801474	3567626	1120896756654617
1648890	1618548	30342	967	3516888	3984756	1120896762009983
798126	768428	29698	2463	5980886	6125874	1120896768979069
1852038	1822854	29184	1022	3259846	4297594	1120896774280989
1638884	1374668	264216	3603	8808302	9256738	1120896784917743
1222850	1193298	29552	1355	4299092	4335116	1120896790629655
1325312	1295098	30214	3710	9103308	9147964	1120896801248045
1636858	1603978	32880	4999	11580376	12035334	1120896814655485
1469156	1439472	29684	3502	8169246	8885468	1120896824483721
1190348	1158454	31894	163	1544910	1919460	1120896827408869
1493758	1464284	29474	2809	7281182	7514458	1120896836374177
493962	455326	38636	1627	4858356	4158598	1120896841916349
1517650	1487384	30266	2610	6885760	7140460	1120896850510029
1635142	1605808	29334	3908	9256226	9860618	1120896861591413
615278	585732	29546	288	2153066	1592608	1120896864549519
1606554	1577142	29412	3458	8499286	8924960	1120896874844689
1164654	1131712	32942	299	1545158	2184486	1120896877744793
1220330	1189548	30782	986	3482418	3594712	1120896882640481
1174870	1143608	31262	2761	7173506	7099248	1120896891178929
617336	587890	29446	3415	8276560	7849342	1120896900263245
1687068	1653388	33680	1169	3934984	4437158	1120896906074993
618778	568568	50210	2529	6612708	6079210	1120896913496663
652350	564790	87560	2766	7115098	6587852	1120896921454101
1576646	1546966	29680	3818	9217868	9614976	1120896932438363
927860	796286	131574	1750	4715344	4830772	1120896938271505
1677830	1648042	29788	2372	6367810	6830278	1120896946507417
515542	482510	33032	1229	3390094	3376912	1120896950603125
1564868	1533856	31012	4289	9704244	10550274	1120896962062327
656718	625380	31338	3973	9476746	9006192	1120896972386153
1679550	1648546	31004	3125	7685268	8337950	1120896981940853
1215790	1185512	30278	1993	5578914	5604062	1120896988925125
1399896	1370398	29498	1045	3786006	3892728	1120896994301119
1414446	1382526	31920	4853	11202070	11530876	1120897007107597
529434	499558	29876	533	2559396	1999066	1120897010386581
1548830	1519344	29486	615	2828542	3190110	1120897014979945
1603046	1571560	31486	392	2367412	2787312	1120897019140055
1400688	1371060	29628	1915	5360806	5633116	1120897026091691
1483654	1454036	29618	3939	9505130	9771466	1120897037270641
1620850	1589660	31190	2399	6396042	6822258	1120897045477753
1534384	1501966	32418	503	1951274	2941846	1120897049153197
1671454	1641250	30204	766	3109016	3604530	1120897054124183
1555610	1386754	168856	256	1966874	2469672	1120897057836429
920346	890128	30218	2662	6722758	6647958	1120897065673057
1687614	1655360	32254	4682	10513484	11453138	1120897078064183
1512944	1483304	29640	2947	6972496	7811166	1120897086739545
725048	617064	107984	3937	9410830	9001692	1120897097065523
1638780	1557004	81776	1218	3566752	4475780	1120897102461235
1569168	1538998	30170	367	2290812	2713186	1120897106511573
1410310	1378822	31488	4643	10846066	11104672	1120897118958565
940578	910552	30026	3985	9557294	9313428	1120897129646753
1410880	1381618	29262	1715	5023598	5243130	1120897136271081
1664390	1633108	31282	948	3494472	3973318	1120897141620563
1671054	1640644	30410	1741	5068006	5555372	1120897148549169
1617218	1583738	33480	3084	7303060	8186618	1120897157659237
619616	589332	30284	1612	4912818	4245682	1120897163381617
1190330	1159020	31310	82	1292120	1756926	1120897166054215
1595326	1565254	30072	541	2543192	3079558	1120897170383273
1880988	1850162	30826	1064	3240496	4411340	1120897175694909
675906	512138	163768	1438	4471256	3954022	1120897181031773
1730624	1699630	30994	4076	9638088	10286110	1120897192590399
1659942	1504720	155222	224	1819430	2518560	1120897196259681
1490444	1461076	29368	447	2047968	2787110	1120897199988129
1236610	1192260	44350	757	3079546	3153938	1120897204494295
1695218	1664522	30696	4618	10403256	11333036	1120897216782753
1522012	1491678	30334	436	2490536	2797558	1120897220985533
1777946	1736856	41090	3427	8365822	9033848	1120897231319439
1331380	1163174	168206	270	1502198	2273832	1120897234342793
1675720	1636506	39214	3861	9384512	9807578	1120897245617093
1408108	1378756	29352	2504	6758120	6818900	1120897253973353
951000	921312	29688	748	2585982	2848748	1120897257700219
1136032	1001748	134284	979	3596774	3495606	1120897262623241
1057652	1026356	31296	2357	6293996	6173132	1120897270164831
894562	864940	29622	43	1684216	1395674	1120897272933727
980814	940336	40478	4633	10859228	10649046	1120897284963877
1026370	996016	30354	2468	6523454	6363914	1120897292703385
1624184	1594592	29592	1151	4007432	4329276	1120897298525077
1675328	1645026	30302	3447	8487586	8972526	1120897308878221
1418082	1386228	31854	3099	7790570	8019464	1120897318276825
684734	647632	37102	1272	4285504	3653126	1120897323437481
1225168	1195654	29514	4199	10002958	10026614	1120897334855867
4577048	4572310	4738	1753	4698356	8493522	1120897344321683
1495000	1377962	117038	3094	7822868	8094030	1120897353829493
1698082	1668492	29590	2978	7535290	8057136	1120897363256541
869744	830638	39106	4698	10441930	10668846	1120897374758047
1024766	994310	30456	3538	8660514	8503078	1120897384633025
1600764	1569434	31330	1790	5159148	5582648	1120897391582973
1205480	1156766	48714	184	1912872	1974898	1120897394891677
1031300	1001550	29750	2449	6488984	6332342	1120897402627443
1400648	1371758	28890	4167	9862282	10138358	1120897414080737
1232950	1203318	29632	2790	7177066	7217150	1120897422680905
747828	709418	38410	8	1594850	1167638	1120897425213353
1276082	1246188	29894	345	2398828	2367682	1120897429077993
1641988	1596938	45050	2434	6447830	6910698	1120897437357819
920714	889558	31156	1518	4234444	4357754	1120897442702483
1122192	1091338	30854	3876	9343396	9277138	1120897453357939
491070	461028	30042	475	2534180	1842772	1120897456572745
585160	425164	159996	628	2796918	2244058	1120897460168889
1027388	998410	28978	3792	9188782	9020366	1120897470593029
1147074	1117372	29702	2114	5318530	5777198	1120897477248683
1043938	1014364	29574	2550	6683006	6547996	1120897485165489
1016322	987592	28730	138	1860184	1694070	1120897488231789
1540512	1509704	30808	4150	9893820	10249712	1120897499855887
638160	604650	33510	2659	6554002	6358344	1120897507241499
1577096	1548022	29074	1973	5651450	5925044	1120897514660377
778100	745758	32342	3768	9260144	8715736	1120897524889269
1105984	1076000	29984	4173	9929724	9853152	1120897536115099
1405842	1374602	31240	2066	5728492	5947986	1120897543438883
1186048	1154334	31714	157	1902110	1903506	1120897546717089
839000	807398	31602	3739	9323062	8719936	1120897557091927
1644138	1565062	79076	2993	7564872	8031472	1120897566491027
1463150	1433270	29880	728	2907344	3327760	1120897571052009
410774	379894	30880	183	2200948	1178168	1120897573853547
1099986	1070248	29738	4562	10761416	10625578	1120897585908769
1778802	1746824	31978	1618	4189796	5416562	1120897592067549
458858	428234	30624	970	3447222	2802320	1120897596163493
1433260	1403278	29982	4618	10670810	11072126	1120897608457807
1243320	1096386	146934	358	2342688	2384814	1120897612233881
802994	771430	31564	1157	3982594	3538260	1120897617209497
700846	669928	30918	3241	8066830	7586190	1120897626167261
1548312	1515534	32778	4692	10971256	11340384	1120897638876633
1544206	1513318	30888	411	1937478	2774732	1120897642548505
1763354	1731394	31960	546	2811676	3257492	1120897647313595
1502920	1473062	29858	3644	8874646	9193062	1120897657881085
1723844	1677014	46830	4623	10455176	11372328	1120897670253925
1783936	1754322	29614	2433	5957956	7051238	1120897678185967
983196	943124	40072	3730	9056168	8852942	1120897688415139
1704924	1674850	30074	3606	8806324	9331106	1120897699116801
731364	632460	98904	3548	8591156	8231278	1120897708629715
898450	800618	97832	901	2971418	3111848	1120897712690183
486006	451282	34724	193	2045422	1273732	1120897715411687
1467148	1436304	30844	897	3378188	3665372	1120897720446865
1380700	1270216	110484	687	2968478	3168052	1120897724986327
1482780	1452726	30054	4937	11058944	11758580	1120897737718385
5688520	5683866	4654	895	3343028	7881452	1120897746944093
1676320	1645280	31040	4204	10000758	10487040	1120897758811761
1562632	1532156	30476	1193	3527064	4359930	1120897764092001
1722518	1689064	33454	1157	3894746	4438300	1120897769899839
1677126	1646062	31064	1775	5131400	5630886	1120897776898433
1717628	1681968	35660	3359	8378244	8839674	1120897787184803
961618	930276	31342	2438	5961784	6239872	1120897794298717
1401770	1373264	28506	912	3427858	3639820	1120897799318913
1310062	1280424	29638	3817	8826086	9346788	1120897809645037
573376	535860	37516	1772	5125808	4519300	1120897815534309
1564664	1534274	30390	834	3316466	3634780	1120897820605589
1497670	1466652	31018	2446	6483190	6792638	1120897828776505
853130	755394	97736	3018	7196802	7313962	1120897837015967
1403092	1308062	95030	1080	3744534	3967252	1120897842353857
924172	894762	29410	326	1758658	1978816	1120897845226923
1432278	1392736	39542	2323	6165728	6479892	1120897853014937
606854	577548	29306	168	1933264	1345278	1120897855745513
837008	806666	30342	2089	5771468	5416456	1120897862547577
937876	908284	29592	2884	7466734	7109008	1120897871142369
1704084	1674200	29884	2153	5887658	6413266	1120897878924609
1762632	1730726	31906	2873	7116172	7910604	1120897887993055
1671102	1641978	29124	4577	10089130	11227448	1120897899943493
1188472	1158668	29804	2046	5188454	5682018	1120897906510703
1488666	1440236	48430	3282	8185766	8455134	1120897916374849
1608668	1516024	92644	2183	5961438	6384430	1120897924134843
1530026	1499012	31014	1024	3589388	3981462	1120897929444115
1689636	1527642	161994	3381	8413830	8853302	1120897939737667
1622272	1591770	30502	2619	6829960	7262428	1120897948384193
1558334	1529264	29070	2207	6011472	6384340	1120897956144273
1510702	1479382	31320	2764	7053632	7440334	1120897964898481
683400	648176	35224	1235	3664864	3562456	1120897969437189
1543402	1511376	32026	4500	10546342	10947142	1120897981717057
968330	939210	29120	2002	5473278	5374338	1120897988351997
1596398	1559398	37000	758	3115576	3537870	1120897993253963
1507496	1394296	113200	1917	5393388	5744958	1120898000345087
904880	783200	121680	4866	11222144	11063360	1120898012662339
1476456	1445114	31342	1565	4072700	5008642	1120898018401817
1500546	1381208	119338	2710	6581516	7321470	1120898026673933
828998	799664	29334	3802	9192384	8834686	1120898036886233
1196394	1166178	30216	3889	9354640	9376772	1120898047627613
792982	762302	30680	1803	5187478	4801524	1120898053798103
1435046	1403298	31748	3098	7795410	8034098	1120898063222117
737760	707430	30330	377	2345344	1895234	1120898066494809
1402164	1371880	30284	2894	7459356	7592074	1120898075571129
1483674	1451432	32242	1815	5019810	5515274	1120898082264607
1807070	1646412	160658	697	2556224	3604362	1120898086817963
1082748	940002	142746	2187	5776740	5859078	1120898093867589
1591116	1561458	29658	3418	8029756	8829982	1120898103681881
1402894	1372898	29996	1080	3468766	3967106	1120898108743627
1414236	1383032	31204	4588	10757334	10991684	1120898121104827
1418922	1387864	31058	1679	4847838	5179512	1120898127561517
641468	611118	30350	3070	7724742	7183276	1120898136117953
1536256	1503616	32640	785	3164690	3517880	1120898141008751
1595846	1567014	28832	2971	7323686	7938824	1120898150118237
1649116	1618748	30368	1889	4737888	5829334	1120898156695481
1403842	1373348	30494	3379	8352998	8563874	1120898166642077
1700034	1669734	30300	1766	5130428	5635118	1120898173662319
1164936	1133820	31116	3274	8123786	8116372	1120898183141123
1716816	1684442	32374	1153	3886592	4425246	1120898188934963
1630626	1601870	28756	1844	4784712	5729302	1120898195540737
1032768	1001644	31124	4103	9285208	9640432	1120898206048805
1522580	1488192	34388	2491	6616422	6909086	1120898214378527
1636706	1604866	31840	2528	6413056	7101906	1120898222618605
822072	791506	30566	2361	6327458	5947364	1120898229957925
1805198	1764336	40862	3613	8365666	9432564	1120898240318933
1778912	1737204	41708	4592	10780516	11372842	1120898253068499
1401052	1370736	30316	3249	7879316	8301270	1120898262538613
502402	470042	32360	4848	10914550	10613032	1120898274145837
1639800	1609608	30192	965	3123440	3971590	1120898279099213
461696	427926	33770	2984	7550290	6830264	1120898287301095
824948	672978	151970	3223	8024506	7671676	1120898296340273
1494024	1463672	30352	2530	6571408	6967188	1120898304595255
845660	741030	104630	2681	6830156	6618070	1120898312460803
1281920	1251640	30280	1560	8044302	4804790	1120898321976969
1474622	1442766	31856	3364	7783994	8603782	1120898331425601
574976	536188	38788	3365	8117694	7706082	1120898340307927
1559386	1530578	28808	3213	7601046	8387486	1120898349658281
1734630	1703630	31000	1309	3886924	4755470	1120898355469449
1197416	1167404	30012	3605	8657408	8809462	1120898365514155
646532	615804	30728	360	2314628	1770238	1120898368665253
1023566	994036	29530	4757	11156982	10940584	1120898381058233
1294126	1261930	32196	142	1320736	2002250	1120898383862739
460140	427208	32932	2001	5424260	4865172	1120898389940679
1715018	1685948	29070	3810	9197722	9737246	1120898401043513
1518638	1487604	31034	1020	3634750	3961426	1120898406387053
1551132	1503480	47652	3852	9295618	9665586	1120898417423511
1248864	1181864	67000	56	1220830	1764576	1120898420083149
699698	668416	31282	4159	9978746	9429234	1120898430951893
789366	758140	31226	3229	8040478	7649610	1120898439971589
787638	756078	31560	375	1934844	1940350	1120898442883803
1402182	1370790	31392	1427	4284422	4660306	1120898448760311
1560220	1531306	28914	3318	8114332	8599104	1120898458638279
1187662	1157762	29900	88	1324138	1770336	1120898461339657
1663358	1632544	30814	3309	8164002	8683322	1120898471357345
1294312	1263640	30672	4516	10116610	10729396	1120898482958241
1059012	1030298	28714	4325	10227414	10111440	1120898494434773
1082274	1046586	35688	1821	5236550	5134398	1120898500943977
831190	801640	29550	52	1683540	1335550	1120898503648929
1708766	1601508	107258	4542	10662852	11195268	1120898516210425
1718142	1684762	33380	291	2226922	2764524	1120898520345697
1362770	1333984	28786	3259	7569938	8283894	1120898529468273
1321394	1291772	29622	4029	9651474	9780616	1120898540630781
1405936	1375820	30116	4554	10314776	10937696	1120898552541265
1026648	996088	30560	2045	5717980	5517522	1120898559475923
494962	464414	30548	2378	6337482	5652388	1120898566498149
1415086	1385726	29360	3803	9221092	9454998	1120898577324447
1547484	1501816	45668	2660	6900754	7270038	1120898585962599
1027362	997380	29982	4020	9460522	9468366	1120898596640349
1342442	1312368	30074	3310	8200300	8364358	1120898606373301
1611598	1582882	28716	3669	8923326	9360318	1120898617098473
1481124	1450456	30668	3489	8512300	8862456	1120898627281897
1475258	1445570	29688	640	2861064	3158080	1120898631807935
1404710	1373322	31388	1712	5015248	5232300	1120898638421363
1132462	1102426	30036	2758	6919074	7058694	1120898646663121
1420824	1390818	30006	1168	3361054	4158654	1120898651635357
1594688	1563282	31406	780	3139166	3557482	1120898656559243
1170250	1139252	30998	278	1551624	2128788	1120898659470745
824478	794042	30436	4858	11295440	10941398	1120898671780883
1406366	1374712	31654	2826	7504238	7461050	1120898680884713
1564692	1535200	29492	2268	6077828	6503400	1120898688716933
1684112	1654708	29404	3785	9149402	9656560	1120898699740299
1593298	1563334	29964	4697	10470890	11390294	1120898711997353
1363630	1333716	29914	2197	5552674	6158836	1120898719103659
1584898	1553946	30952	4071	9724056	10130044	1120898730602827
1498952	1467352	31600	3753	9128590	9407552	1120898741420823
1545026	1514192	30834	1188	3960938	4324178	1120898747116885
1770910	1672380	98530	1912	5416792	5997296	1120898754494661
485952	455028	30924	698	2266914	2284632	1120898757437721
1510992	1467650	43342	2219	6159500	6351134	1120898765298641
1596098	1566252	29846	4056	9698490	10110164	1120898776783733
564604	534312	30292	2425	6381640	5816152	1120898783920143
1625378	1446386	178992	2190	5960634	6407742	1120898791696853
1442266	1412760	29506	308	2086788	2460132	1120898795419747
1287714	1258562	29152	2187	5969770	6064838	1120898802867083
1433922	1404166	29756	1406	4404080	4647058	1120898808895313
7566876	7561828	5048	1209	4144034	10387102	1120898820796237
1660606	1630830	29776	2610	6842640	7283176	1120898829489781
1184472	1155570	28902	201	1407546	1989834	1120898832271687
1457282	1427540	29742	1784	5187258	5445628	1120898839106455
1613810	1582640	31170	2659	6710490	7333498	1120898847620859
1266178	1236648	29530	2130	5656232	5927898	1120898854733253
1461406	1429456	31950	1284	4149608	4432434	1120898860534447
888426	858440	29986	2430	6395936	6156692	1120898868009347
814772	784486	30286	4695	10971444	10607476	1120898879985551
768422	738028	30394	4905	11391450	10979992	1120898892335197
1705882	1675450	30432	2076	5821700	6269468	1120898900052527
1331278	1301030	30248	2692	7035836	7126420	1120898908609839
1506842	1476468	30374	3880	9346374	9669300	1120898919653403
797792	759820	37972	3979	9105270	9158530	1120898929746233
1375936	1238754	137182	4091	9785164	9960162	1120898941100305
513760	483356	30404	551	2387812	2018202	1120898944192117
1115926	1084814	31112	1069	3578170	3655320	1120898949076201
1681440	1651204	30236	3150	7885396	8382058	1120898958833605
1651618	1619554	32064	3413	8410538	8880128	1120898969085769
1456436	1426686	29750	1759	4914904	5377934	1120898975646531
909680	879648	30032	1770	5123736	4850458	1120898981869733
1596180	1566238	29942	4588	10203266	11175824	1120898993862145
1477424	1448512	28912	1953	5066638	5784930	1120899000599331
1521446	1489336	32110	4215	9926734	10366470	1120899012237261
1565830	1535744	30086	4713	11044450	11415362	1120899025037497
782510	753876	28634	2835	6835802	6853724	1120899032846111
750406	721058	29348	308	2201730	1769646	1120899035987993
1729584	1700154	29430	4377	10340622	10885090	1120899048271145
1601830	1569438	32392	2844	7156074	7701910	1120899057219293
1789442	1533978	255464	137	1685880	2466376	1120899060884931
713314	681554	31760	1670	4527940	4464246	1120899066316669
1582104	1552068	30036	4240	10082542	10472638	1120899078171443
1595776	1564438	31338	4037	9691594	10091988	1120899089648963
506766	477618	29148	3400	8452224	7708158	1120899098797953
1052742	1022082	30660	120	1816638	1693804	1120899101857897
1406670	1376310	30360	2891	7371434	7590404	1120899110829689
1696814	1665844	30970	3402	8393062	8903258	1120899121109801
465666	436034	29632	4914	11423380	10694652	1120899133188577
1606298	1575912	30386	4014	9605848	10037134	1120899144591103
