# Loop @ Start frequency 1100000Hz took 1937.74 cycles
# Interval [1935 ; 1940]
# Q1 : 1926 ; Q3 : 1930
# Loop @ Target frequency 2500000Hz took 852.74 cycles
# Interval [848 ; 857]
# Q1 : 848 ; Q3 : 850
# Confidence intervals do not overlap, alternatives are statistically different with selected confidence level
Change time (with write) [cycles]	Change time [cycles]	Write cost [cycles]	Wait time [us]	Time since last frequency change request [cycles]	Time since last frequency change [cycles]	Detected frequency change timestamp [cycles]
624180	577026	47154	3567	447098302	446376238	1120760691649861
1508800	1477742	31058	4812	11214034	11537814	1120760704590409
0	0	0	0	0	0	0
1041252	1011058	30194	3036	7432482	7523084	1120760718306751
2143214	2111522	31692	4996	11575674	12537996	1120760732240611
1854536	1823956	30580	2463	5637824	7205778	1120760739947925
1164450	1134592	29858	4156	9348130	9886324	1120760750675703
1842962	1811688	31274	3982	8656996	10210490	1120760761390197
766626	733600	33026	4075	9020318	9319408	1120760771391711
1651452	1619546	31906	3998	8905950	10050582	1120760782164511
1377704	1347276	30428	3427	8287704	8633738	1120760792044699
1149360	1119258	30102	2191	5969586	5933196	1120760799378255
751646	719904	31742	4544	10675954	10247250	1120760811020465
1501782	1471550	30232	3891	8877946	9685546	1120760821614471
702116	667508	34608	4101	9783714	9305468	1120760832314757
1172924	1142454	30470	3295	8175652	8166914	1120760841877529
1499192	1470290	28902	2535	6666108	6972250	1120760850257761
1192668	1162600	30068	27	1573362	1648884	1120760853239161
0	0	0	0	0	0	0
1700272	1670134	30138	4626	10862770	11362000	1120760874288615
1568178	1537106	31072	4697	10977172	11365396	1120760887048351
994080	963978	30102	4859	11118262	11113512	1120760899376187
1063832	1035100	28732	1572	4738422	4617040	1120760905393935
1749648	1720132	29516	447	2486754	3055350	1120760909845715
1863130	1832700	30430	3556	8699504	9378184	1120760920623109
0	0	0	0	0	0	0
0	0	0	0	0	0	0
1385952	1356616	29336	1540	4663934	4869170	1120760949037771
1459972	1430368	29604	3078	7803550	8019288	1120760958515675
1847766	1597282	250484	1572	4175220	5393170	1120760964753393
1300738	1270796	29942	1286	3888916	4275840	1120760970194387
1178396	1147396	31000	4158	10000652	9896200	1120760981587895
783824	753636	30188	156	1905128	1497174	1120760984491291
798282	724478	73804	590	2635058	2380762	1120760988139741
2147926	2106854	41072	1788	5036414	6126046	1120760995539375
1712898	1682724	30174	4822	11252990	11758218	1120761008720191
448414	418062	30352	271	1382584	1391920	1120761010765681
1919952	1889968	29984	2722	7038860	7767072	1120761019943103
1457534	1427106	30428	3041	6858980	7940658	1120761028474769
1401328	1371984	29344	1519	4615586	4841654	1120761034706477
1406518	1375958	30560	1506	4597472	4820288	1120761040925613
1490710	1377274	113436	4306	10174452	10505722	1120761052809661
1452568	1422786	29782	3273	8132610	8401004	1120761062613435
1063030	1033140	29890	1904	5278382	5274786	1120761069169879
730474	698772	31702	2294	5660044	5720724	1120761075775231
1168958	1135856	33102	1597	4874344	4766004	1120761082033665
595034	565434	29600	2113	5714248	5222828	1120761088557709
1512532	1482638	29894	412	2408568	2737470	1120761092693163
1188854	1158934	29920	138	1112500	1867870	1120761095209529
819600	790708	28892	3347	8322318	7928842	1120761104566135
1190144	1156762	33382	16	997554	1625886	1120761106968691
1405988	1373938	32050	1746	5093464	5299662	1120761113682441
870214	839978	30236	4935	11261362	11152426	1120761126028623
2034964	1945514	89450	3464	8515366	9366790	1120761136793297
1425904	1392276	33628	3745	8140920	9317600	1120761146578095
1801022	1672760	128262	2732	7049528	7666022	1120761155643197
0	0	0	0	0	0	0
996540	965646	30894	4146	9874964	9691042	1120761172092585
0	0	0	0	0	0	0
1519938	1490610	29328	1260	3642138	4454480	1120761183205859
1689234	1621980	67254	4117	9245146	10325474	1120761194355137
2005482	1974774	30708	2011	5584534	6430130	1120761202159353
886478	857620	28858	172	1942170	1634076	1120761205202251
1750592	1719880	30712	2268	6146944	6710908	1120761213314343
1398700	1369288	29412	4094	9553086	9989118	1120761224480341
1247002	1217704	29298	745	3091094	3140400	1120761229032615
1463064	1432842	30222	2672	6486228	7208672	1120761237196593
1532918	1503194	29724	3355	7797856	8646558	1120761246742367
1561586	1474712	86874	1239	3960692	4442658	1120761252483005
1458476	1427778	30698	4099	9807762	10059012	1120761263963791
1618880	1588760	30120	3278	8104566	8576414	1120761273902175
1479690	1449516	30174	2673	6932096	7227608	1120761282528845
1494096	1374760	119336	2143	5800108	6181406	1120761290037191
951676	921830	29846	1737	5059084	4828258	1120761296262751
1598686	1568242	30444	1406	4395882	4814280	1120761302471775
1490828	1459156	31672	797	3217104	3487912	1120761307393819
917342	703568	213774	643	2894890	2614094	1120761311420343
604460	570126	34334	3558	8612076	8132882	1120761320851385
1607402	1578696	28706	4047	9679076	10104214	1120761332356189
1137078	1107554	29524	882	2745814	3303874	1120761336453901
1393414	1345578	47836	2473	5915976	6741040	1120761343978175
542528	487832	54696	1585	4751174	4116538	1120761349486667
1398904	1370278	28626	2540	6673006	6892478	1120761357773531
1559166	1526034	33132	4264	10084262	10488784	1120761369631727
1472038	1441532	30506	2738	6667638	7359584	1120761377986523
1390778	1361272	29506	2733	7067462	7260316	1120761386659157
1674532	1640564	33968	4271	9543526	10618782	1120761398090889
1733014	1628742	104272	2902	6724868	7951908	1120761406763223
1925080	1891564	33516	3628	8641112	9582484	1120761417547263
1328672	1285352	43320	3111	7808078	7953082	1120761426898757
589240	559170	30070	266	2117586	1523080	1120761429823339
1408348	1377384	30964	4833	11110334	11477064	1120761442556287
2073698	2043912	29786	157	1899208	2790618	1120761446743677
1151856	1114602	37254	226	1355798	2005046	1120761449469767
1493628	1463966	29662	1531	4649682	4963624	1120761455827495
1709986	1679728	30258	3004	7077458	8126496	1120761464829795
1072800	1042676	30124	3731	8599760	8937746	1120761474720481
1462248	1430152	32096	4131	9878634	10127148	1120761486279887
1227142	1197468	29674	3481	8549222	8590800	1120761496270757
1620456	1590540	29916	587	2758986	3197284	1120761500863999
0	0	0	0	0	0	0
1465190	1432088	33102	3693	8968266	9253406	1120761522598577
1988192	1957112	31080	3638	8482416	9665454	1120761533283481
536554	502364	34190	2737	7074866	6423578	1120761541109791
714326	682514	31812	1854	5292640	4824718	1120761547331527
578962	453864	125098	262	2130934	1517348	1120761550256077
0	0	0	0	0	0	0
1745768	1692666	53102	533	2650162	3214862	1120761562672863
1900044	1869042	31002	3593	8572012	9488082	1120761573359057
1197706	1167150	30556	99	1027484	1797864	1120761575798621
1972116	1941294	30822	4288	10165798	10950242	1120761588150935
0	0	0	0	0	0	0
1400404	1370640	29764	2408	6530260	6619910	1120761607875067
7890736	7885798	4938	3027	7231030	14356664	1120761623211319
1216384	1185376	31008	4985	10972264	11590268	1120761635614927
1812822	1534628	278194	678	2948730	3571920	1120761640591263
1445008	1411258	33750	2117	5818906	6081764	1120761648069427
1387394	1358348	29046	2293	6224332	6375394	1120761655895745
2120814	2090130	30684	1789	5157706	6101142	1120761663389117
848100	817354	30746	914	3428634	3089718	1120761667880283
930938	901190	29748	4153	9887804	9640794	1120761678913169
1258466	1227468	30998	1515	4633414	4691926	1120761685024593
1411608	1369862	41746	1040	3672434	3895488	1120761690323703
0	0	0	0	0	0	0
1430212	1400888	29324	3415	7819946	8662670	1120761711968093
1663938	1628218	35720	4104	9360626	10283690	1120761723207721
1410814	1380212	30602	3390	7851228	8593896	1120761732684585
1543084	1512708	30376	3186	7746306	8319090	1120761742188783
1459922	1427820	32102	4864	11314414	11589290	1120761755177487
1209646	1175180	34466	3823	9236780	9268676	1120761765839113
1214732	1183794	30938	4098	9778080	9812128	1120761777046203
0	0	0	0	0	0	0
1456058	1394966	61092	3875	9339002	9608956	1120761790719379
1166518	1136816	29702	4861	11327464	11290150	1120761803431723
1383286	1224046	159240	2928	7444806	7649802	1120761812474425
0	0	0	0	0	0	0
1305516	1275960	29556	1900	5580836	5519310	1120761822386631
1405394	1374762	30632	4545	10773454	10898636	1120761834780385
753224	719842	33382	3369	8081774	7893130	1120761843834051
1345518	1315632	29886	2297	5760410	6354962	1120761851154331
1539822	1508488	31334	4406	10538164	10762316	1120761863446631
1626756	1592264	34492	787	3042100	3612900	1120761868329513
1815390	1782622	32768	3521	8624558	9259204	1120761878984057
1932276	1902396	29880	2005	5189464	6342444	1120761886320845
1173990	1143522	30468	1318	3497510	4212532	1120761891206501
0	0	0	0	0	0	0
1485824	1456576	29248	824	3235330	3536786	1120761907548195
0	0	0	0	0	0	0
666726	637174	29552	2680	6948122	6434148	1120761921134979
1552376	1521428	30948	1094	3206594	4143340	1120761926108687
1651866	1619390	32476	3047	7677280	8149742	1120761935652071
593300	562990	30310	162	1835556	1318550	1120761938295497
1726108	1689292	36816	1420	4441658	4988376	1120761944678087
1579806	1549898	29908	1616	4814868	5213512	1120761951287855
1407690	1376164	31526	4621	10767092	11073534	1120761963677703
2171488	2048100	123388	1886	5355482	6346988	1120761971419367
1692548	1662236	30312	4189	10013250	10493960	1120761983340375
778770	748832	29938	4642	10450746	10463740	1120761994784473
2183132	2104820	78312	2200	5530772	6984656	1120762002716799
1479322	1415376	63946	4100	9792518	10081722	1120762014210901
1554926	1418402	136524	3859	9310148	9674656	1120762025290425
1405798	1373314	32484	1704	5009694	5229230	1120762031921221
1144306	994852	149454	4153	9874186	9852876	1120762043153681
1418356	1387958	30398	3768	9131154	9366902	1120762053917657
1761364	1729914	31450	2718	7032764	7600956	1120762062926591
2123756	2093444	30312	3756	8329802	10039032	1120762073598903
1629858	1599758	30100	1692	3997664	5416990	1120762079440933
1522114	1395328	126786	4481	10153264	10886576	1120762091331093
1847474	1817334	30140	1863	5329254	5987146	1120762098722463
1214774	1182836	31938	2575	6737608	6766858	1120762106893663
1654264	1622482	31782	1574	4729926	5204500	1120762113497101
705500	673632	31868	4855	10656666	10816930	1120762125074193
934354	904092	30262	44	1672278	1425120	1120762127895075
1681638	1651220	30418	4716	11027290	11515802	1120762140818221
0	0	0	0	0	0	0
1702246	1672766	29480	2537	6656364	7179402	1120762158880771
2027322	1995994	31328	3773	8489580	9977070	1120762169615705
0	0	0	0	0	0	0
739556	708926	30630	1013	3624740	3168882	1120762176967855
386550	357122	29428	613	2338084	2015398	1120762179906857
1405598	1375622	29976	4795	11174716	11399692	1120762192701857
873926	843784	30142	1000	3442096	3275122	1120762197232141
654194	622580	31614	2181	5311366	5419388	1120762203412327
824590	794190	30400	4979	10997154	11184282	1120762215448639
1290922	1261690	29232	1799	4761114	5290320	1120762221714917
0	0	0	0	0	0	0
1802604	1773084	29520	1306	4203990	4815680	1120762234166493
606346	575150	31196	1083	3270822	3174154	1120762238258253
1620332	1590022	30310	2629	6349194	7281178	1120762246442133
1455400	1424370	31030	847	2825264	3552600	1120762250937241
717206	686352	30854	3437	8097612	7992166	1120762259966927
1592990	1562808	30182	2324	5634152	6652138	1120762267408591
1456360	1425804	30556	2335	6264462	6535724	1120762275343965
832320	725668	106652	4813	11231066	10880738	1120762287621841
764404	732640	31764	4546	10243282	10267756	1120762298843831
1487938	1445128	42810	3083	7757262	8055872	1120762308307263
990590	959412	31178	4348	10283274	10088784	1120762319795871
0	0	0	0	0	0	0
716924	687256	29668	4708	10995252	10533858	1120762337481991
1456858	1426790	30068	3991	9054508	9842288	1120762348207893
1795412	1613384	182028	895	2948028	3987438	1120762353166425
693000	659492	33508	130	1757606	1355208	1120762355831973
1675428	1645182	30246	3547	8682414	9171570	1120762366404303
0	0	0	0	0	0	0
1163328	1133742	29586	3611	8122038	8786500	1120762384204123
770514	738564	31950	3071	7724048	7314710	1120762392913235
0	0	0	0	0	0	0
1166746	1135924	30822	3537	8102620	8643738	1120762411885307
833356	803748	29608	1541	4670318	4318876	1120762417603815
1188074	1159176	28898	4851	11287658	11292068	1120762430294487
1550212	1518452	31760	3520	8087122	8992030	1120762440146581
1133082	1102464	30618	3752	8673320	9039192	1120762450167353
0	0	0	0	0	0	0
1632312	1602418	29894	4751	11089898	11534964	1120762469260441
1832586	1803948	28638	2108	5295500	6451196	1120762476602641
1465442	1433808	31634	3409	7898274	8685280	1120762486181387
1423750	1393372	30378	1582	4615834	4991062	1120762492435671
1405742	1376756	28986	1307	3805042	4421804	1120762497861587
903444	873756	29688	3269	7901316	7843350	1120762506881191
1446384	1414558	31826	1444	4482680	4737318	1120762513028119
1153952	1124450	29502	367	1894760	2290218	1120762516291637
1511332	1481782	29550	4526	10694216	10965724	1120762528732933
0	0	0	0	0	0	0
1621790	1592980	28810	3218	7557882	8461118	1120762543501315
1488604	1458116	30488	4507	10127938	10904232	1120762555332063
1348534	1315424	33110	3592	8252330	8933800	1120762565147895
1575102	1544492	30610	4429	10453030	10840154	1120762577390373
1700114	1669266	30848	2363	6324114	6836844	1120762585629377
1495888	1467226	28662	3697	8983132	9292654	1120762596323027
0	0	0	0	0	0	0
805126	774948	30178	3037	7670536	7291224	1120762609956185
1633228	1584514	48714	1186	3960182	4407016	1120762615764167
1398950	1369786	29164	2722	7038256	7244666	1120762624415835
890916	862236	28680	2586	6762330	6465202	1120762632283797
1485870	1451878	33992	2562	6922778	7011480	1120762640906671
0	0	0	0	0	0	0
1188112	1157926	30186	410	1792232	2410020	1120762654688793
0	0	0	0	0	0	0
0	0	0	0	0	0	0
1561704	1530738	30966	3846	8903768	9657548	1120762684006135
1680702	1651184	29518	3808	9201316	9697672	1120762695103069
358160	328092	30068	616	2414088	1990412	1120762698090511
1605562	1575342	30220	730	3046924	3465924	1120762702957817
0	0	0	0	0	0	0
1055274	1025302	29972	3171	6983050	7797756	1120762725065409
0	0	0	0	0	0	0
869722	839610	30112	3658	8714264	8588874	1120762744233745
1370522	1340260	30262	2970	7525748	7712530	1120762753344421
1831318	1801888	29430	1899	5394920	6044986	1120762760785159
1243314	1207690	35624	4467	10527890	10580296	1120762772775065
0	0	0	0	0	0	0
1285190	1255636	29554	1769	5128070	5227336	1120762790836831
1539328	1510378	28950	4276	10154444	10493496	1120762802748831
372502	313292	59210	301	2173060	1376240	1120762805512071
907246	876070	31176	3424	8438694	8166008	1120762815072701
1576824	1545298	31526	2861	7334316	7701832	1120762824198197
1556292	1525812	30480	4112	9816546	10181978	1120762835785573
748846	716848	31998	4151	9888494	9452108	1120762846638091
1824324	1654454	169870	2256	6096950	6738578	1120762854773481
1172764	1142542	30222	4034	9657184	9644320	1120762865821845
1486966	1455906	31060	4903	11392674	11694308	1120762878915945
1160282	1128994	31288	1688	4963268	4939070	1120762885257225
1359732	1328626	31106	2109	5809158	5990186	1120762892640587
1614750	1583456	31294	1608	4810242	5233394	1120762899279585
1317700	1270694	47006	962	3406886	3655642	1120762904218509
2226380	2196514	29866	3338	8275144	9304902	1120762914935075
1806170	1774130	32040	735	2481244	3679912	1120762919436811
1533442	1503834	29608	1482	4039398	4899572	1120762925224065
1559498	1530044	29454	3071	7336054	8104858	1120762934334093
1476426	1445358	31068	4014	9523756	9906040	1120762945548893
1154238	1123134	31104	1443	4017024	4443042	1120762950934593
1231698	1202244	29454	1781	5151204	5196124	1120762957532085
953860	924154	29706	2561	6723766	6477532	1120762965424159
1140336	1107124	33212	2849	7302654	7249172	1120762974082511
1470638	1439002	31636	1244	4081276	4359024	1120762979848847
0	0	0	0	0	0	0
1639674	1608942	30732	1604	4807112	5250404	1120762995643791
0	0	0	0	0	0	0
1416700	1386864	29836	1695	4785772	5209050	1120763004732669
1459186	1428880	30306	4374	9875212	10610244	1120763016285089
1822760	1794210	28550	3531	8650386	9288682	1120763026972575
1048252	1016848	31404	2513	6146712	6477376	1120763034463995
1480776	1392158	88618	2483	6547228	6847882	1120763042706523
0	0	0	0	0	0	0
1590738	1560234	30504	2080	5499148	6153520	1120763066658303
969594	939944	29650	4985	11650488	11340598	1120763079493065
1403886	1373588	30298	4703	11003698	11223456	1120763092115251
1074794	1045612	29182	3532	8200478	8541082	1120763101604057
1174368	1143702	30666	2604	6789068	6783174	1120763109781543
900280	869208	31072	4218	10032542	9739204	1120763120929423
1556660	1522734	33926	596	2776922	3150250	1120763125477753
1477292	1445990	31302	4133	9362130	10146464	1120763136532225
1631588	1600696	30892	4664	10914150	11363874	1120763149292523
1245520	1215660	29860	3903	9286318	9460728	1120763160038355
619978	586004	33974	1905	5393626	4831498	1120763166266747
0	0	0	0	0	0	0
1360482	1331034	29448	4592	10640102	10947220	1120763188065079
638446	608066	30380	4918	11508930	10876306	1120763200426881
910772	879844	30928	1158	3903142	3629208	1120763205455267
1677314	1645336	31978	856	3428886	3791994	1120763210775749
1705380	1673334	32046	3235	7662384	8577054	1120763220361735
0	0	0	0	0	0	0
1317970	1288652	29318	3179	7940166	8077740	1120763232574247
1717138	1688498	28640	4849	11293612	11817438	1120763245799333
1369084	1337308	31776	4083	9142612	9944450	1120763256525103
1522892	1493272	29620	4279	10146118	10483806	1120763268408847
1419272	1388036	31236	3894	9225064	9609162	1120763279267237
0	0	0	0	0	0	0
1459250	1427718	31532	2542	5731758	6947030	1120763293996965
713914	681840	32074	1197	3296796	3517754	1120763298221689
1442096	1412532	29564	4572	10737926	10987380	1120763310615737
1430696	1401002	29694	4725	11033696	11282900	1120763323294291
1511594	1410634	100960	1616	4764952	5154694	1120763329785149
1521536	1426798	94738	2907	7411294	7737288	1120763338932995
1668140	1637372	30768	2035	5661512	6141412	1120763346477555
628910	599200	29710	251	2117500	1532786	1120763349438307
1917086	1886268	30818	4439	10492438	11221334	1120763362062331
0	0	0	0	0	0	0
1557188	1523366	33822	3836	9290148	9631250	1120763383876247
0	0	0	0	0	0	0
1557258	1526974	30284	2724	6834560	7408444	1120763399094223
1133156	1104520	28636	2228	5993336	5991890	1120763406436045
0	0	0	0	0	0	0
561452	531344	30108	220	2032034	1405710	1120763421302243
1514972	1483354	31618	2469	6536060	6864044	1120763429567689
1439906	1408910	30996	4381	9880614	10604110	1120763441102591
2120156	2084138	36018	3324	8293238	9206098	1120763451730721
1413438	1383726	29712	1701	4993188	5217252	1120763458352021
0	0	0	0	0	0	0
1037940	1006242	31698	1254	4117754	3949030	1120763471080341
1688278	1657998	30280	1146	3880996	4384732	1120763476864657
1901222	1613134	288088	1524	4043704	5350462	1120763483029569
1727380	1566180	161200	2838	7080982	7805260	1120763492051647
1746188	1612976	133212	757	2970332	3662282	1120763496982367
1541852	1511968	29884	1387	4313752	4716324	1120763503051991
1837750	1807738	30012	1916	5413416	6071590	1120763510517933
1664976	1633742	31234	778	2593858	3622270	1120763514991137
0	0	0	0	0	0	0
1870254	1700956	169298	1366	3620988	5002962	1120763531464175
1708564	1679208	29356	4116	9140002	10343462	1120763542526449
2102378	2071116	31262	3541	8477194	9586804	1120763553320151
1399852	1369496	30356	2343	6277200	6494510	1120763561211631
1187030	1156834	30196	138	1847636	1883102	1120763564460631
1327612	1295630	31982	3398	8289144	8526106	1120763574313301
1552054	1522396	29658	577	2741874	3110584	1120763578821615
1511962	1480904	31058	4330	10256666	10574080	1120763590809477
1882084	1852800	29284	1997	5320642	6277814	1120763598231583
1495938	1466720	29218	751	2393318	3402164	1120763602335379
1812492	1782648	29844	304	2194834	2823336	1120763606557901
802452	772926	29526	1683	4326092	4570998	1120763611901807
3981854	3975938	5916	24	2296706	5099316	1120763618395157
1584834	1546736	38098	4052	9673506	10090592	1120763629868047
628554	597302	31252	1074	3740498	3178896	1120763634451791
0	0	0	0	0	0	0
0	0	0	0	0	0	0
1475450	1444008	31442	1820	4490722	5517708	1120763649334503
898730	868322	30408	1357	4314380	4024738	1120763654761757
0	0	0	0	0	0	0
1548464	1519020	29444	3001	7638174	7962974	1120763668683349
1731592	1701902	29690	4432	10357110	10998560	1120763680986467
1633962	1602602	31360	3206	7267334	8448572	1120763690102719
0	0	0	0	0	0	0
1414114	1384612	29502	4711	10270988	11238892	1120763706556727
1546502	1515040	31462	1660	4834510	5268640	1120763713153053
1412192	1381072	31120	689	2522572	3192578	1120763717302681
1401382	1371214	30168	3718	8316874	9238814	1120763727235805
1795764	1629536	166228	4450	10322116	11098684	1120763739568173
507562	460024	47538	3635	8663494	8185620	1120763748953913
1633130	1603588	29542	1159	3911944	4353756	1120763754713343
1481762	1450140	31622	4807	10643938	11498664	1120763767057913
0	0	0	0	0	0	0
1594380	1564650	29730	339	2265062	2674442	1120763783016371
2012010	1982374	29636	3398	8378932	9210008	1120763793621903
0	0	0	0	0	0	0
0	0	0	0	0	0	0
1766066	1737218	28848	2588	6757920	7344552	1120763817021871
1450562	1419028	31534	4440	9977512	10731130	1120763828664197
1517092	1487350	29742	2426	6439008	6772106	1120763836834667
1185540	1155718	29822	1390	3894540	4368084	1120763842133177
1677324	1648186	29138	517	2619996	3114520	1120763846644911
2141444	2110080	31364	3612	8319976	9767244	1120763857320903
1565254	1535088	30166	3997	9762292	10141938	1120763868862623
1685046	1654724	30322	1515	4620308	5116646	1120763875386441
1485326	1454952	30374	4807	18524026	11502494	1120763895610473
1626502	1597050	29452	2226	6039938	6481498	1120763903491623
1516788	1486770	30018	2777	6474068	7472802	1120763911697865
1582488	1552248	30240	1518	4286454	5029474	1120763917781449
1375950	1344766	31184	4911	10830864	11608892	1120763930202901
1450556	1420578	29978	1246	4073278	4343752	1120763935941393
0	0	0	0	0	0	0
1579858	1548644	31214	3397	7755986	8784128	1120763955462587
1932306	1902666	29640	1898	5283004	6139716	1120763962893005
1818828	1789254	29574	3990	8605042	10199960	1120763973535383
0	0	0	0	0	0	0
1373736	1306460	67276	2998	7590200	7771878	1120763988968221
1234634	1202962	31672	4025	9635990	9686726	1120764000076923
1702622	1672854	29768	903	3398892	3909618	1120764005392921
1302956	1273534	29422	4058	9226314	9821796	1120764016137237
1165922	1132656	33266	2849	7286610	7265358	1120764024804083
1956760	1924356	32404	2038	5657284	6434966	1120764032636895
0	0	0	0	0	0	0
2119460	2081442	38018	1794	5172678	6111594	1120764048313425
0	0	0	0	0	0	0
1445892	1321762	124130	1021	3236722	3890672	1120764061951781
1389324	1359516	29808	2521	6629428	6835524	1120764070185143
0	0	0	0	0	0	0
1672184	1641930	30254	1647	4876344	5369286	1120764079704015
0	0	0	0	0	0	0
1219444	1157102	62342	82	1252940	1785506	1120764091053093
1465110	1435192	29918	3606	8893768	9085294	1120764101626685
1996634	1960536	36098	1823	5235618	6045284	1120764109074159
1652144	1620202	31942	2797	7184776	7647670	1120764118125545
816456	733396	83060	2847	7217684	6913534	1120764126373891
1461922	1432256	29666	4533	10656902	10931824	1120764138707251
614188	584262	29926	2314	5783794	5642344	1120764145323517
1585180	1552846	32334	1416	4440042	4843322	1120764151562447
1408604	1379084	29520	4815	10780126	11448142	1120764163965737
1640824	1611636	29188	1925	5432824	5893268	1120764171253891
1293216	1215244	77972	804	2966614	3304966	1120764175728213
0	0	0	0	0	0	0
1831284	1801854	29430	3590	8780934	9413926	1120764194858135
0	0	0	0	0	0	0
1661320	1631808	29512	4843	10818834	11769390	1120764218614031
0	0	0	0	0	0	0
1731088	1701364	29724	466	2523008	3067984	1120764230599719
1193144	1161260	31884	165	1677980	1924446	1120764233685731
1050424	1020304	30120	3640	8868214	8731508	1120764243818989
1703982	1672502	31480	929	3438770	3963088	1120764249176423
1488738	1457070	31668	4618	10629430	11125896	1120764261509075
1062678	1033136	29542	3585	8554842	8643166	1120764271341007
980714	950990	29724	169	1932302	1732198	1120764274468923
0	0	0	0	0	0	0
1060300	1029958	30342	3960	9507076	9388094	1120764290014473
1076582	1046746	29836	1222	3634868	3923136	1120764294940737
488134	458560	29574	256	2094906	1402622	1120764297738241
0	0	0	0	0	0	0
858216	823286	34930	1736	4231618	4731474	1120764312242145
0	0	0	0	0	0	0
1391652	1361980	29672	4831	11138112	11455754	1120764329885567
1130330	1099530	30800	3066	7721870	7664504	1120764338952153
0	0	0	0	0	0	0
0	0	0	0	0	0	0
1970734	1941276	29458	3440	8401988	9254566	1120764363262335
0	0	0	0	0	0	0
1661188	1629672	31516	4969	10762766	12001320	1120764380438597
1636284	1603776	32508	2874	7163100	7786764	1120764389451617
1406962	1377318	29644	2794	7082824	7409962	1120764398156327
0	0	0	0	0	0	0
1636594	1607136	29458	3675	8939062	9388570	1120764416729807
1063804	1033952	29852	2683	6948322	6831386	1120764424960907
0	0	0	0	0	0	0
1402972	1368276	34696	1178	3748458	4161644	1120764437778031
1551930	1397668	154262	4357	10298694	10670096	1120764449842891
1748138	1716614	31524	2768	7135578	7687152	1120764458940961
1400284	1370412	29872	1728	4997406	5259754	1120764465553093
545874	509840	36034	1345	4251432	3638940	1120764470564595
1597716	1567538	30178	2397	6375874	6794160	1120764478752467
1467712	1437454	30258	4420	10238758	10709468	1120764490678361
1565226	1532314	32912	4668	10931688	11305030	1120764503389711
1342066	1309928	32138	2509	6634278	6786266	1120764511580457
1808076	1777796	30280	2084	5767374	6378556	1120764519370517
1487274	1457772	29502	1008	2861168	3904954	1120764523933585
1669044	1638790	30254	989	3056042	4070998	1120764528873365
2105384	2063682	41702	2209	5552844	6925140	1120764536749683
0	0	0	0	0	0	0
0	0	0	0	0	0	0
1044992	1016106	28886	1889	5371012	5236950	1120764554147085
0	0	0	0	0	0	0
1938396	1831044	107352	1836	5273682	6011804	1120764566134405
0	0	0	0	0	0	0
1482686	1449758	32928	3931	9507336	9809896	1120764586484567
1636512	1607710	28802	997	3103060	4033836	1120764591438387
593902	563652	30250	83	1821342	1185270	1120764594067751
1669726	1640282	29444	1970	5529576	6012336	1120764601481549
1713794	1683856	29938	897	3373974	3933942	1120764606783511
1514440	1485782	28658	3170	7810114	8255924	1120764616326067
1696636	1666696	29940	4614	10408792	11325756	1120764628646171
1577688	1546190	31498	4075	9854790	10128442	1120764640293177
1008848	917952	90896	1936	5011892	5282612	1120764646528231
0	0	0	0	0	0	0
1603004	1572462	30542	4699	10995228	11409178	1120764670108241
739164	708986	30178	2703	6468480	6548644	1120764677530337
0	0	0	0	0	0	0
1100136	1070616	29520	2121	5275052	5753874	1120764688631191
625834	596250	29584	204	1994826	1435322	1120764691466869
1482234	1452422	29812	653	2917724	3197572	1120764696081315
1161884	1132886	28998	4899	11382902	11362414	1120764708840881
2052914	2019986	32928	1951	5490808	6358290	1120764716603761
1711596	1667352	44244	1533	3868322	5180446	1120764722398397
994706	964452	30254	875	3340998	3148294	1120764726949507
0	0	0	0	0	0	0
1112360	1032674	79686	1624	4839710	4770092	1120764739297111
0	0	0	0	0	0	0
1636974	1606828	30146	2530	5876784	7101028	1120764758649597
1262160	1156804	105356	287	1671984	2240334	1120764761798729
1528784	1498800	29984	2017	5464494	5965100	1120764769007295
1561070	1527870	33200	4637	10462324	11237782	1120764781245511
0	0	0	0	0	0	0
1119422	1089074	30348	3072	7734186	7665226	1120764799231653
1460962	1431418	29544	4460	10271976	10785090	1120764811179153
1397610	1366628	30982	2320	6258228	6452540	1120764819049735
0	0	0	0	0	0	0
839190	809086	30104	3515	8400438	8280176	1120764839155123
1595196	1564630	30566	1689	4382014	5375196	1120764845347067
1536872	1504770	32102	4036	9278644	10011680	1120764856376699
1475414	1445764	29650	3330	8250924	8539352	1120764866327187
1902500	1871774	30726	3527	8645916	9359636	1120764877090131
0	0	0	0	0	0	0
1118074	1087644	30430	4272	9765216	10073502	1120764900751489
1651060	1621212	29848	2431	6447294	6914226	1120764909068435
924760	894168	30592	1271	3746532	3869972	1120764913954155
406912	377296	29616	270	2132704	1348108	1120764916708247
886112	856748	29364	1835	5263060	4959592	1120764923075433
1319128	1288880	30248	2272	6262866	6272622	1120764930872315
1712084	1681840	30244	1381	4341050	4876786	1120764937153231
1065124	1036048	29076	2583	6023020	6633976	1120764944456239
1602178	1571806	30372	4192	9976188	10389184	1120764956249255
1440560	1408764	31796	4268	9905000	10380098	1120764967809467
0	0	0	0	0	0	0
1665170	1633562	31608	4175	9949758	10417126	1120764987915931
1424760	1395138	29622	1343	3762504	4522214	1120764993317579
1740682	1710396	30286	2034	5542754	6235024	1120765000815357
1400516	1370036	30480	894	3370738	3589938	1120765005805183
1138220	1107616	30604	3835	9325430	9208994	1120765016482817
1278248	1246884	31364	1528	4641242	4737722	1120765022616737
1806590	1776230	30360	3525	8629036	9257966	1120765033267021
874028	844548	29480	2292	5544578	5859796	1120765039900473
214038	182670	31368	421	2427278	1456908	1120765042756443
1615076	1586442	28634	1282	3925956	4581090	1120765048565397
4557280	4552510	4770	1609	4722026	8178720	1120765058059631
1417600	1387946	29654	4497	10587840	10814742	1120765070279761
857562	827952	29610	1542	4685228	4345566	1120765076037687
1112028	1081524	30504	1225	4031556	3965444	1120765081396143
1817990	1787126	30864	3580	8763070	9398034	1120765092191941
1697550	1667914	29636	371	2198964	2841332	1120765096303515
930900	900526	30374	2230	5451532	5793194	1120765102900815
1305234	1260540	44694	2381	6359836	6469482	1120765110785087
1456280	1425656	30624	2057	5704252	5972146	1120765118164115
1141236	1100218	41018	3524	8505260	8591806	1120765128024961
870040	840262	29778	2149	5464604	5570366	1120765134573721
1102444	1072594	29850	4944	11473476	11394546	1120765147363999
1321308	1290094	31214	3449	7933220	8622760	1120765156832823
0	0	0	0	0	0	0
644050	611410	32640	192	1973702	1431156	1120765171901447
1492896	1462886	30010	2481	6541490	6857966	1120765180150247
1714952	1677310	37642	4389	10354770	10894832	1120765192434153
1708128	1649954	58174	2949	7026800	8009186	1120765201383271
1926342	1765038	161304	3720	9047472	9783016	1120765212571457
731430	698372	33058	4840	11074968	10813822	1120765224592391
1741686	1623908	117778	701	2987990	3544804	1120765229536637
1514718	1476354	38364	4793	11080008	11511182	1120765242345573
1693686	1661810	31876	2731	6636990	7559620	1120765250890455
1259348	1228326	31022	3654	8362260	8970472	1120765260730007
2080908	2049602	31306	3423	8434038	9328820	1120765271463495
0	0	0	0	0	0	0
1660566	1628930	31636	937	3460082	3937320	1120765287577095
1377378	1347690	29688	2350	5762592	6481122	1120765294931807
1411270	1377702	33568	523	2634176	2858910	1120765299191685
909500	879096	30404	45	1692646	1414090	1120765302007869
0	0	0	0	0	0	0
0	0	0	0	0	0	0
1401834	1372214	29620	4271	9521954	10345140	1120765321458055
0	0	0	0	0	0	0
856578	827212	29366	4659	10917952	10586832	1120765345310627
1452322	1422046	30276	598	2812598	3084172	1120765349790323
1525668	1493780	31888	2719	6589432	7375180	1120765358119633
1774410	1607028	167382	2527	6643958	7231262	1120765366752331
1367108	1336862	30246	2390	6324846	6548326	1120765374662899
980500	950560	29940	1682	4946710	4746576	1120765380804315
1596738	1566874	29864	1631	4261740	5261604	1120765386918445
1189834	1160350	29484	128	1690686	1847646	1120765390013607
1785894	1755184	30710	4569	10632888	11327166	1120765402647455
0	0	0	0	0	0	0
1373536	1343968	29568	87	1822082	1948600	1120765408941071
1585302	1554346	30956	3824	9242038	9636600	1120765419982787
1410554	1380190	30364	3739	9000398	9289438	1120765430608007
1547980	1516156	31824	3153	7827004	8257736	1120765440197331
305576	172854	132722	318	2231526	1344370	1120765442948869
1637790	1604756	33034	2058	5697746	6155808	1120765450499009
1138554	1101122	37432	3238	7663008	8017380	1120765459515723
525952	495584	30368	312	2217150	1551718	1120765462473153
1386154	1355572	30582	3157	7901656	8102528	1120765471975297
1533380	1503914	29466	3223	7767132	8382278	1120765481490399
649784	619812	29972	243	2195944	1539656	1120765484550759
1656168	1490826	165342	467	2514260	2992390	1120765488935147
1640078	1608314	31764	4652	10894414	11347700	1120765501684909
1283436	1252706	30730	4695	10475846	11081480	1120765513658227
0	0	0	0	0	0	0
1228184	1197176	31008	963	3080096	3556718	1120765523156839
514670	483782	30888	400	1823312	1718190	1120765525773391
0	0	0	0	0	0	0
1228512	1198890	29622	4682	10962016	11001864	1120765547787015
1429744	1399512	30232	1819	4557456	5478384	1120765553988317
1014572	931960	82612	895	2985292	3206230	1120765558202987
217294	186516	30778	320	2222866	1259730	1120765560857651
1475582	1441434	34148	3966	9632008	9810630	1120765572183973
1692548	1662140	30408	714	3015708	3520976	1120765577106887
1700744	1659010	41734	2764	6393170	7630774	1120765585414993
994570	964718	29852	1471	4535052	4345486	1120765591158767
1420512	1391530	28982	1798	10759228	5419860	1120765603552607
1927356	1897836	29520	3201	7991018	8732196	1120765613685317
1549656	1517904	31752	1900	4551444	5754568	1120765620001683
1492590	1462662	29928	4672	10717088	11240996	1120765632426511
1189856	1159600	30256	153	1532152	1899190	1120765635363711
1296736	1265150	31586	3198	7921630	8103346	1120765644796505
1543426	1512648	30778	588	2760534	3123100	1120765649319199
1515286	1486152	29134	2721	6833418	7365008	1120765657882967
1382242	1352410	29832	1103	3804792	3990162	1120765663283917
0	0	0	0	0	0	0
0	0	0	0	0	0	0
1189672	1159726	29946	372	1715072	2336152	1120765683713161
1469530	1438956	30574	3139	7887856	8151712	1120765693306895
0	0	0	0	0	0	0
1568242	1536036	32206	2561	6707178	7093682	1120765706041593
1419882	1381412	38470	1519	4628912	4862010	1120765712305145
1819496	1789606	29890	1868	5361402	5956866	1120765719700697
1923600	1892884	30716	3472	8533132	9269550	1120765730372671
0	0	0	0	0	0	0
1039430	1006576	32854	4167	9553908	9776034	1120765753540395
854358	823580	30778	951	3475440	3158336	1120765758085225
1314252	1283350	30902	1851	4788646	5418564	1120765764403097
1099070	1068758	30312	1590	4765264	4682114	1120765770481937
1610304	1544794	65510	589	2770710	3192300	1120765775077127
506634	474852	31782	195	1977020	1298330	1120765777775385
1830498	1799664	30834	2721	7020408	7674000	1120765786841157
1591752	1474912	116840	2067	4811038	6128022	1120765793462401
1577062	1543618	33444	2388	6375668	6761952	1120765801629663
0	0	0	0	0	0	0
1404158	1373302	30856	4998	11629332	11801928	1120765827642537
1060192	1028548	31644	1048	3680558	3558778	1120765832598561
0	0	0	0	0	0	0
1082392	1052366	30026	4060	9479658	9604516	1120765847494561
1689612	1657622	31990	918	3448440	3952128	1120765852847747
1555430	1526536	28894	3950	8987658	9856088	1120765863609479
1413968	1382804	31164	3299	8181694	8414476	1120765873420023
948612	824040	124572	2518	6648990	6396906	1120765881232613
915280	867894	47386	1972	5442574	5276946	1120765887805187
1417830	1386750	31080	2965	7060328	7757212	1120765896497625
1693708	1657272	36436	4362	10165708	10820872	1120765908571423
0	0	0	0	0	0	0
516060	484864	31196	252	2215916	1421980	1120765922875727
1489040	1459236	29804	2260	6206708	6412094	1120765930790569
1635392	1603976	31416	3056	7635488	8148428	1120765940278891
0	0	0	0	0	0	0
1271040	1241430	29610	3482	8388160	8637812	1120765955896413
265690	231396	34294	578	2744134	1823654	1120765959121011
748380	718332	30048	3726	9052144	8614554	1120765969157625
981932	951816	30116	432	1999090	2248264	1120765972353199
1663262	1633490	29772	1476	4534988	5018228	1120765978766463
1732250	1622810	109440	1578	4263774	5291710	1120765984981385
1207316	1177534	29782	2249	5909086	6108392	1120765992312437
1169072	1137118	31954	4532	10668036	10636442	1120766004364113
1097910	1067300	30610	38	1664540	1578222	1120766007340857
1618566	1589162	29404	701	3009172	3447224	1120766012183509
1030356	997894	32462	2883	7345342	7196810	1120766020773255
1406792	1369640	37152	3978	9537238	9765210	1120766031935641
1158136	1129214	28922	3495	8584486	8550834	1120766041892829
1619668	1590242	29426	3730	9186608	9482682	1120766052914283
1382596	1351894	30702	4538	10657586	10859632	1120766065169179
1152038	1120584	31454	1181	3977016	3921850	1120766070512571
1417238	1385900	31338	2714	7016030	7248212	1120766079159679
1564384	1530722	33662	1225	4046282	4426652	1120766084984759
1488296	1459364	28932	2628	6844968	7146618	1120766093532653
0	0	0	0	0	0	0
0	0	0	0	0	0	0
1253054	1222004	31050	1116	3810904	3886728	1120766115875165
1491618	1460946	30672	4282	10148270	10457914	1120766127729631
612428	583306	29122	493	2476100	2000298	1120766131032441
464060	434634	29426	556	2811980	1987924	1120766134544075
1216986	1187244	29742	4864	11155212	11348568	1120766147130955
1547412	1414772	132640	3641	8872194	9239000	1120766157765253
594020	564038	29982	3694	8975632	8385044	1120766167549755
1118992	1089400	29592	3797	9173582	9115018	1120766178056717
1189880	1156908	32972	360	1816474	2313338	1120766181277561
1682282	1650312	31970	3414	8438670	8934400	1120766191633815
1404230	1373090	31140	2952	7131448	7720136	1120766200383693
0	0	0	0	0	0	0
1516384	1487686	28698	998	3615258	3915196	1120766218091761
2001910	1973110	28800	2081	5181260	6567604	1120766225489271
1212734	1158548	54186	121	1173586	1855996	1120766228090015
903528	874138	29390	741	2909056	2788546	1120766232116831
1417224	1385354	31870	2532	6645762	6882594	1120766240394465
1434634	1405056	29578	1722	5038782	5280146	1120766247081755
0	0	0	0	0	0	0
1566496	1536918	29578	1754	5104716	5475958	1120766256935537
1283734	1252766	30968	2074	5106352	5833680	1120766263540743
1280836	1250614	30222	2597	6775876	6876480	1120766271811823
1815510	1785186	30324	2080	5362512	6386848	1120766279204373
7583942	7578670	5272	1836	5310042	11669950	1120766292312751
498418	466840	31578	130	1843492	1162584	1120766294869197
882408	839614	42794	2069	5806686	5421738	1120766301777165
1421708	1392240	29468	2678	6941484	7180126	1120766310354371
1477510	1448386	29124	4911	11401546	11701968	1120766323448057
1198166	1157646	40520	1080	3541758	3773418	1120766328402735
1195060	1165540	29520	967	3525176	3532118	1120766333337541
1483036	1451174	31862	2463	6578974	6819500	1120766341613473
1145240	1115684	29556	1022	3640596	3592298	1120766346613623
2006926	1976972	29954	3603	8869720	9614108	1120766357705287
1650426	1618382	32044	1355	3530494	4762262	1120766363100675
1680544	1650758	29786	3710	8829396	9502668	1120766373824749
899640	868046	31594	4999	11585036	11299200	1120766386523735
1903484	1829894	73590	3502	8617856	9310538	1120766397259503
0	0	0	0	0	0	0
0	0	0	0	0	0	0
682892	651766	31126	1627	4430000	4338998	1120766414642807
1601494	1571544	29950	2610	6808498	7222610	1120766423267255
0	0	0	0	0	0	0
422682	272298	150384	288	2171700	1400582	1120766436776343
768022	737044	30978	3458	8498914	8085650	1120766446261623
2125082	2095048	30034	299	2183352	3125776	1120766450784683
1450596	1419916	30680	986	2905158	3824866	1120766455360209
935646	817982	117664	2761	6636966	6858006	1120766463147081
2052758	2021264	31494	3415	8425892	9294922	1120766473840189
1117262	1087208	30054	1169	3243926	3867736	1120766478416671
0	0	0	0	0	0	0
1928206	1765650	162556	2766	6465010	7862218	1120766495343499
1357750	1304272	53478	3818	9308788	9404028	1120766506224961
2057042	2025828	31214	1750	5091578	5959540	1120766513588163
1593870	1562892	30978	2372	5582722	6740674	1120766520978901
1684840	1653822	31018	1229	3449190	4545084	1120766526327911
1266208	1236550	29658	4289	9966368	10245068	1120766537775111
1222168	1193186	28982	3973	9531122	9570230	1120766548743035
996426	966862	29564	3125	7985614	7648782	1120766557943161
790680	759688	30992	1993	5573104	5178150	1120766564521391
1685596	1638032	47564	1045	3007538	4177388	1120766569428255
0	0	0	0	0	0	0
1405264	1373034	32230	533	2519466	2873148	1120766585951793
1493162	1463224	29938	615	2812606	3125548	1120766590471723
0	0	0	0	0	0	0
1691342	1659240	32102	1915	4652196	5922534	1120766601169721
830902	801440	29462	3939	8816092	9111124	1120766611031241
1661452	1630866	30586	2399	6386836	6862338	1120766619293729
1899742	1868720	31022	503	2075550	3307896	1120766623483951
1766640	1736626	30014	766	2540214	3699254	1120766628004907
343294	312956	30338	256	2264944	1258770	1120766630827503
2058054	2024512	33542	2662	6908594	7784282	1120766640012255
0	0	0	0	0	0	0
1676526	1646872	29654	2947	7543982	7973712	1120766661846527
429138	393240	35898	3937	8902776	8713946	1120766671393037
1505832	1475606	30226	1218	4029974	4356206	1120766677143677
1816674	1785638	31036	367	2127576	2952340	1120766681302537
1407484	1378098	29386	4643	10380590	11094634	1120766693305173
925052	894660	30392	3985	9488664	9305500	1120766703932675
1501760	1470694	31066	1715	4862748	5334494	1120766710511383
863156	834552	28604	948	2999296	3161170	1120766714588771
1506018	1477252	28766	1741	4835898	5391000	1120766721145573
441828	412718	29110	3084	7547148	7013246	1120766729349389
1550248	1520488	29760	1612	4835516	5199560	1120766735949693
802610	771832	30778	82	1749290	1368844	1120766738716023
0	0	0	0	0	0	0
1013428	983628	29800	1064	3751538	3544032	1120766747986797
1455498	1391978	63520	1438	4132024	4734926	1120766753788739
1612448	1576244	36204	4076	9779734	10166582	1120766765395685
451176	420612	30564	224	2042304	1307508	1120766768104323
614584	562052	52532	447	2613274	1942042	1120766771546505
1269302	1216536	52766	757	3105500	3185866	1120766776136431
1410616	1379336	31280	4618	10322650	11049060	1120766788083661
1398482	1369420	29062	436	2496826	2674038	1120766792193501
0	0	0	0	0	0	0
0	0	0	0	0	0	0
0	0	0	0	0	0	0
1523006	1488166	34840	2504	6120272	6933650	1120766824375745
1617930	1556170	61760	748	3092274	3517366	1120766829300571
1184974	1154508	30466	979	3595508	3555192	1120766834295601
1198622	1169470	29152	2357	6318368	6314716	1120766842027187
1094868	1064544	30324	43	1669022	1583210	1120766845005455
1630130	1599084	31046	4633	10844350	11297236	1120766857694645
1408388	1377384	31004	2468	6655436	6747034	1120766865972767
1137206	1106286	30920	1151	3665044	3842736	1120766870989567
1989424	1959944	29480	3447	8480138	9286590	1120766881673745
1543040	1513592	29448	3099	7211842	8150610	1120766890643281
1556276	1526782	29494	1272	3994526	4500986	1120766896408427
1636146	1606862	29284	4199	10037132	10438074	1120766908296213
1463446	1433846	29600	1753	4962824	5370646	1120766914937357
1556176	1506030	50146	3094	7716616	8145924	1120766924424191
0	0	0	0	0	0	0
1551234	1518700	32534	4698	11069530	11356812	1120766945919043
1590210	1559996	30214	3538	8153800	9091520	1120766955877939
894222	864990	29232	1790	4707048	4885488	1120766961693857
497002	466910	30092	184	1952948	1267292	1120766964358683
1437142	1407248	29894	2449	6487278	6738300	1120766972496737
1742690	1710222	32468	4167	9495508	10479014	1120766983950241
1599600	1564716	34884	2790	6500506	7590440	1120766992265015
1187680	1158484	29196	8	1219650	1607310	1120766994886653
0	0	0	0	0	0	0
1689194	1658040	31154	2434	6283706	6959000	1120767007038515
1366214	1336546	29668	1518	4121772	4804052	1120767012741467
1543284	1511456	31828	3876	9338110	9697030	1120767023840479
455414	426040	29374	475	2548512	1807110	1120767027058609
1807730	1776598	31132	628	2977036	3474516	1120767032078851
1725736	1696212	29524	3792	8705574	9712452	1120767042724751
1099250	1069632	29618	2114	5239714	5731032	1120767049282215
1688022	1658872	29150	2550	6688228	7195752	1120767057872957
1188806	1157624	31182	138	1365420	1873468	1120767060641717
0	0	0	0	0	0	0
701648	664598	37050	2659	6880568	6421998	1120767080064439
0	0	0	0	0	0	0
0	0	0	0	0	0	0
7949802	7944076	5726	4173	9935172	16697640	1120767116448375
0	0	0	0	0	0	0
1184064	1154592	29472	157	935422	1901234	1120767126178447
852384	821932	30452	3739	8910808	8732688	1120767136156679
1677912	1648482	29430	2993	7567728	8066896	1120767145616211
977206	888006	89200	728	3047466	2836220	1120767149855447
654524	625048	29476	183	1962816	1423790	1120767152686707
1857904	1827958	29946	4562	10707512	11382980	1120767165470039
1534554	1503074	31480	1618	4779142	5181536	1120767171998657
791528	762656	28872	970	3529064	3136056	1120767176533591
724334	656482	67852	4618	10450562	10370056	1120767187923411
226608	177670	48938	358	2302130	1344080	1120767190666529
1863568	1833462	30106	1157	3916588	4580490	1120767196661463
1569282	1539958	29324	3241	7174300	8453030	1120767205619025
1710950	1678972	31978	4692	10385750	11496942	1120767217930667
747922	715710	32212	411	1897022	2003300	1120767220789563
869224	837984	31240	546	2674330	2364042	1120767224550935
2002510	1971238	31272	3644	8873526	9692808	1120767235642039
0	0	0	0	0	0	0
1537146	1500670	36476	2433	6464136	6818662	1120767255380565
1638302	1608232	30070	3730	8880244	9510542	1120767266113605
1752550	1721016	31534	3606	8794796	9367830	1120767276875777
2048710	2015172	33538	3548	8537070	9548096	1120767287679915
1697290	1667436	29854	901	3386444	3903054	1120767292978383
1197770	1168446	29324	193	1578840	1984820	1120767295968851
815074	779074	36000	897	3385834	3011336	1120767300384195
1641514	1591394	50120	687	2966046	3417936	1120767305206607
1406274	1375604	30670	4937	10983676	11684310	1120767317811213
0	0	0	0	0	0	0
0	0	0	0	0	0	0
1323916	1294280	29636	1193	4085036	4112382	1120767339024649
794374	764664	29710	1157	3905768	3512454	1120767343939069
1252194	1221030	31164	1775	4642892	5227040	1120767350048853
1417104	1385304	31800	3359	8300730	8537424	1120767359981745
1140212	1109942	30270	2438	6405880	6417752	1120767367742747
1653674	1623104	30570	912	3405012	3881772	1120767373016225
1448256	1417052	31204	3817	9035744	9484616	1120767383714701
2014986	1985408	29578	1772	5127440	5960288	1120767391071347
1242160	1211200	30960	834	2780668	3312166	1120767395308561
1529366	1498930	30436	2446	5743284	6824712	1120767402795659
1190764	1159452	31312	3018	7533816	7629030	1120767411738977
1358740	1329170	29570	1080	3738510	3920260	1120767417050913
1060572	1031132	29440	326	1782846	2114354	1120767420108755
1448566	1419334	29232	2323	6360790	6497610	1120767428132731
0	0	0	0	0	0	0
1457426	1427182	30244	2089	5760230	6038368	1120767438395463
1493296	1463212	30084	2884	7367244	7664966	1120767447471287
764164	725750	38414	2153	5185738	5472314	1120767453636075
1423658	1392570	31088	2873	7331448	7572338	1120767462605525
0	0	0	0	0	0	0
1262076	1231302	30774	2046	5145182	5754836	1120767481639757
1057142	1027290	29852	3282	7837926	8030742	1120767490748717
1608690	1579810	28880	2183	5956640	6378194	1120767498532247
1588604	1558386	30218	1024	3112868	4038706	1120767503448119
2104798	2070704	34094	3381	8246552	9278856	1120767514014287
846302	816910	29392	2619	6834182	6485716	1120767521909711
897634	868318	29316	2207	5569022	5725692	1120767528590999
1598664	1568352	30312	2764	7238240	7527574	1120767537641975
823426	668790	154636	1235	3919402	3696244	1120767542598631
0	0	0	0	0	0	0
1504216	1474038	30178	2002	5592236	5910742	1120767561355337
0	0	0	0	0	0	0
1404858	1375318	29540	1917	5115730	5642748	1120767573003903
1407340	1375572	31768	4866	10846264	11543016	1120767585472221
1553104	1523288	29816	1565	4415764	5092666	1120767591655923
1529328	1397380	131948	2710	6484766	7357486	1120767599884141
1626420	1596270	30150	3802	9207938	9634296	1120767610933079
1263058	1232346	30712	3889	9363032	9444488	1120767621773707
724444	693794	30650	1803	5192136	4735066	1120767627905009
1469686	1439662	30024	3098	7850690	8067902	1120767637440197
364470	335040	29430	377	2605846	1521338	1120767640624973
549278	502434	46844	2894	7651194	6738426	1120767649039715
0	0	0	0	0	0	0
1416600	1386920	29680	697	2542174	3213374	1120767659304881
1548396	1516258	32138	2187	5976770	6333924	1120767667044663
916720	886960	29760	3418	7990558	8155614	1120767676166925
1621012	1590150	30862	1080	3862372	4181170	1120767681865145
1660750	1631140	29610	4588	10564768	11238900	1120767694304843
1635098	1605248	29850	1679	4794816	5395276	1120767700949147
1275096	1245118	29978	3070	7115632	7817954	1120767709555039
1536344	1506976	29368	785	3160000	3508824	1120767714466247
1517276	1487860	29416	2971	7324476	7862402	1120767723523135
2097486	2059638	37848	1889	5369756	6279250	1120767731205273
1540858	1510222	30636	3379	7589796	8702858	1120767740550551
0	0	0	0	0	0	0
0	0	0	0	0	0	0
7845152	7839978	5174	1153	3889074	10553582	1120767767586721
1497472	1467792	29680	1844	4947510	5596898	1120767774246947
1457578	1424790	32788	4103	9789936	10065332	1120767785708893
1446564	1415412	31152	2491	6479992	6832114	1120767793849893
1394484	1364742	29742	2528	6629124	6851786	1120767802087715
1527660	1497950	29710	2361	5732282	6654380	1120767809562861
1675160	1640326	34834	3613	8810086	9303120	1120767820262219
1773072	1616606	156466	4592	10044374	11359380	1120767832294069
1444908	1414556	30352	3249	7894558	8344094	1120767841847895
801396	770516	30880	4848	11208628	10900582	1120767854072191
1577268	1546796	30472	965	3510190	3909938	1120767859374019
1425094	1394778	30316	2984	7439918	7808302	1120767868453877
748514	718146	30368	3223	7802384	7595034	1120767877219115
1195800	1072810	122990	2530	6782172	6680642	1120767885412415
1647382	1545826	101556	2681	6737028	7419368	1120767894011911
1561098	1531450	29648	1560	4730540	5082822	1120767900517605
1359770	1330038	29732	3364	7876382	8489940	1120767909968207
973588	943380	30208	3365	8309560	8104624	1120767919465873
1421722	1392016	29706	3213	7375790	8250122	1120767928477967
1317786	1287600	30186	1309	3755778	4338600	1120767933766009
1866428	1836124	30304	3605	8797460	9479182	1120767944644641
1096502	1059142	37360	360	1474648	2221022	1120767947430617
1500594	1469354	31240	4757	11115384	11423966	1120767960260629
1041682	1011204	30478	142	1962596	1727958	1120767963479657
1386520	1356288	30232	2001	5608166	5791116	1120767970710423
1627040	1597440	29600	3810	9213932	9648550	1120767981768917
0	0	0	0	0	0	0
1533682	1502614	31068	3852	9288892	9638940	1120767997825399
1187628	1157976	29652	56	1514076	1700732	1120768000741367
542814	468980	73834	4159	9981402	9262954	1120768011484469
1182026	1151806	30220	3229	8046672	8051040	1120768020927601
1552412	1522468	29944	375	2347028	2704024	1120768025041963
0	0	0	0	0	0	0
960690	931320	29370	3318	8243346	8015116	1120768040660055
1026696	996496	30200	88	1861024	1604092	1120768043762071
0	0	0	0	0	0	0
1499612	1469892	29720	4516	10620216	10934360	1120768065358831
1401324	1369414	31910	4325	9795428	10453698	1120768076770423
0	0	0	0	0	0	0
1198786	1165128	33658	52	791360	1716156	1120768086387827
990710	959572	31138	4542	10690108	10475754	1120768098283675
209450	178134	31316	291	2160280	1193872	1120768100868331
1646446	1615998	30448	3259	8228464	8567118	1120768110961327
1717240	1685930	31310	4029	9643008	10177740	1120768122536015
1380292	1349762	30530	4554	10720590	10890212	1120768134851013
1927250	1894752	32498	2045	5679126	6420476	1120768142675895
0	0	0	0	0	0	0
2036212	2006456	29756	3803	8543912	10042848	1120768161738711
1646316	1616054	30262	2660	5953726	7367842	1120768169552775
1396456	1364292	32164	4020	9631222	9839320	1120768180794813
2186908	2154862	32046	3310	8203452	9211276	1120768191403157
0	0	0	0	0	0	0
0	0	0	0	0	0	0
318938	275076	43862	640	2543460	2001938	1120768213014991
1615250	1583826	31424	1712	5008482	5441832	1120768219853285
1646432	1617570	28862	2758	7098544	7563712	1120768228812433
1712386	1640814	71572	1168	3733384	4450272	1120768234476343
1357930	1210166	147764	780	2999014	3319458	1120768239047841
0	0	0	0	0	0	0
1402932	1369928	33004	4858	11127474	11520782	1120768254658755
984398	850402	133996	2826	7060276	7038402	1120768262918101
1504406	1335758	168648	2268	6134838	6443144	1120768270772047
0	0	0	0	0	0	0
1469020	1439556	29464	4697	10987610	11265660	1120768292928531
1608906	1577790	31116	2197	5566264	6405586	1120768300318275
1564758	1535314	29444	4071	9773126	10109172	1120768311870137
1913060	1883646	29414	3753	8888768	9821002	1120768322886349
0	0	0	0	0	0	0
0	0	0	0	0	0	0
280310	249194	31116	698	2305740	2078608	1120768338527461
1434482	1404130	30352	2219	5862848	6275370	1120768346039535
1151284	1121408	29876	4056	9276396	9665842	1120768356682279
1355104	1323882	31222	2425	6296228	6608552	1120768364552073
0	0	0	0	0	0	0
228686	198232	30454	308	2199708	1247938	1120768374997521
1424010	1395072	28938	2187	5957132	6199912	1120768382592823
1170076	1138742	31334	1406	3939276	4383298	1120768387916849
1097990	1067408	30582	1209	4005392	3919110	1120768393234711
1650524	1616988	33536	2610	6819772	7292306	1120768401919183
1196872	1167360	29512	201	1791410	2001502	1120768405121539
1744666	1714070	30596	1784	5103720	5720688	1120768412209205
890022	844360	45662	2659	6682796	6611680	1120768419996481
1669536	1637972	31564	2130	5845640	6330436	1120768427725937
1436730	1275308	161422	1284	4068206	4406382	1120768433445183
1210534	1180078	30456	2430	6686618	6721362	1120768441556869
1538142	1507408	30734	4695	10979026	11330644	1120768454288343
1667738	1635802	31936	4905	11399718	11880756	1120768467569855
1329286	1299474	29812	2076	5147570	5885010	1120768474261367
1481784	1448278	33506	2692	6976836	7268028	1120768482933753
1568112	1537770	30342	3880	8851780	9730756	1120768493568045
1265316	1233746	31570	3979	9615184	9624150	1120768504663205
1560842	1531130	29712	4091	9771840	10145344	1120768516210571
1196718	1166940	29778	551	2690934	2702402	1120768520312465
1499456	1468342	31114	1069	2928400	4039058	1120768524955155
1322702	1291150	31552	3150	7884266	8026136	1120768534376311
2150710	2121314	29396	3413	8414976	9380194	1120768545156199
861686	823352	38334	1759	5111144	4793184	1120768551343069
791586	761692	29894	1770	5130170	4744306	1120768557478999
1647872	1618396	29476	4588	10769798	11236462	1120768570111277
2040542	2011174	29368	1953	5492066	6348716	1120768577857837
1412468	1381232	31236	4215	9472716	10255494	1120768588957641
1699160	1666612	32548	4713	10718352	11526474	1120768601590271
1627808	1593058	34750	2835	7268264	7701480	1120768610700871
1188434	1158976	29458	308	1633282	2208380	1120768613741461
0	0	0	0	0	0	0
1648612	1616838	31774	2844	7193650	7739354	1120768635087461
1185548	1156134	29414	137	1400500	1862592	1120768637888383
1767756	1737898	29858	1670	4737996	5510374	1120768644608507
0	0	0	0	0	0	0
878580	849502	29078	4037	9585802	9353524	1120768666381155
1982674	1951448	31226	3400	8378722	9184604	1120768676957209
1995626	1961170	34456	120	1916572	2639258	1120768681084161
1411342	1381092	30250	2891	6557454	7596832	1120768689267787
1240816	1209600	31216	3402	8401688	8457858	1120768699125151
1562926	1532354	30572	4914	11436708	11811936	1120768712339185
1123772	1095270	28502	4014	9468220	9552608	1120768723145959
