# Loop @ Start frequency 1200000Hz took 1784.87 cycles
# Interval [1769 ; 1801]
# Q1 : 1766 ; Q3 : 1770
# Loop @ Target frequency 1700000Hz took 1251.83 cycles
# Interval [1249 ; 1254]
# Q1 : 1246 ; Q3 : 1248
# Confidence intervals do not overlap, alternatives are statistically different with selected confidence level
Change time (with write) [cycles]	Change time [cycles]	Write cost [cycles]	Wait time [us]	Time since last frequency change request [cycles]	Time since last frequency change [cycles]	Detected frequency change timestamp [cycles]
975856	928670	47186	3567	418206960	418422668	1120979663177611
764946	735060	29886	4812	11188926	10763486	1120979675422641
1181306	1153482	27824	907	3374706	3374770	1120979680262961
1187006	1159278	27728	3036	7647674	7633046	1120979689382577
853620	819152	34468	4996	11302918	11221720	1120979701823161
474316	446256	28060	2463	6467798	5774922	1120979709049797
1183732	1155706	28026	4156	9965160	9870618	1120979720493061
1186526	1155152	31374	3982	9557344	9526980	1120979731521841
591838	552244	39594	4075	9723196	9134748	1120979742121049
1194060	1165204	28856	3998	9361144	9565780	1120979752961135
1189016	1134922	54094	3427	8433572	8419310	1120979762868061
359158	316042	43116	2191	5908630	5116686	1120979769420167
0	0	0	0	0	0	0
1186092	1158088	28004	3891	9346500	9350374	1120979792370873
1183486	1154960	28526	4101	9715802	9760470	1120979803554241
1187266	1157802	29464	3295	7847666	8151980	1120979812873921
1188432	1158046	30386	2535	6684502	6632500	1120979821031061
846814	819644	27170	27	1613978	1274938	1120979823779433
1094184	1065394	28790	2511	6585016	6497804	1120979831742675
1034108	1006210	27898	4626	10597488	10669694	1120979843658509
861874	833124	28750	4697	10729914	10638540	1120979855534189
1190304	1160414	29890	4859	11365286	11292316	1120979868374495
1190140	1160104	30036	1572	4445538	4709684	1120979874294375
1186726	1158100	28626	447	2163106	2454892	1120979877928861
701258	672912	28346	3556	8467334	8197276	1120979887381363
1150368	1120934	29434	4871	11318304	11267694	1120979900134353
1187566	1157762	29804	3275	8108116	8112092	1120979909713477
1193848	1158738	35110	1540	4452986	4660476	1120979915645677
1189378	1159128	30250	3078	7549774	7744264	1120979924669149
867992	838456	29536	1572	4400082	4386916	1120979930221757
1186840	1158784	28056	1286	3885564	4133744	1120979935578535
1187448	1157838	29610	4158	9900846	9886834	1120979946951029
780386	752360	28026	156	1867510	1467726	1120979949882041
1188100	1158980	29120	590	2854060	2743856	1120979954207681
1188722	1159084	29638	1788	4921788	5140132	1120979960602263
612408	585082	27326	4822	10959452	10631654	1120979972459809
1085296	943926	141370	271	2038890	2001532	1120979975866681
1185446	1157446	28000	2722	7055982	7005020	1120979984392811
1021352	930190	91162	3041	7647432	7478336	1120979993346661
1110898	1082278	28620	1519	4502894	4524354	1120979999244073
1184646	1156652	27994	1506	4562394	4569786	1120980005279781
0	0	0	0	0	0	0
1271604	1165438	106166	3273	8107814	8191702	1120980025698673
1190258	1162444	27814	1904	5373214	5380030	1120980032547273
1086730	936306	150424	2294	6026836	6050216	1120980039945615
294446	263298	31148	1597	4749602	3864212	1120980045273317
1229574	1201642	27932	2113	5861768	5829000	1120980052648411
1188400	1159604	28796	412	2378414	2387598	1120980056499229
1194768	1167064	27704	138	1845600	1847592	1120980059823513
645498	614882	30616	3347	8261022	7714562	1120980069014163
1185446	1157892	27554	16	1356010	1592386	1120980071844171
872408	842734	29674	1746	5057052	4739188	1120980078059009
490580	460854	29726	4935	11428740	10733880	1120980090263135
991942	961988	29954	3464	8263552	8295182	1120980099802383
1202876	1174188	28688	3745	9056070	9067566	1120980110345237
555534	527564	27970	2732	7097448	6394186	1120980118281855
1185800	1158132	27668	1498	4300858	4556006	1120980124052041
1225296	1169596	55700	4146	9722358	9891386	1120980135283527
367034	328884	38150	1096	3684546	2932364	1120980139619195
1196022	1159330	36692	1260	3926986	4097612	1120980145026121
386220	313596	72624	4117	9801884	8994596	1120980155502221
1193136	1163288	29848	2011	5592012	5594492	1120980162571177
494260	464766	29494	172	1782832	1211886	1120980165132175
1189066	1159366	29700	2268	6097062	6099460	1120980172706971
1216936	1184682	32254	4094	9730980	9780026	1120980183938687
982438	952882	29556	745	3057456	2847988	1120980188262203
1188202	1159306	28896	2672	6903612	6906836	1120980196637931
529272	501356	27916	3355	8168010	7613006	1120980205618891
1189600	1158300	31300	1239	4038768	4048606	1120980211131255
1212294	1184356	27938	4099	9485822	9784404	1120980222119865
1288992	1157726	131266	3278	8111446	8219736	1120980231804401
1213010	1183414	29596	2673	6941068	6932954	1120980240242375
1185410	1156764	28646	2143	5845138	5847000	1120980247556709
554984	526904	28080	1737	5034954	4410446	1120980253430265
1194770	1166466	28304	1406	4157164	4380766	1120980259066015
1061200	1032448	28752	797	2993052	3029876	1120980263410401
1192138	1160780	31358	643	2845028	2851704	1120980267731389
806726	777806	28920	3558	8563278	8304308	1120980277385837
1379172	1155020	224152	4047	9649182	9847990	1120980288698201
799142	768352	30790	882	3327786	2936716	1120980293108121
748674	719070	29604	2473	6348240	6069946	1120980300493575
1186212	1158146	28066	1585	4725632	4730836	1120980306689121
593640	565662	27978	2540	6640344	6049136	1120980314206501
1088400	1059558	28842	4264	10085358	9990778	1120980325665109
1182090	1153736	28354	2738	7048168	7039086	1120980334178731
962418	932508	29910	2733	6926096	6801860	1120980342350989
664992	540366	124626	4271	10101582	9582082	1120980353401501
1186952	1158302	28650	2902	7198904	7365148	1120980362071397
1155994	1125710	30284	3628	8827014	8787320	1120980372338385
524176	496266	27910	3111	7782370	7120540	1120980380928455
849136	821210	27926	266	2094190	1754330	1120980384155401
1184010	1155246	28764	4833	11226086	11226190	1120980396850185
727312	697816	29496	157	1880590	1414836	1120980399741477
514314	485914	28400	226	2034618	1349970	1120980402574395
1192750	1164688	28062	1531	4626078	4630528	1120980408676877
1047260	1020118	27142	3004	7569294	7429290	1120980417577309
1190570	1160536	30034	3731	9040418	9035026	1120980428092505
1327730	1299888	27842	4131	9561830	9963464	1120980439265549
1304566	1180256	124310	3481	8302174	8641852	1120980449156381
1182794	1154946	27848	587	2728244	2729930	1120980453356505
1128364	1099592	28772	4252	10023506	10006888	1120980464792073
1305642	1154750	150892	3693	8946134	9065700	1120980475327201
534840	507000	27840	3638	8850488	8184670	1120980484996321
1272334	1158886	113448	2737	7035954	7122368	1120980493595717
1195692	1157498	38194	1854	5279348	5285286	1120980500355127
1260216	1231484	28732	262	2049820	2159562	1120980503949541
206362	174606	31756	2312	5944076	5210278	1120980510383647
332718	304008	28710	533	2626636	1773110	1120980513628009
368362	339158	29204	3593	8649770	7937808	1120980522929597
1003596	975506	28090	99	1761768	1576092	1120980525978801
1186660	1158174	28486	4288	10136054	10137590	1120980537585735
1189712	1160980	28732	4109	9562666	9780972	1120980548622741
916360	881790	34570	2408	6336822	6108132	1120980556159291
1187352	1156162	31190	3027	7614224	7616272	1120980565244201
699186	665412	33774	4985	11519432	11044880	1120980577752011
1191494	1162932	28562	678	2921784	2928352	1120980582150273
1307072	1279114	27958	2117	5794710	5916874	1120980589535783
451224	422118	29106	2293	6019062	5412594	1120980596289853
875404	848014	27390	1789	4890710	4827040	1120980602340015
1192678	1164606	28072	914	3386686	3395460	1120980607203301
828822	792596	36226	4153	9872498	9510086	1120980618193341
452348	424154	28194	1515	4611500	3857858	1120980623540809
1190790	1163012	27778	1040	3586240	3662662	1120980628601161
1184218	1156374	27844	4496	10558382	10552354	1120980640628509
1283542	1155860	127682	3415	8332026	8489340	1120980650527801
1189670	1160502	29168	4104	9482346	9773282	1120980661483831
1201452	1169736	31716	3390	8346214	8364902	1120980671315561
1200694	1172780	27914	3186	7930840	7947074	1120980680730695
674630	647526	27104	4864	11285684	10777124	1120980692974555
1187466	1155948	31518	3823	9200090	9210092	1120980703651327
529196	498666	30530	4098	9594646	9106052	1120980714058997
835582	802340	33242	155	1867738	1521050	1120980717047321
1195176	1156822	38354	3875	9315772	9321192	1120980727850837
1133574	1105070	28504	4861	11287964	11229916	1120980740557105
1188238	1160538	27700	2928	7414322	7418752	1120980749443723
1243136	1161342	81794	110	1535016	1839556	1120980752504847
1189498	1160462	29036	1900	5361064	5363702	1120980759338903
582304	554372	27932	4545	10660358	10047184	1120980770865683
761580	733486	28094	3369	8294126	7874120	1120980780204841
1187052	1157832	29220	2297	6161760	6156228	1120980787838193
1191614	1163308	28306	4406	10372938	10378178	1120980799686713
1320958	1293982	26976	787	3228434	3275274	1120980804520033
275274	248056	27218	3521	8600372	7692350	1120980813680235
972892	944816	28076	2005	10974026	5357282	1120980825911807
320244	238108	82136	1318	4199082	3332234	1120980830715069
499212	470738	28474	4294	9915614	9460958	1120980841414023
1185564	1155264	30300	824	3210104	3213430	1120980846094349
1182828	1153838	28990	1278	4052074	4114578	1120980851613549
1385602	1160056	225546	2680	6927202	7125720	1120980860210281
1185420	1158176	27244	1094	3844372	3748902	1120980865524001
1233864	1199078	34786	3047	7668660	7722510	1120980874710389
532706	503480	29226	162	1883080	1230430	1120980877411161
761830	733544	28286	1420	4491272	3982400	1120980882948345
1152866	1113826	39040	1616	4556898	4758378	1120980888941327
287870	259450	28420	4621	10804858	9905060	1120980900318219
216122	175266	40856	1886	5103132	4360882	1120980905922437
1182976	1154532	28444	4189	9932212	9936216	1120980917321217
351674	321978	29696	4642	10855008	10009672	1120980928811763
857346	750134	107212	2200	5960708	5631444	1120980935913415
743116	714164	28952	4100	9762330	9316710	1120980946703055
1334764	1160170	174594	3859	9282854	9428514	1120980957604669
1088462	1059332	29130	1704	4975764	4876608	1120980963952273
1187420	1158402	29018	4153	9865918	9866900	1120980975289181
325500	297186	28314	3768	8994326	8234960	1120980984893161
1347240	1156378	190862	2718	7006804	7157434	1120980993530749
714458	686344	28114	3756	9085670	8608290	1120981003613989
1014806	987080	27726	1692	4781880	4781800	1120981009694281
596090	568576	27514	4481	10532936	9939580	1120981021137441
218020	175130	42890	1863	5377318	4318160	1120981027021321
314710	182458	132252	2575	6727248	5839418	1120981034353953
1187516	1159518	27998	1574	4753964	4710064	1120981040578737
1192332	1162736	29596	4855	11086940	11277422	1120981053143481
1216648	1162900	53748	44	1539732	1679428	1120981056189769
1033208	1005162	28046	4716	10996348	10840436	1120981068504197
503974	475368	28606	3488	8586512	7855660	1120981077878889
1184920	1156072	28848	2537	6627180	6634746	1120981085973781
942478	913994	28484	3773	8826104	8873368	1120981096027279
982268	954478	27790	320	2095814	1997522	1120981099389057
507336	478700	28636	1013	3596644	2908856	1120981103776141
1189600	1161376	28224	613	2787840	2795272	1120981108038361
538786	510060	28726	4795	11146638	10504266	1120981120007361
1212598	1168412	44186	1000	3556914	3586298	1120981125061233
821080	791544	29536	2181	5930436	5557690	1120981132101629
617204	589316	27888	4979	11512622	10950356	1120981144515615
256434	195750	60684	1799	5158578	4230030	1120981150214895
529588	501644	27944	1483	4522094	3869024	1120981155549963
1183898	1155308	28590	1306	4179120	4178796	1120981161196193
1187144	1156260	30884	1083	3855836	3727864	1120981166527475
378400	347734	30666	2629	6668834	6009714	1120981173858615
1184378	1156258	28120	847	3352248	3252120	1120981178678567
1188822	1159300	29522	3437	8429768	8438290	1120981188580931
470830	441438	29392	2324	6215114	5494568	1120981195550849
437010	405500	31510	2335	6241424	5487866	1120981202513011
1188924	1158190	30734	4813	11184568	11190456	1120981215170895
1189100	1157366	31734	4546	10619734	10655310	1120981227272895
1188276	1156790	31486	3083	7526998	7730250	1120981236272075
1188264	1157650	30614	4348	10181812	10257918	1120981247925949
1184346	1156132	28214	1639	4842236	4838028	1120981254235997
1100490	1071656	28834	4708	10927514	10892472	1120981266548041
1184300	1154936	29364	3991	9557722	9542042	1120981277573731
1189740	1158170	31570	895	3065344	3355090	1120981282111189
570384	540060	30324	130	1814638	1205528	1120981284779815
993846	965862	27984	3547	8791950	8462858	1120981294849157
1186968	1155320	31648	2350	6260780	6260538	1120981302582189
878028	848524	29504	3611	8525304	8474110	1120981312269209
0	0	0	0	0	0	0
371446	342686	28760	3121	7804178	6989090	1120981329858481
793954	754140	39814	3537	8553118	8247746	1120981339488875
1098282	1069492	28790	1541	4385868	4554278	1120981345257167
1193494	1160144	33350	4851	11265748	11270284	1120981358000265
1190172	1159952	30220	3520	8388206	8614420	1120981367863001
1195156	1164982	30174	3752	9004530	9072648	1120981378347807
1191720	1159114	32606	1926	5414526	5419256	1120981385238335
1184924	1156186	28738	4751	10996274	11061776	1120981397711435
507304	474208	33096	2108	5799176	5105842	1120981404301743
584988	557356	27632	3409	8240920	7777112	1120981413411371
1015842	986360	29482	1582	4719202	4554532	1120981419430221
1132998	1104176	28822	1307	4187994	4127806	1120981425035327
706844	676770	30074	3269	8098834	7620530	1120981434191055
1186032	1156928	29104	1444	4449824	4448464	1120981440112263
894578	866482	28096	367	2517886	2004512	1120981443808723
1026864	999020	27844	4526	10617864	10453556	1120981455736905
1186270	1155794	30476	1010	3299014	3601500	1120981460506309
1186332	1158568	27764	3218	8135544	7997444	1120981470112273
1187842	1159856	27986	4507	10346366	10577578	1120981481929697
235092	203352	31740	3592	8594370	7799722	1120981491042873
1192600	1160390	32210	4429	10416192	10424422	1120981502940281
1201874	1174628	27246	2363	6058656	6302082	1120981510485523
1190796	1162136	28660	3697	9046220	8959482	1120981521006331
834248	806498	27750	765	2978624	2738264	1120981525107769
809802	782494	27308	3037	7375036	7259100	1120981533581313
4303526	4299132	4394	1186	3939704	7057572	1120981542108927
1070580	1040636	29944	2722	7000132	6888366	1120981550463895
1197552	1169688	27864	2586	6738288	6744626	1120981558682897
231618	174960	56658	2562	6642720	5729010	1120981565840869
0	0	0	0	0	0	0
1185238	1157478	27760	410	2244720	2379646	1120981579948321
605942	449892	156050	4858	11140560	10696828	1120981591978983
841424	812964	28460	1582	4496736	4385790	1120981597600389
1188478	1156764	31714	3846	9262794	9260010	1120981608335353
458136	429438	28698	3808	9181520	8447336	1120981618258937
1185824	1156734	29090	616	2949304	2794080	1120981622678615
1186766	1158836	27930	730	3017946	3022970	1120981627167541
1189508	1160682	28826	4975	11358110	11515602	1120981640006207
1189134	1161020	28114	3171	7894320	7904960	1120981649373775
880648	852098	28550	3263	7878598	7781910	1120981658417129
1271924	1242340	29584	3658	8874626	8964346	1120981668848385
1273830	1245200	28630	2970	7514320	7588392	1120981677920211
862776	835026	27750	1899	5233680	5054036	1120981684301041
1108986	1080142	28844	4467	10497036	10418232	1120981696191197
1193038	1163618	29420	4256	10178490	10078990	1120981707847189
1195028	1164680	30348	1769	4953478	5113574	1120981714281149
1074728	955832	118896	4276	10126414	10000162	1120981725766757
1027890	998824	29066	301	1932284	2015080	1120981729009815
457782	429092	28690	3424	8258900	7680708	1120981738013703
949110	918242	30868	2861	7453684	7223780	1120981746701031
342972	313480	29492	4112	9564914	8942212	1120981756892741
918364	880598	37766	4151	9862718	9596098	1120981767958009
1010742	981308	29434	2256	6067606	5898656	1120981775320337
219896	171696	48200	4034	9625578	8661902	1120981785451457
758784	730384	28400	4903	11367680	10944640	1120981797862265
1189776	1160918	28858	1688	4935968	4941262	1120981804271167
1190256	1160814	29442	2109	5607958	5782920	1120981811353575
1185310	1154590	30720	1608	4611922	4776230	1120981817434609
1187160	1157220	29940	962	3320574	3484298	1120981822226429
1186378	1157956	28422	3338	8234398	8236606	1120981831931557
393760	364652	29108	735	2955714	2238796	1120981835564935
943000	914580	28420	1482	4537618	4300934	1120981841330095
1336582	1162814	173768	3071	7485872	7852752	1120981850491663
1190794	1161820	28974	4014	16176880	9594578	1120981868143689
1209364	1157638	51726	1443	4270428	4470440	1120981873908249
1193444	1162356	31088	1781	5206438	5131120	1120981880592315
632510	603440	29070	2561	6701154	6129910	1120981888209271
908648	879318	29330	2849	7251586	6981472	1120981896653383
344200	199234	144966	1244	3963660	3205984	1120981901244855
210726	180826	29900	2967	7494142	6518916	1120981909287301
1183462	1155652	27810	1604	4541510	4765124	1120981915296073
1186414	1159004	27410	39	1706546	1639238	1120981918472989
1184366	1156530	27836	1695	4711974	4949506	1120981924652861
1185318	1157058	28260	4374	10056398	10307974	1120981936177749
882220	852302	29918	3531	8408134	8319036	1120981945752561
1186204	1157664	28540	2513	6594250	6592044	1120981953816469
270094	241668	28426	2483	6527874	5610610	1120981960898329
1203076	1175182	27894	4695	10945184	10967888	1120981973331157
1186312	1155802	30510	2080	5712728	5720430	1120981980514321
454016	424166	29850	4985	11645384	10798602	1120981992897941
1202072	1168472	33600	4703	10955958	10981554	1120982005339913
1184710	1156306	28404	3532	8623850	8621436	1120982015432451
1198254	1168742	29512	2604	6673634	6779408	1120982023588023
256960	226426	30534	4218	9873498	9079620	1120982034002581
1187686	1160764	26922	596	2670208	2753876	1120982038145255
1184948	1156512	28436	4133	9844780	9825614	1120982049458473
1194844	1166666	28178	4664	10639198	10899090	1120982061576275
1196592	1159176	37416	3903	9382744	9383112	1120982072439961
1325060	1164760	160300	1905	5369186	5510956	1120982079418301
1198594	1155246	43348	3540	8527046	8652814	1120982089427855
1199910	1156442	43468	4592	10743476	10762962	1120982101655011
595404	565944	29460	4918	11407960	10855024	1120982113942415
1183666	1154936	28730	1158	3875054	3874516	1120982119284641
1188820	1161156	27664	856	3276184	3275860	1120982124033781
1221410	1156092	65318	3235	8026804	8066490	1120982133566261
984552	954952	29600	553	2684648	2475320	1120982137519401
863156	833286	29870	3179	7999498	7602520	1120982146665971
854880	827064	27816	4849	11255246	10927794	1120982159059569
1186344	1156458	29886	4083	9497280	9727258	1120982170030963
1320646	1289938	30708	4279	9945576	10254152	1120982181581171
706486	659386	47100	3894	9359088	8873754	1120982191930955
1331622	1296760	34862	1731	5015378	5168612	1120982198561961
620210	591964	28246	2542	6327790	6080050	1120982205794549
1231524	1158532	72992	1197	3897874	4010628	1120982211207793
1196498	1168412	28086	4572	10715518	10718406	1120982223408617
1187864	1158044	29820	4725	11019570	11018094	1120982235900015
718844	690174	28670	1616	4631622	4332264	1120982241534869
828184	799592	28592	2907	7394974	7026412	1120982250042193
1255640	1225824	29816	2035	5628170	5700840	1120982257209585
274602	244818	29784	251	2147322	1158352	1120982260060473
624088	596108	27980	4439	10437136	9877138	1120982271405929
1290490	1156198	134292	4084	9763710	9838438	1120982282744189
663254	601688	61566	3836	9189256	8710872	1120982292880953
1189490	1161606	27884	1843	5244500	5250570	1120982299599091
803060	772224	30836	2724	7008196	6632296	1120982307694585
219620	187984	31636	2228	6130900	5050134	1120982314329135
1028730	1000294	28436	4334	10230348	10071286	1120982325872135
859162	830058	29104	220	2075916	1675118	1120982329092527
359394	226758	132636	2469	6252220	5672108	1120982335992749
588520	482322	106198	4381	10318992	9724756	1120982347183801
1155606	1116004	39602	3324	8142208	8177480	1120982356770815
1106844	1079264	27580	1701	4960776	4883812	1120982363121915
1187812	1159176	28636	2389	6097568	6340072	1120982370700921
1263206	1156852	106354	1254	4036088	4145646	1120982376284207
1233502	1204468	29034	1146	3854402	3900578	1120982381656457
411398	383526	27872	1524	4605820	3838718	1120982386958313
1182596	1154412	28184	2838	7278460	7234726	1120982395707481
739048	711228	27820	757	3001680	2634638	1120982399731863
0	0	0	0	0	0	0
931886	903186	28700	1916	5517664	5146516	1120982412066641
1192058	1165014	27044	778	2854416	3122128	1120982416396803
906708	875496	31212	3625	8807280	8531858	1120982426395337
1182932	1154972	27960	1366	4061240	4288932	1120982431923513
380936	353034	27902	4116	9839250	8987470	1120982442429435
547096	518962	28134	3541	8389034	8004788	1120982451649577
1192800	1164680	28120	2343	6027000	6259166	1120982459153211
823090	794616	28474	138	1833468	1472626	1120982462101441
878534	849228	29306	3398	8354856	8049874	1120982471618869
1222076	1157852	64224	577	2813164	2760386	1120982475938281
872388	839890	32498	4330	10327854	9907530	1120982487422549
564772	536098	28674	1997	5562122	4939138	1120982493832863
1187644	1159058	28586	751	3143198	3067314	1120982498448903
1218224	1187792	30432	304	2072752	2201212	1120982502024273
982920	945956	36964	1683	4929672	4723676	1120982508220921
920518	890826	29692	24	1607192	1342308	1120982511032477
1186144	1157526	28618	4052	9659748	9665014	1120982522166055
1195062	1164306	30756	1074	3803658	3716282	1120982527448881
1186648	1158778	27870	192	1950458	1949422	1120982530870467
1238240	1160436	77804	1046	3557584	3704866	1120982535950081
1186938	1158558	28380	1820	5211198	5200822	1120982542632703
531926	501960	29966	1357	3990898	3617784	1120982547439675
1196390	1158210	38180	503	2807658	2583448	1120982551728029
420474	391452	29022	3001	7591294	6819414	1120982560024065
419536	390054	29482	4432	10420078	9657294	1120982571147095
246018	206548	39470	3206	7971330	7033888	1120982579659489
1187420	1159348	28072	901	3364226	3368494	1120982584494809
386260	355434	30826	4711	10790206	10182716	1120982595955575
1192654	1162608	30046	1660	4880786	4888194	1120982602313989
1150972	1123394	27578	689	2937156	2903298	1120982606686283
1189616	1158620	30996	3718	8997804	9000172	1120982617156781
808900	779120	29780	4450	10236466	10082744	1120982628489975
1188630	1159018	29612	3635	8822876	8832912	1120982638785601
893798	864788	29010	1159	3875434	3585288	1120982643838769
633210	604480	28730	4807	11179348	10621672	1120982655934081
1216616	1158056	58560	4644	10598938	10885622	1120982668033437
1278342	1247348	30994	339	2261040	2332482	1120982671857123
1193100	1163200	29900	3398	8533888	8531450	1120982681867789
1171670	1140180	31490	1625	4642718	4801726	1120982687966265
1024060	996756	27304	3388	8088764	8181842	1120982697362581
1184496	1155846	28650	2588	6734694	6734796	1120982705565015
1182974	1154554	28420	4440	10353300	10446640	1120982717385389
861834	833160	28674	2426	6417310	6088076	1120982724948201
1184468	1155830	28638	1390	4340558	4338574	1120982730756769
1183774	1156024	27750	517	2396516	2592416	1120982734621995
339392	310114	29278	3612	8542130	7937818	1120982743787603
1190218	1160948	29270	3997	9552736	9558618	1120982754814369
1046694	1014896	31798	1515	4597658	4450650	1120982760742775
1189408	1157948	31460	4807	11172174	11177318	1120982773387353
352370	324422	27948	2226	6014646	5178700	1120982780038331
1219750	1168844	50906	2777	7240476	7148244	1120982788781655
1187798	1158446	29352	1518	4402016	4599218	1120982794655607
799392	770014	29378	4911	11241104	10995278	1120982806981153
1186892	1157998	28894	1246	4057738	4053342	1120982812516597
1143756	1113932	29824	3597	8635790	8713720	1120982822579401
1187432	1158062	29370	3397	14742980	8355260	1120982838792961
1183446	1153676	29770	1898	5221294	5354976	1120982845480881
1188922	1160306	28616	3990	9399416	9542658	1120982856352227
775290	746512	28778	1573	4532100	4297152	1120982861942641
292020	258732	33288	2998	7551224	6664512	1120982870069301
1192294	1161730	30564	4025	9608932	9617236	1120982881155415
775848	746358	29490	903	3078958	2957648	1120982885298957
294596	265864	28732	4058	9674030	8784866	1120982895551655
1200358	1171304	29054	2849	7267244	7280082	1120982904303363
751680	722992	28688	2038	5440744	5200596	1120982910778641
1236464	1169504	66960	2576	6710464	6762032	1120982919009363
496892	468372	28520	1794	4852020	4458996	1120982924681741
1290932	1262322	28610	3309	8175538	8282056	1120982934431721
1098792	1068932	29860	1021	3594774	3514650	1120982939409441
1191536	1164366	27170	2521	6601716	6612820	1120982947486141
1291566	1155932	135634	256	1832272	2179202	1120982950894141
1189254	1161282	27972	1647	4859248	4859864	1120982957225833
464766	435434	29332	3051	7432554	6941804	1120982965411295
804766	775084	29682	82	1730994	1350066	1120982968231255
509614	478716	30898	3606	8905626	8097910	1120982977929975
1185154	1155694	29460	1823	5213344	5207402	1120982984611523
1210824	1159124	51700	2797	7016914	7178936	1120982993123145
1189830	1161948	27882	2847	7048804	7260378	1120983001650049
1186444	1158102	28342	4533	10638074	10631734	1120983013758593
1189438	1155224	34214	2314	6192234	6198942	1120983021423513
1193422	1164104	29318	1416	4348848	4400898	1120983027249423
396330	366954	29376	4815	10899390	10401960	1120983038828295
1186972	1160032	26940	1925	5406626	5411532	1120983045704847
986736	958878	27858	804	3179804	2975968	1120983050154577
791590	762944	28646	3314	8309922	7795630	1120983059539425
1188646	1160296	28350	3590	8739002	8747510	1120983069750321
1183606	1155466	28140	4213	10000000	9992308	1120983081217217
1118090	1087866	30224	4843	11173202	11179346	1120983093799641
1258472	1156172	102300	2107	5769860	5847926	1120983101111921
910484	880400	30084	466	2497142	2218690	1120983104807929
1277268	1248690	28578	165	1625680	1981560	1120983107994649
1186920	1155640	31280	3640	8964684	8844510	1120983118429651
1186302	1158878	27424	929	3423590	3419088	1120983123323583
1185172	1156508	28664	4618	10789442	10795712	1120983135582331
379156	349302	29854	3585	8608768	7930946	1120983144854327
773256	742684	30572	169	1896118	1485116	1120983147806415
830614	802578	28036	887	3084792	2984184	1120983152005683
737730	708270	29460	3960	9475446	9029570	1120983162502745
326072	219762	106310	1222	3918176	3145394	1120983167031063
265964	237888	28076	256	2069968	1152374	1120983169656873
1027058	980780	46278	2861	7289960	7129708	1120983178257949
1063866	1030270	33596	1736	5037730	4909410	1120983184642691
1194036	1164606	29430	747	3049824	3063636	1120983189170837
1187028	1158298	28730	4831	11047474	11221898	1120983201693669
1186366	1158416	27950	3066	7728894	7697698	1120983210893035
325380	295884	29496	3173	7747358	7045954	1120983219249895
872538	843146	29392	840	3168368	2927552	1120983223575047
1186034	1157486	28548	3440	8451572	8445480	1120983233496515
830306	801736	28570	639	2770342	2490906	1120983237380717
1198138	1167906	30232	4969	11505146	11511776	1120983250368437
1198428	1169818	28610	2874	7077862	7322428	1120983258928657
374744	317722	57022	2794	6954856	6338132	1120983266542923
1188848	1160782	28066	1947	5452954	5458312	1120983273469017
1196512	1163122	33390	3675	8732756	8922502	1120983283682611
1187934	1158164	29770	2683	6929016	6936472	1120983292083993
1035688	1008298	27390	2129	5818292	5667674	1120983299221609
1190018	1155294	34724	1178	3653382	3921648	1120983304353949
1191342	1158738	32604	4357	10221448	10279492	1120983316051157
1196362	1167022	29340	2768	6830384	7107312	1120983324362081
991090	963732	27358	1728	4809922	4821662	1120983330446841
1024322	994406	29916	1345	4252798	4090226	1120983336007997
1185914	1158262	27652	2397	6351028	6353728	1120983343829583
668084	639382	28702	4420	10393148	9882868	1120983355175643
1186580	1157832	28748	4668	10586054	10896590	1120983367249971
1189928	1158714	31214	2509	6440534	6582712	1120983375165303
833926	776026	57900	2084	5759246	5377580	1120983382047275
704282	674102	30180	1008	3468598	3095888	1120983386503517
1195060	1165690	29370	989	3533768	3549044	1120983391516275
953934	920904	33030	2209	5985972	5753188	1120983398741099
1190312	1160922	29390	2132	5821876	5828474	1120983406037403
927174	894748	32426	529	2545022	2360368	1120983409794269
499046	470112	28934	1889	5354388	4650990	1120983415932077
310398	276052	34346	480	2522642	1645576	1120983419049423
552356	524076	28280	1836	5238960	4599076	1120983425129341
658748	631620	27128	3609	8663886	8250780	1120983434739629
1189700	1161322	28378	3931	9423928	9426812	1120983445636523
562336	534482	27854	997	3554428	2937656	1120983450037087
1192098	1162900	29198	83	1730098	1731538	1120983453242869
1198796	1163950	34846	1970	5329742	5513970	1120983460055491
853516	823358	30158	897	3350292	3021842	1120983464544137
1188642	1158290	30352	3170	7682344	7904166	1120983473699281
1002054	972770	29284	4614	10656732	10609696	1120983485642615
695524	531576	163948	4075	9713668	9226022	1120983496335967
707724	680180	27544	1936	5190088	4953716	1120983502518121
1186182	1155544	30638	3810	8929920	9180902	1120983512918523
1200674	1161188	39486	4699	10932334	10975080	1120983525334869
1193540	1163614	29926	2703	6991536	6973584	1120983533803705
1192080	1158958	33122	571	2698320	2707964	1120983537978229
747922	718662	29260	2121	5725394	5365092	1120983544736007
1026572	998100	28472	204	1972374	1809736	1120983548018581
318242	274126	44116	653	2709700	1999456	1120983551330237
883478	854912	28566	4899	11476100	11062664	1120983563973393
510854	482410	28444	1951	5420732	4786836	1120983570188655
955336	922752	32584	1533	4624942	4396370	1120983576053201
1188138	1158712	29426	875	3304702	3312676	1120983580829937
1183080	1155834	27246	1820	4932934	5197864	1120983587228855
1192932	1164946	27986	1624	4825562	4816472	1120983593536621
1190506	1160870	29636	4226	9936878	10023844	1120983604948065
1188888	1157998	30890	2530	6604030	6624158	1120983613024729
1226878	1167918	58960	287	5363396	2177008	1120983619904343
694080	666066	28014	2017	5603208	5104250	1120983626485531
961726	925492	36234	4637	10582066	10610646	1120983638313035
881828	852448	29380	3099	7758812	7455544	1120983647237069
862756	825142	37614	3072	7706564	7382812	1120983656089921
1190548	1158864	31684	4460	10473040	10482902	1120983668037643
1087756	1059686	28070	2320	6119724	6103182	1120983675528797
1191468	1162416	29052	3691	8950594	8951826	1120983685954497
577016	548270	28746	3515	8378932	7987920	1120983695193931
1118314	1088864	29450	1689	5026672	4871542	1120983701627223
1187094	1158380	28714	4036	9640338	9642510	1120983712737895
1190402	1162132	28270	3330	8226634	8225154	1120983722439113
663252	634676	28576	3527	8374112	8092762	1120983731759851
874296	844606	29690	4512	10490864	10278046	1120983743408855
1197310	1169454	27856	4272	10120344	10133930	1120983755009775
1301302	1273352	27950	2431	6185994	6538082	1120983762785673
966040	936750	29290	1271	4095276	3881820	1120983768130411
933682	905992	27690	270	2096422	1848332	1120983771444017
682316	653622	28694	1835	5236800	4736286	1120983777646651
1211200	1157620	53580	2272	6119272	6138022	1120983785261401
1186912	1158190	28722	1381	4333500	4324082	1120983791065141
578636	548878	29758	2583	6647710	6119978	1120983798580757
920954	891124	29830	4192	9945504	9679760	1120983809731035
523994	496096	27898	4268	10166878	9434410	1120983820705985
1186742	1158688	28054	2526	6613898	6614738	1120983828790663
1186426	1157260	29166	4175	9811838	9910350	1120983840072241
1191934	1162774	29160	1343	4182938	4252884	1120983845731695
1269306	1156224	113082	2034	5630610	5719216	1120983852915025
624530	582358	42172	894	3357258	2787226	1120983857180171
1385304	1208510	176794	3835	9334960	9430504	1120983868188865
1189168	1159594	29574	1528	4623738	4620602	1120983874284753
1188774	1158710	30064	3525	8374652	8612362	1120983884132203
1170880	1142274	28606	2292	5931210	6128634	1120983891518275
1208306	1177756	30550	421	2405162	2431570	1120983895415621
1078296	1049698	28598	1282	3810312	4018108	1120983900587629
1251792	1221984	29808	1609	4774110	4843574	1120983906897033
1192216	1155626	36590	4497	10476364	10560634	1120983918849455
1185130	1155982	29148	1542	4641232	4643846	1120983924960257
473554	446128	27426	1225	3830708	3298268	1120983929552623
688816	660764	28052	3580	8468814	8222120	1120983938993895
879482	851376	28106	371	2059472	1995780	1120983942220491
1185468	1156956	28512	2230	6018744	6021082	1120983949708397
1313790	1286390	27400	2381	6335906	6456940	1120983957642705
1190252	1162192	28060	2057	5680464	5685812	1120983964797123
1027144	998224	28920	3524	8497656	8451376	1120983974605905
519528	489266	30262	2149	5618532	5192598	1120983981044237
0	0	0	0	0	0	0
1191174	1160240	30934	3449	8462372	8463270	1120984004043735
241906	211706	30200	4539	10575180	9694710	1120984015144375
1073126	1043986	29140	192	1975996	1833430	1120984018481555
1317400	1156088	161312	2481	6538300	6652084	1120984026621809
198510	167470	31040	4389	10342710	9351204	1120984037446835
718552	690416	28136	2949	7457694	6998164	1120984045906743
1190010	1160514	29496	3720	8995160	9005374	1120984056376185
1184836	1156116	28720	4840	11242172	11239046	1120984069086917
334142	306286	27856	701	2964498	2111452	1120984072674131
1187906	1158588	29318	4793	10883748	11148122	1120984085029817
304932	276282	28650	2731	7021642	6143394	1120984092644843
965436	937314	28122	3654	8672850	8649676	1120984102567235
1021106	991632	29474	3423	8414568	8242678	1120984112286797
1184546	1156066	28480	3618	8792808	8796986	1120984122548131
271632	241426	30206	937	3307158	2520726	1120984126411247
861936	833116	28820	2350	6008590	5937546	1120984133565481
1185240	1156692	28548	523	2619738	2625932	1120984137654801
1186592	1159470	27122	45	1624570	1672874	1120984140750091
1195832	1167998	27834	445	2252096	2459792	1120984144481313
1185908	1157924	27984	445	2276472	2450208	1120984148227323
1182048	1154194	27854	4271	9918612	10100550	1120984159611409
4523986	4518842	5144	4308	10003288	13537302	1120984174423277
1187874	1155432	32442	4659	10855394	10882284	1120984186751069
987248	960092	27156	598	2765826	2558374	1120984190788383
1226490	1185122	41368	2719	6994650	7038600	1120984199293561
1001862	966852	35010	2527	6621826	6431556	1120984207200917
1191192	1162344	28848	2390	6334730	6345444	1120984215018123
1185716	1158342	27374	1682	4865218	4923666	1120984221362597
1040968	1010558	30410	1631	4839390	4677898	1120984227527809
711514	683516	27998	128	1838064	1362506	1120984230362355
1185876	1157910	27966	4569	10438602	10698490	1120984242270561
1186328	1157504	28824	126	1576506	1813674	1120984245316963
1189638	1160228	29410	87	1582424	1737282	1120984248372363
1199616	1162366	37250	3824	9098296	9222610	1120984258954241
1165792	1137322	28470	3739	9035844	9019304	1120984269444283
866864	837934	28930	3153	7868176	7552924	1120984278463295
1142758	1112524	30234	318	1925384	2152582	1120984281815223
1185372	1156004	29368	2058	5671340	5676242	1120984288955793
1186912	1158892	28020	3238	8134728	8038050	1120984298567207
756570	728204	28366	312	2165598	1755130	1120984301772855
1016568	953834	62734	3157	7915120	7704880	1120984310988749
541692	512812	28880	3223	7781098	7362836	1120984319599801
945352	909550	35802	243	2042476	1811222	1120984322871421
406392	328696	77696	467	2492808	1715532	1120984326054441
1183090	1154384	28706	4652	10629514	10862474	1120984338151095
1189342	1160866	28476	4695	10965066	10954396	1120984350589197
1037596	1009026	28570	762	3071870	2935992	1120984354983487
1383300	1300470	82830	963	3485656	3683720	1120984360141171
1059270	1030250	29020	400	2364778	2234846	1120984363849065
1107468	1078822	28646	3189	7844420	7880138	1120984373085183
1188294	1157782	30512	4682	10932766	10927780	1120984385493883
330698	302192	28506	1819	5166456	4358872	1120984391274317
1185832	1156752	29080	895	3434900	3350276	1120984396179361
1071828	903514	168314	320	2113026	2086734	1120984399647323
1188668	1160614	28054	3966	9237376	9501348	1120984410358109
753772	725662	28110	714	3064048	2557694	1120984414459223
1189722	1161756	27966	2764	7086554	7093062	1120984423019117
265772	234562	31210	1471	4332282	3583374	1120984427921043
1210016	1179922	30094	1798	5152840	5179280	1120984434567233
384194	355594	28600	3201	7830496	7162788	1120984443065403
1186058	1156376	29682	1900	5355834	5360782	1120984449895223
592166	564016	28150	4672	10905258	10310554	1120984461677145
950744	923754	26990	153	1877834	1645304	1120984464789735
1226026	1197476	28550	3198	7949200	7995420	1120984474248961
1202910	1172612	30298	588	2790646	2753692	1120984478525821
1188788	1158380	30408	2721	7141466	7004818	1120984487139669
1015138	980932	34206	1103	3788848	3595946	1120984492231997
1189022	1157668	31354	2384	6324760	6331662	1120984500029763
1187990	1158940	29050	2908	7382754	7380160	1120984508884681
885034	847946	37088	372	2040416	2003074	1120984512093675
1090526	1061386	29140	3139	7580794	7742726	1120984521049127
1181096	1152290	28806	1263	4080786	4082290	1120984526599625
1195276	1158572	36704	2561	6729128	6691128	1120984534807757
1299426	1161936	137490	1519	4610328	4713946	1120984541001801
1183726	1155022	28704	1868	5301728	5295020	1120984547782101
0	0	0	0	0	0	0
793456	764758	28698	4907	11465306	10981576	1120984569079677
1187100	1159336	27764	4167	9633820	9895542	1120984580189237
955780	786264	169516	951	3464176	3233026	1120984584893865
958398	923598	34800	1851	11304848	5036066	1120984597440377
715948	680628	35320	1590	4743528	4275482	1120984603183909
1324946	1158416	166530	589	2747460	2877466	1120984607544875
641658	614110	27548	195	1963688	1415244	1120984610433589
1189010	1161056	27954	2721	7006292	7006584	1120984618912855
1195972	1155038	40934	2067	5719206	5704204	1120984626111753
1190110	1150990	39120	2388	6112440	6339220	1120984633697865
1321708	1172228	149480	4887	11340034	11476772	1120984646643397
1185066	1155536	29530	4998	11560622	11555186	1120984659672601
1186364	1156454	29910	1048	3553228	3662404	1120984664695875
1206310	1165150	41160	388	2335130	2357244	1120984668521735
1186782	1157748	29034	4060	9769824	9681152	1120984679762203
689842	656562	33280	918	3163282	2906862	1120984683899207
1192918	1164508	28410	3950	9216274	9476452	1120984694592153
1191680	1162370	29310	3299	8151278	8163710	1120984704218895
1190060	1161804	28256	2518	6471974	6599694	1120984712165135
1285374	1157214	128160	1972	5503988	5604334	1120984719238443
1188320	1160928	27392	2965	7496720	7493200	1120984728207269
1272668	1164552	108116	4362	10078038	10371596	1120984739841557
603110	573332	29778	4345	10183160	9669170	1120984750911881
322424	294574	27850	252	2064850	1206300	1120984753581915
1183866	1155880	27986	2260	6077360	6083226	1120984761174601
1319096	1290972	28124	3056	7580690	7805112	1120984770363721
1188398	1160302	28096	1249	3962540	4061372	1120984775799047
1267338	1238934	28404	3482	8218178	8617492	1120984785567873
675826	647616	28210	578	2441356	2204860	1120984788968375
1183444	1155234	28210	3726	8901612	9010750	1120984799343889
1185720	1157346	28374	432	2435058	2423644	1120984803248105
1285618	1155004	130614	1476	4462676	4612360	1120984809279949
1191174	1161746	29428	1578	4482844	4720624	1120984815237495
667956	607062	60894	2249	6015244	5540086	1120984822204201
1184984	1154598	30386	4532	10627038	10625106	1120984834299183
1189650	1160226	29424	38	1599430	1640030	1120984837371781
1188612	1160774	27838	701	2966370	2965978	1120984841810713
1004330	976322	28008	2883	7311428	7146530	1120984850410421
1184044	1155278	28766	3978	9255556	9515180	1120984861133989
778812	750842	27970	3495	8467486	8143388	1120984870668727
1187354	1158670	28684	3730	9013890	9022036	1120984881153185
1187746	1158946	28800	4538	10338152	10638886	1120984892971475
1182242	1153926	28316	1181	3859436	3918650	1120984898301901
1208752	1165662	43090	2714	6988078	7010516	1120984906782361
341526	312836	28690	1225	4009290	3165676	1120984911417161
1187984	1157940	30044	2628	6838570	6840854	1120984919727495
1184418	1156228	28190	4001	9594306	9568866	1120984930789807
1215568	1181672	33896	1268	3819466	4125374	1120984936108983
991374	964198	27176	1116	3790998	3598324	1120984941174749
1191114	1163158	27956	4282	10124078	10131228	1120984952778363
1068968	1040018	28950	493	2560702	2429658	1120984956692239
479424	449158	30266	556	2403002	1964774	1120984959858643
733942	706030	27912	4864	11282656	10836112	1120984972159081
315242	271312	43930	3641	8684176	7970932	1120984981442283
1320442	1164492	155950	3694	8953620	9089392	1120984991999397
884110	854992	29118	3797	9149562	8853938	1120985002317007
433180	403204	29976	360	2286258	1529134	1120985005320015
1225350	1197496	27854	3414	8405194	8428500	1120985015234181
387510	234136	153374	2952	7466508	6666424	1120985023372225
432612	404718	27894	4922	11150518	10649944	1120985035239273
1184592	1157074	27518	998	3332306	3554468	1120985040039193
1261914	1234086	27828	2081	5738016	5797000	1120985047322505
1190562	1159816	30746	121	1631790	1808596	1120985050429081
958742	928364	30378	741	3051876	2815632	1120985054723233
1187068	1158332	28736	2532	6631340	6625440	1120985062825521
1208886	1161032	47854	1722	4990612	5028060	1120985069309261
1185554	1157934	27620	58	1363184	1675714	1120985072141913
555690	526710	28980	1754	5003968	4439106	1120985077986001
1192660	1161406	31254	2074	5704338	5716474	1120985085166875
411564	383714	27850	2597	6476830	5981266	1120985092343775
1264684	1158024	106660	2080	5718688	5800644	1120985099610815
1190550	1160190	30360	1836	5233140	5243282	1120985106318651
1187356	1159492	27864	130	1831948	1822006	1120985109621421
718114	690790	27324	2069	5464392	5236566	1120985116088175
1232190	1159132	73058	2678	6913460	6963734	1120985124518153
748142	719216	28926	4911	11228342	10945720	1120985136778021
1190742	1160436	30306	1080	3721840	3724484	1120985141974535
283346	253884	29462	967	3502852	2592310	1120985146045115
1186212	1158062	28150	2463	6482118	6486398	1120985153998007
1188186	1158650	29536	1022	3548926	3607530	1120985159019855
1027426	999580	27846	3603	8763356	8607220	1120985169099095
1186624	1158768	27856	1355	4300954	4273284	1120985174972233
674140	646150	27990	3710	8698398	8468152	1120985184633601
1185710	1157566	28144	4999	11555790	11558510	1120985197659075
1188598	1157744	30854	3502	8568436	8576494	1120985207699943
1190086	1161526	28560	163	1780480	1895698	1120985210955407
1191104	1161434	29670	2809	6998510	7184764	1120985219434385
509940	481826	28114	1627	4802134	4143886	1120985225031121
878550	849230	29320	2610	6779014	6473062	1120985232979641
1194986	1164160	30826	3908	9373194	9384862	1120985243836081
512652	484650	28002	288	2150476	1462992	1120985246783641
1200080	1169864	30216	3458	8281222	8490160	1120985256548985
668654	640384	28270	299	2151980	1641494	1120985259653569
642866	614920	27946	986	3537002	2995364	1120985264117795
819988	792718	27270	2761	7083298	6717514	1120985272304823
502454	471760	30694	3415	8386142	7707540	1120985281477189
355098	251458	103640	1169	3635390	3067084	1120985285751829
404750	376824	27926	2529	6619708	5843214	1120985293059425
956382	927064	29318	2766	7130640	6864058	1120985301451023
674732	645124	29608	3818	9205156	8690922	1120985311615263
1189616	1160148	29468	1750	5080112	5075142	1120985318168117
1106766	1077436	29330	2372	6095288	6225570	1120985325653175
1278960	1156024	122936	1229	3771662	4116436	1120985330987345
1186654	1157930	28724	4289	10138728	10139674	1120985342600949
1187740	1158388	29352	3973	9641692	9507664	1120985353713949
1236000	1158466	77534	3125	7776114	7867680	1120985363010161
1187950	1158630	29320	1993	5493528	5549058	1120985369980009
1183102	1155138	27964	1045	3509298	3647400	1120985374955161
884832	856812	28020	4853	11202214	10965516	1120985387330763
237148	182238	54910	533	2637240	1678888	1120985390489057
1436908	1297968	138940	615	2792432	3041298	1120985395002783
382082	352536	29546	392	4366226	1539816	1120985400039897
1194488	1166282	28206	1915	5394934	5399708	1120985406912303
1186148	1157324	28824	3939	9488284	9438148	1120985417869863
566166	538250	27916	2399	6183740	5744570	1120985424903841
548756	520812	27944	503	2317960	1929462	1120985428054397
510760	483058	27702	766	2835324	2416398	1120985431684399
497444	468160	29284	256	2089776	1392908	1120985434555009
377310	332340	44970	2662	6808904	6075250	1120985442024855
1034974	1001242	33732	4682	10922796	10773668	1120985454266473
429718	400138	29580	2947	7455218	6698542	1120985462435053
1224600	1157730	66870	3937	9546282	9471992	1120985473489891
1184434	1155838	28596	1218	4047320	4000648	1120985479005689
252602	185150	67452	367	2291910	1361376	1120985481837821
1211860	1155710	56150	4643	10842028	10872132	1120985494175001
299014	268546	30468	3985	9536990	8644824	1120985504294095
1126136	1094422	31714	1715	4735716	4931832	1120985510439121
1182498	1154490	28008	948	3458470	3453778	1120985515363509
1342008	1196212	145796	1741	5052356	5199556	1120985522040927
321570	293580	27990	3084	7490236	6863730	1120985530136389
1193036	1158716	34320	1612	4780678	4790828	1120985536393817
1185986	1158060	27926	82	1696032	1723166	1120985539558801
658970	534104	124866	541	2527742	2120724	1120985543029749
440680	408470	32210	1064	3574628	2943246	1120985547333411
1191798	1160948	30850	1438	4584142	4449062	1120985553392437
1186436	1158416	28020	4076	9562334	9711914	1120985564425035
630144	601424	28720	224	2004020	1453514	1120985567342705
235194	206394	28800	447	2452566	1504754	1120985570313745
1278822	1249952	28870	757	3072330	3167412	1120985574949273
8246332	8241510	4822	4618	10936910	17856770	1120985594420771
1187616	1157942	29674	436	2425900	2432302	1120985598317997
1191302	1159798	31504	3427	8279928	8420714	1120985608073543
0	0	0	0	0	0	0
905370	874440	30930	3861	9222654	9020724	1120985622059505
1138640	976294	162346	2504	6574652	6520088	1120985630056709
421894	393022	28872	748	2799640	2293808	1120985633562003
751562	662858	88704	979	3528142	3090044	1120985638125613
1182062	1153794	28268	2357	6277118	6272408	1120985645868063
1187400	1158690	28710	43	1486540	1653448	1120985648825389
672558	642578	29980	4633	10785022	10312632	1120985660566443
1189526	1159272	30254	2468	6491504	6501540	1120985668531361
669776	639284	30492	1151	3687098	3346870	1120985673171505
1189740	1161054	28686	3447	8450416	8459060	1120985683099385
893914	865920	27994	3099	7592538	7466120	1120985691877535
1189304	1161146	28158	1272	4105842	4107864	1120985697456915
1239738	1159660	80078	4199	9902006	10019804	1120985708881249
1191056	1160272	30784	1753	5070476	5071342	1120985715426477
1237664	1155862	81802	3094	7793416	7805094	1120985724741063
1098978	1070018	28960	2978	7316950	7428240	1120985733440309
312254	282780	29474	4698	10973578	10103130	1120985745009495
1184300	1155312	28988	3538	8413892	8633012	1120985754895421
1200716	1170424	30292	1790	5152036	5155354	1120985761531815
1188730	1161770	26960	184	1939290	1941396	1120985764943835
1181292	1150034	31258	2449	6468982	6453488	1120985772882303
1188172	1160836	27336	4167	9903522	9896526	1120985784257101
629302	601188	28114	2790	6878122	6583022	1120985792048193
888844	861818	27026	8	1578536	1279138	1120985794799223
404750	282530	122220	345	2250088	1469934	1120985797737615
563972	534698	29274	2434	6440816	5815182	1120985805026703
1187136	1158456	28680	1518	4598730	4597250	1120985811103881
1187506	1157226	30280	3876	9176444	9314196	1120985821756161
1189322	1159462	29860	475	2526620	2515292	1120985825755883
498244	470514	27730	628	2797056	2135070	1120985829334815
1327316	1157790	169526	3792	9139848	9284310	1120985840085841
502802	474568	28234	2114	5792702	5105122	1120985846665247
1032594	1003698	28896	2550	6661406	6507604	1120985854642949
1190604	1161374	29230	138	1582392	1842280	1120985857698989
1201434	1172618	28816	4150	9865834	9883380	1120985869049689
1183196	1155222	27974	2659	6880212	6877418	1120985877401397
1209964	1178854	31110	1973	5400930	5530252	1120985884296153
1110716	1081890	28826	3768	9095688	9021256	1120985894786815
742882	713708	29174	4173	9901256	9463572	1120985905714893
1189230	1161254	27976	2066	5694442	5702040	1120985912883175
568704	538804	29900	157	1986796	1258918	1120985915722603
1117276	1088276	29000	3739	9040844	8974934	1120985926165145
970650	942710	27940	2993	7548008	7332896	1120985934968395
1187168	1160274	26894	728	3013188	3017456	1120985939456923
847140	819472	27668	183	1945034	1608246	1120985942532821
579210	551084	28126	4562	10684782	10076624	1120985954080785
1187720	1155336	32384	1618	4793150	4798914	1120985960345305
1279184	1167818	111366	970	3510114	3594094	1120985965418669
804854	775632	29222	4618	10801412	10421608	1120985977308273
474322	446366	27956	358	2276398	1564276	1120985980343687
1185688	1156152	29536	1157	3942518	3873918	1120985985755057
1033562	1005514	28048	3241	7779684	7898118	1120985994852843
1187528	1157592	29936	4692	10939766	10947008	1120986007264683
625150	597286	27864	411	2392170	1820834	1120986010566375
725606	697760	27846	546	2427722	2192760	1120986014002801
1186658	1157954	28704	3644	8844584	8847244	1120986024317763
1309136	1156140	152996	4623	10809196	10929782	1120986036720141
1085090	1057650	27440	2433	6432202	6326754	1120986044522025
900138	872976	27162	3730	9017834	8735788	1120986054722947
1207692	1178278	29414	3606	8766060	8793762	1120986064980407
1183124	1155576	27548	3548	8650262	8652680	1120986075101835
616362	588232	28130	901	3254014	2793318	1120986079263063
440394	412344	28050	193	1944062	1201192	1120986081931023
1113872	1085816	28056	897	3347658	3282716	1120986086676451
251760	209180	42580	687	2782150	2000516	1120986089994321
1188350	1158750	29600	4937	11431132	11436370	1120986102896795
876254	847438	28816	895	3186078	3040524	1120986107242709
1187174	1158904	28270	4204	9969586	9969898	1120986118683513
1186212	1157242	28970	1193	3722476	3947528	1120986123876553
478012	450632	27380	1157	3910008	3166312	1120986128548321
865282	836808	28474	1775	4855072	4788572	1120986134551473
1184894	1156912	27982	3359	8021790	8277568	1120986144041073
914408	885958	28450	2438	6429102	6163694	1120986151668543
8824306	8819694	4612	912	3501768	11022804	1120986164278335
663392	635106	28286	3817	9189504	8671300	1120986174415291
863772	834458	29314	1772	4867770	4782722	1120986180431597
644180	614550	29630	834	3224934	2687158	1120986184584049
980948	952468	28480	2446	6462078	6247648	1120986192310723
935768	907868	27900	3018	7587730	7345112	1120986201117513
1311932	1283356	28576	1080	3716188	3845946	1120986206433557
1191046	1155680	35366	326	1919526	2218266	1120986209828735
1184698	1157398	27300	2323	6000972	6210956	1120986217298327
773332	743952	29380	168	1893138	1482982	1120986220248943
1185678	1157770	27908	2089	5731816	5739978	1120986227451149
1187464	1158174	29290	2884	7370230	7352884	1120986236292935
467892	435944	31948	2153	5624926	5148334	1120986242669313
1262140	1232980	29160	2873	7301486	7382502	1120986251517521
893970	865110	28860	4577	10534406	10421806	1120986263229171
1203236	1176002	27234	2046	5654460	5670760	1120986270370411
1084134	1056076	28058	3282	8125026	8023190	1120986279863255
1185952	1156580	29372	2183	5929818	5926702	1120986287263061
211528	178992	32536	1024	3613710	2634776	1120986291372527
635908	607886	28022	3381	8334298	7778952	1120986300626927
248144	219842	28302	2619	6794214	5860844	1120986307952993
1073168	1044118	29050	2207	6112568	5861582	1120986315421983
1324910	1295626	29284	2764	7002954	7226696	1120986324033641
993566	965628	27938	1235	4108078	3837342	1120986329418287
1190818	1160092	30726	4500	10569092	10574444	1120986341461503
192400	164566	27834	2002	5575868	4576800	1120986347512985
1187780	1159600	28180	758	3094034	3098046	1120986352078295
455172	426474	28698	1917	5300186	4664358	1120986358117663
1187066	1158646	28420	4866	11288968	11294112	1120986370877457
872134	844846	27288	1565	4685510	4377510	1120986376718465
597648	569100	28548	2710	6974140	6391808	1120986384573949
981260	952666	28594	3802	9283536	8958626	1120986395121451
834092	805638	28454	3889	9334852	8986532	1120986405578273
476992	449938	27054	1803	5166102	4460798	1120986411505043
991866	964262	27604	3098	7826964	7585782	1120986420607881
483362	447582	35780	377	2310446	1611744	1120986423685383
1187416	1158590	28826	2894	7352744	7354570	1120986432509375
929344	900662	28682	1815	4897384	4933708	1120986438619189
1192206	1162658	29548	697	2981268	2962284	1120986443076109
663486	635016	28470	2187	5799200	5411176	1120986449827275
384298	355744	28554	3418	8390910	7594548	1120986458886003
1184704	1157344	27360	1080	3758386	3718690	1120986464112385
1191820	1158544	33276	4588	10740878	10741544	1120986476329475
819030	790416	28614	1679	4865570	4551998	1120986482298601
1209074	1168748	40326	3070	7575224	7724400	1120986491366629
1187216	1159830	27386	785	2936754	3131786	1120986495774731
1186846	1158926	27920	2971	7496984	7502448	1120986504742247
701336	673250	28086	1889	5162932	4852382	1120986510890661
1225906	1195406	30500	3379	8321150	8359680	1120986520721171
1187330	1158776	28554	1766	5090122	5093610	1120986527282521
1183846	1155762	28084	3274	8107266	8106182	1120986536857001
1189012	1160436	28576	1153	3865880	3869362	1120986542196167
1039776	1011868	27908	1844	5024800	5103268	1120986548544817
1249492	1220616	28876	4103	9762472	9829876	1120986559840501
1193296	1164896	28400	2491	6534522	6548852	1120986567852167
630756	602080	28676	2528	6454430	6067396	1120986575221561
803576	773416	30160	2361	6291884	5899830	1120986582600395
1319328	1290548	28780	3613	8908400	8920628	1120986593112029
1081140	972838	108302	4592	10591904	10640658	1120986605073709
842012	813368	28644	3249	7910458	7714796	1120986614116597
759950	729410	30540	4848	11036716	10830426	1120986626196375
734744	706166	28578	965	3402736	3038186	1120986630617135
1160898	1121760	39138	2984	7530862	7502540	1120986639591209
1296160	1162870	133290	3223	8031420	8140842	1120986649202461
1189090	1159614	29476	2530	6515328	6623954	1120986657195315
1191208	1163430	27778	2681	6922226	6927684	1120986665611369
1188336	1160420	27916	1560	4723090	4688232	1120986671806441
1240970	1166266	74704	3364	8398270	8343232	1120986681728961
1222320	1157648	64672	3365	8289276	8332192	1120986691524229
1429978	1402090	27888	3213	7997670	8235616	1120986701235829
939638	906268	33370	1309	4031776	3932584	1120986706491523
342748	313802	28946	3605	8766366	7928118	1120986715884503
280042	251888	28154	360	2409220	1374604	1120986718857783
306842	279598	27244	4757	11168330	10194734	1120986730616503
1193426	1163682	29744	142	1631706	1852822	1120986733725081
1037458	1008758	28700	2001	5565004	5419802	1120986740611007
830208	715208	115000	3810	9174752	8823448	1120986750899763
1289330	1166378	122952	1020	3612286	3704650	1120986756084819
625660	596890	28770	3852	9060470	8706022	1120986766055091
1048802	1019072	29730	56	1682218	1535322	1120986769070223
426564	397004	29560	4159	9964530	9118944	1120986779749895
1183590	1155578	28012	3229	8025838	8017224	1120986789242749
859200	831004	28196	375	2150268	1984264	1120986792536349
1184178	1155286	28892	1427	4412516	4413956	1120986798417287
1200922	1169772	31150	3318	8278056	8212882	1120986808180007
860460	831204	29256	88	1737030	1411600	1120986811061555
1187442	1158720	28722	3309	8175498	8179720	1120986820716461
1216054	1159102	56952	4516	10483106	10623832	1120986832698903
1195284	1158500	36784	4325	10213534	10221456	1120986844392105
1185420	1155856	29564	1821	5034200	5202230	1120986850896181
1185838	1156652	29186	52	1594230	1664846	1120986853960517
1134680	1106312	28368	4542	10374272	10606106	1120986865753261
234504	202012	32492	291	2137354	1191302	1120986868409083
362662	332226	30436	3259	8079328	7254040	1120986877135241
1273498	1244728	28770	4029	9612776	9705704	1120986888313969
1190574	1162224	28350	4554	10623514	10673040	1120986900412935
537772	508884	28888	2045	5516162	5003044	1120986906750103
1190518	1161900	28618	2378	6312800	6322070	1120986914536809
803400	773756	29644	3803	9159746	8784584	1120986924783555
770996	743682	27314	2660	6875088	6466492	1120986932713167
1183280	1154950	28330	4020	9598418	9597270	1120986943779331
1198940	1155570	43370	3310	7928588	8198410	1120986953190931
758638	730090	28548	3669	8758198	8471384	1120986962996549
497284	468598	28686	3489	8538668	7851044	1120986972337073
1189718	1160324	29394	640	2851810	2843570	1120986976663509
1184710	1156300	28410	1712	4932750	4983730	1120986983064481
1113032	1084812	28220	2758	6961880	7005112	1120986991428673
363302	332448	30854	1168	3916998	3085848	1120986995992943
1199156	1170382	28774	780	3118874	3133552	1120987000594721
1192508	1164648	27860	278	2038666	2122148	1120987004110029
1198950	1169064	29886	4858	11001542	11289736	1120987016594435
1041140	1012272	28868	2826	7213604	7068332	1120987025132521
1187738	1158294	29444	2268	6101464	6100080	1120987032709065
469494	442260	27234	3785	8966688	8413740	1120987042428705
817020	681644	135376	4697	10948114	10585742	1120987054478229
277912	248632	29280	2197	5726802	5046082	1120987060767011
1187840	1159000	28840	4071	9703200	9705840	1120987071942921
1087706	1058910	28796	3753	8861684	8974090	1120987082176651
1186426	1157836	28590	1188	4171386	3937586	1120987087819361
933378	903884	29494	1912	5150354	5136432	1120987094186273
1116882	1087786	29096	698	2696306	2886686	1120987098283691
1200594	1171804	28790	2219	5993280	6013674	1120987105761389
1189206	1161494	27712	4056	9667514	9675694	1120987116901915
1186386	1155950	30436	2425	6271160	6412004	1120987124643075
1182758	1154144	28614	2190	6004502	5937640	1120987132113395
1191342	1160542	30800	308	1903284	2183182	1120987135491903
454540	425084	29456	2187	5998640	5209990	1120987142229075
1186208	1158494	27714	1406	4375326	4373988	1120987148074669
1203372	1160716	42656	1209	3879794	3996490	1120987153441741
1196390	1157360	39030	2610	6794916	6797564	1120987161716715
624106	596012	28094	201	1985918	1406780	1120987164610421
1196242	1166308	29934	1784	5127698	5138852	1120987171218483
252224	206678	45546	2659	6875342	5946168	1120987178630429
423814	394842	28972	2130	5819426	5059252	1120987185157953
1186300	1158388	27912	1284	4127452	4128784	1120987190760409
1187908	1158350	29558	2430	6399518	6423062	1120987198631989
1025666	997676	27990	4695	10831884	10792138	1120987210773667
936850	903204	33646	4905	11328060	11122496	1120987223322761
778242	749606	28636	2076	5489324	5305296	1120987229874061
415658	386236	29422	2692	6939484	6173758	1120987237513397
838330	810318	28012	3880	9338794	8993768	1120987247973989
1208342	1177560	30782	3979	9640270	9644680	1120987259106001
697140	668676	28464	4091	9735718	9255124	1120987269826665
1194546	1164468	30078	551	2748950	2670818	1120987274054057
1199366	1170586	28780	1069	3707926	3712720	1120987279244775
1189914	1161034	28880	3150	7830900	7864634	1120987288549289
687202	659338	27864	3413	8113026	7887264	1120987297632497
652738	624216	28522	1759	5226658	4545412	1120987303795997
948890	918676	30214	1770	5165556	4862320	1120987310194141
532882	502840	30042	4588	10754810	10083340	1120987321766041
551432	523508	27924	1953	5221468	4840288	1120987327822443
1184872	1157136	27736	4215	9994990	9989556	1120987339285877
1194448	1163246	31202	4713	10992920	10994996	1120987351757317
1183734	1155358	28376	2835	7231594	7227368	1120987360456543
798448	770182	28266	308	1910220	1789616	1120987363449257
1186798	1157142	29656	4377	10311672	10320456	1120987375231557
1189362	1156024	33338	2844	7259190	7252184	1120987383964035
1187416	1157940	29476	137	1839418	1835110	1120987387274011
0	0	0	0	0	0	0
1000120	970986	29134	4240	10062666	9859500	1120987404998641
362490	334516	27974	4037	15572508	8811520	1120987421224895
962656	934888	27768	3400	8103660	8136906	1120987430574997
1183322	1153992	29330	120	1797150	1797774	1120987433839593
1350606	1322480	28126	2891	7340554	7506774	1120987442814855
583232	556248	26984	3402	8364974	7762818	1120987452047403
1186754	1158254	28500	4914	11140386	11389634	1120987464658755
1146522	1115472	31050	4014	9395150	9547784	1120987475484513
