# Loop @ Start frequency 1200000Hz took 1777.44 cycles
# Interval [1773 ; 1782]
# Q1 : 1766 ; Q3 : 1770
# Loop @ Target frequency 3500000Hz took 708.79 cycles
# Interval [707 ; 710]
# Q1 : 706 ; Q3 : 708
# Confidence intervals do not overlap, alternatives are statistically different with selected confidence level
Change time (with write) [cycles]	Change time [cycles]	Write cost [cycles]	Wait time [us]	Time since last frequency change request [cycles]	Time since last frequency change [cycles]	Detected frequency change timestamp [cycles]
1626230	1575280	50950	3567	417586954	418357194	1121152495032129
1668232	1639156	29076	4812	11185164	11668676	1121152508095957
1805232	1674262	130970	907	3002842	3994066	1121152513094993
1231574	1201700	29874	3036	7622376	7679054	1121152522139229
1487238	1454150	33088	4996	11550116	11855064	1121152535366839
1571568	1493560	78008	2463	6060332	6871348	1121152543189029
1558962	1531662	27300	4156	9841648	10245138	1121152554780437
531840	499768	32072	3982	9435934	8870368	1121152564939099
1633684	1605292	28392	4075	9702152	10158458	1121152576464893
599562	572056	27506	3998	9564044	8982992	1121152586818767
1677144	1643042	34102	3427	8431772	8906222	1121152597118223
1363004	1334664	28340	2191	5504674	6118856	1121152604176075
1475650	1446854	28796	4544	10647030	10938486	1121152616488615
1212388	1182424	29964	3891	9348230	9378968	1121152627239233
1464228	1435828	28400	4101	9237016	10040290	1121152638131019
1221426	1193578	27848	3295	7957106	8186722	1121152647500227
1410842	1378472	32370	2535	6634126	6855872	1121152655735513
1187252	1157660	29592	27	1215050	1616286	1121152658327901
1677846	1647452	30394	2511	6582580	7079412	1121152666778361
1602288	1573734	28554	4626	10209298	11228842	1121152678780717
1545472	1491840	53632	4697	10945120	11315380	1121152691461821
1207824	1178850	28974	4859	11274130	11300304	1121152704134035
449942	420512	29430	1572	4696220	3968602	1121152709470147
866814	839484	27330	447	2151660	2134770	1121152712678979
685534	657588	27946	3556	8684722	8172878	1121152722261669
1781398	1712680	68718	4871	11307922	11904220	1121152735541389
1464334	1373884	90450	3275	8178060	8389464	1121152745374269
1269468	1240662	28806	1540	4639680	4724448	1121152751473343
1513308	1485452	27856	3078	7704224	8043862	1121152760881133
1545796	1506664	39132	1572	4850590	5063890	1121152767467545
707924	675444	32480	1286	4119934	3653388	1121152772485643
1485052	1455594	29458	4158	9841616	10180678	1121152784002733
1189342	1161448	27894	156	1675060	1876400	1121152787056987
1378914	1350708	28206	590	2765830	2934448	1121152791392493
1243864	1214978	28886	1788	5128790	5194852	1121152797955359
1176956	1146958	29998	4822	10920434	11195826	1121152810242467
1186248	1158370	27878	271	1822910	2101394	1121152813441689
1052298	1023428	28870	2722	6901874	6871862	1121152821585653
878036	798886	79150	3041	7629620	7333310	1121152830283341
1669118	1639882	29236	1519	4705054	5187628	1121152836848337
1240964	1211614	29350	1506	4348552	4627050	1121152842628179
648028	618348	29680	4306	10173122	9633892	1121152853639107
739840	656684	83156	3273	8103630	7662170	1121152862672859
619656	589858	29798	1904	5361572	4801584	1121152868844653
1428616	1399990	28626	2294	6151868	6392234	1121152876615585
1159932	1127152	32780	1597	4343270	4735218	1121152882308863
1420832	1392658	28174	2113	5785642	6027382	1121152889705633
1721332	1692910	28422	412	2203058	2922266	1121152893820191
1186064	1156978	29086	138	1231278	1836984	1121152896430883
1762368	1730548	31820	3347	8260184	8836158	1121152906643089
1185586	1157558	28028	16	1165506	1598412	1121152909184257
1457532	1427260	30272	1746	4912344	5324960	1121152915744161
758972	731582	27390	4935	11014122	11002314	1121152927707473
1522826	1492496	30330	3464	7804820	8827396	1121152937225301
1573512	1541648	31864	3745	9047000	9437652	1121152948035877
953390	925616	27774	2732	7000262	6792232	1121152956179741
1361602	1332902	28700	1498	4620226	4737584	1121152962351863
1422092	1392602	29490	4146	9858140	10095338	1121152973822333
1528388	1386124	142264	1096	3751784	4095634	1121152979296509
1473548	1444654	28894	1260	4079636	4369178	1121152985039633
1568336	1538268	30068	4117	9790310	10177406	1121152996588327
1663702	1635870	27832	2011	5573534	6060910	1121153004015581
1187110	1157092	30018	172	1566000	1907700	1121153006959031
1648772	1603648	45124	2268	5896592	6560178	1121153014694693
1136080	1107798	28282	4094	9862816	9698394	1121153025883869
1601814	1472180	129634	745	3132668	3464810	1121153030811595
1120322	1092376	27946	2672	6904198	6836892	1121153039026057
934668	906768	27900	3355	8265936	8020216	1121153048416297
1478408	1450542	27866	1239	4033030	4336674	1121153054117977
1509452	1375106	134346	4099	9787320	10082186	1121153065604947
1664782	1636848	27934	3278	8182568	8595442	1121153075642213
1405544	1376978	28566	2673	6723176	7128318	1121153083960913
1562298	1534268	28030	2143	5672388	6223588	1121153091385599
1412160	1385064	27096	1737	4575696	5261210	1121153097563485
1168380	1138004	30376	1406	3979544	4354528	1121153102901649
1534362	1496228	38134	797	3153880	3503412	1121153107779593
670886	642266	28620	643	2818096	2331178	1121153111462027
1660574	1631924	28650	3558	8389450	9152444	1121153121701633
859486	830902	28584	4047	9283546	9329240	1121153132034441
1653310	1621076	32234	882	3173982	3791986	1121153137052261
1538218	1509822	28396	2473	6504692	6858852	1121153145285053
1461272	1432826	28446	1585	4163406	5006016	1121153151100087
1622010	1592950	29060	2540	6468408	7076440	1121153159380779
808808	780360	28448	4264	9673740	9712790	1121153170053549
1472568	1442282	30286	2738	7029134	7323158	1121153178745193
1065356	1036616	28740	2733	6967228	6906038	1121153186967925
1636854	1608650	28204	4271	10206504	10553818	1121153199001299
778608	750876	27732	2902	6850696	6964156	1121153206821037
1295962	1268202	27760	3628	8811640	8927026	1121153217118327
868836	841836	27000	3111	7777464	7466028	1121153225955157
1184242	1156396	27846	266	1554834	2091572	1121153228884537
1196172	1028332	167840	4833	11307264	11236232	1121153241578333
1186304	1159224	27080	157	1209124	1874994	1121153244164393
1454172	1425666	28506	226	1903512	2281484	1121153247712285
534348	482228	52120	1531	4557452	3971650	1121153252994469
1295662	1265692	29970	3004	7607340	7678774	1121153262087687
1552156	1519494	32662	3731	9014546	9388980	1121153272844125
1661592	1632982	28610	4131	9393468	10310662	1121153284089441
1604132	1508008	96124	3481	8057918	8941482	1121153293941857
888728	860178	28550	587	2645620	2436236	1121153297666393
1551936	1523382	28554	4252	9865126	10431906	1121153309273561
1098630	1070900	27730	3693	9070520	8860186	1121153319632211
1688222	1658952	29270	3638	8826910	9338286	1121153330337701
464980	435952	29028	2737	6393298	6312890	1121153337386381
1452240	1425074	27166	1854	4878880	5534874	1121153343907569
1189234	1160752	28482	262	1546152	2088132	1121153346836543
1401628	1293408	108220	2312	6192590	6398184	1121153354620869
1401262	1371462	29800	533	2616056	2841338	1121153358828543
1350248	1320708	29540	3593	8752574	8910788	1121153369121413
1066670	1038150	28520	99	1753288	1638476	1121153372131765
1503074	1473542	29532	4288	10137152	10452438	1121153383962113
1557804	1519698	38106	4109	9772482	10151284	1121153395482819
561846	507518	54328	2408	5918050	5753650	1121153402152807
839898	747368	92530	3027	7608160	7268428	1121153410790717
777078	730248	46830	4985	10933418	11126924	1121153422691853
1490564	1461784	28780	678	2904770	3221444	1121153427277285
1428810	1400012	28798	2117	5793992	6038322	1121153434689487
1505432	1474452	30980	2293	6151318	6465538	1121153442536003
1589596	1482116	107480	1789	5230952	5542966	1121153449546117
1078336	1050576	27760	914	2842176	3280016	1121153453656877
1409922	1381386	28536	4153	9495660	10089166	1121153464752377
1471358	1441914	29444	1515	4589698	4876960	1121153471003799
1532000	1504030	27970	1040	3630522	3987400	1121153476356355
1569410	1541496	27914	4496	10553926	10943656	1121153488669697
1410346	1381844	28502	3415	7916698	8620400	1121153498186525
1477966	1446828	31138	4104	9761624	10060642	1121153509616047
1555936	1527312	28624	3390	8437320	8711880	1121153519799921
1728468	1698946	29522	3186	7843784	8474332	1121153529566377
1616642	1569442	47200	4864	10833582	11719362	1121153542206513
1693862	1665222	28640	3823	9209164	9720662	1121153553299647
494194	465708	28486	4098	9216590	9063658	1121153563199843
795392	767646	27746	155	1861554	1479876	1121153566047077
1633456	1602506	30950	3875	9306168	9758256	1121153577177025
1403688	1375214	28474	4861	11114898	11500552	1121153589885163
1719070	1691526	27544	2928	7474960	7949960	1121153599272505
1188438	1160010	28428	110	1522970	1783794	1121153602173789
1246522	1218600	27922	1900	5499618	5430246	1121153609109841
5535556	5529396	6160	4545	10733552	15000808	1121153625568837
1457320	1417124	40196	3369	8300408	8570496	1121153635516465
1085578	1056858	28720	2297	6152460	6055158	1121153642944669
1417286	1388046	29240	4406	10372674	10604670	1121153654924261
1677156	1649414	27742	787	3128742	3627694	1121153659920055
1485598	1455762	29836	3521	8597660	8903018	1121153670196507
1250836	1221152	29684	2005	5126026	5634946	1121153676763627
1737286	1708800	28486	1318	4188538	4748420	1121153682880025
1041236	979812	61424	4294	9374610	10004626	1121153693485957
1552528	1523692	28836	824	3204560	3576328	1121153698433183
1536274	1374368	161906	1278	4069394	4474524	1121153704228929
1615578	1584658	30920	2680	6923446	7355588	1121153712958117
503560	476126	27434	1094	3766408	3066676	1121153717418025
1233978	1205172	28806	3047	7584542	7702222	1121153726426407
668518	641196	27322	162	1901374	1374146	1121153729186957
1597944	1570184	27760	1420	4401100	4813334	1121153735376265
1603288	1574664	28624	1616	4739976	5208624	1121153741909603
1196872	1168162	28710	4621	10811830	10813672	1121153754111113
1006530	978776	27754	1886	5324740	5152450	1121153760632731
1378668	1347834	30834	4189	9935098	10131728	1121153772136733
1247286	1215126	32160	4642	10835154	10904480	1121153784409251
1716986	1687442	29544	2200	5956054	6496928	1121153792272853
1129486	1101370	28116	4100	9758326	9708200	1121153803351281
784398	753634	30764	3859	9276342	8877568	1121153813602163
1525200	1481182	44018	1704	4959384	5307404	1121153820276909
966402	937274	29128	4153	9870892	9653564	1121153831304025
1533680	1505700	27980	3768	8525488	9444740	1121153841553225
1565456	1384366	181090	2718	6776446	7375536	1121153850084991
1773528	1743040	30488	3756	9066660	9660874	1121153861114949
1645398	1615032	30366	1692	4302198	5408140	1121153867252767
1411448	1383344	28104	4481	10300378	10747172	1121153879154773
1653406	1595962	57444	1863	5216720	5755596	1121153886214597
971258	942906	28352	2575	6724300	6512538	1121153894100367
1426642	1394456	32186	1574	4696786	4947752	1121153900413737
904674	876612	28062	4855	11229560	10993668	1121153912737683
1096344	1067614	28730	44	1639206	1557318	1121153915663273
638140	608416	29724	4716	10988126	10444420	1121153927479031
1516864	1487956	28908	3488	8529962	8867156	1121153937715585
975632	947618	28014	2537	6731370	6425388	1121153945612393
1436136	1406382	29754	3773	9094522	9355756	1121153956332767
1503222	1383640	119582	320	2151828	2525142	1121153960177961
1129612	1100968	28644	1013	3598514	3536028	1121153965096223
1495342	1464576	30766	613	2784564	3095776	1121153969565937
1479168	1451266	27902	4795	11154454	11441814	1121153982389621
1239728	1211798	27930	1000	3566448	3618514	1121153987386133
1674428	1644134	30294	2181	5914550	6412248	1121153995164829
1410664	1382720	27944	4979	11055566	11742506	1121154007820965
1699236	1670962	28274	1799	4707944	5672026	1121154014421501
740304	710730	29574	1483	3950844	4080464	1121154019302505
1408220	1376180	32040	1306	4167436	4394910	1121154025068309
1044368	1015358	29010	1083	3719694	3584344	1121154030022449
1664228	1635228	29000	2629	6811914	7296168	1121154038688233
1451642	1423672	27970	847	3253506	3520328	1121154043583693
1687246	1657874	29372	3437	8362022	8934966	1121154053823127
1732258	1573488	158770	2324	6230892	6755466	1121154061980107
1433388	1403686	29702	2335	6125788	6478786	1121154069729187
1438580	1408324	30256	4813	11192180	11439658	1121154082550269
1393678	1345014	48664	4546	10719190	10861364	1121154094853273
667266	638428	28838	3083	7716512	7209066	1121154103426837
1513748	1485538	28210	4348	10246688	10584420	1121154115377199
1437262	1409512	27750	1639	4724034	5090406	1121154121728681
1622502	1592438	30064	4708	10976496	11413928	1121154134517803
954864	926330	28534	3991	9547210	9318218	1121154145210059
1479210	1451438	27772	895	3341268	3643968	1121154150220419
1191150	1160220	30930	130	1828640	1832768	1121154153430339
1625912	1596942	28970	3547	10932656	9094668	1121154166200953
1736952	1707090	29862	2350	5805974	6812282	1121154173933981
1744226	1714012	30214	3611	8796902	9339546	1121154184665121
1058204	1029032	29172	3071	6997368	7573530	1121154192911033
1402636	1374246	28390	3121	7797886	8019948	1121154202301437
1190944	1068404	122540	3537	8517116	8645258	1121154212199713
1740630	1708974	31656	1541	4229040	5198160	1121154218359339
1502142	1472866	29276	4851	10706974	11578356	1121154230758761
664270	636390	27880	3520	8598350	8079180	1121154240210799
678440	649910	28530	3752	8673808	8556150	1121154249752859
525208	478376	46832	1926	5398524	4749796	1121154255869617
1440804	1394708	46096	4751	11055116	11316514	1121154268559049
1026408	998098	28310	2108	5781268	5616648	1121154275556677
858242	829478	28764	3409	8369338	8051500	1121154284974433
1637138	1530534	106604	1582	4712184	5175652	1121154291513293
763986	733688	30298	1307	4164582	3752734	1121154296632015
1057756	1029950	27806	3269	8090462	7970904	1121154305969785
1401398	1373272	28126	1444	4578084	4663302	1121154312139367
1480922	1453182	27740	367	2070480	2589492	1121154315880853
1499804	1471300	28504	4526	10773264	10928020	1121154328347669
1699264	1670148	29116	1010	3062286	4093742	1121154333299033
1375320	1347534	27786	3218	7402428	8185758	1121154342267039
1244724	1213498	31226	4507	10572548	10638728	1121154354274357
1420488	1392392	28096	3592	8747250	8985674	1121154364632053
1401498	1372928	28570	4429	10439222	10633458	1121154376662939
1788242	1758286	29956	2363	6298278	6889412	1121154384939607
1727124	1699314	27810	3697	8764058	9496498	1121154395620493
502396	473684	28712	765	2550726	2407136	1121154398863705
794714	745328	49386	3037	7641556	7241908	1121154407513919
1238752	1209536	29216	1186	3928296	3986822	1121154412871921
1457878	1427818	30060	2722	6998972	7275946	1121154421518967
1757838	1729606	28232	2586	6735702	7304492	1121154430202917
1368238	1338314	29924	2562	6688242	6873658	1121154438449213
1713508	1678286	35222	3618	8803740	9334230	1121154449156409
1502816	1471602	31214	410	2376202	2698282	1121154453225667
1620916	1519226	101690	4858	10854768	11713416	1121154465891685
1692594	1628414	64180	1582	4628764	5231308	1121154472407289
1208422	1179822	28600	3846	8808656	9274114	1121154482615063
842972	814302	28670	3808	8833246	8839542	1121154492481523
1510330	1481228	29102	616	2798664	3122250	1121154496980849
1436026	1405654	30372	730	3009756	3270570	1121154501616555
1366938	1338506	28432	4975	11109838	11690772	1121154514283287
1606784	1494468	112316	3171	7649196	8322944	1121154523729133
849188	733164	116024	3263	8093176	7749644	1121154532861419
652972	591472	61500	3658	8696780	8342542	1121154542401137
1728164	1697554	30610	2970	7540480	8178950	1121154551860275
1084738	1055206	29532	1899	4979688	5256862	1121154558118793
1636384	1608602	27782	4467	10123412	10945762	1121154570068393
1432268	1403298	28970	4256	9929626	10319218	1121154581620179
1627392	1598628	28764	1769	5137746	5540706	1121154588575227
643332	613396	29936	4276	9649924	9568640	1121154599059131
525780	497140	28640	301	2162886	1501416	1121154601937485
1631814	1602254	29560	3424	8404074	8856620	1121154612163509
1387748	1348434	39314	2861	6683636	7485672	1121154620425383
1530372	1502354	28018	4112	9798180	10136702	1121154631943853
3471122	3465218	5904	4151	9971114	12147044	1121154645576533
1589882	1561668	28214	2256	5650994	6477672	1121154653007247
1354008	1325224	28784	4034	9560350	9797144	1121154664111313
1616124	1585568	30556	4903	11359248	11797492	1121154677277333
1753402	1723584	29818	1688	4731596	5502672	1121154683952533
1653794	1623568	30226	2109	5580010	6247420	1121154691376789
1657746	1629032	28714	1608	4311430	5249368	1121154697536697
1292474	1261378	31096	962	3546410	3589682	1121154702565463
1570404	1542578	27826	3338	8227252	8621964	1121154712553333
1722790	1647870	74920	735	3033562	3565954	1121154717499645
1129192	1067502	61690	1482	3998978	4466612	1121154722817967
1207442	1100934	106508	3071	7702860	7723668	1121154731918183
1404050	1374406	29644	4014	9090354	9808776	1121154742606685
1602006	1568006	34000	1443	4448228	4864350	1121154748846591
1535908	1507874	28034	1781	5119624	5474238	1121154755692493
1492970	1465032	27938	2561	6797626	6990306	1121154764173421
1579552	1552554	26998	2849	7271310	7657332	1121154773213963
573336	543734	29602	1244	3794694	3435976	1121154777771695
1773434	1745376	28058	2967	7159106	8082330	1121154786897745
1639888	1611820	28068	1604	4364010	5229290	1121154793092149
1186334	1157390	28944	39	999742	1645050	1121154795468549
1692914	1629724	63190	1695	4863316	5457104	1121154802215155
1402282	1373438	28844	4374	10314714	10531486	1121154814122367
1411712	1383888	27824	3531	8679650	8856012	1121154824403713
1578424	1551498	26926	2513	6598336	6989618	1121154832770429
1885790	1718962	166828	2483	6519828	7226022	1121154841365731
1468500	1440256	28244	4695	10778464	11231534	1121154853802305
1567938	1539370	28568	2080	5728050	6101710	1121154861291669
1311492	1281684	29808	4985	11522000	11655524	1121154874315193
1546068	1515948	30120	4703	10980668	11334528	1121154887031669
755062	725492	29570	3532	8563644	8192996	1121154896540557
1607824	1577954	29870	2604	6817300	7190578	1121154905155219
1604606	1560208	44398	4218	9580374	10415362	1121154916529977
1228590	1198384	30206	596	2327370	2793514	1121154920275909
1478562	1378566	99996	4133	9827390	10125896	1121154931771821
1418868	1390264	28604	4664	10729800	11122278	1121154944114003
1644120	1613638	30482	3903	8965248	9824854	1121154954913149
1405918	1374964	30954	1905	5359788	5592638	1121154961868933
1506308	1478212	28096	3540	8195736	8959760	1121154971765253
1058092	1027442	30650	4592	10631784	10616974	1121154983648933
1617756	1589842	27914	4918	11394184	11826628	1121154996850477
1624922	1596478	28444	1158	3870444	4316378	1121155002535627
725480	696274	29206	856	2812978	2812216	1121155006264105
1224356	1196388	27968	3235	7726834	8067178	1121155015404907
346174	316340	29834	553	2665442	1827550	1121155018606705
1072700	1037954	34746	3179	7926668	7805130	1121155027819179
907098	879738	27360	4849	10809570	10979010	1121155039729509
598834	558750	40084	4083	9095378	9139334	1121155049617165
1598298	1567948	30350	4279	10118954	10530588	1121155061524477
573302	541232	32070	3894	9139422	8733466	1121155071427443
1435304	1406542	28762	1731	5013298	5270884	1121155078065423
613628	454364	159264	2542	6632596	6071898	1121155085501633
1638994	1606154	32840	1197	3946246	4407240	1121155091276949
1488332	1459766	28566	4572	10698852	11005930	1121155103654217
1424942	1395704	29238	4725	10815256	11250032	1121155116084713
1620358	1590862	29496	1616	4799072	5225138	1121155122694057
1165732	1136148	29584	2907	7365370	7353132	1121155131415417
723258	694452	28806	2035	5622284	5166938	1121155137950843
710444	682618	27826	251	2048942	1584738	1121155140899993
1561384	1530614	30770	4439	10427560	10814118	1121155153078943
1777664	1696962	80702	4084	9226564	10319372	1121155164273113
896134	868104	28030	3836	8842456	8942310	1121155174201495
1632424	1601816	30608	1843	5139616	5693366	1121155181163745
1690898	1661092	29806	2724	6467836	7513396	1121155189512187
1299912	1272068	27844	2228	5897322	6129242	1121155196899133
1467822	1437888	29934	4334	9708348	10517638	1121155208264933
1524262	1495898	28364	220	1944306	2347592	1121155211923373
789652	761582	28070	2469	6399492	6101138	1121155219302653
1479800	1448916	30884	4381	9826456	10617112	1121155230798761
644198	615212	28986	3324	8217936	7667866	1121155239851017
1464388	1436078	28310	1701	4955556	5241138	1121155246465119
932874	803808	129066	2389	6337916	6091008	1121155253925583
758798	729964	28834	1254	4067572	3641488	1121155258941533
1678108	1650914	27194	1146	3849182	4345080	1121155264658719
1533866	1503066	30800	1524	4060258	4955956	1121155270442507
1615582	1587612	27970	2838	7238900	7677868	1121155279486147
1629650	1601786	27864	757	2676638	3519100	1121155283982141
830644	802094	28550	1387	4332470	3979258	1121155289335119
1423176	1393880	29296	1916	5393106	5627572	1121155296341601
1715612	1625054	90558	778	3111056	3652598	1121155301357943
1127870	1088806	39064	3625	8450202	8751596	1121155311126157
1793268	1762634	30634	1366	4326432	4899708	1121155317435499
1654940	1627054	27886	4116	9792560	10261190	1121155329073045
770572	741646	28926	3541	8489398	8227616	1121155338522671
1695496	1668106	27390	2343	6251986	6762286	1121155346659487
1301296	1176262	125034	138	1772536	1951688	1121155349923297
1699492	1669486	30006	3398	8363164	8870156	1121155360201407
592858	564804	28054	577	2059010	2120642	1121155363042733
626374	466438	159936	4330	10327004	9660694	1121155374186173
1405664	1375788	29876	1997	11115166	5775504	1121155386897409
1482204	1454164	28040	751	2908144	3360254	1121155391477935
1401872	1372578	29294	304	2095632	2384612	1121155395165543
1509750	1481834	27916	1683	4825906	5250828	1121155401691329
1188634	1159672	28962	24	1486444	1612718	1121155404556193
1727904	1588314	139590	4052	9634676	10213754	1121155416109389
1468086	1440024	28062	1074	3709826	3990988	1121155421477545
903418	874102	29316	192	1941968	1663204	1121155424512823
1403494	1372516	30978	1046	3656144	3877356	1121155429762855
1354898	1327758	27140	1820	5086944	5368954	1121155436398283
1664908	1635586	29322	1357	4288172	4760132	1121155442542157
526934	498454	28480	503	2071108	1908840	1121155445330165
1303604	1274898	28706	3001	7554852	7680314	1121155454378813
822680	794334	28346	4432	10427996	10072048	1121155465819809
1244352	1213078	31274	3206	7961404	8031128	1121155475219377
1418628	1389282	29346	901	3353336	3595576	1121155480181647
1612710	1578316	34394	4711	10983098	11412766	1121155492967591
1716794	1688950	27844	1660	4336736	5416514	1121155499211669
655026	626968	28058	689	2417386	2408706	1121155502473837
1469568	1441674	27894	3718	9157196	9279704	1121155513314293
1400950	1372678	28272	4450	10468112	10676638	1121155525373569
1682874	1655568	27306	3635	8820422	9328664	1121155536067459
1536888	1508492	28396	1159	4023560	4237654	1121155541817369
1456760	1425876	30884	4807	10714092	11446440	1121155554181161
1506590	1478368	28222	4644	10847386	11174714	1121155566724929
226594	195018	31576	339	2246778	1279012	1121155569388883
1631742	1601718	30024	3398	8357660	8802988	1121155579567987
1402410	1373136	29274	1625	4628192	5027166	1121155585788561
469306	440136	29170	3388	8335498	7619788	1121155594787417
1334858	1306256	28602	2588	6738326	6886604	1121155603050881
1691462	1662582	28880	4440	9724754	10950036	1121155614657397
1360794	1329904	30890	2426	6190808	6596238	1121155622398749
515928	484562	31366	1390	4340758	3676698	1121155627445857
1717700	1689176	28524	517	2589394	3127746	1121155631943535
1298154	1267874	30280	3612	8784010	8896372	1121155642215863
1097218	1068034	29184	3997	9085822	9466282	1121155652588893
1437016	1408916	28100	1515	4584824	4842986	1121155658800641
1402414	1371992	30422	4807	11166986	11391128	1121155671559973
1605284	1576374	28910	2226	6011148	6432514	1121155679366783
1412904	1382038	30866	2777	6542904	7341208	1121155687512293
1580758	1552684	28074	1518	4392930	4992582	1121155693676103
755928	623734	132194	4911	11381580	10952918	1121155706003213
661050	632186	28864	1246	4048260	3528506	1121155710902331
1431538	1397484	34054	3597	8750856	8998920	1121155721274669
1572548	1543848	28700	3397	8486480	8742368	1121155731523653
694144	666884	27260	1898	5347140	4863544	1121155737755169
1464596	1435608	28988	3990	9532086	9818882	1121155748945497
1614048	1584104	29944	1573	4705168	5134464	1121155755454985
1726358	1694022	32336	2998	7115682	8097622	1121155764487207
1399948	1371148	28800	4025	9083464	9824792	1121155775160713
1405706	1376546	29160	903	3422536	3586946	1121155780178467
513152	483142	30010	4058	9552234	9004292	1121155790433783
1512202	1472002	40200	2849	7268486	7592612	1121155799404777
1621656	1592896	28760	2038	5493690	6070954	1121155806710185
1699262	1669610	29652	2576	6702420	7224500	1121155815301731
1597432	1569228	28204	1794	5218722	5559904	1121155822307873
1459664	1430880	28784	3309	8162476	8475948	1121155832119939
1612912	1573734	39178	1021	3600682	4030474	1121155837523133
866518	774258	92260	2521	6427038	6284078	1121155845006693
1205510	1175980	29530	256	1807544	2091658	1121155848209679
1466866	1438990	27876	1647	4995166	5143884	1121155854885005
1767490	1740244	27246	3051	7587300	8244678	1121155864429589
1186138	1157694	28444	82	988574	1724854	1121155866794193
1021808	992620	29188	3606	8777846	8609204	1121155876783749
1608462	1490888	117574	1823	5200088	5628212	1121155883782403
849668	819482	30186	2797	6455772	6818274	1121155891281533
1236680	1207150	29530	2847	7252538	7304730	1121155899960469
1470436	1442106	28330	4533	10231290	10910690	1121155911852081
1401688	1372694	28994	2314	5737586	6403724	1121155919185359
1547032	1519328	27704	1416	4387936	4753878	1121155925310653
1468636	1439366	29270	4815	10722796	11474438	1121155937692177
559538	506432	53106	1925	4989398	4784158	1121155943430983
792004	763934	28070	804	3166160	2773380	1121155947579429
1074980	1046340	28640	3314	8179920	8076404	1121155957024329
991484	962974	28510	3590	8758864	8544908	1121155966964769
1260002	1230112	29890	4213	9976484	10060596	1121155978391197
1664306	1636150	28156	4843	10557620	11724572	1121155990803441
1156364	1127944	28420	2107	5347280	5748356	1121155997497465
1488332	1458822	29510	466	2481166	2795048	1121156001657307
475970	446826	29144	165	1887556	1180820	1121156004210925
1408066	1381002	27064	3640	8978282	9068592	1121156014787017
1020808	992518	28290	929	3345906	3253794	1121156019343689
1418846	1373334	45512	4618	10355470	11027464	1121156031307625
1319734	1292362	27372	3585	8704602	8863018	1121156041522477
1527578	1494388	33190	169	1903640	2241982	1121156045144237
950990	922344	28646	887	3327732	3100164	1121156049613599
1367106	1329296	37810	3960	9473340	9662786	1121156060643717
1577030	1546272	30758	1222	3997030	4395530	1121156066407581
1692734	1663008	29726	256	2195108	2628578	1121156070485219
1723686	1694142	29544	2861	6554944	7818542	1121156078954117
591638	563622	28016	1736	4830202	4437998	1121156084566057
1674312	1646482	27830	747	3048078	3544272	1121156089478601
1180782	1151348	29434	4831	11241280	11217378	1121156102091117
1565120	1535678	29442	3066	7685178	8069918	1121156111531319
1790464	1672394	118070	3173	12089054	8510458	1121156125600539
1289940	1191248	98692	840	3072108	3344358	1121156130151969
973100	937686	35414	3440	7958840	8225934	1121156139273025
229862	179198	50664	639	2834962	1883664	1121156142527803
1144678	1116856	27822	4969	11489636	11457038	1121156155376467
1469810	1442118	27692	2874	7309274	7592120	1121156164345549
1685270	1656270	29000	2794	7174328	7653230	1121156173394951
1428932	1397786	31146	1947	4996284	5697016	1121156180010617
1541238	1508350	32888	3675	8911248	9266194	1121156190652849
688366	658664	29702	2683	6921138	6428174	1121156198451865
1691478	1660642	30836	2129	5815812	6329188	1121156206148933
1809966	1670760	139206	1178	3732664	4542126	1121156211881365
1496824	1468920	27904	4357	10274614	10586214	1121156223846159
1543128	1513184	29944	2768	6601426	7454934	1121156232184329
621038	534754	86284	1728	4925206	4453060	1121156237920269
1271394	1244030	27364	1345	4246644	4336736	1121156243628519
598792	568596	30196	2397	5808264	5767086	1121156250225877
1361524	1330648	30876	4420	9978706	10574920	1121156261756559
1320054	1290804	29250	4668	10888620	11030254	1121156274158949
1413504	1384944	28560	2509	6577796	6804834	1121156282340385
595964	568946	27018	2084	5856292	5146026	1121156288982805
1483676	1453550	30126	1008	3295714	3874036	1121156293952421
1248408	1219946	28462	989	3484580	3601272	1121156298875137
812224	778458	33766	2209	5515426	5612528	1121156305392879
1402012	1373516	28496	2132	5817460	6040828	1121156312802607
1565008	1536758	28250	529	2725396	2997480	1121156317283569
1504020	1474120	29900	1889	5326596	5658656	1121156324304581
1139046	1110908	28138	480	2387782	2479778	1121156328021527
1613164	1584516	28648	1836	4980512	5659986	1121156334805645
1524198	1411464	112734	3609	8326138	9232564	1121156344846539
1457972	1428418	29554	3931	9440040	9695658	1121156355934313
1159698	1130048	29650	997	3125582	3528012	1121156360409997
758208	729064	29144	83	1757916	1306018	1121156363116449
1403048	1373658	29390	1970	5625552	5716918	1121156370335273
1397372	1360794	36578	897	3370854	3571868	1121156375293533
1011656	981636	30020	3170	7892670	7727540	1121156384387765
1062474	1034962	27512	4614	10789770	10670724	1121156396430429
1609258	1582074	27184	4075	9709566	10140108	1121156407939133
951136	921746	29390	1936	5016590	5196310	1121156414097081
1748328	1639242	109086	3810	9172710	9741692	1121156425208137
1480448	1452290	28158	4699	10775456	11254064	1121156437654073
1712006	1684342	27664	2703	6707292	7491722	1121156446263607
687236	659466	27770	571	2333594	2204644	1121156449474757
900836	872760	28076	2121	5834826	5517840	1121156456424421
745722	717406	28316	204	1962774	1533236	1121156459323197
600818	573008	27810	653	2958700	2282558	1121156463072307
1195416	1165812	29604	4899	11371052	11367496	1121156475828837
1623988	1594514	29474	1951	5456854	5900258	1121156483121263
1916128	1738378	177750	1533	4535764	5357736	1121156489763427
1077738	924718	153020	875	2900200	3202638	1121156493932959
1588396	1560566	27830	1820	5334152	5602182	1121156501045597
1401154	1370344	30810	1624	4493492	5022444	1121156507130265
1422902	1371166	51736	4226	9953176	10251124	1121156518695981
1044562	1015874	28688	2530	6656792	6479392	1121156526587603
262538	233356	29182	287	2125694	1211042	1121156529165517
637154	606972	30182	2017	5585038	5045402	1121156535578043
1258442	1230202	28240	4637	10828454	10907366	1121156547855247
1480532	1451802	28730	3099	7756392	8054698	1121156557285327
1316546	1285892	30654	3072	7099610	7835320	1121156565891261
1598084	1569648	28436	4460	10473860	10893050	1121156578156673
601948	571288	30660	2320	5801720	5616506	1121156584750537
1415522	1384292	31230	3691	8934106	9171884	1121156595290003
1581030	1552976	28054	3515	8164186	8986336	1121156605225401
1699434	1670234	29200	1689	4832360	5451904	1121156611947769
1598274	1525528	72746	4036	8942260	10044532	1121156622678533
1454884	1425564	29320	3330	8211448	8488498	1121156632535033
6369150	6364516	4634	3527	8535332	13805240	1121156647629261
1015966	988706	27260	4512	10138580	10415466	1121156658973977
1496750	1467728	29022	4272	10103644	10415374	1121156670764649
1637290	1608820	28470	2431	6419046	6874240	1121156679011121
1180008	1151662	28346	1271	4108460	4096806	1121156684489737
709108	680576	28532	270	2097516	1627966	1121156687486887
1505672	1475998	29674	1835	5232768	5549960	1121156694415433
1412434	1382208	30226	2272	6114428	6338332	1121156702132073
1609738	1582118	27620	1381	4324932	4745448	1121156708257307
1412470	1385320	27150	2583	6213920	6953892	1121156716073991
1449582	1419536	30046	4192	9935634	10208538	1121156727649057
1464014	1435864	28150	4268	9794564	10374694	1121156739097325
1603760	1575910	27850	2526	6479980	7030876	1121156747371041
1628944	1598468	30476	4175	9758326	10353790	1121156758948149
828746	799488	29258	1343	4249624	3890548	1121156764215877
1617220	1525072	92148	2034	5629466	6065666	1121156771652311
1397944	1370694	27250	894	3348676	3562454	1121156776589065
1407934	1378414	29520	3835	9177820	9463172	1121156787364953
620838	558128	62710	1528	4593890	4050888	1121156792769773
1497978	1470042	27936	3525	8602786	8924062	1121156803060853
1238996	1211068	27928	2292	5995732	6199292	1121156810485777
1471704	1432230	39474	421	2402454	2696434	1121156814550509
1364850	1336954	27896	1282	4123892	4302628	1121156820229539
1522586	1493876	28710	1609	4776858	5119618	1121156826719237
1059748	1032024	27724	4497	10547000	10428992	1121156838516293
1682188	1653826	28362	1542	4644428	5147842	1121156845032757
1242066	1199778	42288	1225	3603760	4067712	1121156850068527
1701726	1648376	53350	3580	8713772	9235842	1121156860674207
1381700	1354050	27650	371	2114772	2503488	1121156864360109
778550	747960	30590	2230	5649740	5612844	1121156870978889
1740464	1600562	139902	2381	6323250	6876652	1121156879232713
1273586	1245796	27790	2057	5519896	5761356	1121156886215837
1016564	988304	28260	3524	8606166	8443484	1121156896028679
1399388	1371724	27664	2149	5851480	6071872	1121156903469453
1473724	1438274	35450	4944	11460420	11735174	1121156916593709
1089154	1060864	28290	3449	8116588	8384084	1121156925989093
460966	430716	30250	4539	10630696	9913566	1121156937270847
774088	744256	29832	192	1936760	1533418	1121156940171877
1583498	1554128	29370	2481	6367348	6919840	1121156948313249
1440798	1412790	28008	4389	9824126	10592282	1121156959768417
1477430	1447670	29760	2949	7379990	7750648	1121156968819089
1633382	1589842	43540	3720	8874464	9446878	1121156979516893
1242818	1213240	29578	4840	11032724	11298594	1121156991982259
1741240	1705356	35884	701	2955382	3517846	1121156996930661
1437622	1409188	28434	4793	11214354	11398780	1121157009772923
1705168	1674314	30854	2731	7026856	7540224	1121157018698389
1564272	1536038	28234	3654	8482634	9255222	1121157028935393
438102	410032	28070	3423	8401822	7659976	1121157037965201
1163976	1134642	29334	3618	8800108	8774452	1121157048118927
1402324	1373928	28396	937	3428120	3651488	1121157053139249
943248	915240	28008	2350	6259404	6017248	1121157060532129
337922	309718	28204	523	2605022	1764512	1121157063664777
1401338	1373372	27966	45	1522506	1864538	1121157066778133
1689168	1659812	29356	445	2320360	2952816	1121157070978007
1445402	1417438	27964	445	1945054	2718348	1121157074558197
1671688	1642050	29638	4271	10096394	10588730	1121157086516419
1244466	1216474	27992	4308	9788180	10235816	1121157097739065
1504692	1472932	31760	4659	10870186	11197702	1121157110307271
1706436	1669080	37356	598	2611078	3283524	1121157114814975
1680968	1652174	28794	2719	6407934	7500642	1121157123093383
1680216	1651206	29010	2527	6489088	7109072	1121157131452527
1611872	1571758	40114	2390	6327270	6765582	1121157139582147
1466284	1438430	27854	1682	4442216	5205424	1121157145680529
1549246	1521942	27304	1631	4765856	5185752	1121157152185491
1199032	1162252	36780	128	1772744	1830842	1121157155347181
1476774	1448842	27932	4569	10704980	10989872	1121157167742833
1188678	1159146	29532	126	1651694	1815492	1121157170776717
1705474	1676478	28996	87	1622986	2253638	1121157174295493
1220552	1192324	28228	3824	8522310	9243444	1121157184228523
911430	883084	28346	3739	8436948	8764600	1121157193767339
1645870	1618710	27160	3153	7191922	8328658	1121157202797699
1447044	1417424	29620	318	2016296	2458090	1121157206450845
1587414	1560324	27090	2058	5598988	6083484	1121157213827215
1509802	1481366	28436	3238	8030874	8361358	1121157223561477
915118	884810	30308	312	1640396	1913440	1121157226306749
1291562	1261870	29692	3157	7870800	7986514	1121157235659097
1600726	1570650	30076	3223	8109976	8421566	1121157245560221
705488	678248	27240	243	2039110	1567462	1121157248494943
951344	922230	29114	467	2494290	2266754	1121157252130759
1665034	1636338	28696	4652	10854552	11344948	1121157264840353
1640872	1611950	28922	4695	10955412	11406690	1121157277626161
1399686	1264526	135160	762	3006866	3298870	1121157282222891
1729814	1700488	29326	963	3380382	4030724	1121157287522949
1536144	1506896	29248	400	2356612	2711302	1121157291605273
1409926	1380192	29734	3189	7940110	8163196	1121157301144981
1151752	1116248	35504	4682	10566104	10890582	1121157313052757
1648200	1553672	94528	1819	5198386	5661392	1121157320089161
1394210	1365936	28274	895	3358226	3559570	1121157325031121
515616	487312	28304	320	2209212	1528248	1121157327946417
1360672	1331996	28676	3966	9484286	9666852	1121157338981437
481468	453382	28086	714	2483790	2291254	1121157342136173
1681244	1653494	27750	2764	7182208	7594944	1121157351205885
1746198	1603368	142830	1471	3836688	5063588	1121157356978889
1685696	1656738	28958	1798	5157364	5656612	1121157364012297
1573912	1546500	27412	3201	7398834	8352046	1121157373174431
1579224	1549676	29548	1900	5189936	5753240	1121157380133685
1408634	1381388	27246	4672	10352688	11128128	1121157392084963
1186246	1157672	28574	153	1785090	1867276	1121157395246557
1720312	1692432	27880	3198	8005066	8490546	1121157405184537
451166	421026	30140	588	2193712	2002416	1121157408019435
1412754	1384970	27784	2721	6994598	7230080	1121157416690949
1084102	1056158	27944	1103	3832784	3662582	1121157421798163
822108	672576	149532	2384	6324576	5965622	1121157429138217
1412118	1383478	28640	2908	7365976	7602380	1121157438106089
1618252	1589042	29210	372	2299704	2737006	1121157442214221
1556572	1527772	28800	3139	7645544	8210008	1121157451606433
662522	613760	48762	1263	4081346	3562982	1121157456540381
1765782	1735546	30236	2561	6291394	7262516	1121157464787577
8134722	8130382	4340	1519	4408568	11546494	1121157477520463
1461570	1433138	28432	1868	5260640	5571374	1121157484433273
788732	759856	28876	3472	8454044	8117068	1121157493866337
770758	742008	28750	4907	11029024	10958718	1121157505860249
981310	951940	29370	4167	9889586	9691090	1121157516924671
1636796	1608036	28760	951	3458666	3913736	1121157522210191
1659386	1625652	33734	1851	5102940	5735756	1121157529162681
799180	771326	27854	1590	4738428	4354370	1121157534890465
714122	685848	28274	589	2296722	2273002	1121157538091357
1224016	1195112	28904	195	2081680	1993618	1121157541587197
1404942	1374686	30256	2721	6997804	7221148	1121157550180117
1613862	1579424	34438	2067	5652892	6122464	1121157557636903
1619806	1591184	28622	2388	6347792	6770690	1121157565794805
1406552	1375668	30884	4887	10738508	11555778	1121157578133443
600436	571910	28526	4998	11415124	10970416	1121157590339245
1479962	1452906	27056	1048	3663270	3956848	1121157595672747
1528092	1499524	28568	388	2417946	2677628	1121157599808893
1402338	1371448	30890	4060	9118072	9896908	1121157610523019
1728220	1696956	31264	918	3403478	3948906	1121157615844835
921832	891174	30658	3950	9580572	9195992	1121157626540393
427792	390408	37384	3299	8158692	7401128	1121157635316293
1012868	983634	29234	2518	6591958	6423784	1121157643111299
1041240	1013038	28202	1972	5495404	5360930	1121157649837609
950464	918658	31806	2965	7489546	7255584	1121157658470773
1493684	1464954	28730	4362	10281528	10599728	1121157670435883
1427130	1396450	30680	4345	10412200	10490940	1121157682465315
1186612	1158652	27960	252	1868418	2072526	1121157685710701
713052	685098	27954	2260	6083642	5607062	1121157692725083
1251152	1220398	30754	3056	7668826	7737656	1121157701835157
1417954	1390352	27602	1249	3888942	4288692	1121157707335943
753214	723208	30006	3482	8089846	8093384	1121157716369079
1565400	1445194	120206	578	2728468	3119206	1121157720853241
1402398	1373322	29076	3726	8668452	9237414	1121157731114163
283466	254296	29170	432	2248842	1522752	1121157733837197
1520606	1484370	36236	1476	4344766	4846374	1121157739896285
783948	754440	29508	1578	4708248	4314044	1121157745581609
740596	712648	27948	2249	6053536	5613048	1121157752566177
1104456	1075772	28684	4532	10623448	10542842	1121157764483901
1132234	1105054	27180	38	1649694	1592494	1121157767455723
788434	758814	29620	701	2961704	2566250	1121157771395935
1077498	1043514	33984	2883	7315236	7216334	1121157779978919
1497510	1468330	29180	3978	9050630	9827754	1121157790716849
1493598	1465614	27984	3495	8544566	8858048	1121157800944853
780168	752366	27802	3730	8855978	8614948	1121157810771307
1653578	1622138	31440	4538	10161536	11116954	1121157822776619
1430934	1402684	28250	1181	3725142	4353342	1121157828123953
1445362	1416812	28550	2714	6979062	7247780	1121157836738361
1480012	1451236	28776	1225	3322044	4303466	1121157841730917
782758	647420	135338	2628	6817206	6414670	1121157849523599
1434562	1404452	30110	4001	9365228	9810704	1121157860513363
1232608	1204618	27990	1268	3989938	4150408	1121157865925403
1387224	1347216	40008	1116	3788734	3995324	1121157871291805
1514646	1485936	28710	4282	10117178	10452976	1121157883113217
1457320	1428618	28702	493	2389660	2817910	1121157887149885
659934	631622	28312	556	2143044	2146918	1121157890142503
1393402	1365276	28126	4864	11153866	11495158	1121157902879837
911436	884180	27256	3641	8306790	8574460	1121157912287861
654346	626618	27728	3694	9072176	8422342	1121157922204667
1730556	1679716	50840	3797	8789366	9698342	1121157932914747
323110	291758	31352	360	2287358	1416818	1121157935715279
1407332	1378812	28520	3414	8381550	8610468	1121157945697493
1399838	1370886	28952	2952	7462274	7678486	1121157954749887
1504514	1463680	40834	4922	11398100	11723318	1121157967842489
1404198	1372954	31244	998	3410000	3773414	1121157972850119
1488986	1461242	27744	2081	5723454	6027278	1121157980252857
1191276	1158714	32562	121	1756784	1813180	1121157983391085
823350	794100	29250	741	2886574	2678854	1121157987291145
1719110	1691110	28000	2532	6730800	7158656	1121157995930905
1691914	1662930	28984	1722	4399244	5510470	1121158002211645
1192116	1163656	28460	58	1562368	1683346	1121158005155801
1435674	1408432	27242	1754	4852214	5318254	1121158011633263
1526196	1497656	28540	2074	5708036	6048372	1121158019057717
1409706	1380634	29072	2597	6341700	6978534	1121158026999235
1535992	1475966	60026	2080	5741852	6071190	1121158034467481
1553422	1517198	36224	1836	5230004	5606098	1121158041440843
1188480	1158880	29600	130	1456626	1822596	1121158044275891
1507262	1479172	28090	2069	5707578	6029182	1121158051680593
1457302	1425592	31710	2678	6538748	7188742	1121158059866587
1657690	1628210	29480	4911	11376902	11854192	1121158073094861
708182	678266	29916	1080	3730348	3242526	1121158077723291
1248878	1220582	28296	967	3500398	3557106	1121158082665957
1491018	1461432	29586	2463	6489196	6792488	1121158090836053
1507880	1479842	28038	1022	3245246	3931416	1121158095778791
1663962	1635438	28524	3603	8758174	9244844	1121158106394893
1447724	1419398	28326	1355	3656822	4531302	1121158111688543
1545338	1516658	28680	3710	8942144	9340406	1121158122366067
1474314	1445584	28730	4999	11169084	11846554	1121158135199035
1751148	1724126	27022	3502	8371460	9129382	1121158145511757
1189828	1160392	29436	163	1184896	1890168	1121158148076393
1086664	1057704	28960	2809	7209680	7077288	1121158156563129
757460	728698	28762	1627	4809304	4386768	1121158162319889
1333742	1305002	28740	2610	6276484	6928254	1121158170120083
1494014	1459236	34778	3908	9380186	9684950	1121158181184345
1352220	1323138	29082	288	2156122	2303224	1121158184882469
1612076	1582816	29260	3458	8521960	8902614	1121158195206341
1191028	1162694	28334	299	1611860	2163706	1121158198199199
1443912	1415408	28504	986	3548744	3797388	1121158203382037
870438	841658	28780	2761	7087694	6767226	1121158211530477
1698328	1668872	29456	3415	8387826	8902592	1121158221806363
614440	584852	29588	1169	3373946	3328002	1121158225988361
1498270	1469142	29128	2529	6197284	6930452	1121158233874161
1010198	982108	28090	2766	7100334	6918044	1121158242178013
854102	824122	29980	3818	9204452	8872314	1121158252425863
1738580	1685492	53088	1750	5061620	5618978	1121158259416293
1281712	1254132	27580	2372	6305154	6401126	1121158267193377
1511002	1482232	28770	1229	4012216	4343522	1121158272906593
1407874	1378774	29100	4289	10020674	10361084	1121158284525353
1422892	1393216	29676	3973	9508210	9743244	1121158295646307
3743864	3739050	4814	3125	7799342	10365830	1121158307379199
1613296	1492516	120780	1993	5540284	5973636	1121158314722545
806908	779138	27770	1045	3652784	3273044	1121158319372133
1669608	1641752	27856	4853	10702774	11750692	1121158331934787
530228	501930	28298	533	2108246	1972230	1121158334763399
704526	674906	29620	615	2781432	2309536	1121158338439627
519678	491824	27854	392	2343556	1684654	1121158341492803
912140	881306	30834	1915	5410152	5117792	1121158348005141
723438	696354	27084	3939	9433990	8977220	1121158358352349
840030	764594	75436	2399	6360636	6018538	1121158365742879
1472590	1443864	28726	503	2556420	2853310	1121158369965449
1718256	1607810	110446	766	3085154	3625446	1121158374959111
1187294	1159214	28080	256	1697254	2073014	1121158378034049
1460790	1429778	31012	2662	6862486	7161104	1121158386547539
1440310	1411692	28618	4682	10721292	11184986	1121158398898921
1430610	1399650	30960	2947	7449558	7700548	1121158407969189
1407098	1379436	27662	3937	9551968	9654932	1121158419117563
769128	740648	28480	1218	3992838	3580900	1121158424069529
397768	367870	29898	367	2313400	1506934	1121158426970229
1374810	1344590	30220	4643	10842110	11035330	1121158439377135
1749362	1719852	29510	3985	9162804	10095186	1121158450479647
1480912	1453666	27246	1715	4948496	5291532	1121158457099077
1346552	1318262	28290	948	3285072	3616808	1121158461920673
946164	917930	28234	1741	5033590	4804000	1121158468090315
882602	853678	28924	3084	7721684	7425664	1121158476884663
1527598	1499964	27634	1612	4396866	5133068	1121158482999619
1185322	1156780	28542	82	1218338	1731136	1121158485593331
986424	958554	27870	541	2756244	2443264	1121158489526319
1433944	1403914	30030	1064	3689564	3938332	1121158494839823
1473978	1446952	27026	1438	4210228	4725468	1121158500713903
1269748	1242500	27248	4076	9701620	9796238	1121158511875493
1103162	1074430	28732	224	1998654	1925440	1121158515170951
674552	646328	28224	447	2450112	1943282	1121158518510307
1539928	1503452	36476	757	3091384	3453452	1121158523331637
1658194	1629378	28816	4618	10791692	11268918	1121158535971749
1500378	1473158	27220	436	2387956	2747026	1121158540049947
1284098	1085072	199026	3427	8023134	8512778	1121158549547557
1082708	1055852	26856	270	1601708	1998858	1121158552422233
1618336	1542914	75422	3861	9289400	9729252	1121158563520313
594960	566030	28930	2504	6355006	5977884	1121158570660325
1517518	1488354	29164	748	2784738	3393132	1121158575152813
1628806	1599192	29614	979	3522194	3961602	1121158580494041
929880	901300	28580	2357	6283422	6024174	1121158587897109
884984	856504	28480	43	1651322	1345314	1121158590624129
666732	638434	28298	4633	10830946	10307234	1121158602311853
1645038	1614944	30094	2468	5978880	6955280	1121158610126019
940918	901168	39750	1151	3353150	3617934	1121158614609893
867842	828924	38918	3447	8023016	8144072	1121158623690803
1692552	1661512	31040	3099	7151920	8264990	1121158632725441
1090890	1062750	28140	1272	3687316	4033184	1121158637693691
5470660	5466550	4110	4199	9952960	14243824	1121158653307389
1364596	1336254	28342	1753	5097224	5244136	1121158659959195
1471314	1409924	61390	3094	7741300	8034290	1121158669361845
585984	553436	32548	2978	7518670	6917692	1121158677656515
1455346	1427428	27918	4698	10970134	11226438	1121158690271737
1246510	1219520	26990	3538	8566576	8705130	1121158700274851
1300310	1269854	30456	1790	5151736	5261288	1121158706916639
1189104	1157564	31540	184	1414120	1941030	1121158709709325
1350738	1322912	27826	2449	6353790	6623104	1121158717606973
1406268	1372986	33282	4167	9895202	10115358	1121158729098447
1402962	1375092	27870	2790	7135958	7358770	1121158737827001
1190502	1160862	29640	8	1509392	1579724	1121158740720153
1416002	1387742	28260	345	2252186	2481466	1121158744578037
1423212	1394066	29146	2434	6515844	6665576	1121158752707121
1403432	1374168	29264	1518	4594906	4814764	1121158758895283
1287302	1258408	28894	3876	9306522	9413042	1121158769679123
226664	196420	30244	475	2552530	1552244	1121158772648405
798798	771086	27712	628	2665516	2435846	1121158776302587
817716	789376	28340	3792	8857442	8776580	1121158786167401
635692	606404	29288	2114	5803796	5244904	1121158792797293
1443960	1414128	29832	2550	6222420	6927648	1121158800653509
860770	833070	27700	138	1831896	1512502	1121158803536271
1038472	1010192	28280	4150	9849132	9712128	1121158814613953
1545998	1518984	27014	2659	6866020	7237938	1121158823215359
1004642	977656	26986	1973	5016344	5325546	1121158829425997
955068	926342	28726	3768	9109738	8867088	1121158839680333
1400238	1372532	27706	4173	9954854	10119576	1121158851225457
893070	865380	27690	2066	5532978	5399436	1121158857842181
731096	703356	27740	157	1869264	1419116	1121158860636317
1504990	1406320	98670	3739	9032632	9358510	1121158871364009
1743974	1714598	29376	2993	7547090	8104460	1121158880844969
1596094	1567538	28556	728	2740450	3426308	1121158885371033
536014	507484	28530	183	1919732	1276462	1121158888016993
1615448	1585402	30046	4562	10677900	11113418	1121158900500233
1331530	1302320	29210	1618	4334990	4943612	1121158906356321
1218212	1188918	29294	970	3502062	3541472	1121158911266903
926896	898546	28350	4618	10811764	10537656	1121158923195517
307118	277554	29564	358	2279442	1397642	1121158925971733
1069726	1042546	27180	1157	3740834	3758476	1121158930972281
1632798	1505868	126930	3241	8042256	8490860	1121158940837289
1244040	1216014	28026	4692	10943240	11002870	1121158953214449
1116244	1082924	33320	411	1809376	2313030	1121158956330609
751560	722366	29194	546	2531760	2225932	1121158959803941
1601198	1568822	32376	3644	8845878	9263404	1121158970445453
794982	764622	30360	4623	10804634	10424076	1121158982235137
1091552	973312	118240	2433	6490906	6337576	1121158990007723
1721168	1692036	29132	3730	8618400	9555306	1121159000537157
1744698	1716782	27916	3606	8762896	9329678	1121159011234703
665374	636374	29000	3548	8521306	8136534	1121159020611233
1416378	1385550	30828	901	3352326	3591554	1121159025570219
1184462	1156546	27916	193	1865220	1944766	1121159028810337
1805568	1522168	283400	897	3356004	3974132	1121159034185393
1892886	1864408	28478	687	2944226	3650012	1121159039212657
1229574	1194502	35072	4937	10977008	11478438	1121159051609183
1494396	1453020	41376	895	3344744	3660250	1121159056637981
1328528	1300458	28070	4204	9961816	10112064	1121159068118049
1606028	1576524	29504	1193	3941964	4365594	1121159073855893
1658568	1629260	29308	1157	3891538	4396452	1121159079598669
545112	515198	29914	1775	4558408	4469842	1121159084892473
1684698	1526138	158560	3359	8409430	8777012	1121159095176007
529708	494564	35144	2438	6355160	5780870	1121159102250999
1403058	1374768	28290	912	3379994	3606222	1121159107224247
1196464	1168608	27856	3817	9191132	9204442	1121159117801603
953078	923914	29164	1772	5107992	4870938	1121159124056139
1562812	1533470	29342	834	3235340	3605316	1121159129043901
1007294	978678	28616	2446	6269224	6271816	1121159136510249
1209560	1180210	29350	3018	7594528	7628244	1121159145504549
938444	909178	29266	1080	3349644	3472228	1121159149983353
223176	194826	28350	326	2203326	1249952	1121159152600057
1676764	1647948	28816	2323	6196816	6696740	1121159160663609
647198	619136	28062	168	1891618	1357716	1121159163392037
1710652	1682434	28218	2089	5729046	6262504	1121159171021373
1506018	1476880	29138	2884	6933270	7648518	1121159179650729
1407344	1376702	30642	2153	5763884	6089632	1121159187011953
455686	427832	27854	2873	7110262	6575776	1121159194768237
1402896	1374474	28422	4577	10704102	10931356	1121159207065327
1608214	1579870	28344	2046	5653212	6074860	1121159214516635
1798654	1679672	118982	3282	7761958	8743408	1121159224267013
976578	948946	27632	2183	5525142	5715382	1121159230958857
1458960	1430824	28136	1024	3295342	3882376	1121159235903191
1921852	1777006	144846	3381	8328836	9058282	1121159246344057
8957476	8953036	4440	2619	5966168	14569860	1121159261457571
603518	575332	28186	2207	5810590	5390558	1121159268061493
1446318	1416866	29452	2764	7078622	7349538	1121159276776297
952136	922466	29670	1235	3813762	3797328	1121159281731987
1683438	1656322	27116	4500	10552364	11058444	1121159294161283
1568526	1530372	38154	2002	5511168	5947326	1121159301430257
1682756	1531126	151630	758	3071130	3574482	1121159306374457
1413322	1384970	28352	1917	5403488	5628922	1121159313380991
1649150	1620500	28650	4866	11292750	11755230	1121159326512741
710726	683406	27320	1565	4020866	4216314	1121159331434197
1442540	1413154	29386	2710	6972942	7236580	1121159340039999
953490	923466	30024	3802	8745434	8932216	1121159349928881
1713170	1681656	31514	3889	9334140	9866026	1121159361166435
1724476	1694348	30128	1803	4760550	5705096	1121159367841657
1401552	1373372	28180	3098	7313510	7971120	1121159376750681
1255834	1228014	27820	377	2312580	2385280	1121159380508965
1655584	1628436	27148	2894	7267716	7825672	1121159389622633
1733038	1702994	30044	1815	4727982	5738128	1121159396274053
722322	693444	28878	697	2255992	2492288	1121159399443323
1718274	1690096	28178	2187	5925372	6467964	1121159407277245
1505272	1454336	50936	3418	8399440	8717162	1121159417372137
1590788	1562432	28356	1080	3352890	4127444	1121159422505633
1406400	1377256	29144	4588	10744454	10963870	1121159434847135
1515462	1478530	36932	1679	4907718	5248270	1121159441460081
1638614	1605558	33056	3070	7310404	8155032	1121159450599193
1464748	1436222	28526	785	2502880	3409278	1121159454757283
1115038	1087000	28038	2971	6892628	7438288	1121159462955489
757134	728620	28514	1889	4878610	4915810	1121159468781549
489868	459392	30476	3379	8310710	7623032	1121159477772233
875456	845166	30290	1766	5090660	4783322	1121159483965777
1136258	1106238	30020	3274	7742606	8059884	1121159493034493
1610164	1580016	30148	1153	3857864	4290196	1121159498692405
1542362	1501430	40932	1844	4858122	5611992	1121159505282561
1679700	1651716	27984	4103	9202168	10259804	1121159516353825
1525568	1487534	38034	2491	6551626	6890570	1121159524621569
1806802	1776782	30020	2528	6220284	7244718	1121159532838793
1402118	1374020	28098	2361	5721190	6504362	1121159540152043
535824	492664	43160	3613	8783890	8143098	1121159549661609
939086	910980	28106	4592	10737918	10498794	1121159561528855
1400802	1372956	27846	3249	7596560	8273432	1121159570716521
491320	455834	35486	4848	11170778	10563306	1121159582568849
1565468	1529268	36200	965	3120830	3877304	1121159587444999
536672	506568	30104	2984	7520082	6879318	1121159595692193
1685706	1651496	34210	3223	8001478	8506342	1121159605569157
1407478	1377472	30006	2530	6639416	6842472	1121159613806797
1752078	1620032	132046	2681	6748330	7488576	1121159622501347
583718	555668	28050	1560	4511942	4082228	1121159627786933
1799618	1682864	116754	3364	8280786	8901874	1121159638060819
1428618	1399846	28772	3365	7806268	8532254	1121159647485667
1436798	1407282	29516	3213	7915226	8237998	1121159657027797
1402508	1374598	27910	1309	3782364	4393512	1121159662403433
1184152	1153192	30960	3605	8595494	8774604	1121159672373053
677462	649648	27814	360	2279540	1778828	1121159675520323
756552	725224	31328	4757	11115498	10644786	1121159687605373
997544	970404	27140	142	1853694	1656708	1121159690646293
898148	871112	27036	2001	5685256	5275718	1121159697418853
843192	813730	29462	3810	8868064	8837806	1121159707319917
1660468	1632378	28090	1020	3596992	4075752	1121159712767123
1513576	1484902	28674	3852	9361228	9590052	1121159723832041
1193868	1162986	30882	56	1290794	1680456	1121159726510377
1425358	1396390	28968	4159	9902276	10117608	1121159738027769
792746	757026	35720	3229	8034992	7624346	1121159747045057
1598218	1567206	31012	375	2308728	2722606	1121159751142477
1372134	1343554	28580	1427	3871790	4601680	1121159756576329
1663258	1569438	93820	3318	8189616	8673292	1121159766619387
1186060	1157110	28950	88	1616886	1744382	1121159769612261
1004462	975964	28498	3309	8156054	7997138	1121159778962483
634232	605682	28550	4516	10593274	10042182	1121159790380183
1550624	1514492	36132	4325	10679178	11040392	1121159802800483
1606454	1577624	28830	1821	5193394	5623448	1121159809790349
1185656	1156330	29326	52	1667994	1663910	1121159812837451
1579012	1550378	28634	4542	10636074	11038486	1121159825242763
252938	225132	27806	291	1787364	1209934	1121159827472633
691636	663088	28548	3259	8084834	7585232	1121159836439257
1308766	1281016	27750	4029	9542356	9747226	1121159847480337
1451040	1420786	30254	4554	10658936	10932210	1121159859780541
1464378	1436702	27676	2045	5642606	5926842	1121159867081767
935380	907504	27876	2378	5869594	6068004	1121159874076685
1631918	1601832	30086	3803	8548146	9613438	1121159884447157
1105124	949424	155700	2660	6874110	6804128	1121159892616279
1579498	1550778	28720	4020	9394960	9999676	1121159903780567
1550052	1520912	29140	3310	7761552	8545568	1121159913333113
468142	423010	45132	3669	8368610	8185646	1121159922359861
763392	723228	40164	3489	8539128	8123192	1121159931852273
1086492	800732	285760	640	2831786	2741106	1121159935963387
1124080	1094190	29890	1712	5003814	4922230	1121159942280835
1623586	1593386	30200	2758	6714228	7515320	1121159950808335
1095328	1067326	28002	1168	3696134	3805746	1121159955790027
1661772	1633788	27984	780	3115266	3596634	1121159960760503
1405138	1376602	28536	278	2117940	2335266	1121159964473807
1475398	1445454	29944	4858	11100436	11570008	1121159977239993
1543622	1515856	27766	2826	6812224	7570632	1121159985786081
1626290	1599240	27050	2268	5916944	6536604	1121159993522949
1459530	1430810	28720	3785	8621828	9403796	1121160003793931
777394	746638	30756	4697	10945046	10546794	1121160015709643
704590	675220	29370	2197	5635150	5472744	1121160022242789
1783548	1755760	27788	4071	9701312	10309660	1121160033917709
1675354	1488434	186920	3753	8308564	9555754	1121160044091413
1636760	1606026	30734	1188	3938590	4387204	1121160049856705
1401746	1374708	27038	1912	4978354	5599968	1121160056429737
1714470	1623376	91094	698	2958470	3490856	1121160061292425
1616992	1590060	26932	2219	5583556	6429980	1121160068682861
1428390	1397846	30544	4056	9061998	9918140	1121160079363241
938130	909694	28436	2425	6246772	6163838	1121160086737839
543828	513018	30810	2190	5549888	5302888	1121160093021467
936618	907642	28976	308	2166754	1928532	1121160096314273
545668	518602	27066	2187	5899656	5302532	1121160102973233
1549012	1508844	40168	1406	4030540	4735892	1121160108742613
1143322	1113924	29398	1209	3977144	3936234	1121160114052853
683596	655626	27970	2610	6932520	6284216	1121160121859037
924742	896244	28498	201	1950392	1701942	1121160124928123
1464648	1434918	29730	1784	5123174	5408018	1121160131706067
1583254	1555522	27732	2659	6339694	7275938	1121160139822553
1413132	1385594	27538	2130	5293090	6048794	1121160146722373
1175942	1147314	28628	1284	3996644	4119292	1121160152085143
1645650	1617264	28386	2430	6413530	6878664	1121160160334785
1691546	1663442	28104	4695	10343932	11457778	1121160172560607
1496870	1377892	118978	4905	10656058	11680822	1121160184903841
1243822	1215932	27890	2076	5649252	5770428	1121160191986733
604676	575954	28722	2692	10645788	6364500	1121160203427545
1571258	1544064	27194	3880	9316778	9706484	1121160214506009
1449180	1420056	29124	3979	9410620	9785726	1121160225555835
1721266	1693482	27784	4091	9734390	10277676	1121160237201837
1496822	1466058	30764	551	2656564	2974178	1121160241545383
1419810	1392086	27724	1069	3695416	3932540	1121160246850285
1261572	1232238	29334	3150	7854046	7935656	1121160256155947
1642876	1613056	29820	3413	8398228	8849420	1121160266387225
1576218	1547652	28566	1759	4701118	5467796	1121160272854477
1440890	1411356	29534	1770	5037492	5356936	1121160279523135
1073312	1043646	29666	4588	10339044	10622560	1121160291125481
845012	817202	27810	1953	5514382	5126026	1121160297675157
1697152	1667350	29802	4215	10066764	10501742	1121160309629121
1402306	1372826	29480	4713	10479474	11224552	1121160321700687
1627132	1599196	27936	2835	7236060	7670876	1121160330757001
1256282	1157062	99220	308	1814792	2253122	1121160334018133
1412864	1373174	39690	4377	10333650	10542280	1121160345976615
1533760	1506490	27270	2844	7250540	7597012	1121160354951461
1185442	1156180	29262	137	1834204	1836068	1121160358161083
1491550	1452114	39436	1670	4915026	5212348	1121160364781169
1438058	1407578	30480	4240	9934246	10293042	1121160376343587
801544	772348	29196	4037	9253790	9251122	1121160386589023
1524044	1496006	28038	3400	7730076	8698656	1121160396033355
1202040	1162796	39244	120	1443656	1816774	1121160398869335
1619494	1591694	27800	2891	7241864	7776854	1121160407920749
1022532	994412	28120	3402	7969984	8202058	1121160417103757
1457118	1428648	28470	4914	11380866	11661094	1121160430132193
1647814	1616974	30840	4014	9657898	10127048	1121160441640809
