# Loop @ Start frequency 1300000Hz took 1638.51 cycles
# Interval [1636 ; 1641]
# Q1 : 1630 ; Q3 : 1634
# Loop @ Target frequency 2400000Hz took 889.55 cycles
# Interval [885 ; 894]
# Q1 : 882 ; Q3 : 884
# Confidence intervals do not overlap, alternatives are statistically different with selected confidence level
Change time (with write) [cycles]	Change time [cycles]	Write cost [cycles]	Wait time [us]	Time since last frequency change request [cycles]	Time since last frequency change [cycles]	Detected frequency change timestamp [cycles]
1638582	1583842	54740	3567	392140976	393025380	1121330621116135
1594544	1560286	34258	4812	11145974	11575412	1121330634082007
1711470	1631590	79880	907	2953998	3877018	1121330638968871
1544862	1516110	28752	3036	7609324	7976048	1121330648344209
1321176	1293464	27712	4996	11490770	11663850	1121330661376457
1515390	1488248	27142	2463	6463890	6792298	1121330669576551
1042712	1016038	26674	4156	9840372	9705330	1121330680679851
1809284	1782490	26794	3982	8727752	10124128	1121330691438335
1155866	1129230	26636	4075	9626372	9655058	1121330702440819
1394738	1368094	26644	3998	9530984	9741122	1121330713591585
1325758	1299748	26010	3427	8372352	8531330	1121330723510519
1609498	1581166	28332	2191	5915670	6341488	1121330731256253
1431456	1402968	28488	4544	10577920	10869854	1121330743486055
1722142	1695656	26486	3891	9125912	9854930	1121330754554729
1198602	1171858	26744	4101	9655222	9751502	1121330765633109
649050	620420	28630	3295	8122946	7589290	1121330774625415
1758240	1728536	29704	2535	6600550	7178552	1121330783204565
947888	920698	27190	27	886942	1353036	1121330785260223
1574924	1508186	66738	2511	6553392	6948974	1121330793609197
1762282	1733988	28294	4626	10360602	11364708	1121330805952469
1511310	1477242	34068	4697	10154996	11256616	1121330817839355
1431604	1403814	27790	4859	11183774	11501922	1121330830675563
1343582	1315718	27864	1572	4682134	4837938	1121330836921557
222570	195996	26574	447	2436070	1476814	1121330839800449
1400540	1370764	29776	3556	8646980	8862496	1121330850068369
1548074	1516394	31680	4871	11277058	11640828	1121330863113765
818416	789742	28674	3275	8101806	7741212	1121330872254085
1272736	1244196	28540	1540	4756590	4704772	1121330878504349
1901042	1591176	309866	3078	7741242	8408516	1121330888450569
1669992	1642560	27432	1572	4673920	5165892	1121330895017459
0	0	0	0	0	0	0
1650054	1624224	25830	4158	9843784	10316272	1121330911765397
0	0	0	0	0	0	0
1131684	1064646	67038	590	2747382	2662702	1121330918408953
1669760	1633014	36746	1788	4664034	5595618	1121330924966973
892278	856758	35520	4822	10803620	10886614	1121330936883449
428128	400960	27168	271	2083168	1327978	1121330939615259
1989656	1958818	30838	2722	6971262	7785916	1121330948796749
1274964	1246750	28214	3041	6721814	7707396	1121330957013969
1414362	1386076	28286	1519	4574762	4809284	1121330963223289
1449052	1419476	29576	1506	4556990	4812116	1121330969449933
1439788	1382640	57148	4306	10042896	10403786	1121330981152673
1415852	1388998	26854	3273	8099994	8320026	1121330990888625
0	0	0	0	0	0	0
1646776	1617838	28938	2294	5930670	6584702	1121331005259449
1631348	1604958	26390	1597	4722848	5177296	1121331011833965
2055350	2029428	25922	2113	5262488	6631440	1121331019371887
1627826	1599860	27966	412	2482400	2802826	1121331023702289
0	0	0	0	0	0	0
1858218	1720036	138182	3347	8237496	8908040	1121331037224619
1257094	1157658	99436	16	1449166	1643602	1121331040151419
1752718	1725408	27310	1746	5037930	5595182	1121331047163049
0	0	0	0	0	0	0
1079994	1053358	26636	3464	7758666	8357758	1121331068180199
1906574	1877388	29186	3745	9019380	9746488	1121331079326615
1405720	1377696	28024	2732	6169014	7221068	1121331087121749
1487396	1460432	26964	1498	4528454	4839780	1121331093357345
1450754	1423428	27326	4146	9825718	10092496	1121331104854621
1391292	1363746	27546	1096	3305338	3932796	1121331109771139
750700	722298	28402	1260	4048398	3620912	1121331114790499
1424214	1398366	25848	4117	9766942	10009128	1121331126201899
1937486	1903698	33788	2011	5549624	6310578	1121331133909155
693274	666370	26904	172	1450214	1386748	1121331136272863
1639554	1603470	36084	2268	6062266	6525400	1121331144195109
0	0	0	0	0	0	0
1676086	1629188	46898	745	2939218	3516338	1121331160307549
1550818	1521338	29480	2672	6875614	7245464	1121331168954241
713052	686548	26504	3355	8020544	7773068	1121331177908343
654746	626124	28622	1239	4006610	3483504	1121331182790031
1631826	1606002	25824	4099	9728800	10179208	1121331194371013
1368414	1341066	27348	3278	7898040	8274478	1121331203861505
1429990	1287574	142416	2673	6325120	7126608	1121331211837031
0	0	0	0	0	0	0
1430360	1379564	50796	1737	4469432	5262546	1121331225685285
810316	782956	27360	1406	4349950	3973928	1121331231065249
1529102	1502366	26736	797	3131078	3480330	1121331235945949
1568374	1541926	26448	643	2782392	3203790	1121331240517201
862440	836530	25910	3558	8031224	8327664	1121331249635177
1477124	1447662	29462	4047	9621268	9921230	1121331260953817
0	0	0	0	0	0	0
1653878	1627420	26458	2473	6303756	6949582	1121331273646489
878260	838006	40254	1585	4225538	4408286	1121331278970777
1339902	1313150	26752	2540	6619322	6777542	1121331287150417
1268520	1239368	29152	4264	10087774	10158584	1121331298726899
1567472	1538466	29006	2738	6462704	7393890	1121331306977805
915854	879252	36602	2733	6763648	6733824	1121331314878081
1642908	1615446	27462	4271	10077600	10544590	1121331326819103
1613716	1587168	26548	2902	7150510	7769174	1121331335803785
934382	907188	27194	3628	8318084	8540598	1121331345276451
1013932	972830	41102	3111	7760666	7587120	1121331354271899
1184918	1156078	28840	266	1569176	2067130	1121331357246851
1736020	1708094	27926	4833	11205086	11752012	1121331370407865
710010	671580	38430	157	1855624	1374296	1121331373197775
1467420	1439780	27640	226	1817932	2291452	1121331376703247
1437382	1410104	27278	1531	4413910	4850142	1121331382775109
0	0	0	0	0	0	0
1999118	1971084	28034	3731	8488548	9811126	1121331402894691
1935724	1898994	36730	4131	8970428	10548622	1121331414021239
1953572	1910346	43226	3481	8440138	9266232	1121331424635019
1831260	1799104	32156	587	2085702	3355362	1121331428772659
1460766	1417344	43422	4252	9368034	10314554	1121331439822081
1865690	1837300	28390	3693	8680718	9602244	1121331450588929
1711644	1683712	27932	3638	8805796	9337782	1121331461326815
1396906	1369100	27806	2737	7027420	7222590	1121331469971613
1961582	1934792	26790	1854	5238852	6021314	1121331477392627
491966	464734	27232	262	1491450	1372394	1121331479596993
1549504	1523232	26272	2312	6151332	6524230	1121331487518465
1387760	1361948	25812	533	2450242	2802378	1121331491576669
2082198	2052658	29540	3593	8713658	9619534	1121331502593015
0	0	0	0	0	0	0
1684030	1657518	26512	4288	10088800	10609438	1121331517816769
1364476	1338120	26356	4109	9135508	9932662	1121331528537063
1764050	1737356	26694	2408	6346796	6929116	1121331536872575
1448708	1421458	27250	3027	6953270	7852732	1121331545495257
1335262	1304120	31142	4985	11137220	11708096	1121331558187697
338956	249510	89446	678	2372174	2044858	1121331561119281
991710	963498	28212	2117	5773032	5595944	1121331568104001
1435230	1407840	27390	2293	6114298	6372372	1121331575873521
2110410	2084724	25686	1789	5140180	6040158	1121331583344615
1655118	1624756	30362	914	3471396	3833008	1121331588691243
1655438	1629430	26008	4153	9238218	10312388	1121331599805497
1538162	1510196	27966	1515	4370786	4918214	1121331605934209
1475036	1446780	28256	1040	3189860	3907510	1121331610819351
1057228	1030326	26902	4496	10525548	10404982	1121331622623155
2069292	2042062	27230	3415	8358194	9248998	1121331633271079
1423272	1396856	26416	4104	9110578	9983220	1121331644024999
540546	385790	154756	3390	8308246	7670282	1121331653094209
1405872	1374722	31150	3186	7903066	8134264	1121331662623517
1328746	1300964	27782	4864	11261920	11407462	1121331675434267
786502	758060	28442	3823	8760824	8790236	1121331685201969
1210678	1176888	33790	4098	9724948	9756208	1121331696357987
725054	697226	27828	155	1836358	1385706	1121331699144347
1680674	1654028	26646	3875	9276238	9802006	1121331710321909
1492906	1465608	27298	4861	10552988	11581808	1121331722588037
1567006	1536900	30106	2928	7197156	7773116	1121331731572059
658222	630154	28068	110	1350438	1226838	1121331733801303
1646350	1619426	26924	1900	5327400	5797364	1121331740995289
1558366	1528560	29806	4545	10152654	10998702	1121331752927217
1423558	1386888	36670	3369	7795160	8513214	1121331762366425
1530818	1503400	27418	2297	6118690	6474346	1121331770239605
1488892	1370686	118206	4406	9774454	10651112	1121331781723559
0	0	0	0	0	0	0
634624	607212	27412	3521	8568814	8026496	1121331798177137
2141584	2115198	26386	2005	5550618	6501716	1121331806090111
1486778	1460728	26050	1318	4175732	4473088	1121331811973249
1392944	1367082	25862	4294	10136232	10330326	1121331823723305
1484874	1457954	26920	824	2790826	3482972	1121331828219167
1037762	1009992	27770	1278	4088890	3943716	1121331833566037
1608228	1578530	29698	2680	6894294	7318852	1121331842288491
1519664	1493132	26532	1094	3727052	4058026	1121331847755905
1402726	1373080	29646	3047	7629622	7847516	1121331857008829
765452	738230	27222	162	1862756	1445042	1121331859857481
1158684	1132208	26476	1420	4370632	4348842	1121331865606711
0	0	0	0	0	0	0
1594090	1567572	26518	4621	10773490	11186090	1121331883901983
1085632	1057656	27976	1886	4891758	5208370	1121331890099485
1406188	1378376	27812	4189	9907952	10134338	1121331901633949
1851334	1685984	165350	4642	10698024	11485746	1121331914403019
1651282	1623906	27376	2200	5506156	6401854	1121331921782923
0	0	0	0	0	0	0
1526544	1500648	25896	3859	8823628	9594378	1121331943416025
2249970	2216824	33146	1704	4979856	6052838	1121331950866541
2000374	1973268	27106	4153	8842758	10655648	1121331961929701
1985782	1958400	27382	3768	8499402	9872026	1121331972635033
1639998	1499118	140880	2718	6388212	7426196	1121331980883151
1856660	1828154	28506	3756	9049534	9727826	1121331992009773
1424982	1395108	29874	1692	4098930	5158930	1121331997754011
1545118	1515878	29240	4481	10062516	10857072	1121332009582043
1562142	1534328	27814	1863	4818250	5644932	1121332016183035
1558012	1529832	28180	2575	6375160	7059274	1121332024336885
1671242	1641494	29748	1574	4181430	5170080	1121332030410001
1802802	1775168	27634	4855	11234588	11862112	1121332043687499
1302890	1160388	142502	44	1428756	1741182	1121332046639549
1603394	1576678	26716	4716	10974928	11385854	1121332059437987
1953356	1885628	67728	3488	8436460	9280962	1121332070047869
1175942	1145782	30160	2537	6436166	6600704	1121332077880337
0	0	0	0	0	0	0
1757338	1730606	26732	320	2246336	2747702	1121332091571703
0	0	0	0	0	0	0
1706662	1678876	27786	613	2545058	3302980	1121332101744929
1371940	1343396	28544	4795	10300526	11315448	1121332113638065
1411980	1281270	130710	1000	2921388	3770044	1121332118192077
1696660	1668950	27710	2181	5897598	6409060	1121332126006727
0	0	0	0	0	0	0
2128932	2092826	36106	1799	5134574	6085718	1121332146334845
7399552	7394034	5518	1483	4306130	10715414	1121332158261421
954476	926486	27990	1306	4212370	3916566	1121332163648275
1409326	1383108	26218	1083	3697128	3926002	1121332168975075
810108	761886	48222	2629	6764182	6430324	1121332176769789
1420508	1392470	28038	847	3221242	3465070	1121332181632081
2066462	2020156	46306	3437	8423000	9289698	1121332192341989
958310	931002	27308	2324	5369164	5957332	1121332198893813
1404456	1376850	27606	2335	6211068	6432926	1121332206729913
1445308	1418930	26378	4813	11137168	11421604	1121332219532685
0	0	0	0	0	0	0
1527908	1500132	27776	3083	7695110	8043686	1121332240959047
1612622	1586074	26548	4348	10229542	10665436	1121332253021743
1459132	1430402	28730	1639	4825294	5093594	1121332259526149
1642248	1481362	160886	4708	10968422	11409684	1121332272357163
1322786	1293662	29124	3991	9509924	9655506	1121332283419649
1134846	1108658	26188	895	3106818	3274004	1121332287881623
1375304	1348716	26588	130	1332178	1986700	1121332290810047
1743766	1713914	29852	3547	8607690	9188410	1121332301382439
0	0	0	0	0	0	0
660728	633460	27268	3611	7792592	8235478	1121332317453329
728846	700978	27868	3071	7684344	7222076	1121332326087389
1476666	1448638	28028	3121	7774864	8069660	1121332335559141
1150730	1123570	27160	3537	8466528	8574994	1121332345397143
1527212	1500610	26602	1541	4615356	4960598	1121332351759519
1098372	1071028	27344	4851	11238088	11150714	1121332364316599
1943308	1914374	28934	3520	8568942	9334014	1121332375049415
920170	891936	28234	3752	8240222	8774970	1121332384430251
2245112	2217732	27380	1926	4957108	6448482	1121332391857099
0	0	0	0	0	0	0
1496700	1470432	26268	2108	5661340	6061818	1121332411994565
2174958	2021938	153020	3409	8352088	9347790	1121332422742219
1537922	1509756	28166	1582	4025108	5052134	1121332428525659
1208812	1067766	141046	1307	3896836	4173388	1121332433856537
1613606	1583230	30376	3269	8068696	8504008	1121332443759241
712618	685522	27096	1444	4414050	3950092	1121332449106189
320356	274832	45524	367	2272718	1411136	1121332451919883
1588532	1561252	27280	4526	10581520	10990992	1121332464310005
1594842	1567532	27310	1010	3551248	3965898	1121332469676225
1697954	1533522	164432	3218	7985112	8485620	1121332479579333
905918	878726	27192	4507	9973614	10275618	1121332490679137
2076518	2049504	27014	3592	8719884	9611390	1121332501697745
1358448	1330510	27938	4429	9952568	10567998	1121332513229505
1278792	1253002	25790	2363	6251624	6354618	1121332520979825
1923178	1893338	29840	3697	8942820	9689644	1121332532066177
1995666	1965304	30362	765	2301152	3876092	1121332536584579
1716140	1688558	27582	3037	7039786	8141286	1121332545560953
1448014	1418956	29058	1186	3673250	4170738	1121332550902801
535530	507508	28022	2722	7023280	6376366	1121332558682251
1573356	1545064	28292	2586	6471156	7095408	1121332566948001
1269954	1243286	26668	2562	6456618	6744108	1121332574894595
1402604	1376942	25662	3618	7890062	8988570	1121332584407147
360884	334160	26724	410	2352968	1532650	1121332587345371
1600962	1572220	28742	4858	11248740	11667974	1121332600415397
1831784	1669938	161846	1582	4485016	5347574	1121332606956179
1802602	1774880	27722	3846	9005644	9844264	1121332617984933
1766472	1738370	28102	3808	9123244	9732330	1121332629094695
586384	465326	121058	616	1820770	2169258	1121332631722545
672766	646316	26450	730	3001326	2483396	1121332635616949
1095694	1067536	28158	4975	11015032	11401568	1121332647947729
1354912	1328082	26830	3171	7870308	8046944	1121332657392899
1573272	1546622	26650	3263	8056654	8449388	1121332667243159
1987666	1959300	28366	3658	8857926	9653444	1121332678309467
1405186	1377862	27324	2970	7045498	7694422	1121332686980913
1937292	1907154	30138	1899	5206564	6097108	1121332694344965
1582260	1556232	26028	4467	9843436	10865896	1121332705995885
1617560	1590366	27194	4256	9563908	10479510	1121332717397087
2069838	2041804	28034	1769	5065902	5959368	1121332724753283
1477696	1450314	27382	4276	9326736	10381062	1121332735777051
212708	172554	40154	301	2133784	1164430	1121332738344047
1111412	1085680	25732	3424	8375112	8310616	1121332748054685
1408142	1369376	38766	2861	7322002	7480948	1121332757005349
1260148	1230142	30006	4112	9575290	9840450	1121332768061251
1433566	1405628	27938	4151	9838294	10085874	1121332779554589
1552420	1526028	26392	2256	6038214	6414860	1121332787365421
728494	700042	28452	4034	9147360	9155872	1121332797461403
1148738	1121406	27332	4903	11350912	11304836	1121332810181549
1409548	1380570	28978	1688	4495016	5136436	1121332816306349
912276	885206	27070	2109	5511994	5479176	1121332822950989
1460880	1434160	26720	1608	4125730	5028116	1121332828757549
1064708	1037380	27328	962	3241130	3339986	1121332833283307
0	0	0	0	0	0	0
1646022	1619704	26318	735	2704940	3467000	1121332846984531
587676	543094	44582	1482	4501506	3910918	1121332852294185
1466506	1439214	27292	3071	7672450	7957214	1121332861652911
1484884	1458668	26216	4014	9555046	9863822	1121332872913165
1545714	1519120	26594	1443	4432022	4787956	1121332879111995
830082	800608	29474	1781	5100354	4750138	1121332885262305
909602	882042	27560	2561	6693968	6381842	1121332893085831
1580402	1552590	27812	2849	6830918	7628296	1121332901718523
1715858	1688956	26902	1244	3416984	4560778	1121332907071917
1399428	1371356	28072	2967	7467964	7689602	1121332916159389
1613982	1577504	36478	1604	4736360	5172594	1121332922729971
819116	791982	27134	39	1613532	1250396	1121332925382355
1790274	1764022	26252	1695	4919554	5530330	1121332932312177
0	0	0	0	0	0	0
1806644	1770786	35858	3531	8594880	9217160	1121332954356393
1180934	1119300	61634	2513	5907390	6557076	1121332961710621
1664576	1637606	26970	2483	6534434	6980590	1121332970130177
1280164	1254254	25910	4695	10768688	11019770	1121332982399671
2025892	1719440	306452	2080	5687544	6535910	1121332990337339
0	0	0	0	0	0	0
1624544	1585958	38586	4703	10944258	11385892	1121333015887785
1552120	1522802	29318	3532	11138938	8966376	1121333028799235
1303890	1276712	27178	2604	6651606	6861588	1121333036974975
1321602	1293534	28068	4218	10055136	10113758	1121333048572609
1618676	1494424	124252	596	2724394	3159612	1121333053135625
1469708	1440700	29008	4133	9799096	10090988	1121333064624599
1287068	1259714	27354	4664	10862060	10965434	1121333076993887
1501282	1451322	49960	3903	9338686	9661842	1121333088053955
0	0	0	0	0	0	0
1899898	1869592	30306	3540	8612310	9330790	1121333105466419
1165442	1137426	28016	4592	10544096	10699938	1121333117395877
1563190	1536538	26652	4918	11364924	11749890	1121333130545523
1518054	1490864	27190	1158	3280268	4183984	1121333135568333
1424316	1396230	28086	856	3251770	3486316	1121333140464557
1236554	1204586	31968	3235	8003342	8056862	1121333149928719
1177124	1150338	26786	553	2635364	2633010	1121333153961257
1801612	1770134	31478	3179	7110354	8571462	1121333163093681
1680624	1597486	83138	4849	11234210	11734264	1121333176228611
1276068	1249200	26868	4083	9528444	9793092	1121333187254041
778642	741586	37056	4279	10089004	9685140	1121333198342461
1556780	1529910	26870	3894	9325108	9695784	1121333209448557
1106746	1079392	27354	1731	4435328	4925804	1121333215210439
1408088	1376572	31516	2542	6615378	6842794	1121333223453715
1498608	1471962	26646	1197	3709616	4243756	1121333228882253
1454868	1370220	84648	4572	10243570	10948854	1121333240800381
1426196	1398814	27382	4725	10990826	11233304	1121333253437665
1707836	1681138	26698	1616	4357238	5295540	1121333259723207
1695624	1651414	44210	2907	6728732	7866824	1121333268368961
1521724	1495044	26680	2035	4912134	5941232	1121333275026931
781968	755494	26474	251	2035790	1639966	1121333278065179
0	0	0	0	0	0	0
1570698	1543946	26752	4084	9703834	10093950	1121333302409745
1807576	1780496	27080	3836	9004474	9831004	1121333313446565
448346	380120	68226	1843	4785730	4505338	1121333318901245
1460326	1433406	26920	2724	6981716	7264200	1121333327563201
1505518	1477024	28494	2228	6093202	6312916	1121333335382289
1301450	1274228	27222	4334	10060380	10318840	1121333346964125
522266	495250	27016	220	1997954	1334730	1121333349704957
664642	636246	28396	2469	6575326	5954572	1121333357165247
0	0	0	0	0	0	0
1618046	1591332	26714	3324	8196058	8624568	1121333379174527
1691232	1664418	26814	1701	4301058	5443064	1121333385387659
1531588	1503382	28206	2389	5652884	6659994	1121333392791971
1704044	1674704	29340	1254	4154414	4570844	1121333398872319
1413110	1385864	27246	1146	4067698	4061778	1121333404573417
1521072	1480998	40074	1524	4408344	4921290	1121333410723239
1399632	1371330	28302	2838	7066212	7426610	1121333419409769
1626644	1599158	27486	757	7998184	3492570	1121333429254769
1254006	1225974	28032	1387	4302544	4378586	1121333435032065
901990	875166	26824	1916	5447898	5092636	1121333441601973
1727142	1699570	27572	778	3096268	3632934	1121333446645095
1505744	1479620	26124	3625	8075404	9105956	1121333456447563
1671042	1645342	25700	1366	3890594	4762704	1121333462233395
459458	433652	25806	4116	9201958	9042424	1121333472115219
615182	581990	33192	3541	8620626	8047078	1121333481570807
1061610	919370	142240	2343	6220522	6099212	1121333489073239
0	0	0	0	0	0	0
1714882	1688334	26548	3398	8463422	8861836	1121333502238349
2120848	2092642	28206	577	2629184	3626112	1121333507208345
1741896	1711640	30256	4330	9394100	10751450	1121333518565325
1241058	1076922	164136	1997	4993702	5584854	1121333525020419
1663260	1522464	140796	751	2688280	3514998	1121333529592545
257656	230958	26698	304	2139218	1215234	1121333532208977
934432	907596	26836	1683	4896420	4649602	1121333538259677
1190726	1164292	26434	24	1585348	1588864	1121333541255955
1487142	1460898	26244	4052	9646984	9941588	1121333552610309
0	0	0	0	0	0	0
417462	390564	26898	192	1922802	1150278	1121333560046565
1878654	1849820	28834	1046	3620652	4320892	1121333565765665
1536116	1509420	26696	1820	4307362	5531160	1121333571829139
0	0	0	0	0	0	0
1806476	1777412	29064	503	2541750	3162944	1121333581761361
1480296	1452754	27542	3001	6663274	7837730	1121333590125149
1642120	1614806	27314	4432	10327230	10855728	1121333602314915
1036790	1007028	29762	3206	7265822	7799294	1121333610837521
1443502	1413504	29998	901	3340472	3602388	1121333615844121
1193352	1165858	27494	4711	10559764	10967218	1121333627818019
1140756	1112678	28078	1660	4854032	4811222	1121333634033209
1789544	1686668	102876	689	2910696	3517932	1121333638953971
2046014	2018492	27522	3718	8512114	9833566	1121333649732377
1656758	1630952	25806	4450	9599778	10916694	1121333661209009
2054666	2026066	28600	3635	8296860	9676450	1121333671780845
1627562	1599562	28000	1159	3846894	4295788	1121333677475715
1490020	1461890	28130	4807	11112946	11454796	1121333690300117
560848	391020	169828	4644	10815328	10200174	1121333701896825
892864	865018	27846	339	2108538	1921972	1121333705118785
1263986	1236650	27336	3398	8342762	8409952	1121333714965883
1600256	1573810	26446	1625	4791418	5205852	1121333721578039
1465460	1438880	26580	3388	8314734	8591272	1121333731579187
1304624	1277266	27358	2588	6798034	6830146	1121333739902213
1631638	1602472	29166	4440	9877044	10862196	1121333751631243
1748816	1721666	27150	2426	5794296	6956484	1121333759396393
1309562	1276300	33262	1390	4189196	4440974	1121333765115031
1753602	1726482	27120	517	2569752	3143714	1121333769659035
1567240	1539976	27264	3612	8017596	9149182	1121333779464645
1168460	1141646	26814	3997	9659716	9513734	1121333790513793
1698722	1655348	43374	1515	4110444	5079056	1121333796639975
1440970	1373640	67330	4807	10648366	11404856	1121333808950131
1530584	1503102	27482	2226	5960564	6340244	1121333816661675
1708258	1681726	26532	2777	7087828	7612514	1121333825679315
1583352	1462030	121322	1518	3939432	4976454	1121333831422299
1665652	1638190	27462	4911	10818382	11843274	1121333844126533
1611702	1554888	56814	1246	3529730	4455166	1121333849488561
1139816	1112474	27342	3597	8620330	8684828	1121333859468565
2009254	1981000	28254	3397	8331498	9153212	1121333870029961
1016036	987548	28488	1898	4913990	5162476	1121333876180721
1669766	1643372	26394	3990	9613300	9998690	1121333887684269
1470136	1444388	25748	1573	4176596	4966600	1121333893552697
0	0	0	0	0	0	0
1276040	1249700	26340	4025	9594366	9684002	1121333914058341
1671324	1645516	25808	903	2681086	3828706	1121333918631615
1531036	1500208	30828	4058	9651848	9997306	1121333930035289
1205388	1177454	27934	2849	7228884	7253902	1121333938689541
743462	697118	46344	2038	5606546	5170466	1121333945259587
1458586	1432484	26102	2576	6681714	6961574	1121333953620615
1008930	982228	26702	1794	9829924	4947336	1121333964680913
0	0	0	0	0	0	0
1040634	1012776	27858	1021	3388390	3434964	1121333979254501
1457974	1430812	27162	2521	6572860	6849402	1121333987505815
392652	367022	25630	256	2041484	1255248	1121333990160435
1258496	1232318	26178	1647	4824526	4904080	1121333996464273
0	0	0	0	0	0	0
1218238	1174998	43240	82	1766828	1738226	1121334008023855
1334396	1305730	28666	3606	8519144	8897508	1121334018097949
0	0	0	0	0	0	0
1104810	1078294	26516	2797	6975782	7047512	1121334032898289
1591548	1564292	27256	2847	7242234	7641764	1121334041952885
858482	830466	28016	4533	10387794	10273636	1121334053419769
1474424	1447842	26582	2314	6156082	6454138	1121334061271635
1535940	1508370	27570	1416	4375156	4717900	1121334067403159
1566420	1540562	25858	4815	10623400	11553122	1121334079813529
0	0	0	0	0	0	0
1594064	1567412	26652	804	3145486	3552158	1121334090931065
1618392	1587906	30486	3314	7557844	8595860	1121334100327305
1400742	1374330	26412	3590	8119016	8931990	1121334110071577
1081846	1054024	27822	4213	9718990	9858006	1121334121092613
1627930	1600428	27502	4843	11361840	11665440	1121334134302589
1839440	1812740	26700	2107	5641284	6403942	1121334142004067
1775936	1606836	169100	466	2528440	3057490	1121334146528489
1184994	1158640	26354	165	1696966	1864582	1121334149635543
1486188	1455884	30304	3640	8834576	9116506	1121334160176633
1411538	1384226	27312	929	3393362	3619496	1121334165202005
1721368	1650912	70456	4618	10762140	11308070	1121334177905717
2078066	2051236	26830	3585	8290452	9600276	1121334188494345
1287140	1160198	126942	169	1066114	1974608	1121334191071415
1109554	1083782	25772	887	3062742	3240108	1121334195463755
2030506	2003146	27360	3960	8887778	10320286	1121334206602573
977332	951148	26184	1222	3240606	3771904	1121334211125463
1142804	1114908	27896	256	1582514	2004070	1121334214070937
1855550	1827482	28068	2861	7254956	7928128	1121334223401595
1480706	1454110	26596	1736	4386790	5302214	1121334229488671
1392894	1364866	28028	747	2853134	3236274	1121334233954907
1420148	1393720	26428	4831	11020664	11433250	1121334246615971
1879778	1712680	167098	3066	7807124	8362022	1121334256523485
1580444	1551810	28634	3173	7671898	8276330	1121334266016137
1206392	1179110	27282	840	3183074	3237562	1121334270626059
1479404	1452958	26446	3440	7724980	8709556	1121334280050929
515528	489152	26376	639	2218330	2143940	1121334283005077
1353670	1326440	27230	4969	11475290	11648818	1121334296055139
1094756	1068150	26606	2874	6468242	7193988	1121334303838127
1673910	1538910	135000	2794	7128896	7612036	1121334312861237
1101622	1075188	26434	1947	4899526	5346086	1121334319082909
1414424	1386428	27996	3675	8885708	9123308	1121334329603589
622464	547518	74946	2683	6947072	6340150	1121334337393591
752880	722508	30372	2129	5578794	5361228	1121334343945949
1627820	1599820	28000	1178	3883084	4334570	1121334349676821
1643114	1616520	26594	4357	9991928	10706734	1121334361532069
1470860	1444248	26612	2768	6515886	7362128	1121334369739693
657260	630248	27012	1728	4992748	4464838	1121334375610089
1735018	1687286	47732	1345	4222200	4776394	1121334381787789
1379288	1352494	26794	2397	6226858	6524094	1121334389614015
826072	799158	26914	4420	10371782	10016872	1121334401032679
1175286	1149528	25758	4668	10873580	10868658	1121334413301779
1397824	1372114	25710	2509	6546930	6766222	1121334421466275
1600006	1574264	25742	2084	5647610	6118984	1121334428934385
1128958	1100614	28344	1008	2785182	3497544	1121334433069305
1641922	1614116	27806	989	2667140	3969162	1121334437598269
1222402	1195990	26412	2209	5981918	5990404	1121334445022717
1743588	1717216	26372	2132	5868858	6362536	1121334452855789
2128300	2100430	27870	529	2124108	3535380	1121334457328489
1800850	1775086	25764	1889	5307222	5928182	1121334464657035
1915034	1887204	27830	480	2361266	3224634	1121334469153125
1538448	1510608	27840	1836	4327112	5560036	1121334475238459
1419730	1393194	26536	3609	8212920	8989158	1121334485091691
1601452	1575478	25974	3931	9387884	9819846	1121334496301305
1713798	1682346	31452	997	3434214	4058582	1121334501669661
971280	945700	25580	83	1705360	1486976	1121334504567113
1216756	1188962	27794	1970	5532226	5507800	1121334511536549
1398082	1369740	28342	897	3330744	3542664	1121334516485819
972390	944264	28126	3170	7745908	7662132	1121334525428099
1483338	1456224	27114	4614	10753372	11060518	1121334537884925
1154156	1126928	27228	4075	9682322	9654808	1121334548941655
0	0	0	0	0	0	0
2199708	2040198	159510	3810	8829070	10180688	1121334566669027
0	0	0	0	0	0	0
1431370	1403920	27450	2703	6942462	7187776	1121334586680537
1251688	1224680	27008	571	2638222	2744558	1121334590790867
0	0	0	0	0	0	0
1189972	1162032	27940	204	1394742	1948352	1121334599791059
0	0	0	0	0	0	0
1612146	1585676	26470	4899	11328150	11760798	1121334616883089
662236	636454	25782	1951	5363408	4921734	1121334623129129
0	0	0	0	0	0	0
1453760	1426370	27390	875	3281652	3555300	1121334634318599
1692792	1663512	29280	1820	6338294	5682570	1121334642569565
1534456	1507950	26506	1624	4046678	5132556	1121334648371203
970738	944242	26496	4226	9921356	9773320	1121334659487373
1737288	1685694	51594	2530	6586940	7147874	1121334668031841
1187144	1160920	26224	287	1443778	2111634	1121334670883715
848622	820736	27886	2017	5488344	5238078	1121334677441089
484516	455078	29438	4637	10800768	10109252	1121334688946905
1634952	1605506	29446	3099	7755236	8188752	1121334698557317
0	0	0	0	0	0	0
1522434	1495442	26992	4460	10136832	10798456	1121334719100589
1494278	1467792	26486	2320	5673432	6484404	1121334726488455
1868926	1841798	27128	3691	9023550	9602484	1121334737604953
794438	766966	27472	3515	8040318	8183500	1121334746660385
1472970	1446236	26734	1689	4907436	5200902	1121334753260935
1678866	1651100	27766	4036	9596648	10101310	1121334764756689
1568378	1538452	29926	3330	7686298	8578184	1121334774232185
1888858	1862196	26662	3527	8531116	9292892	1121334784872539
1716132	1687536	28596	4512	9982364	11090526	1121334796791765
1716294	1681136	35158	4272	9509298	10611712	1121334808237771
0	0	0	0	0	0	0
1429860	1402872	26988	1271	4082288	4323556	1121334821763283
1813536	1787188	26348	270	2079618	2702416	1121334825876897
1286584	1255614	30970	1835	4678206	5307126	1121334832061927
1151904	1124080	27824	2272	6072622	6045356	1121334839507173
696406	669030	27376	1381	4092056	3809390	1121334844515601
1484440	1450902	33538	2583	6102856	6999086	1121334852327669
1095260	1067388	27872	4192	9431382	9829714	1121334863078319
1230000	1195620	34380	4268	10076472	10123206	1121334874605019
1559800	1464590	95210	2526	6409612	6961542	1121334882794709
0	0	0	0	0	0	0
969354	942250	27104	1343	4220164	4005558	1121334899256199
598646	550606	48040	2034	5049700	5017436	1121334905125361
1010156	983580	26576	894	3392648	3149138	1121334909748887
1641494	1601424	40070	3835	9203448	9662406	1121334920814185
1591358	1429516	161842	1528	3929972	4997772	1121334926555985
1207688	1050506	157182	3525	8436338	8607758	1121334936420255
1021318	991804	29514	2292	11581872	5954124	1121334949247741
386262	359234	27028	421	2376278	1578612	1121334952230685
1787546	1702172	85374	1282	4096964	4706022	1121334958335925
1679412	1651684	27728	1609	4159616	5247496	1121334964399737
1593766	1566354	27412	4497	10054406	10938664	1121334976271955
1523794	1495280	28514	1542	4378012	4959052	1121334982393921
1698522	1574552	123970	1225	3888114	4498716	1121334988204659
1052064	1025282	26782	3580	8567172	8560818	1121334998044075
0	0	0	0	0	0	0
1173616	1145450	28166	2230	5993360	5983436	1121335008643575
1409292	1382086	27206	2381	6291584	6522550	1121335016565239
0	0	0	0	0	0	0
1809512	1780340	29172	3524	8692014	9208598	1121335035025345
1949336	1905570	43766	2149	5143706	6597144	1121335042339091
1122144	1095544	26600	4944	11421264	11360520	1121335055121811
1187202	1158552	28650	3449	7741670	8435136	1121335064270741
1613802	1586644	27158	4539	10108608	11042882	1121335076213265
1188908	1160452	28456	192	1251914	1923514	1121335078874327
1401086	1373086	28000	2481	6435012	6721010	1121335086930463
574690	547702	26988	4389	10344450	9707416	1121335098069929
1415766	1387772	27994	2949	6963090	7663286	1121335106668945
1435240	1408840	26400	3720	8971916	9224530	1121335117296371
1223456	1194524	28932	4840	11212482	11255052	1121335129952519
1736832	1639992	96840	701	2930304	3489376	1121335134839849
837406	811036	26370	4793	10566476	10772028	1121335146464327
1413300	1385372	27928	2731	6997238	7226668	1121335155098115
0	0	0	0	0	0	0
1377874	1346080	31794	3423	8285740	8574130	1121335175712617
2130618	2099914	30704	3618	8769926	9718416	1121335186833189
1826108	1797972	28136	937	2505078	4049516	1121335191384669
1048238	1021764	26474	2350	5325562	6098084	1121335197978769
1642684	1616290	26394	523	2661868	3038264	1121335202503217
770594	724194	46400	45	1619348	1211414	1121335205117021
1429500	1400942	28558	445	2423792	2677846	1121335209189959
1919260	1890658	28602	445	1980010	3159356	1121335213309705
1262454	1235788	26666	4271	9652258	10163764	1121335224444753
1598074	1571628	26446	4308	10117562	10563148	1121335236384325
1607842	1580808	27034	4659	10911730	11275182	1121335249127929
1549308	1523028	26280	598	2739814	3105976	1121335253637417
1604654	1577646	27008	2719	6788668	7393512	1121335262250633
1469710	1442444	27266	2527	6169030	6874150	1121335270109659
1291854	1261676	30178	2390	6307842	6421634	1121335277929767
1742946	1694968	47978	1682	4199642	5456722	1121335284092819
1597364	1569472	27892	1631	4356464	5208946	1121335290267209
1191532	1159340	32192	128	1278428	1798576	1121335292957319
2044894	2018248	26646	4569	10681970	11540536	1121335305904547
901102	872952	28150	126	1793070	1504052	1121335308818725
1394576	1367408	27168	87	1712774	1926400	1121335312146267
2250630	2223048	27582	3824	8683432	10248884	1121335323300209
1401582	1375862	25720	3739	8302972	9229386	1121335333225073
1398798	1371516	27282	3153	7763828	8054084	1121335342608209
677074	651346	25728	318	2165396	1664022	1121335345670507
1209058	1181544	27514	2058	5739032	5674258	1121335352838419
1214126	1187400	26726	3238	7513122	8040356	1121335361785379
528028	493746	34282	312	2155570	1503102	1121335364689335
1461632	1435144	26488	3157	7852120	8126306	1121335374222763
1702802	1675362	27440	3223	7882000	8499504	1121335384027905
653408	626880	26528	243	2014178	1488952	1121335386916459
1010048	945618	64430	467	2464604	2299144	1121335390611059
1425686	1396874	28812	4652	10231030	11078942	1121335402488635
1203842	1172084	31758	4695	10582166	10943814	1121335414498711
342114	314954	27160	762	2491496	2218074	1121335417556933
1494368	1466952	27416	963	3453568	3769852	1121335422725185
0	0	0	0	0	0	0
898002	870870	27132	3189	7919192	7627136	1121335434992715
1508896	1480314	28582	4682	10913380	11228336	1121335447635525
1564728	1535998	28730	1819	4712412	5552528	1121335454133289
1789278	1591392	197886	895	2880704	3927668	1121335459023805
1982404	1953546	28858	320	1862642	2972186	1121335463088911
1058612	1031278	27334	3966	8705272	9340526	1121335473073079
1671758	1567902	103856	714	2971102	3455792	1121335477936113
1725886	1697146	28740	2764	7056146	7605676	1121335486938225
1449648	1422728	26920	1471	3721882	4742116	1121335492329917
1995846	1968448	27398	1798	5262558	5941526	1121335499812075
438170	392318	45852	3201	7971572	7190524	1121335508442295
1725840	1699178	26662	1900	5423890	5875372	1121335515815955
1085956	1058600	27356	4672	10968138	10780176	1121335528089915
1185780	1158964	26816	153	1307738	1841692	1121335530803711
1706068	1679868	26200	3198	7938446	8457446	1121335540668007
471440	381604	89836	588	2295858	1998204	1121335543655307
1832488	1805398	27090	2721	6807890	7626406	1121335552516345
1198426	1171818	26608	1103	3831398	3753738	1121335557770219
1407124	1377960	29164	2384	6129302	6524256	1121335565526827
1470938	1443428	27510	2908	7346624	7636292	1121335574564623
539786	512438	27348	372	2270770	1632888	1121335577595415
1606328	1490436	115892	3139	7806642	8234442	1121335587227849
1037648	1010128	27520	1263	4062008	3914184	1121335592547173
1313630	1285338	28292	2561	6656070	6785934	1121335600737087
1315056	1289172	25884	1519	4113934	4704582	1121335606386479
2032018	2004020	27998	1868	5291746	6119346	1121335613935397
1411230	1382472	28758	3472	7877512	8706726	1121335623444539
1527644	1499880	27764	4907	11354096	11691948	1121335636546771
1516290	1489074	27216	4167	9355716	10201284	1121335647639365
6957022	6952896	4126	951	3555886	9208918	1121335658372097
1529302	1500380	28922	1851	4765698	5581294	1121335664892301
0	0	0	0	0	0	0
1948834	1922494	26340	589	1949632	3477768	1121335675597681
1194828	1164734	30094	195	1380894	1946522	1121335678393695
943096	914632	28464	2721	6830356	6736046	1121335686401885
1920734	1894710	26024	2067	5678472	6405940	1121335694225489
1911042	1884184	26858	2388	5486956	7038316	1121335701843767
1761538	1604798	156740	4887	10679352	11886718	1121335714506085
1530816	1504228	26588	4998	11348196	11877790	1121335727613297
1396230	1368928	27302	1048	3394792	3843036	1121335732624631
2027832	2001452	26380	388	2303294	3155276	1121335737176265
955602	928082	27520	4060	8775234	9426828	1121335747127875
1704714	1677136	27578	918	3370370	3896702	1121335752423029
1390386	1362586	27800	3950	9178636	9641616	1121335763216593
1036920	1010048	26872	3299	8224634	7984860	1121335772699059
1586280	1559400	26880	2518	6567036	6973734	1121335781072361
2090718	2061900	28818	1972	5042862	6386152	1121335788426723
0	0	0	0	0	0	0
1457446	1430814	26632	4362	10260222	10530322	1121335808557287
1669330	1642618	26712	4345	10092210	10709014	1121335820539117
1185546	1158300	27246	252	1718130	2038522	1121335823663261
2180262	2046930	133332	2260	6063652	7050382	1121335832127895
1558474	1531176	27298	3056	7640844	8020594	1121335841548057
1079736	1051058	28678	1249	4033068	3929240	1121335846881263
0	0	0	0	0	0	0
1618252	1590222	28030	578	2154158	3124396	1121335860123703
775790	615974	159816	3726	8089476	8579614	1121335869209219
1724760	1695134	29626	432	2498008	2940054	1121335873652087
1210498	1181800	28698	1476	3872576	4520564	1121335878955783
1600534	1573582	26952	1578	4696524	5116542	1121335885473827
1954230	1927572	26658	2249	5596506	6818936	1121335893245395
1427850	1400942	26908	4532	9935414	10841600	1121335904828913
1253808	1157150	96658	38	1463806	1680544	1121335907766905
1226824	1199890	26934	701	2975994	2978820	1121335912189877
1422962	1393890	29072	2883	7430658	7538820	1121335921264015
1059904	1022758	37146	3978	9494358	9366150	1121335932038785
1176384	1096506	79878	3495	8518140	8517048	1121335941953173
2181008	2153962	27046	3730	8189274	9992386	1121335952543735
1445354	1416622	28732	4538	9618522	10872750	1121335963827989
1033702	1007530	26172	1181	3715762	3746318	1121335968798301
1075650	1049856	25794	2714	6965396	6859342	1121335977060211
1502032	1472238	29794	1225	3987856	4306924	1121335982770513
1664734	1638232	26502	2628	6375486	7269974	1121335991031209
1718604	1689680	28924	4001	9496990	10091616	1121336002466965
1850094	1823402	26692	1268	4069050	4737242	1121336008610459
526846	497790	29056	1116	3753068	3111194	1121336013111149
1693474	1665884	27590	4282	9601238	10608244	1121336024625661
1467884	1439282	28602	493	2378220	2802734	1121336028692071
367440	340326	27114	556	1790084	1830068	1121336031069555
1471340	1444210	27130	4864	11102000	11554870	1121336043863369
2136948	2102844	34104	3641	8648064	9770810	1121336054868925
2007018	1981098	25920	3694	8856344	9750190	1121336065952859
1395988	1369648	26340	3797	9379032	9340782	1121336076947775
1919594	1891186	28408	360	2019526	2991764	1121336081107365
918426	890854	27572	3414	7458002	8097690	1121336089704107
1612068	1530462	81606	2952	7123532	7866370	1121336098659669
1566378	1536222	30156	4922	11263256	11761764	1121336111709925
1168628	1139818	28810	998	3611520	3513548	1121336116710085
539752	512378	27374	2081	4996978	5051112	1121336122467219
0	0	0	0	0	0	0
0	0	0	0	0	0	0
1524848	1409562	115286	2532	6596358	6943530	1121336137398221
1472394	1444720	27674	1722	4564600	5287228	1121336143655629
1186622	1160170	26452	58	1167392	1654496	1121336146229873
1398646	1371470	27176	1754	4873404	5256360	1121336152721847
596192	551504	44688	2074	5462932	5093420	1121336159001345
1629432	1601892	27540	2597	6733494	7179870	1121336167584539
2053076	2027172	25904	2080	5150118	6574880	1121336175008103
1253526	1225016	28510	1836	4292724	5276308	1121336180774553
1003076	976658	26418	130	1790176	1613342	1121336183788081
905632	877772	27860	2069	5668426	5393974	1121336190582587
1432024	1404450	27574	2678	7025602	7138058	1121336199260851
0	0	0	0	0	0	0
1448658	1421472	27186	1080	3688068	3960166	1121336217357371
1688410	1578762	109648	967	3469216	3971514	1121336222735083
1118180	1090756	27424	2463	6467608	6394408	1121336230540853
1648070	1620756	27314	1022	3039176	4040770	1121336235448665
7537368	7533402	3966	3603	8739580	15093992	1121336251945849
1610162	1583694	26468	1355	4258200	4671984	1121336258034539
933092	906382	26710	3710	8469480	8704428	1121336267657469
693000	642800	50200	4999	10920460	11046388	1121336279491275
788422	761084	27338	3502	8534308	8141608	1121336289034615
620640	593818	26822	163	1865082	1305280	1121336291740801
1817426	1789382	28044	2809	7146970	7786592	1121336300925507
1640290	1611862	28428	1627	3904386	5244942	1121336306690369
1677334	1651012	26322	2610	6749106	7247774	1121336315337299
1859588	1830890	28698	3908	8922128	10034312	1121336326339485
280102	210524	69578	288	1716538	1207552	1121336328560005
1393178	1365938	27240	3458	8441766	8658886	1121336338615005
1933042	1904140	28902	299	2026398	2881888	1121336342794849
1716862	1689282	27580	986	2700506	4040122	1121336347432589
1698408	1668356	30052	2761	7012746	7571220	1121336356364099
1878702	1850192	28510	3415	8561492	9058260	1121336367028307
1708508	1636272	72236	1169	2970626	4396576	1121336371928033
1344706	1315306	29400	2529	6338930	6753234	1121336379832165
1679504	1651006	28498	2766	7072514	7560902	1121336388804931
1250184	1219602	30582	3818	9176382	9245340	1121336399451523
2163976	2138172	25804	1750	5033334	6012400	1121336406869205
1312876	1286008	26868	2372	6281948	6414448	1121336414684099
871402	845088	26314	1229	3498796	3679906	1121336419274609
1514002	1482738	31264	4289	9714498	10446898	1121336430723059
1500588	1466920	33668	3973	9563208	9801004	1121336442007623
1425822	1398952	26870	3125	7720154	8025878	1121336451374771
813336	785422	27914	1993	5531612	5149348	1121336457940229
1592934	1565916	27018	1045	3614520	4032602	1121336463367815
1438082	1411534	26548	4853	11242600	11493768	1121336476268821
1343922	1190684	153238	533	2507812	2758734	1121336480340597
1888078	1634562	253516	615	2359694	3468826	1121336484812757
1984902	1902916	81986	392	2323650	3129736	1121336489341529
1403066	1375912	27154	1915	4523744	5585146	1121336495505689
1494072	1466868	27204	3939	9384020	9723284	1121336506604553
1367896	1341502	26394	2399	6185124	6517840	1121336514378359
1804196	1777028	27168	503	2544386	3160224	1121336518950641
1286958	1203886	83072	766	3061678	3174616	1121336523519377
1101316	1074392	26924	256	1927054	1964384	1121336526767699
1532142	1505630	26512	2662	6870458	7213590	1121336535410369
1379756	1140032	239724	4682	10735886	11094906	1121336547745917
1116278	1089820	26458	2947	7421202	7359718	1121336556504415
1720186	1692240	27946	3937	9429060	9945506	1121336567878199
1528532	1501390	27142	1218	3229548	4315196	1121336572856499
1801670	1775042	26628	367	2135514	2886868	1121336577013607
1561750	1535772	25978	4643	10196342	11196904	1121336588991613
1501648	1473112	28536	3985	9475736	9840560	1121336600189459
2163770	2037402	126368	1715	4955922	5944006	1121336607529517
1597160	1570854	26306	948	2743762	3850006	1121336612090881
1437238	1410624	26614	1741	4112744	5270562	1121336617860945
1207426	1181646	25780	3084	7698386	7725806	1121336626986993
1443568	1410338	33230	1612	4774028	5023260	1121336633425065
805736	778510	27226	82	1754682	1320254	1121336636205209
1025948	999014	26934	541	2613878	2459226	1121336640065421
1554542	1526072	28470	1064	3661856	4033060	1121336645501941
1664464	1632284	32180	1438	3889338	4897962	1121336651275843
1057576	1021200	36376	4076	9294854	9578982	1121336661848913
410008	381286	28722	224	2073522	1207716	1121336664553247
1668642	1642122	26520	447	2419978	2911772	1121336668861949
1642500	1486770	155730	757	3053528	3514188	1121336673777747
1411256	1382368	28888	4618	10773624	10997386	1121336686182449
1985894	1892258	93636	436	2314390	3207614	1121336690703047
1051100	1024500	26600	3427	7757676	8256214	1121336699732129
552758	525998	26760	270	2070450	1442194	1121336702575719
1622506	1596720	25786	3861	9262616	9695496	1121336713765485
1690714	1663018	27696	2504	5956812	7050236	1121336721633631
1582902	1556048	26854	748	3164950	3430150	1121336726601761
1276016	1249782	26234	979	3039060	3584352	1121336731136759
1252676	1225140	27536	2357	5817884	6316358	1121336738427385
1079022	1053490	25532	43	1724468	1514676	1121336741455709
1246478	1210302	36176	4633	10832636	10863486	1121336753755073
1560478	1533330	27148	2468	6471262	6845398	1121336762006999
1597952	1449460	148492	1151	3686696	4250822	1121336767512467
1962868	1936446	26422	3447	8428900	9208012	1121336778125309
628662	601372	27290	3099	7802704	7178168	1121336786777009
821562	795050	26512	1272	3835152	3715292	1121336791653869
1619754	1592422	27332	4199	10054038	10367726	1121336803548001
1467618	1375682	91936	1753	4473894	5328218	1121336809709807
1236368	1208564	27804	3094	7626658	7773208	1121336818792489
902986	869654	33332	2978	7491438	7215528	1121336827407015
1661904	1632528	29376	4698	10922526	11408922	1121336840211825
1301486	1255686	45800	3538	8083472	8728398	1121336849817417
1319560	1286978	32582	1790	4883920	5250474	1121336856241435
598362	572184	26178	184	1896358	1315738	1121336858956155
1814448	1663002	151446	2449	6440958	7068886	1121336867432219
1808562	1780522	28040	4167	9129316	10494190	1121336878590197
1449616	1421338	28278	2790	6963488	7379230	1121336887223217
821640	793684	27956	8	1594004	1188874	1121336889858827
736578	709518	27060	345	2224302	1776018	1121336893040117
0	0	0	0	0	0	0
1593010	1565056	27954	1518	3984128	4979602	1121336907086461
1715902	1676814	39088	3876	8843018	9816688	1121336917865249
1797428	1770672	26756	475	2486066	3098046	1121336922368753
791500	765250	26250	628	2046212	2396626	1121336925430787
1628842	1602304	26538	3792	9109858	9562258	1121336936390099
656430	627772	28658	2114	5774780	5236750	1121336943045595
1096742	1013708	83034	2550	6639624	6552300	1121336951001795
624604	598276	26328	138	1712964	1262528	1121336953559695
1402876	1375500	27376	4150	9827142	10054550	1121336965009877
1525460	1498238	27222	2659	6537058	7193952	1121336973292381
2123452	2095264	28188	1973	5060428	6428128	1121336980696315
1334810	1307834	26976	3768	8320100	9220996	1121336990571663
1707548	1680412	27136	4173	9896516	10403046	1121337002396269
949422	922368	27054	2066	5346208	5432368	1121337008916089
626522	599634	26888	157	1848498	1297994	1121337011611149
9608842	9604860	3982	3739	9142788	17437342	1121337030583409
1669042	1642262	26780	2993	7530924	8007342	1121337040003469
1691928	1622422	69506	728	2989076	3497310	1121337044904329
1189496	1161588	27908	183	1407150	1906556	1121337047721855
2006808	1981036	25772	4562	10663702	11481612	1121337060613095
1495358	1468092	27266	1618	4072536	5082958	1121337066401565
1452748	1424428	28320	970	3665834	3743132	1121337071744955
1750974	1722070	28904	4618	10374646	11337430	1121337084091019
1188140	1159958	28182	358	1636122	2255300	1121337087136225
944828	916780	28048	1157	3913360	3609676	1121337092214835
1633924	1606782	27142	3241	8010474	8465532	1121337102079857
756050	633242	122808	4692	10910406	10491220	1121337113965935
1847324	1820104	27220	411	2349254	3019210	1121337118383137
1872636	1762922	109714	546	1941390	3315698	1121337122476465
1314328	1287522	26806	3644	8083954	8952188	1121337132099995
1524598	1496590	28008	4623	10097546	11120848	1121337143942249
1670608	1642768	27840	2433	5906412	6888082	1121337151740181
2136328	2109906	26422	3730	8801008	9947334	1121337162897809
1403620	1373528	30092	3606	8212794	8966816	1121337172735049
733252	705684	27568	3548	8623746	8180364	1121337182312537
1762274	1668974	93300	901	3054626	3913768	1121337187353541
1973492	1945510	27982	193	1894840	2709864	1121337191442745
1793252	1766488	26764	897	2524126	3938230	1121337195980499
433714	404190	29524	687	2168274	2158560	1121337198802875
1520742	1492896	27846	4937	11413332	11754628	1121337211957829
1158540	1129936	28604	895	3138492	3297900	1121337216475575
1517290	1380084	137206	4204	9363964	10276576	1121337227582313
1429218	1385064	44154	1193	3742360	4165680	1121337232974161
1241044	1212124	28920	1157	3854518	3913552	1121337238289901
493078	465648	27430	1775	5078980	4392550	1121337244081905
564104	534748	29356	3359	7792374	7632822	1121337252658857
1543842	1515890	27952	2438	6011656	6770664	1121337260434563
1418544	1385548	32996	912	3327298	3594178	1121337265405211
2169122	2142098	27024	3817	8741320	10159180	1121337276535711
1516258	1407052	109206	1772	4872508	5411082	1121337283144869
1147222	1120644	26578	834	3201710	3165324	1121337287713741
1433906	1407162	26744	2446	6236906	6676754	1121337295604333
1162900	1135846	27054	3018	7581754	7549708	1121337304569327
1402652	1374594	28058	1080	3686930	3912756	1121337309879013
1713502	1686432	27070	326	2102538	2716826	1121337313915861
2109304	2034098	75206	2323	5515824	7105604	1121337321761551
568702	541748	26954	168	1864108	1255174	1121337324414935
1696910	1668984	27926	2089	5706878	6225456	1121337332091057
1400892	1374206	26686	2884	7082130	7518678	1121337340794977
1797042	1770674	26368	2153	5796762	6453464	1121337348609133
963616	934404	29212	2873	6782212	7061096	1121337356575633
1722472	1693102	29370	4577	10679478	11226668	1121337369198329
716000	689390	26610	2046	5625426	5158632	1121337375759819
1437364	1385488	51876	3282	8091350	8350968	1121337385509179
1672390	1645172	27218	2183	5894476	6389602	1121337393296111
1800594	1724780	75814	1024	3023236	4199642	1121337398340253
1624842	1593382	31460	3381	8070644	8736202	1121337408260489
1404728	1377684	27044	2619	6170870	6993196	1121337416056289
1756150	1729014	27136	2207	5750966	6520394	1121337423783687
1421776	1374210	47566	2764	7056720	7300456	1121337432483227
722440	694702	27738	1235	3543868	3541658	1121337436973863
1438828	1410382	28446	4500	9859504	10789302	1121337448492125
891492	864990	26502	2002	5108856	5244832	1121337454716745
1722652	1659040	63612	758	3070012	3588294	1121337459729899
1951160	1924634	26526	1917	5198726	6135676	1121337467100293
1553446	1526974	26472	4866	11272584	11640522	1121337480146459
1523158	1489212	33946	1565	4462586	5005146	1121337486352199
1672636	1647090	25546	2710	6768354	7442362	1121337495017549
1973096	1946458	26638	3802	8868910	9926290	1121337506079925
1243854	1216996	26858	3889	9225852	9372940	1121337516770603
2086920	1943288	143632	1803	5145772	6049738	1121337524223647
1401108	1373744	27364	3098	7147014	7948144	1121337532991761
1184806	1158160	26646	377	1860264	2290006	1121337536257379
1448822	1422012	26810	2894	7324940	7587360	1121337545271361
0	0	0	0	0	0	0
1779894	1592304	187590	697	2931826	3525494	1121337556806345
0	0	0	0	0	0	0
770126	742792	27334	3418	8370842	7957440	1121337572724451
1402114	1373970	28144	1080	3691974	3913170	1121337578038427
1433788	1406102	27686	4588	10695988	10959652	1121337590387965
1484914	1456652	28262	1679	4893996	5193010	1121337596991069
1447296	1420408	26888	3070	7696492	7958866	1121337606355381
851658	824864	26794	785	3055788	2771888	1121337610487739
1400092	1373760	26332	2971	6917936	7691626	1121337619030053
1751896	1725164	26732	1889	5388720	5891044	1121337626391811
518748	492412	26336	3379	8364898	7628766	1121337635514635
1420482	1393844	26638	1766	5061168	5302288	1121337642216255
1276968	1250300	26668	3274	7899516	8174288	1121337651612689
897468	870976	26492	1153	3392772	3553224	1121337656123149
1107200	1075906	31294	1844	5214192	5144786	1121337662664873
1431300	1402252	29048	4103	9734556	9987898	1121337674050859
1606978	1570492	36486	2491	6370026	6938764	1121337682248445
1027942	1000496	27446	2528	6587044	6436024	1121337690083399
1131342	1105566	25776	2361	6336750	6204446	1121337697772759
2010662	1983070	27592	3613	8763778	9587962	1121337708767969
1518062	1489470	28592	4592	11010410	11340222	1121337721517235
1499136	1472484	26652	3249	7775134	8347354	1121337731012279
1298086	1213314	84772	4848	10800720	11343456	1121337743331137
924392	853058	71334	965	2965374	3213000	1121337747441405
1439966	1412518	27448	2984	6655274	7758254	1121337755756913
0	0	0	0	0	0	0
1751402	1722430	28972	2530	5974330	7163094	1121337773146197
1517432	1421522	95910	2681	6472058	7230740	1121337781356225
1314542	1287580	26962	1560	4646028	4783828	1121337787537239
2048064	2021442	26622	3364	8394794	9126762	1121337798200687
1577628	1547314	30314	3365	7701190	8658282	1121337807700201
980598	954068	26530	3213	7845600	7755644	1121337816747091
1676572	1592596	83976	1309	4212808	4650874	1121337822856961
847768	820440	27328	3605	8764706	8416826	1121337832690139
331816	304290	27526	360	2361850	1408082	1121337835604175
1367636	1329142	38494	4757	10855462	11231022	1121337848047863
1459136	1429120	30016	142	1364244	2094748	1121337851091309
1052638	1026290	26348	2001	5558362	5410374	1121337857922775
1778610	1750650	27960	3810	9148922	9748394	1121337869070651
1689044	1663298	25746	1020	3420520	4088498	1121337874401103
1621042	1593708	27334	3852	9244654	9676242	1121337885490967
0	0	0	0	0	0	0
2051390	2024198	27192	4159	9851256	10719534	1121337900751209
1571654	1545174	26480	3229	8069904	8402830	1121337910613367
308316	248630	59686	375	2283316	1408392	1121337913426077
1097620	1071148	26472	1427	4381276	4301936	1121337919125341
583948	538812	45136	3318	8279974	7570764	1121337928209559
981900	955446	26454	88	1827774	1508028	1121337931239479
1337234	1310644	26590	3309	8147392	8305710	1121337940944717
0	0	0	0	0	0	0
1088896	1060802	28094	4325	10189548	10089088	1121337967678209
1368034	1330894	37140	1821	4614902	5380328	1121337973881341
1221006	1193430	27576	52	1317696	1677070	1121337976640235
1724090	1697268	26822	4542	10376404	11158614	1121337988961233
1805944	1778548	27396	291	2065676	2745034	1121337993053029
0	0	0	0	0	0	0
1616634	1590102	26532	4029	9534480	10025188	1121338013477549
1591800	1562898	28902	4554	10032918	11054448	1121338025322721
1987450	1959438	28012	2045	5583362	6429154	1121338033114251
431996	395678	36318	2378	5552318	5538502	1121338039318757
1651436	1621314	30122	3803	9277396	9607056	1121338050468149
1620336	1593802	26534	2660	6745692	7289896	1121338059058909
1291184	1263888	27296	4020	9573266	9687894	1121338070143723
1070664	1038310	32354	3310	8150380	8040710	1121338079585111
430398	400912	29486	3669	8867154	8119662	1121338089102765
1856602	1828004	28598	3489	8519868	9190244	1121338099698929
1839118	1812708	26410	640	2054730	3474812	1121338103813399
1610286	1583394	26892	1712	4322806	5383124	1121338109966519
1564972	1537502	27470	2758	6418040	7431942	1121338118169165
1138302	1109770	28532	1168	3895056	3824512	1121338123422411
1587228	1557630	29598	780	3087724	3497922	1121338128317321
297958	271444	26514	278	2083104	1203932	1121338130921971
0	0	0	0	0	0	0
756180	728018	28162	2826	7181798	6757380	1121338152018059
0	0	0	0	0	0	0
1589892	1561746	28146	3785	8964494	9511052	1121338170533671
0	0	0	0	0	0	0
1236914	1209810	27104	2197	5896946	5988256	1121338190284577
1566536	1539302	27234	4071	9672486	10058666	1121338201744067
1858680	1831268	27412	3753	8560472	9722554	1121338212383275
1715544	1688890	26654	1188	3917426	4442458	1121338218240971
1193542	1166810	26732	1912	5248640	5367878	1121338224902891
1698876	1645728	53148	698	3065842	3453894	1121338229888191
1898352	1871200	27152	2219	5616142	6686674	1121338237623639
1402644	1376154	26490	4056	9821370	9865626	1121338249067781
1617428	1588952	28476	2425	6387308	6826298	1121338257292525
531104	505138	25966	2190	5822466	5263116	1121338263866139
197354	170402	26952	308	2140570	1162760	1121338266424361
1490102	1450198	39904	2187	6014614	6215074	1121338274153021
849576	823210	26366	1406	4345504	4011526	1121338279568537
1167982	1139848	28134	1209	3946074	3936392	1121338284902889
1671922	1644454	27468	2610	6757466	7248450	1121338293552739
1187330	1159888	27442	201	1243924	1947232	1121338296204135
1549410	1522044	27366	1784	5022840	5468838	1121338302996123
1636102	1609672	26430	2659	6352474	7305296	1121338311204793
1830726	1805100	25626	2130	5791654	6439900	1121338319047393
1095980	1069336	26644	1284	4100814	4018866	1121338324464541
7074432	7070402	4030	2430	5821948	12284168	1121338337584963
1565076	1538618	26458	4695	10917166	11305100	1121338350287425
1545064	1516078	28986	4905	11344356	11705256	1121338363397297
740180	694470	45710	2076	5586458	5242836	1121338369944345
1551122	1522550	28572	2692	6923516	7285220	1121338378639287
1182896	1154816	28080	3880	9290798	9293602	1121338389332989
1422692	1380818	41874	3979	9553192	9729592	1121338400528699
1536126	1509468	26658	4091	9712846	10068994	1121338411998085
906814	880454	26360	551	1893182	2360682	1121338415018637
1936028	1898294	37734	1069	3846378	4425946	1121338421021895
1139952	1114348	25604	3150	7681422	7795546	1121338430063747
1407652	1371118	36534	3413	8247528	8583820	1121338439939399
1394570	1367086	27484	1759	4912154	5262912	1121338446466165
1487242	1459388	27854	1770	4820834	5377374	1121338452998815
1641290	1614730	26560	4588	10530318	11174754	1121338465390817
1715842	1684238	31604	1953	5372688	5971862	1121338472699249
2279100	2118560	160540	4215	9171782	11058296	1121338484370467
1488378	1459192	29186	4713	10952906	11264660	1121338497037659
1521244	1494642	26602	2835	6807234	7541910	1121338505586409
1139600	1113128	26472	308	1718182	2105590	1121338508664795
1969732	1856840	112892	4377	10351714	11073840	1121338521206823
1430974	1403066	27908	2844	6647866	7469462	1121338529505969
790412	751708	38704	137	1928902	1414964	1121338532445405
1205426	1178980	26446	1670	4979300	4894998	1121338538854345
1642804	1615316	27488	4240	9096028	10472808	1121338549813637
0	0	0	0	0	0	0
2086710	2059020	27690	3400	8377328	9238840	1121338571339459
772888	746406	26482	120	1560852	1362248	1121338573893555
1461942	1434672	27270	2891	7318024	7595724	1121338582894519
1397950	1370640	27310	3402	8427362	8561302	1121338592940497
1532750	1505502	27248	4914	11417558	11719962	1121338606111201
1608042	1580742	27300	4014	9566594	9986408	1121338617506401
