# Loop @ Start frequency 1300000Hz took 1636.44 cycles
# Interval [1635 ; 1638]
# Q1 : 1630 ; Q3 : 1634
# Loop @ Target frequency 1000000Hz took 2144.96 cycles
# Interval [2127 ; 2163]
# Q1 : 2120 ; Q3 : 2124
# Confidence intervals do not overlap, alternatives are statistically different with selected confidence level
Change time (with write) [cycles]	Change time [cycles]	Write cost [cycles]	Wait time [us]	Time since last frequency change request [cycles]	Time since last frequency change [cycles]	Detected frequency change timestamp [cycles]
1208122	1164910	43212	3567	392774846	392897190	1121216056235049
1246692	1214916	31776	4812	11201868	11221618	1121216069121573
223530	175640	47890	907	3240586	2386956	1121216073048309
684708	656580	28128	3036	7614700	7108228	1121216081807429
1190034	1162378	27656	4996	11534474	11538160	1121216094966681
1185014	1158880	26134	2463	6370478	6460174	1121216102955601
263790	236204	27586	4156	9852130	8926056	1121216113504297
1197150	1169466	27684	3982	9675126	9518266	1121216124809609
1188102	1160276	27826	4075	9697798	9688320	1121216136128429
754452	726520	27932	3998	9446080	9100608	1121216146762737
710404	681044	29360	3427	8391948	7915040	1121216156298577
1325726	1297594	28132	2191	5928030	6057856	1121216163985857
1188034	1161136	26898	4544	10388902	10647110	1121216175996109
0	0	0	0	0	0	0
1197724	1170578	27146	4101	9746240	9756316	1121216197161601
1200146	1165540	34606	3295	7830278	8139814	1121216206649981
278926	249464	29462	2535	6267654	5697982	1121216213628709
0	0	0	0	0	0	0
521142	494268	26874	2511	6559522	5893536	1121216224348861
1134628	1107906	26722	4626	10397436	10737178	1121216236314165
1189670	1162146	27524	4697	11074846	10932958	1121216249013141
1187974	1161166	26808	4859	11260708	11255996	1121216261895327
1196846	1170350	26496	1572	4566266	4695708	1121216268092217
317912	265666	52246	447	2240072	1561564	1121216271083233
1188582	1161884	26698	3556	8364310	8651102	1121216281079857
1211820	1180906	30914	4871	11277692	11305060	1121216294026993
1276560	1236382	40178	3275	8089044	8177178	1121216303825645
463536	436786	26750	1540	4630720	3892472	1121216309354569
1373624	1156796	216828	3078	7290136	7880962	1121216318474549
1198372	1171990	26382	1572	4513628	4692516	1121216324621281
1320956	1295110	25846	1286	4114012	4243920	1121216330489841
1193796	1166270	27526	4158	9724964	9860300	1121216341842573
784802	758320	26482	156	1866254	1447178	1121216344927549
476422	448056	28366	590	2317586	2006964	1121216348155137
1013606	985908	27698	1788	4870458	4941040	1121216354472241
1189128	1162406	26722	4822	11187264	11185934	1121216367281745
1189246	1163396	25850	271	1973610	2081960	1121216371027761
1186068	1159526	26542	2722	6728428	6979524	1121216379382537
1266540	1239962	26578	3041	7298560	7699628	1121216388390941
1318628	1161622	157006	1519	4126244	4706648	1121216394269021
0	0	0	0	0	0	0
1187394	1160584	26810	4306	9836382	10149852	1121216411769653
1186372	1158834	27538	3273	7961144	8087328	1121216421350533
939594	913052	26542	1904	5220930	5099258	1121216427969697
828594	802828	25766	2294	6165146	5766856	1121216435396661
1183718	1157008	26710	1597	4741002	4728180	1121216441763693
1020670	991926	28744	2113	5553994	5603464	1121216448772585
598644	572936	25708	412	2364072	1772508	1121216452168541
871092	842852	28240	138	1955356	1497924	1121216455428977
1187092	1159042	28050	3347	8245204	8231748	1121216465306949
1101974	1075368	26606	16	1573446	1485556	1121216468437721
1187586	1161752	25834	1746	5069470	5030490	1121216475129285
667058	638908	28150	4935	11081850	10886570	1121216487318709
1185510	1158578	26932	3464	8463438	8463968	1121216497413121
926048	897834	28214	3745	8719324	8766646	1121216507501533
1205758	1166638	39120	2732	7009738	7025044	1121216516151169
1213644	1186934	26710	1498	4282028	4558814	1121216522081033
1184168	1156712	27456	4146	9833568	9827778	1121216533533505
1309234	1282706	26528	1096	3507650	3850674	1121216538784525
458982	432194	26788	1260	3868282	3330790	1121216543546201
1189928	1161444	28484	4117	9483668	9775312	1121216554653381
1186632	1159056	27576	2011	5369014	5558174	1121216561643735
1188288	1162326	25962	172	1494840	1882772	1121216564761373
212792	184426	28366	2268	5673308	5100348	1121216571081765
1199012	1169984	29028	4094	9319296	9737498	1121216582057973
374052	338030	36022	745	2943696	2214968	1121216585808973
961914	935040	26874	2672	6894218	6663668	1121216594098737
0	0	0	0	0	0	0
1035732	1008618	27114	1239	4027232	3862942	1121216608494417
1188766	1161090	27676	4099	9735674	9736856	1121216619853433
1063570	1034208	29362	3278	8223378	7972228	1121216629576141
1209280	1157138	52142	2673	6980684	6911538	1121216638199761
1013202	986378	26824	2143	5678078	5650852	1121216645325653
0	0	0	0	0	0	0
1325608	1298186	27422	1406	4416320	4494664	1121216657656013
765594	738944	26650	797	2769004	2711316	1121216661625921
380510	352534	27976	643	2462492	2017600	1121216664902763
1190282	1162688	27594	3558	8655618	8657062	1121216675182541
1329196	1300660	28536	4047	9557296	9774278	1121216686513329
1303844	1270684	33160	882	3361408	3418394	1121216691611965
1183750	1157172	26578	2473	6310414	6480898	1121216699539813
1184020	1157122	26898	1585	4438820	4703534	1121216705596061
882478	855162	27316	2540	6360714	6312030	1121216713272425
1193824	1166436	27388	4264	10068048	10071904	1121216724975625
1185550	1158320	27230	2738	6903742	7013738	1121216733499349
1189352	1161616	27736	2733	6556512	7005770	1121216741679125
1199690	1169530	30160	4271	10086854	10097936	1121216753399269
491846	464788	27058	2902	7347606	6647386	1121216761683393
1186786	1159374	27412	3628	8800376	8798088	1121216772104283
1189270	1158706	30564	3111	7336722	7781998	1121216781064693
0	0	0	0	0	0	0
1202700	1174916	27784	4833	11019732	11218986	1121216797460009
1186170	1159958	26212	157	1445734	1851564	1121216800525405
1156374	1128368	28006	226	2004962	1958344	1121216804119585
1185446	1157476	27970	1531	4611890	4597020	1121216810350653
1202080	1161616	40464	3004	7560778	7560268	1121216819547235
1186154	1158506	27648	3731	11709506	9000044	1121216832877141
0	0	0	0	0	0	0
627328	547046	80282	3481	8515296	7940600	1121216853678189
477920	449766	28154	587	2437132	2001666	1121216857026773
1186276	1159034	27242	4252	10043964	10040240	1121216868699001
763568	736904	26664	3693	8456472	8498692	1121216878352241
890768	862462	28306	3638	8387628	8517724	1121216888063381
1182528	1155894	26634	2737	6901764	7006618	1121216896580997
1192100	1165104	26996	1854	5256216	5251454	1121216903462625
1233018	1206338	26680	262	1672802	2108586	1121216906803505
715554	688824	26730	2312	5924298	5688784	1121216913877921
1222724	1186678	36046	533	2605692	2639058	1121216918139125
1256658	1165140	91518	3593	8739298	8792048	1121216928568917
1210146	1167860	42286	99	1650118	1757920	1121216931862405
1275838	1168250	107588	4288	9936622	10210032	1121216943508061
459426	432016	27410	4109	9512614	9030530	1121216953913513
1185102	1157862	27240	2408	6366214	6351298	1121216961897125
1305836	1279400	26436	3027	7270600	7715670	1121216970907761
1006174	979792	26382	4985	11136418	11326094	1121216983483985
1192602	1166738	25864	678	2899290	2906104	1121216988008385
1227246	1159124	68122	2117	5548658	5817816	1121216995217033
674766	647572	27194	2293	5674826	5610960	1121217002010453
931338	903844	27494	1789	5119166	4859130	1121217008494977
1184424	1156472	27952	914	3367240	3364140	1121217013480105
801376	709952	91424	4153	9418668	9459212	1121217024132965
1181134	1155062	26072	1515	4166902	4567964	1121217029914677
342882	314824	28058	1040	3190622	2778618	1121217033882305
589878	560456	29422	4496	10531738	9932110	1121217045437297
1189344	1162094	27250	3415	8368316	8368996	1121217055436693
1187040	1158656	28384	4104	9869192	9751244	1121217066938205
343402	314438	28964	3390	8336870	7471902	1121217076052569
732400	706646	25754	3186	7918320	7455574	1121217085137441
1186748	1158816	27932	4864	11279336	11265132	1121217098049789
970690	942734	27956	3823	8931466	8972666	1121217108385557
1188658	1161002	27656	4098	9736066	9735510	1121217119743465
1187388	1159428	27960	155	1448216	1848494	1121217122812193
831652	792928	38724	3875	9038388	8931344	1121217133116385
339862	263600	76262	4861	11271078	10411636	1121217145200481
1200864	1170778	30086	2928	7395708	7407914	1121217154239377
642938	615628	27310	110	1763746	1213016	1121217157079469
419026	390776	28250	1900	5355098	4569042	1121217163295529
0	0	0	0	0	0	0
1211384	1156994	54390	3369	8308656	8322196	1121217185519721
677384	651836	25548	2297	5938912	5622686	1121217192569589
894782	866006	28776	4406	10348814	10057750	1121217204246893
913730	886684	27046	787	2719906	2838780	1121217208313913
1185312	1157998	27314	3521	8660660	8577334	1121217218593369
731926	705012	26914	2005	5295124	5091988	1121217225053909
1228946	1201754	27192	1318	3750542	4215560	1121217230488885
1196452	1167992	28460	4294	10039670	10134356	1121217242158345
1184466	1158722	25744	824	3190382	3184452	1121217246966293
1193528	1164214	29314	1278	3956820	4099226	1121217252553317
1193062	1166478	26584	2680	6622162	6906080	1121217260802817
675478	645072	30406	1094	3652010	3214670	1121217265563145
684044	656976	27068	3047	7654340	7150182	1121217274333645
1127938	1102146	25792	162	1871090	1804698	1121217277765557
1189482	1158698	30784	1420	3997722	4381900	1121217283387093
1182506	1155048	27458	1616	4400226	4764254	1121217289414021
1191726	1165020	26706	4621	10623174	10784548	1121217301687153
1188214	1160676	27538	1886	4968766	5308648	1121217308277561
1183600	1156610	26990	4189	9708444	9911612	1121217319602925
780900	752904	27996	4642	10359308	10416186	1121217331176061
1196078	1169964	26114	2200	5939054	5946226	1121217338755221
1157830	1117542	40288	4100	9395398	9707776	1121217349740897
544084	515618	28466	3859	9307528	8664096	1121217360025097
791422	764708	26714	1704	4575210	4555940	1121217365826313
1228622	1201694	26928	4153	9413578	9885840	1121217376901429
725262	697392	27870	3768	9080214	8612398	1121217387142009
1185948	1157414	28534	2718	6987132	6972954	1121217395768673
1331146	1169608	161538	3756	9039014	9197078	1121217406573741
1192730	1166188	26542	1692	4924746	4927872	1121217413125261
732724	704520	28204	4481	10529312	10044680	1121217424833193
780552	753302	27250	1863	5391396	4857072	1121217431436941
903090	875848	27242	2575	6689138	6403418	1121217439471461
1185634	1157370	28264	1574	4396894	4684442	1121217445487981
1188566	1160716	27850	4855	10830818	11248086	1121217457940813
0	0	0	0	0	0	0
1277102	1157886	119216	4716	10724514	11059632	1121217473493193
454438	427708	26730	3488	8417070	7781386	1121217482798485
945872	918072	27800	2537	6271964	6369404	1121217490449885
1197718	1170248	27470	3773	9086570	9092952	1121217501167609
1208950	1165958	42992	320	2046214	2200144	1121217504866817
763390	736750	26640	1013	3323864	3139554	1121217509389201
1200612	1173852	26760	613	2774504	2776164	1121217513804405
0	0	0	0	0	0	0
1185938	1159460	26478	1000	3231694	3535742	1121217531003641
1192556	1165350	27206	2181	5918716	5906636	1121217538548161
1195096	1166810	28286	4979	11185484	11503162	1121217551362581
1200448	1171638	28810	1799	4704324	5148504	1121217557763865
1139440	1112566	26874	1483	4619476	4455046	1121217563956873
1188758	1162114	26644	1306	4149466	4150324	1121217569728089
1209610	1161918	47692	1083	3531080	3735290	1121217574902947
1377508	1235522	141986	2629	6804740	6984828	1121217583518821
1284714	1256820	27894	847	3239382	3333122	1121217588475973
0	0	0	0	0	0	0
1463374	1435194	28180	2324	6187790	6460536	1121217605522433
1204666	1174730	29936	2335	5959142	6226912	1121217613119713
891368	862720	28648	4813	11164344	10869446	1121217625618353
1112900	1086202	26698	4546	10788582	10561184	1121217637953723
1051298	1022532	28766	3083	7711130	7567378	1121217647150085
1186074	1158646	27428	4348	10241218	10233644	1121217659020737
1192122	1164790	27332	1639	4825298	4820424	1121217665482749
1193026	1164204	28822	4708	10671322	10958608	1121217677781557
1194178	1164618	29560	3991	9532122	9536546	1121217688942645
293670	265916	27754	895	3295050	2435332	1121217692966065
1196388	1158054	38334	130	1420252	1807194	1121217696018801
396672	358480	38192	3547	11339320	7839742	1121217708188993
329644	302090	27554	2350	6236952	5379070	1121217715189889
1186808	1159406	27402	3611	8684920	8759146	1121217725517013
1202710	1173990	28720	3071	7280766	7694722	1121217734434837
1188868	1161636	27232	3121	7348176	7780736	1121217743406869
955740	929430	26310	3537	8301268	8379910	1121217753131693
1266640	1239978	26662	1541	4174116	4699378	1121217759070589
0	0	0	0	0	0	0
1187880	1157422	30458	3520	8579840	8578786	1121217781617645
332532	305024	27508	3752	8965356	8192626	1121217791350213
1159980	1128002	31978	1926	4962436	5361598	1121217797927581
576320	452834	123486	4751	11140392	10428908	1121217810077841
1557518	1416594	140924	2108	5484934	6129898	1121217817557005
1196852	1162902	33950	3409	8093352	8364816	1121217827280229
1332146	1304014	28132	1582	4263046	4846530	1121217833329529
1241622	1169446	72176	1307	3708210	4206540	1121217838724953
1187696	1159978	27718	3269	7786292	8076200	1121217848130977
1239578	1160114	79464	1444	4042530	4483910	1121217853846801
1374270	1217538	156732	367	2240334	2463660	1121217857895465
1192896	1165014	27882	4526	10284840	10601470	1121217869805969
220492	192982	27510	1010	3530276	2595646	1121217873991537
0	0	0	0	0	0	0
779690	753736	25954	4507	10230490	10144896	1121217894820581
1189766	1161774	27992	3592	8720194	8724420	1121217905166613
481594	453164	28430	4429	10190142	9691298	1121217916296297
1239536	1164094	75442	2363	6266476	6316066	1121217924236221
546634	519810	26824	3697	8636426	8290294	1121217933853153
1144398	1117730	26668	765	2703454	3029462	1121217938134941
0	0	0	0	0	0	0
1340834	1282650	58184	1186	3912502	4063982	1121217952769273
1194708	1166338	28370	2722	6686268	6989772	1121217961083069
690882	663044	27838	2586	6733994	6213880	1121217968959301
1187802	1161892	25910	2562	6250186	6660682	1121217976830013
1192508	1165100	27408	3618	8621676	8777656	1121217987078669
723138	695312	27826	410	2368622	1894326	1121217990629305
466378	403598	62780	4858	16828942	10533184	1121218008358385
1203514	1173932	29582	1582	4477946	4717116	1121218014473493
1206712	1158854	47858	3846	9231032	9249998	1121218025344581
1187808	1160674	27134	3808	9061352	9153340	1121218036049573
948308	921418	26890	616	2777688	2529318	1121218040210125
1209102	1182314	26788	730	2998678	3018770	1121218044850829
626484	597438	29046	4975	11246096	10927778	1121218057156165
1185454	1158712	26742	3171	7881238	7878310	1121218066679065
1010670	983464	27206	3263	7795818	7887212	1121218075920121
1189430	1160918	28512	3658	8855906	8856602	1121218086398865
865116	838608	26508	2970	7228668	7154544	1121218094926425
1212164	1182668	29496	1899	5337072	5359750	1121218101909449
1192406	1164984	27422	4467	10337262	10482902	1121218113873617
1191628	1163460	28168	4256	9786796	10063768	1121218125286781
1191046	1162150	28896	1769	4948110	5080292	1121218131870145
925186	896884	28302	4276	9901922	9832312	1121218143132141
390786	361526	29260	301	2150506	1345184	1121218146245705
1098048	1070378	27670	3424	7971136	8315686	1121218155750961
0	0	0	0	0	0	0
1190888	1159822	31066	4112	9525164	9765008	1121218175851601
467734	439574	28160	4151	9563358	9124940	1121218186316345
1301118	1272866	28252	2256	6048450	6163388	1121218194099673
502490	475970	26520	4034	9295162	8929364	1121218204330977
1224790	1162274	62516	4903	11345542	11380768	1121218217335241
1186484	1159764	26720	1688	4924464	4913654	1121218223888793
610172	583754	26418	2109	5601316	5184062	1121218230534485
1199414	1171214	28200	1608	4350142	4764906	1121218236517649
768664	740630	28034	962	3128044	3043880	1121218240848921
1189402	1162774	26628	3338	8334446	8214996	1121218250807545
506108	479162	26946	735	2811112	2325888	1121218254558241
1151864	1111784	40080	1482	4502852	4466204	1121218260647897
860176	833604	26572	3071	7677576	7351056	1121218269620153
357158	216952	140206	4014	9585314	8748494	1121218279997113
1184986	1157868	27118	1443	4429286	4420900	1121218286044861
1189210	1162688	26522	1781	5081358	5100146	1121218292749061
337244	302992	34252	2561	6258994	5811366	1121218299778845
1188658	1161744	26914	2849	6849690	7236730	1121218308252309
1185396	1157232	28164	1244	3875860	4025586	1121218313747049
1193704	1166308	27396	2967	7437932	7484628	1121218322811349
1189246	1159182	30064	1604	4770866	4748712	1121218329204793
1280034	1252064	27970	39	1543366	1707182	1121218332485577
526014	498564	27450	1695	4939122	4267786	1121218338385461
859720	833316	26404	4374	10287856	9957556	1121218349967121
765972	737518	28454	3531	8206040	8191410	1121218359373285
1201678	1166148	35530	2513	6573290	6579358	1121218367606993
0	0	0	0	0	0	0
0	0	0	0	0	0	0
0	0	0	0	0	0	0
654296	520778	133518	4985	11184460	10984604	1121218406189245
1193414	1164330	29084	4703	10666910	10949788	1121218418482273
441320	413314	28006	3532	8175136	7856512	1121218427532085
1199338	1170808	28530	2604	6753578	6764162	1121218435920037
1190700	1162458	28242	4218	9738748	9982558	1121218447283385
1186850	1160690	26160	596	2723266	2729370	1121218451633421
1192918	1162104	30814	4133	9553274	9808730	1121218462813429
0	0	0	0	0	0	0
1169904	1140488	29416	3903	9368868	9326358	1121218485832305
415490	388012	27478	1905	5394438	4576086	1121218492075805
1189802	1161012	28790	3540	8211510	8625344	1121218501910081
1191682	1163618	28064	4592	10498450	10730362	1121218514033825
536994	511082	25912	4918	11031346	10728108	1121218526035061
1197026	1169726	27300	1158	3862306	3863880	1121218531526993
1186492	1158496	27996	856	2844116	3250252	1121218535990469
1180924	1154442	26482	3235	7721064	8007100	1121218545326849
689632	663092	26540	553	2499540	2147616	1121218548971525
634630	559958	74672	3179	8004402	7343702	1121218558044449
1187948	1161828	26120	4849	11434212	11292986	1121218571099633
1184126	1157376	26750	4083	9338726	9700494	1121218582069793
418070	390830	27240	4279	9934558	9325360	1121218592855601
1095672	1068850	26822	3894	9324288	9234238	1121218603709129
1200408	1173740	26668	1731	5137672	5013222	1121218610479809
737078	710492	26586	2542	6625470	6172404	1121218618276417
1191478	1163298	28180	1197	3934202	3935750	1121218623834745
654530	626158	28372	4572	10393466	10154946	1121218635315769
832912	803696	29216	4725	10989180	10632616	1121218647588005
962296	935266	27030	1616	4787264	4561878	1121218653771405
0	0	0	0	0	0	0
1287586	1259970	27616	2035	5461904	5706620	1121218669932547
1157762	1122146	35616	251	2064118	2009486	1121218673586713
1116006	1088280	27726	4439	10440994	10367150	1121218685576857
1189928	1163448	26480	4084	9825928	9719282	1121218697026641
200482	168248	32234	3836	8819038	8224496	1121218706509129
262214	231702	30512	1843	5354674	4298892	1121218712560881
1167638	1141380	26258	2724	6989634	6966980	1121218721152181
1194432	1164786	29646	2228	6027124	6000518	1121218728828929
1262376	1235872	26504	4334	10042828	10279576	1121218740568781
1190050	1162804	27246	220	1953186	1980740	1121218744146461
1186822	1160888	25934	2469	6053802	6480096	1121218751821089
1189774	1161096	28678	4381	10105338	10308174	1121218763551969
228166	201468	26698	3324	8073914	7225862	1121218772288285
1212190	1165376	46814	1701	4941250	4964966	1121218778876309
447814	419346	28468	2389	6334478	5575950	1121218786093877
1185262	1157686	27576	1254	4049386	4043898	1121218791763241
895474	868678	26796	1146	3462274	3537948	1121218796555445
1191348	1158978	32370	1524	4608576	4591032	1121218802789285
1188620	1161214	27406	2838	7092464	7214336	1121218811504421
1208222	1168156	40066	757	3067786	3080786	1121218816214009
1189724	1161258	28466	1387	4086072	4314900	1121218821923477
1191506	1162608	28898	1916	5384358	5373934	1121218828933209
0	0	0	0	0	0	0
1193118	1165518	27600	3625	8794150	8798844	1121218843886737
1188402	1160236	28166	1366	4004748	4302552	1121218849513951
1188214	1161706	26508	4116	9419200	9770490	1121218860555735
1185058	1157916	27142	3541	8624606	8617934	1121218870800505
1192552	1165220	27332	2343	5977796	6229084	1121218878403941
1186814	1160436	26378	138	1736394	1813232	1121218881760169
1086736	1060594	26142	3398	8080724	8238140	1121218891362021
1192274	1164624	27650	577	2689606	2696236	1121218895685481
1185660	1159190	26470	4330	10077116	10202922	1121218907382825
1138350	1111314	27036	1997	5210482	5482542	1121218914191429
1187024	1158840	28184	751	3042444	3040628	1121218918856121
1194412	1167030	27382	304	1824960	2153870	1121218922309441
1185902	1158376	27526	1683	4902042	4902616	1121218928830889
797618	769668	27950	24	1593734	1196096	1121218931656525
1192162	1165552	26610	4052	9652910	9655224	1121218942937065
904488	782954	121534	1074	3697850	3402578	1121218947973315
1181926	1155486	26440	192	1515610	1923346	1121218951106745
693256	666708	26548	1046	3279672	3136004	1121218955536005
1187990	1159204	28786	1820	5188368	5184868	1121218962344703
1194192	1165348	28844	1357	3971224	4260314	1121218967942821
1002982	976530	26452	503	2481074	2359388	1121218971859645
1072988	1044738	28250	3001	7542348	7425822	1121218980909521
709720	682748	26972	4432	10407480	9925166	1121218992460269
1276244	1160714	115530	3206	7950848	8037766	1121219002120617
0	0	0	0	0	0	0
1186354	1159266	27088	4711	10965110	10959018	1121219018802653
1195940	1168964	26976	1660	4802176	4867264	1121219025234197
675844	648838	27006	689	2514784	2404858	1121219028884049
1191326	1164184	27142	3718	8975006	8977218	1121219039483453
662918	635208	27710	4450	10183590	9913722	1121219050764941
1186476	1158328	28148	3635	8410320	8808092	1121219060796401
0	0	0	0	0	0	0
567526	540430	27096	4807	11160462	10539772	1121219077889377
657194	629206	27988	4644	10864310	10293696	1121219089844913
587296	560250	27046	339	2224296	1616554	1121219093090981
450678	423854	26824	3398	8333486	7597990	1121219102318289
1225618	1198500	27118	1625	4692770	4827156	1121219108669173
1220780	1175366	45414	3388	8315708	8348094	1121219118638313
993402	966402	27000	2588	6715274	6519772	1121219126780813
1190608	1162298	28310	4440	10416696	10420346	1121219138821957
652398	625780	26618	2426	6199782	5855050	1121219146109701
1185376	1157092	28284	1390	4318884	4315930	1121219152046669
743726	717156	26570	517	2215754	2150584	1121219155440909
1187890	1160234	27656	3612	8795598	8766964	1121219165859021
1221684	1158622	63062	3997	9543140	9566592	1121219177058765
0	0	0	0	0	0	0
1194876	1161136	33740	4807	11169532	11160608	1121219195587809
723070	696238	26832	2226	5810138	5526376	1121219202553929
0	0	0	0	0	0	0
1009488	982478	27010	1518	4576608	4397936	1121219216884289
385380	358576	26804	4911	11361348	10557670	1121219229066009
0	0	0	0	0	0	0
602946	576766	26180	3597	8436138	8146862	1121219244335525
1187206	1160620	26586	3397	8331258	8329626	1121219254287713
1181986	1155570	26416	1898	5333526	5327802	1121219261236421
0	0	0	0	0	0	0
1197320	1168326	28994	1573	4685044	4693188	1121219278299549
0	0	0	0	0	0	0
1191206	1164312	26894	4025	12929480	9592432	1121219301975279
902566	861074	41492	903	2996530	3066138	1121219306308653
1189310	1160690	28620	4058	9865490	9656116	1121219317797337
1189230	1161320	27910	2849	7147702	7242894	1121219326569121
1202464	1159750	42714	2038	5311984	5628206	1121219333516321
1188746	1162096	26650	2576	6213660	6690780	1121219341352529
1186828	1159180	27648	1794	5076872	5124124	1121219348060525
1186208	1156986	29222	3309	8070672	8154560	1121219357751861
719048	689664	29384	1021	3160156	3110490	1121219362064669
1193274	1164456	28818	2521	6585286	6586212	1121219370276909
1139488	1112424	27064	256	1607304	2002038	1121219373456985
967968	939794	28174	1647	4951104	4616554	1121219379809501
1192714	1163278	29436	3051	7228622	7644674	1121219388664137
1200196	1173202	26994	82	1614764	1715826	1121219391913609
1021350	994370	26980	3606	8439182	8587708	1121219401828669
1251326	1162074	89252	1823	5198186	5249988	1121219408710641
1192764	1162930	29834	2797	7052852	7137954	1121219417389965
1183590	1156218	27372	2847	7099974	7226302	1121219426118737
0	0	0	0	0	0	0
1187576	1158810	28766	2314	5798072	6170928	1121219445326581
347572	321836	25736	1416	4261952	3530200	1121219450394533
1201846	1174254	27592	4815	11308194	11182362	1121219463336745
769024	742122	26902	1925	5070248	4968366	1121219469619841
1184562	1157008	27554	804	3174058	3150058	1121219474413317
1207602	1163768	43834	3314	7929126	8185286	1121219483982277
281296	253886	27410	3590	8709244	7813508	1121219493405913
1205086	1171468	33618	4213	9575358	9982494	1121219504629681
830290	802048	28242	4843	11175314	10865524	1121219517068729
1184570	1158594	25976	2107	5332946	5749398	1121219524042981
1148744	1121594	27150	466	2476236	2430582	1121219528101109
1181406	1154950	26456	165	1601190	1861262	1121219531317721
0	0	0	0	0	0	0
1191056	1164206	26850	929	3428336	3413440	1121219546527313
745220	717746	27474	4618	10778892	10330654	1121219558485381
1192226	1161564	30662	3585	8327750	8713456	1121219568440273
1287742	1161244	126498	169	1721736	1977364	1121219571883743
865024	837760	27264	887	3166532	2994996	1121219576349029
571734	545316	26418	3960	9483074	8842732	1121219586835693
1273914	1161766	112148	1222	3569190	4068594	1121219592111777
1192088	1164686	27402	256	2061180	2055186	1121219595797933
1191090	1162696	28394	2861	7200546	7287974	1121219604623381
0	0	0	0	0	0	0
0	0	0	0	0	0	0
1196174	1168558	27616	4831	11100246	11216774	1121219628365785
1182516	1156316	26200	3066	7676160	7665040	1121219637660001
1194096	1166766	27330	3173	7904916	7897456	1121219647191537
401484	374968	26516	840	3085388	2432096	1121219651120889
1206572	1179134	27438	3440	8421100	8438594	1121219661193921
1120084	1091642	28442	639	2826496	2749050	1121219665597381
537392	376168	161224	4969	14879456	10825808	1121219681448625
260192	228642	31550	2874	7297180	6365254	1121219689441305
1189504	1160144	29360	2794	7126960	7127984	1121219698192545
417032	390154	26878	1947	5365680	4660650	1121219704410061
1185084	1158484	26600	3675	8601656	8885416	1121219714630021
585194	558168	27026	2683	6900374	6301934	1121219722550041
1201832	1165714	36118	2129	5806300	5810758	1121219729992665
1191820	1165122	26698	1178	3554748	3904272	1121219735172569
1127854	1100408	27446	4357	10292614	10191860	1121219747036541
808222	780814	27408	2768	7143394	6697246	1121219755444841
379382	348700	30682	1728	5077874	4192588	1121219761335981
1186408	1158760	27648	1345	4229068	4227060	1121219767206933
582496	555216	27280	2397	5934136	5728896	1121219774180977
966964	939608	27356	4420	10375180	10156906	1121219785957381
298032	265566	32466	4668	10987136	9985568	1121219797676305
1197634	1170374	27260	2509	6565126	6571186	1121219805873861
1189446	1162174	27272	2084	5822586	5920874	1121219813319641
724582	697250	27332	1008	3559542	3090998	1121219818060765
327652	168270	159382	989	3522628	2656914	1121219822345813
1196662	1169002	27660	2209	6068896	5965486	1121219830044709
1190066	1162078	27988	2132	5454138	5811398	1121219837122105
1218128	1171922	46206	529	2563628	2627678	1121219841346145
1060826	1033636	27190	1889	5318046	5189310	1121219848172693
1339146	1164250	174896	480	2527314	2651238	1121219852473045
1189134	1162916	26218	1836	5219126	5212178	1121219859314985
1196674	1168828	27846	3609	8445558	8765432	1121219869400421
0	0	0	0	0	0	0
1044330	1018392	25938	997	3559886	3396630	1121219884589969
861964	834628	27336	83	1708256	1378976	1121219887593617
1129786	1102986	26800	1970	5487174	5426784	1121219894645345
1196824	1169388	27436	897	3335456	3341450	1121219899610389
612754	585648	27106	3170	7890950	7308134	1121219908548221
543132	515440	27692	4614	10766828	10122460	1121219920292453
1209882	1170210	39672	4075	9697562	9711844	1121219931633181
324634	278562	46072	1936	5204454	4547304	1121219937595869
1258482	1231184	27298	3810	9174986	9235036	1121219948463629
969080	940930	28150	4699	10608800	10718382	1121219960474125
1194800	1166862	27938	2703	6627324	6951116	1121219968729841
0	0	0	0	0	0	0
975160	946834	28326	2121	5782576	5567868	1121219979508073
575780	547186	28594	204	1956748	1339100	1121219982474665
0	0	0	0	0	0	0
623906	596530	27376	4899	10847090	10772966	1121219998972633
1185848	1157614	28234	1951	5467112	5438892	1121220006058613
1196636	1160626	36010	1533	4349456	4619168	1121220012037329
725338	699794	25544	875	2820646	2831280	1121220016015921
427392	400806	26586	1820	5176788	4417122	1121220022055953
726292	699158	27134	1624	4786224	4324218	1121220028000825
331974	223794	108180	4226	9993036	9133486	1121220038760401
6353974	6349762	4212	2530	6605658	11764854	1121220052154409
682366	655846	26520	287	2113606	1605274	1121220055382737
236042	201714	34328	2017	5573426	4620726	1121220061636373
370792	302922	67870	4637	10918048	10002206	1121220073358953
1306680	1157972	148708	3099	7731848	7854400	1121220082838813
926502	899954	26548	3072	7699042	7421932	1121220091898509
1449298	1421960	27338	4460	10196350	10724676	1121220103977281
0	0	0	0	0	0	0
1203284	1174912	28372	3691	8927936	8936996	1121220121811129
1036678	1007550	29128	3515	8541514	8424184	1121220131824417
1199288	1171238	28050	1689	4938012	4928450	1121220138394969
764938	737086	27852	4036	9612718	9187628	1121220149206549
1048484	1021912	26572	3330	8226328	8058998	1121220158924045
762722	735476	27246	3527	8169502	8168994	1121220168290173
231762	204270	27492	4512	10561778	9606522	1121220179517129
1247256	1158798	88458	4272	9671680	10141284	1121220190868513
629878	599466	30412	2431	6216590	5842280	1121220198149153
1205884	1176724	29160	1271	4083972	4097644	1121220203873129
496778	468896	27882	270	2073666	1385342	1121220206877909
1202302	1174340	27962	1835	4835538	5223090	1121220213349449
1189094	1162440	26654	2272	5736006	6084170	1121220220718193
0	0	0	0	0	0	0
448086	419388	28698	2583	6708218	5964782	1121220233931033
1187628	1160664	26964	4192	9924120	9920604	1121220245476537
0	0	0	0	0	0	0
1185624	1159054	26570	2526	6538312	6588094	1121220265208321
876384	848004	28380	4175	9419420	9576726	1121220275947057
1186880	1159356	27524	1343	3818280	4231246	1121220281385469
1187754	1160276	27478	2034	5179882	5607596	1121220288194277
1185566	1158994	26572	894	2932586	3333772	1121220292746097
780000	753326	26674	3835	9210968	8799818	1121220303170401
958744	932876	25868	1528	4598492	4367038	1121220309171189
241248	202062	39186	3525	8329524	7643656	1121220318195609
1187068	1159852	27216	2292	5718120	6129696	1121220325535309
1258972	1164334	94638	421	2390444	2458418	1121220329619245
1190332	1163132	27200	1282	4124452	4114172	1121220335368573
284658	257288	27370	1609	4405330	3852670	1121220340514801
1191876	1163476	28400	4497	10635888	10536928	1121220352777945
1186312	1158250	28062	1542	4322016	4621296	1121220358720289
1193876	1166210	27666	1225	3998652	3993390	1121220364347829
823874	794488	29386	3580	8298158	8333796	1121220373903721
371904	344740	27164	371	2290172	1465012	1121220376999733
1189810	1162562	27248	2230	6000162	6000674	1121220384631661
262220	222872	39348	2381	6126800	5374342	1121220391453981
1190934	1161990	28944	2057	5659218	5662260	1121220398738665
741532	714456	27076	3524	8408760	8141108	1121220408323165
1199874	1172312	27562	2149	5447926	5848896	1121220415405433
1211244	1182080	29164	4944	11427280	11450210	1121220428498685
0	0	0	0	0	0	0
375916	347424	28492	4539	10627344	9811270	1121220449099293
797686	769574	28112	192	1924406	1531206	1121220452264945
330232	303564	26668	2481	6498576	5643610	1121220459527485
1047986	1021316	26670	4389	10327840	10183146	1121220471337169
1190528	1162610	27918	2949	7437892	7438364	1121220480411557
698054	672142	25912	3720	8937338	8489210	1121220490480993
1186222	1159528	26694	4840	11224386	11215710	1121220503325121
637262	604030	33232	701	2660334	2390456	1121220507066177
1185998	1158384	27614	4793	11123458	11122096	1121220519820817
1027428	1000090	27338	2731	7002088	6839968	1121220528284181
1015166	988522	26644	3654	8850978	8672756	1121220538583773
1184652	1155432	29220	3423	8385326	8382248	1121220548608859
474622	446384	28238	3618	8682538	8061052	1121220558199057
1450482	1157990	292492	937	3420026	3675150	1121220563502973
584520	557570	26950	2350	6151012	5635474	1121220570672953
1189512	1162598	26914	523	2586568	2586226	1121220574883861
1196538	1158460	38078	45	1535682	1638092	1121220578048865
1187662	1161238	26424	445	2110150	2434588	1121220581780021
1206636	1177718	28918	445	2176668	2454672	1121220585596865
1189040	1159388	29652	4271	10098416	10085382	1121220597317229
221458	191150	30308	4308	9838026	9188236	1121220607821601
844956	817352	27604	4659	10881192	10513796	1121220619981009
1188254	1161134	27120	598	2732554	2733428	1121220624336241
931370	904008	27362	2719	6982646	6719090	1121220632683341
1106442	1063362	43080	2527	6612850	6511092	1121220640836253
1185872	1157922	27950	2390	5907648	6317442	1121220648363665
0	0	0	0	0	0	0
1184170	1157976	26194	1631	4667542	4795958	1121220660909817
1193202	1166050	27152	128	1700410	1798374	1121220664236861
1201402	1171078	30324	4569	10224534	10698722	1121220676094929
1040718	1014540	26178	126	1792302	1643892	1121220679362265
950584	904516	46068	87	1717604	1474940	1121220682474065
1187128	1157794	29334	3824	9187828	9185894	1121220693282601
469932	443138	26794	3739	9034664	8299224	1121220703227281
911450	885434	26016	3153	7855306	7567268	1121220712440725
543628	441160	102468	318	2172564	1529668	1121220715590833
746264	629174	117090	2058	5374956	5212648	1121220722147465
962566	930602	31964	3238	7697266	7788316	1121220731241709
423376	396746	26630	312	2163820	1397718	1121220734274485
1204870	1177498	27372	3157	7523798	7868366	1121220743435933
389490	362862	26628	3223	7986378	7186166	1121220752244509
460994	432576	28418	243	2026602	1297760	1121220755165937
194406	168992	25414	467	2535730	1479556	1121220758337305
1188066	1158764	29302	4652	10841050	10842148	1121220770800925
1198862	1158226	40636	4695	10677894	10939936	1121220783111645
1190980	1164598	26382	762	2880892	3066392	1121220787629673
994920	969076	25844	963	3471696	3277280	1121220792529613
306350	277740	28610	400	2345034	1457384	1121220795614985
757852	730966	26886	3189	7929676	7494858	1121220804736497
1183162	1154714	28448	4682	10755474	10897022	1121220817109681
666766	640142	26624	1819	4809378	4655898	1121220823029201
1263876	1165492	98384	895	3328760	3404086	1121220828066309
0	0	0	0	0	0	0
1186276	1157876	28400	3966	9342480	9505200	1121220842746561
969486	943866	25620	714	2866838	2747540	1121220847015733
686074	659554	26520	2764	7066598	6564620	1121220855212333
1028646	1002206	26440	1471	4482662	4319194	1121220861168817
0	0	0	0	0	0	0
1185112	1158194	26918	3201	7941428	7939340	1121220877543101
1184338	1155720	28618	1900	5345526	5339960	1121220884506361
1135330	1108926	26404	4672	10710934	10829866	1121220896785193
761450	734044	27406	153	1861950	1416140	1121220899843341
188606	161414	27192	3198	7933426	6936382	1121220908400361
480062	447774	32288	588	2371778	2005484	1121220911685781
1192928	1165952	26976	2721	6614752	6984336	1121220919926609
1187622	1161096	26526	1103	3752458	3744366	1121220925301337
227026	181346	45680	2384	6132834	5344308	1121220932116621
797310	769944	27366	2908	7359880	6963778	1121220940706911
889040	860418	28622	372	1897496	1983458	1121220943926565
0	0	0	0	0	0	0
1151680	1117824	33856	1263	4075472	4029242	1121220958501041
973166	946080	27086	2561	6661386	6444606	1121220966568481
1127834	1100474	27360	1519	4576106	4517078	1121220972705177
990680	963640	27040	1868	5061140	5079126	1121220979189961
333298	305818	27480	3472	8483322	7628556	1121220988462481
284474	252678	31796	4907	11350158	10447896	1121221000531621
219140	192436	26704	4167	15399168	8903482	1121221016584117
1165850	1138164	27686	951	3437998	3417034	1121221021620817
0	0	0	0	0	0	0
942800	915606	27194	1590	4788820	4511276	1121221033777681
677930	652188	25742	589	2336794	2207302	1121221037226709
1184104	1157776	26328	195	1540896	1924122	1121221040394909
1200944	1170830	30114	2721	6705804	6994126	1121221048735697
412150	384504	27646	2067	5355266	4896286	1121221054936733
1194734	1166752	27982	2388	6315450	6321724	1121221062879341
0	0	0	0	0	0	0
1190814	1161276	29538	4998	11535310	11537096	1121221088241289
426958	335372	91586	1048	3558978	2874644	1121221092661297
861638	834260	27378	388	1932854	1987162	1121221095889941
1195774	1167410	28364	4060	9256922	9671722	1121221106776009
362820	335482	27338	918	2935900	2550126	1121221110509065
906472	878304	28168	3950	9438388	9155984	1121221121286625
829656	803766	25890	3299	7722348	7778954	1121221130281737
1191654	1160968	30686	2518	6574546	6578854	1121221138481681
824974	796774	28200	1972	5253710	5117890	1121221144992953
570462	543246	27216	2965	7468818	6850908	1121221153474349
1190356	1161668	28688	4362	10268816	10269942	1121221165366229
1185126	1158326	26800	4345	10135986	10225726	1121221177142897
1189680	1162868	26812	252	1563656	2044646	1121221180339361
512754	486022	26732	2260	5613094	5381622	1121221186898461
1104732	1076908	27824	3056	7650720	7568188	1121221196088377
913792	885898	27894	1249	4048272	3761272	1121221201483345
1031142	1004556	26586	3482	8513690	8349904	1121221211462601
1187498	1158744	28754	578	2754594	2700344	1121221215836905
429190	401568	27622	3726	8765594	8237066	1121221225466545
1341560	1294928	46632	432	2414800	2565972	1121221229656921
276160	247900	28260	1476	4510852	3585850	1121221234877473
978234	951702	26532	1578	4692178	4483138	1121221240981429
1187382	1161696	25686	2249	5753354	6034678	1121221248376621
1189708	1158804	30904	4532	10607740	10606474	1121221260608897
0	0	0	0	0	0	0
434726	408238	26488	701	2781898	2192620	1121221267271753
1162070	1134660	27410	2883	6881186	7278756	1121221275787077
1184642	1157750	26892	3978	9501650	9496824	1121221286905545
666194	639442	26752	3495	8289414	8006010	1121221296295029
1237514	1210934	26580	3730	8997198	9048030	1121221306962241
1219410	1154988	64422	4538	10337162	10645348	1121221318952021
0	0	0	0	0	0	0
1187946	1158686	29260	2714	6739698	6970886	1121221332605793
228432	201118	27314	1225	4001964	3029724	1121221337270913
1260856	1158828	102028	2628	6389704	6868610	1121221345363341
1188744	1161302	27442	4001	9548072	9539944	1121221356555097
1184858	1157508	27350	1268	3747734	4070834	1121221361921205
370184	342438	27746	1116	3768508	2951892	1121221366494497
1000558	973604	26954	4282	10104982	9915048	1121221378032741
410628	384044	26584	493	2526348	1747256	1121221381404817
1181280	1154106	27174	556	2652452	2642222	1121221385697405
378798	352760	26038	4864	11028466	10463080	1121221397538873
1190124	1161668	28456	3641	8927356	8827752	1121221408090061
413654	386716	26938	3694	8798466	8152596	1121221417735521
714226	685554	28672	3797	9138110	8662982	1121221428021993
437320	409986	27334	360	2262264	1509108	1121221431155125
1188348	1161658	26690	3414	8368512	8366600	1121221441156081
923246	895920	27326	2952	7375438	7177576	1121221449898885
1195756	1167452	28304	4922	11384308	11388946	1121221462913345
576940	550322	26618	998	3563104	2924776	1121221467486501
1228262	1171340	56922	2081	5719594	5752484	1121221474867741
1195016	1168770	26246	121	1809264	1786668	1121221478304429
1182698	1155924	26774	741	2712910	3015730	1121221482634125
211674	184810	26864	2532	6591854	5627176	1121221489871017
1191446	1164676	26770	1722	4601042	4991516	1121221496096773
0	0	0	0	0	0	0
1192878	1164758	28120	1754	4582998	5051422	1121221505618137
805974	771476	34498	2074	5350422	5303796	1121221512207209
1235260	1165498	69762	2597	6754424	6779906	1121221520630351
989482	962794	26688	2080	5702106	5499254	1121221527756493
447138	360862	86276	1836	5213718	4475690	1121221533850137
1108908	1081764	27144	130	1798888	1719770	1121221537191937
1194900	1168418	26482	2069	5676568	5682168	1121221544503825
1188076	1158350	29726	2678	6632916	6893688	1121221552758929
804314	776048	28266	4911	11332230	10976052	1121221565329093
1196526	1170258	26268	1080	3720890	3708836	1121221570735281
1189898	1161116	28782	967	3279302	3473858	1121221575638573
779974	753426	26548	2463	6475966	6062362	1121221583326597
1285832	1165688	120144	1022	3604816	3681696	1121221588660421
1102344	1076326	26018	3603	8757988	8659518	1121221598954825
0	0	0	0	0	0	0
520066	491124	28942	3710	8611006	8290454	1121221614408437
1278394	1165518	112876	4999	11543246	11628494	1121221627666661
1188010	1160538	27472	3502	8590598	8564444	1121221637878257
1182704	1155766	26938	163	1564420	1866698	1121221641058917
1191352	1160124	31228	2809	6864736	7161004	1121221649559485
988686	961422	27264	1627	4382074	4592704	1121221655364721
1120954	1094440	26514	2610	6894158	6696748	1121221663822993
1296436	1158494	137942	3908	9353188	9463892	1121221674906329
1190002	1163260	26742	288	2123742	2116202	1121221678653877
1186800	1156394	30406	3458	8154596	8452628	1121221688428629
213840	184956	28884	299	2146060	1163218	1121221691221681
974544	945988	28556	986	3511216	3296702	1121221696150321
1188092	1160880	27212	2761	6751132	7059722	1121221704523761
1213450	1185422	28028	3415	8458836	8397358	1121221714628639
1183660	1157200	26460	1169	3991004	3872250	1121221720237273
227970	182102	45868	2529	6131362	5647106	1121221727031473
1194480	1167012	27468	2766	7070940	7075034	1121221735739909
5555752	5550408	5344	3818	8870664	13543690	1121221750601101
1210710	1179308	31402	1750	4865918	5061302	1121221757112001
526100	498736	27364	2372	5921480	5620516	1121221764037369
1193768	1165164	28604	1229	3997172	4001502	1121221769660969
1280088	1250418	29670	4289	9975336	10214018	1121221781351225
1186522	1159678	26844	3973	9405710	9482906	1121221792385569
401904	332290	69614	3125	7792184	7003678	1121221801012917
1198812	1169862	28950	1993	5647388	5535302	1121221808303685
1184988	1158256	26732	1045	3457644	3624002	1121221813379821
685838	658920	26918	4853	11251086	10741988	1121221825760605
811426	784756	26670	533	2647010	2270088	1121221829654129
1186700	1160450	26250	615	2778628	2777134	1121221834053421
0	0	0	0	0	0	0
1330596	1302690	27906	1915	5377732	5515842	1121221844751237
1090842	1063414	27428	3939	9123182	9319684	1121221855399421
0	0	0	0	0	0	0
1165700	1138122	27578	503	2525760	2520854	1121221867570181
1199352	1172890	26462	766	2737608	3082064	1121221871939745
518636	439208	79428	256	2053404	1381686	1121221874944973
616432	589550	26882	2662	6865944	6291952	1121221882860785
1189494	1162720	26774	4682	10911394	10904868	1121221895393721
0	0	0	0	0	0	0
274072	246602	27470	3937	8988268	8498330	1121221914164129
562278	534888	27390	1218	3730834	3349478	1121221918890341
198544	172796	25748	367	2281700	1282896	1121221921804549
618158	592082	26076	4643	10830754	10256300	1121221933688105
1184662	1158076	26586	3985	9520146	9512202	1121221944826489
529488	501962	27526	1715	4986672	4309238	1121221950777249
1193532	1166154	27378	948	3435080	3440348	1121221955839313
802850	678910	123940	1741	4912826	4657638	1121221961988537
499830	472028	27802	3084	7351498	7027902	1121221970273497
286704	257136	29568	1612	4766456	3862078	1121221975760337
0	0	0	0	0	0	0
1201792	1174358	27434	541	2621772	2634004	1121221983089325
198452	172036	26416	1064	3521520	2678074	1121221987253973
990020	963016	27004	1438	4414872	4215770	1121221993115569
1231028	1193060	37968	4076	9690138	9732240	1121222004482393
1188558	1159758	28800	224	1707118	1986056	1121222007811889
0	0	0	0	0	0	0
1185190	1157082	28108	757	3048086	3048356	1121222015856481
1326012	1297212	28800	4618	10782480	10911796	1121222028397201
1183314	1155526	27788	436	2155654	2405498	1121222032170509
334440	307156	27284	3427	8313360	7538292	1121222041251509
703394	677954	25440	270	2082150	1593292	1121222044490445
849966	821636	28330	3861	8821558	8922806	1121222054595025
843046	815556	27490	2504	6569722	6202632	1121222062442025
1185594	1158642	26952	748	2688638	3032460	1121222066750541
972710	939680	33030	979	3517326	3281070	1121222071673577
1190752	1158360	32392	2357	5979180	6255106	1121222079275593
1213470	1187210	26260	43	1497262	1650122	1121222082430229
0	0	0	0	0	0	0
336222	289776	46446	2468	6213342	5623110	1121222101838817
1186288	1159516	26772	1151	3841716	3838750	1121222107298921
639834	613192	26642	3447	8103374	7884770	1121222116524421
968454	880198	88256	3099	7736894	7517392	1121222125662953
1185966	1157874	28092	1272	3706622	4080794	1121222130988401
0	0	0	0	0	0	0
1192446	1165800	26646	1753	4963958	5047800	1121222149276761
1188322	1161258	27064	3094	7492450	7725740	1121222158398533
1185150	1154874	30276	2978	7182938	7489922	1121222167199293
650486	622806	27680	4698	10936270	10397206	1121222179230577
303936	274000	29936	3538	8678124	7730074	1121222188653949
681924	652608	29316	1790	5118420	4611576	1121222194887849
1038666	1012348	26318	184	1911026	1756912	1121222198270541
1093732	1065872	27860	2449	6440860	6342278	1121222206237585
1208160	1164734	43426	4167	9873152	9892648	1121222217751933
1190874	1162896	27978	2790	7034634	7130326	1121222226410577
1198218	1169210	29008	8	1491162	1564850	1121222229533549
1196794	1169802	26992	345	2084118	2236954	1121222233248469
1193588	1167022	26566	2434	6218408	6412354	1121222241103165
336734	242248	94486	1518	4582874	3723378	1121222246464265
293442	266128	27314	3876	9295082	8397670	1121222256486929
1200046	1159398	40648	475	2491846	2501336	1121222260611777
1211776	1168080	43696	628	2791700	2817622	1121222265049189
1209180	1181862	27318	3792	8630740	9142552	1121222275342461
1184962	1159162	25800	2114	5895310	5769542	1121222282864225
1186720	1158692	28028	2550	6445468	6638124	1121222290929937
1249772	1223302	26470	138	1503652	1876196	1121222294116961
288934	247822	41112	4150	9540890	8937386	1121222304379993
424272	377422	46850	2659	6583744	6092964	1121222311821313
745484	642554	102930	1973	5482132	5040590	1121222318482497
1319304	1158646	160658	3768	9092916	9207160	1121222329328229
804232	775982	28250	4173	13527440	9500884	1121222344105045
919360	891938	27422	2066	5288336	5406812	1121222350746161
1288836	1173814	115022	157	1765440	1954456	1121222354233529
0	0	0	0	0	0	0
886268	855898	30370	2993	7296604	7223508	1121222373100801
1189640	1158934	30706	728	2996440	2995422	1121222377730161
1186884	1159364	27520	183	1746500	1913108	1121222381097445
425184	398304	26880	4562	10347424	9900206	1121222392327585
0	0	0	0	0	0	0
1200798	1173790	27008	970	3504438	3492374	1121222403709129
359228	328860	30368	4618	10448404	9946494	1121222414949501
567736	541614	26122	358	2261300	1634158	1121222418213929
1185414	1156942	28472	1157	3855494	3851120	1121222423689601
1185760	1159270	26490	3241	7898072	8024210	1121222433207897
378976	351590	27386	4692	10656476	10113686	1121222444688977
1388092	1358612	29480	411	2368632	2560800	1121222448880133
1182188	1155158	27030	546	2633352	2623806	1121222453130137
514908	488930	25978	3644	8585076	8153638	1121222462686821
1189092	1162454	26638	4623	10920896	10784426	1121222475230921
232966	181676	51290	2433	6151310	5449128	1121222482058733
1197242	1169328	27914	3730	8995970	9007602	1121222492684945
1194706	1162350	32356	3606	8559370	8757404	1121222502872277
796938	769216	27722	3548	8458266	8242658	1121222512560429
1198942	1171982	26960	901	3337666	3350724	1121222517532393
1288760	1261512	27248	193	1622332	2025138	1121222520876205
404288	376644	27644	897	3341804	2548674	1121222525055701
1293450	1265084	28366	687	2687638	3019084	1121222529478849
1122756	987498	135258	4937	11413964	11351260	1121222542450025
1187824	1159994	27830	895	2912344	3326344	1121222546983069
1280010	1101690	178320	4204	9818526	10038176	1121222558539205
986236	870064	116172	1193	3983568	3722740	1121222563943345
395626	368204	27422	1157	3603990	3065524	1121222568376713
1199108	1171296	27812	1775	5086512	5100202	1121222575096149
1194294	1167314	26980	3359	7959206	8264270	1121222584707281
1191668	1164406	27262	2438	6214532	6418062	1121222592546553
1188782	1162092	26690	912	3148458	3362414	1121222597317681
925178	898474	26704	3817	8966506	8908394	1121222607699933
792384	765310	27074	1772	5088340	4691800	1121222614013093
0	0	0	0	0	0	0
1195744	1168714	27030	2446	6435348	6438038	1121222626518337
1186930	1159066	27864	3018	7239582	7573616	1121222635377485
1192644	1166148	26496	1080	3289904	3702798	1121222640303217
413692	386572	27120	326	2271744	1416762	1121222643422161
1092012	1064360	27652	2323	6321820	6094156	1121222651270413
1165334	1136684	28650	168	1487914	1851742	1121222654365761
1204406	1176092	28314	2089	5720552	5732960	1121222661722771
1283526	1157614	125912	2884	6982438	7400964	1121222670421873
499980	472874	27106	2153	5782904	5156668	1121222677138273
0	0	0	0	0	0	0
1066980	1040294	26686	4577	10435756	10571982	1121222697999041
368188	342450	25738	2046	5273156	4830966	1121222704074269
1398502	1285352	113150	3282	8107070	8312602	1121222714012489
0	0	0	0	0	0	0
0	0	0	0	0	0	0
520616	493298	27318	3381	8208920	7633870	1121222735674457
0	0	0	0	0	0	0
1190400	1163424	26976	2207	5695048	5953812	1121222751396097
607806	580522	27284	2764	6642786	6486654	1121222759139441
0	0	0	0	0	0	0
1189370	1157890	31480	4500	10152482	10545530	1121222775626857
686216	660336	25880	2002	5309000	5040594	1121222782055657
1084680	1057490	27190	758	7412480	2951080	1121222790986045
0	0	0	0	0	0	0
1188568	1161212	27356	4866	11271040	11269916	1121222810125789
1192032	1165432	26600	1565	4515596	4670792	1121222816267169
455438	426924	28514	2710	6851366	6226964	1121222824006593
469074	440940	28134	3802	9142894	8423008	1121222834052133
1209194	1181836	27358	3889	9327798	9338122	1121222845022161
665004	638374	26630	1803	5154856	4622094	1121222851297913
954184	925068	29116	3098	7738208	7501028	1121222860443041
490376	462168	28208	377	2338352	1595380	1121222863705221
1252340	1225494	26846	2894	7345480	7410004	1121222872737073
1342388	1294470	47918	1815	5122352	5324474	1121222879635121
538358	510004	28354	697	2656882	2283390	1121222883265009
259880	214172	45708	2187	5504028	4983868	1121222889484509
1188626	1160682	27944	3418	8396710	8379676	1121222899503209
463400	436466	26934	1080	3416524	2974194	1121222903815893
1169720	1120500	49220	4588	10996368	10696926	1121222916416173
1193600	1165572	28028	1679	4896960	4900762	1121222922942001
1245618	1217562	28056	3070	7674890	7736302	1121222932295949
1097690	1070498	27192	785	2869930	3018226	1121222936695981
1199000	1172676	26324	2971	7480360	7492728	1121222945809253
688536	662074	26462	1889	5319360	4817888	1121222952250689
1192930	1165538	27392	3379	8296320	8301840	1121222962173011
1230578	1166544	64034	1766	4932754	5112090	1121222968770549
0	0	0	0	0	0	0
1207458	1178036	29422	1153	3843414	3863510	1121222983689321
1202310	1173376	28934	1844	5114096	5245674	1121222990440133
1188782	1161450	27332	4103	9582226	9743600	1121223001644565
651118	625272	25846	2491	6094990	5982624	1121223008822785
1187484	1158612	28872	2528	6592080	6592770	1121223017035125
924820	898138	26682	2361	5816604	5997350	1121223024222437
1186522	1158400	28122	3613	8766512	8762292	1121223034608035
1181702	1155350	26352	4592	10841678	10714680	1121223047065201
474942	446698	28244	3249	8042096	7321926	1121223056028285
793076	766436	26640	4848	11323644	10838872	1121223068578357
364574	262554	102020	965	3467646	2643824	1121223072843761
1200002	1173440	26562	2984	7553618	7518840	1121223082031173
426870	397412	29458	3223	7982842	7225110	1121223090873929
1085268	1057982	27286	2530	6531520	6494498	1121223098922269
1192234	1165726	26508	2681	6904322	6905576	1121223107451205
833012	806322	26690	1560	4669608	4308818	1121223113387961
506058	478504	27554	3364	8267006	7583840	1121223122604893
1114882	1088510	26372	3365	8270766	8196694	1121223132423641
930008	902972	27036	3213	7963680	7706902	1121223141750641
481684	454114	27570	1309	4166076	3457884	1121223146832325
1186056	1158628	27428	3605	8745796	8746570	1121223157196633
0	0	0	0	0	0	0
1314746	1158500	156246	4757	11053490	11178472	1121223172957249
1288694	1159646	129048	142	1740498	1924006	1121223176419153
613756	586162	27594	2001	5289808	4965648	1121223182756149
482920	456300	26620	3810	8912484	8453170	1121223192585233
1188242	1161000	27242	1020	3575654	3577894	1121223197782493
1201966	1157224	44742	3852	9003114	9263230	1121223208420121
765448	738342	27106	56	1556332	1228962	1121223211175609
0	0	0	0	0	0	0
1184994	1157484	27510	3229	8006310	7993714	1121223232169005
1185600	1156884	28716	375	2211332	2285552	1121223235999593
1192418	1164308	28110	1427	4248266	4395124	1121223241874377
1190212	1162892	27320	3318	7925400	8181868	1121223251422085
1187428	1160274	27154	88	1340892	1714278	1121223254383273
854846	828286	26560	3309	7860914	7822850	1121223263532593
1309476	1158526	150950	4516	10166840	10691046	1121223275443121
1188130	1158466	29664	4325	10191566	10193782	1121223287255713
1027826	1000850	26976	1821	5078514	5023060	1121223293807381
1185490	1158864	26626	52	1232566	1640188	1121223296659017
1188914	1161718	27196	4542	10636722	10622062	1121223308918285
0	0	0	0	0	0	0
322004	292616	29388	3259	8060308	7191530	1121223320987285
1185446	1157542	27904	4029	9600666	9594344	1121223332216721
568934	535356	33578	4554	10569214	10027168	1121223343788041
549604	522882	26722	2045	5223114	4990526	1121223349994681
580158	550484	29674	2378	5885034	5695954	1121223356893181
0	0	0	0	0	0	0
328982	302890	26092	2660	6472730	5997634	1121223374901925
1223590	1164668	58922	4020	9216152	9615360	1121223385776435
1191436	1158944	32492	3310	7854956	8169862	1121223395256201
1328470	1301072	27398	3669	8715342	9017420	1121223405743105
1228002	1157378	70624	3489	8124742	8555748	1121223415528629
739916	713198	26718	640	2733980	2374396	1121223419436469
756580	666786	89794	1712	4974856	4535386	1121223425601073
7891050	7887050	4000	2758	6671178	13757944	1121223440597477
1181532	1154734	26798	1168	3882308	3868270	1121223446093921
1188898	1162306	26592	780	2827554	3100100	1121223450545237
396052	369114	26938	278	2098680	1303616	1121223453474309
308638	253322	55316	4858	11266398	10385866	1121223465482837
1187680	1160292	27388	2826	6935640	7189478	1121223474041845
299960	214080	85880	2268	5625380	5195550	1121223480400041
1183070	1154868	28202	3785	8998062	9102612	1121223491015041
1202196	1158932	43264	4697	10568812	10946374	1121223503232081
1188826	1155296	33530	2197	5706682	5935592	1121223510570673
197726	171352	26374	4071	9686586	8690730	1121223520889513
1268504	1173658	94846	3753	9046116	9125166	1121223531638265
784662	757302	27360	1188	3598970	3511360	1121223536456365
1313008	1164926	148082	1912	5364032	5487854	1121223543566625
638818	480722	158096	698	2845410	2392620	1121223547484425
1297008	1270076	26932	2219	5567132	6085214	1121223554782505
775566	748734	26832	4056	9648666	9237940	1121223565639033
1189938	1163650	26288	2425	6411134	6408692	1121223573673365
347258	260316	86942	2190	5757894	5083128	1121223580210561
953900	925422	28478	308	1902696	1920466	1121223583499221
277560	250654	26906	2187	5617472	5001174	1121223589828801
1192976	1164186	28790	1406	4120596	4360742	1121223595576169
1323182	1296736	26446	1209	3558838	4091444	1121223600892369
1224738	1163070	61668	2610	6675510	6885046	1121223609226573
1181004	1155190	25814	201	1564956	1932816	1121223612678125
1193676	1162560	31116	1784	4814244	5113628	1121223619120721
0	0	0	0	0	0	0
503470	476236	27234	2130	5621966	5114424	1121223633978413
1192502	1164600	27902	1284	4105266	4112470	1121223639709389
1188488	1159420	29068	2430	6057292	6398620	1121223647389317
1191930	1165408	26522	4695	10949018	10933000	1121223659972693
617718	590850	26868	4905	11253322	10776896	1121223672276325
1186430	1160614	25816	2076	5688630	5689566	1121223679585053
1224900	1197688	27212	2692	6937612	6970136	1121223688179421
965898	937220	28678	3880	9341990	9077726	1121223698920373
1183752	1157856	25896	3979	9501320	9493488	1121223710040049
1328054	1300688	27366	4091	9321126	9865048	1121223721122329
1074056	1047004	27052	551	2269400	2526560	1121223724908325
0	0	0	0	0	0	0
1191894	1163672	28222	3150	7848010	7842048	1121223739694025
1187458	1158766	28692	3413	7940130	8364708	1121223749255521
1340404	1311808	28596	1759	4897244	5209674	1121223755938421
1179962	1152796	27166	1770	4949178	5070834	1121223762501921
1198950	1158870	40080	4588	10809154	10724388	1121223774942829
757314	726928	30386	1953	5088530	5013762	1121223781223109
1192092	1165480	26612	4215	9547284	9973582	1121223792407801
344986	318216	26770	4713	10967990	10121028	1121223804154593
0	0	0	0	0	0	0
1187262	1160572	26690	308	1818458	2153994	1121223816106765
1316910	1169404	147506	4377	9969390	10435210	1121223827826357
895168	867900	27268	2844	7141184	6940116	1121223836296529
613382	586772	26610	137	1809830	1236606	1121223839152749
257090	230456	26634	1670	4884836	3947046	1121223844738429
0	0	0	0	0	0	0
792940	764810	28130	4037	9613804	9217702	1121223865950049
1190674	1164188	26486	3400	8465382	8340856	1121223876039709
910910	884478	26432	120	1779062	1500742	1121223879164017
0	0	0	0	0	0	0
581164	554602	26562	3402	7943532	7736232	1121223896498049
1219000	1192354	26646	4914	11030840	11397590	1121223909181841
1062802	1036814	25988	4014	9583650	9441680	1121223920285481
