# Loop @ Start frequency 1400000Hz took 1520.59 cycles
# Interval [1518 ; 1523]
# Q1 : 1514 ; Q3 : 1516
# Loop @ Target frequency 1900000Hz took 1122.78 cycles
# Interval [1116 ; 1129]
# Q1 : 1114 ; Q3 : 1118
# Confidence intervals do not overlap, alternatives are statistically different with selected confidence level
Change time (with write) [cycles]	Change time [cycles]	Write cost [cycles]	Wait time [us]	Time since last frequency change request [cycles]	Time since last frequency change [cycles]	Detected frequency change timestamp [cycles]
1548698	1507772	40926	3567	370700458	370805658	1121571275609441
1947576	1921242	26334	4812	10999446	11902122	1121571288822279
395172	370252	24920	907	2601502	2539166	1121571292087843
2047806	2020472	27334	3036	7583468	8449664	1121571301992385
1393914	1366228	27686	4996	11516988	11716032	1121571315164401
2410700	2384240	26460	2463	6453020	7671306	1121571324289105
2209704	2182852	26852	4156	9820796	10852016	1121571336586017
2843204	2758846	84358	3982	8506980	11138126	1121571348201435
2624352	2596296	28056	4075	9498222	11104274	1121571360590457
2359978	2333648	26330	3998	9417800	10686830	1121571372635979
2813376	2784810	28566	3427	8372202	9997904	1121571384091315
2763500	2665202	98298	2191	6037752	7475292	1121571393153341
1942162	1915202	26960	4544	10700140	11364526	1121571406061955
1919300	1891762	27538	3891	9294252	10030762	1121571417541019
871990	846326	25664	4101	8822566	9404132	1121571427501635
1683208	1656786	26422	3295	8098422	8603342	1121571437548751
2254812	2228068	26744	2535	6584340	7654364	1121571446654247
1183690	1158478	25212	27	1619518	1568422	1121571449731123
1753640	1728346	25294	2511	6382724	7106438	1121571458132983
2081384	2053538	27846	4626	10774056	11664924	1121571471254635
2260964	2234154	26810	4697	10269702	11985292	1121571484046155
1738054	1603818	134236	4859	11230014	11784860	1121571497275163
1623826	1594704	29122	1572	4665000	5103678	1121571503824857
2772784	2746780	26004	447	2407196	3996776	1121571509265809
2811186	2785528	25658	3556	8631772	10258046	1121571520970085
1527820	1377612	150208	4871	11272152	11605196	1121571534030621
1530140	1367650	162490	3275	8066394	8410156	1121571543890861
1362262	1335230	27032	1540	4594814	4771284	1121571550111001
1912968	1886488	26480	3078	7666748	8398568	1121571559951541
2128176	2101106	27070	1572	3830630	5607136	1121571566170737
2460992	2434890	26102	1286	3556494	5362880	1121571572451521
2277528	2250822	26706	4158	9836104	10924202	1121571584827947
914648	887990	26658	156	1961086	1561570	1121571587965015
1787264	1669940	117324	590	2692056	3297100	1121571592705617
1299914	1274386	25528	1788	5091252	5206266	1121571599362171
1822866	1788398	34468	4822	11101002	11796524	1121571612549369
477344	451414	25930	271	1202830	1348816	1121571614495501
2634416	2609806	24610	2722	6954940	8409954	1121571624350503
2089460	2063432	26028	3041	7592802	8500692	1121571634295531
1518828	1493646	25182	1519	3855352	4887442	1121571639930851
1437638	1405500	32138	1506	4521782	4780364	1121571646151549
2398362	2372494	25868	4306	10178424	11340248	1121571658992207
1482788	1457068	25720	3273	8062646	8363872	1121571668798545
2926238	2900654	25584	1904	5087764	7065140	1121571677075983
2516764	2489492	27272	2294	6110550	7440124	1121571685964441
1587844	1563198	24646	1597	4700544	5111016	1121571692513423
2625248	2583664	41584	2113	5751266	7180924	1121571701478717
607724	582312	25412	412	2417158	1763064	1121571704767229
2908082	2882196	25886	138	1851312	3514314	1121571709793515
1415062	1389234	25828	3347	8214038	8439668	1121571719682447
846914	694446	152468	16	1313766	1209686	1121571722106297
2808148	2683978	124170	1746	5006324	6631556	1121571730181477
1655844	1630316	25528	4935	10788420	11869042	1121571742886963
2729236	2641470	87766	3464	8440968	9988696	1121571754320367
2626244	2599656	26588	3745	9094148	10446408	1121571766301275
2213734	2187966	25768	2732	6979670	8007058	1121571775758643
1773662	1746662	27000	1498	4508556	5099356	1121571782304567
2327254	2202602	124652	4146	10075742	10949600	1121571794968085
2082394	2044328	38066	1096	3841276	4610260	1121571801155125
2593048	2566758	26290	1260	3376624	5442482	1121571807387769
2149420	2124018	25402	4117	9013958	10713044	1121571818814029
2851066	2690286	160780	2011	5530118	7202304	1121571827455615
953614	927990	25624	172	1863916	1627138	1121571830536151
1757384	1731666	25718	2268	5979294	6623280	1121571838537817
2431768	2404920	26848	4094	9708840	10948874	1121571850944111
2504814	2463604	41210	745	3009658	4324482	1121571856719141
2358258	2323856	34402	2672	6857726	8031104	1121571866200521
1393228	1366978	26250	3355	8228574	8434172	1121571876085437
1555038	1527690	27348	1239	3936094	4363808	1121571881839181
2491896	2464336	27560	4099	9585376	11019506	1121571894179907
1526766	1498320	28446	3278	8064750	8411974	1121571904034711
1914570	1883994	30576	2673	6859880	7589322	1121571913072481
2612936	2585530	27406	2143	5832224	7234764	1121571921780761
1391758	1364516	27242	1737	5000076	5194390	1121571928433515
2162726	2135158	27568	1406	4174484	5305288	1121571935034477
2696286	2670122	26164	797	2385886	4619522	1121571940379967
2698722	2672358	26364	643	2730008	4313558	1121571946070395
716988	677898	39090	3558	8755460	8163448	1121571955806539
2045036	2020224	24812	4047	9343536	10469184	1121571967458521
2453774	2429192	24582	882	3352176	4546866	1121571973525211
2262096	2218628	43468	2473	6589204	7538588	1121571982637501
1364360	1330264	34096	1585	4715194	4863372	1121571988987705
2746118	2719784	26334	2540	5928934	8156606	1121571997923343
2435510	2408446	27064	4264	9171278	11298672	1121572009792683
1829116	1803950	25166	2738	6925796	7635142	1121572018808219
2144378	2026660	117718	2733	7089826	7940438	1121572028305371
2070106	2042506	27600	4271	10058786	10941134	1121572040694987
1924258	1898086	26172	2902	7350362	8058486	1121572050235063
2487802	2462270	25532	3628	8767070	10074458	1121572061750591
2208654	2183960	24694	3111	6894880	8761344	1121572071115317
353970	288708	65262	266	1228758	1216292	1121572072958635
2332130	2305536	26594	4833	11190372	12332278	1121572086744759
895560	870946	24614	157	1060842	1539040	1121572088964085
2182684	2157992	24692	226	1972188	2971046	1121572093379169
1369958	1344658	25300	1531	4576566	4761108	1121572099586475
1436792	1410162	26630	3004	7641000	7773578	1121572108927209
1491908	1364472	127436	3731	8122846	9282764	1121572118804217
2206836	2182132	24704	4131	9833186	10799258	1121572131105009
1823056	1797106	25950	3481	7861432	9116618	1121572141053179
2805492	2737824	67668	587	2209574	4311100	1121572146331585
1975590	1949916	25674	4252	10016912	10810570	1121572158587601
2796508	2770580	25928	3693	8897154	10511850	1121572170548411
953210	922222	30988	3638	8788378	8559776	1121572180559073
2285336	2259896	25440	2737	6891550	8090444	1121572190007101
1108388	1082782	25606	1854	5235928	5146880	1121572196612125
874214	848722	25492	262	2030140	1727466	1121572199781923
2092826	2066310	26516	2312	6129522	7046804	1121572208270443
2690792	2665054	25738	533	2322188	4086684	1121572213544415
2520852	2496194	24658	3593	8700686	10037578	1121572225032343
1184972	1159750	25222	99	1739974	1717572	1121572228218429
2478534	2452122	26412	4288	10166902	11384508	1121572241129931
2470684	2444950	25734	4109	9648912	11024682	1121572253509987
2496098	2468178	27920	2408	6360302	7641224	1121572262629275
2020264	1992830	27434	3027	7583402	8403518	1121572272503323
1553862	1527146	26716	4985	10860394	11853164	1121572285182925
2618004	2485758	132246	678	2876756	4308936	1121572290940995
2574790	2549210	25580	2117	5788630	7147958	1121572299565755
2772844	2629120	143724	2293	5599618	7695516	1121572308201729
1202690	1176480	26210	1789	5116264	5111816	1121572314783509
2221728	2196686	25042	914	3335794	4380592	1121572320602485
2440572	2414544	26028	4153	8847918	11076250	1121572332157229
1289430	1263118	26312	1515	4642246	4649136	1121572338350061
2309118	2280688	28430	1040	3645046	4719084	1121572344567729
2599746	2573904	25842	4496	9521086	11920252	1121572356958197
2924238	2894766	29472	3415	8344934	10088696	1121572368488635
2436936	2290074	146862	4104	8916092	10973848	1121572380113247
1384852	1359414	25438	3390	8282144	8493976	1121572390041085
2013170	1985260	27910	3186	7587720	8715772	1121572399905341
2094560	2069046	25514	4864	10433890	12157842	1121572412696611
3002948	2770220	232728	3823	9161252	10979798	1121572425128941
1694182	1668016	26166	4098	13046204	10218748	1121572440130061
586606	423794	162812	155	1836954	1225942	1121572442814447
2103946	2078704	25242	3875	9260558	10183424	1121572454439675
2005338	1766144	239194	4861	10467598	12057370	1121572467173223
2051644	2025156	26488	2928	7126650	8238488	1121572476615221
1183364	1158366	24998	110	1102222	1733726	1121572479170923
2233558	2208310	25248	1900	5409748	6367798	1121572487075037
2109208	2081356	27852	4545	10604810	11534108	1121572500050621
1954536	1928766	25770	3369	7287792	9034484	1121572509555835
1243158	1217758	25400	2297	5120632	6167252	1121572516180395
1926662	1899052	27610	4406	10387282	11068230	1121572528757821
487888	462600	25288	787	2151324	2391234	1121572531657059
2098442	2072760	25682	3521	8677432	9469876	1121572542693505
2927046	2779952	147094	2005	5530342	7266810	1121572551416039
1499392	1473904	25488	1318	3591876	4465412	1121572556768389
2286928	2261220	25708	4294	9484496	11205120	1121572568803845
2415696	2251194	164502	824	3049510	4394250	1121572574532555
1813212	1786104	27108	1278	4071490	4698984	1121572580682025
2779286	2752310	26976	2680	6010912	8469654	1121572589741979
2099702	2072896	26806	1094	3705776	4617472	1121572595808401
2163732	2139262	24470	3047	7052028	8592794	1121572605284315
1200406	1172150	28256	162	1842370	1853344	1121572608586951
1967148	1941934	25214	1420	4348544	5134788	1121572615191657
1777646	1750534	27112	1616	3753720	5339848	1121572620986145
2429064	2403068	25996	4621	10080530	12001032	1121572633759469
2637302	2612010	25292	1886	5296516	6738816	1121572641953635
2097870	1922078	175792	4189	10015302	10805106	1121572654330067
1722604	1696742	25862	4642	10794964	11335500	1121572667110707
2823958	2752722	71236	2200	5932120	7575828	1121572676129981
2344630	2317810	26820	4100	9714580	10874862	1121572688454607
2592136	2513400	78736	3859	8999206	10640212	1121572700305973
1802312	1775404	26908	1704	4058136	5541596	1121572706430129
2129472	2103108	26364	4153	9570650	10765044	1121572718391189
553048	527818	25230	3768	9058832	8417632	1121572728266721
1835196	1806720	28476	2718	6630114	7601036	1121572736992801
1494400	1469212	25188	3756	8061866	9336054	1121572746809905
1400568	1373922	26646	1692	4900896	5115020	1121572753372061
2412254	2384728	27526	4481	10036748	11703786	1121572766081585
1010376	982260	28116	1863	5236608	5066052	1121572772591669
2871892	2845076	26816	2575	5909606	8366084	1121572781640129
1956118	1917306	38812	1574	3942502	5434808	1121572787799369
1809766	1784068	25698	4855	11219946	11849826	1121572801092851
1183710	1156884	26826	44	1483870	1607450	1121572804020801
2786266	2760880	25386	4716	10924844	12547418	1121572817995251
1189978	1151800	38178	3488	8492050	8494820	1121572827940871
2484696	2459254	25442	2537	6675532	7887610	1121572837361547
6209990	6205396	4594	3773	9196062	14085490	1121572853028715
1183446	1158326	25120	320	1278970	2153998	1121572855752115
1453258	1428056	25202	1013	3525564	3810754	1121572860993881
2692868	2443934	248934	613	2748372	4256266	1121572866695485
2367192	2338674	28518	4795	10192522	12286396	1121572879519705
1564270	1538904	25366	1000	3509370	3894354	1121572884856755
2996062	2969038	27024	2181	5459146	7687238	1121572893572427
2868718	2842648	26070	4979	11614854	13155404	1121572908319017
1192794	1166260	26534	1799	5109870	5121362	1121572914885019
1798862	1772270	26592	1483	4479566	5094882	1121572921425071
2574090	2412554	161536	1306	3324482	5516830	1121572927584247
2336376	2310832	25544	1083	3607668	4832738	1121572933788475
2308480	2281782	26698	2629	6925904	7896262	1121572943286465
2604012	2576830	27182	847	3312026	4628826	1121572949465995
1501518	1477050	24468	3437	7687184	8705200	1121572958915409
2688072	2661578	26494	2324	6091956	7666348	1121572967957905
2529398	2502328	27070	2335	6197554	7529358	1121572976945187
1712746	1680210	32536	4813	11190450	11718730	1121572990112375
1709912	1684312	25600	4546	10740204	11131774	1121573002823481
1924600	1896700	27900	3083	7490194	8419570	1121573012500099
1813384	1786190	27194	4348	10461828	10838632	1121573025042775
1222346	1191064	31282	1639	4794116	4835238	1121573031319683
1334412	1308338	26074	4708	11206994	11080974	1121573044121657
2344854	2314546	30308	3991	9684596	10656302	1121573056414031
2591132	2546804	44328	895	3310804	4710670	1121573062576223
1114756	1087890	26866	130	1890724	1702992	1121573065851835
1037228	1012996	24232	3547	8640932	8461400	1121573075796201
2484476	2344724	139752	2350	6255984	7515668	1121573084797421
1579986	1554064	25922	3611	7914698	9131078	1121573094552791
2369104	2342726	26378	3071	6918492	8842244	1121573104107895
1832448	1807038	25410	3121	7754880	8404636	1121573113955157
1518168	1422426	95742	3537	8102986	8923466	1121573123836839
2300774	2275630	25144	1541	3694450	5711514	1121573130095327
1234850	1085300	149550	4851	11215398	11267238	1121573142809331
1394400	1367816	26584	3520	8331728	8763176	1121573152798749
2818818	2790162	28656	3752	8755824	10652002	1121573164637187
2657832	2631918	25914	1926	5386556	6840112	1121573172952057
1767218	1740186	27032	4751	11020638	11605286	1121573186003335
2190378	2164330	26048	2108	5739854	6736572	1121573194196423
1257882	1230836	27046	3409	8328238	8404684	1121573204045889
1180612	1154492	26120	1582	4673308	4674922	1121573210160551
2202844	2177568	25276	1307	4231636	5145820	1121573216858739
1978852	1953598	25254	3269	7133396	8846772	1121573226234655
2545046	2519414	25632	1444	3557752	5763326	1121573232600823
466118	441570	24548	367	2273184	1529652	1121573235607903
2659904	2634354	25550	4526	10568316	12042338	1121573249099561
2313204	2287970	25234	1010	3540094	4671778	1121573255214823
1676568	1651208	25360	3218	7965124	8450188	1121573265120101
2335700	2307218	28482	4507	9751066	11679730	1121573277467171
3036958	3010878	26080	3592	8272496	10557206	1121573289040303
2654526	2628948	25578	4429	17610154	11842620	1121573309565765
2790586	2745058	45528	2363	5380506	7846470	1121573317997755
2506488	2480044	26444	3697	8904178	10230468	1121573329671565
2408524	2285350	123174	765	3038412	4267628	1121573335381521
2451318	2425436	25882	3037	6850040	8856222	1121573344946295
1813046	1787878	25168	1186	3665354	4513972	1121573350685955
2317718	2283676	34042	2722	6954156	8092466	1121573360224515
2696476	2670982	25494	2586	6031620	8197346	1121573369217245
2113194	2088336	24858	2562	6720764	7568050	1121573378311887
2480322	2453138	27184	3618	8775144	10046062	1121573389830911
1236796	1167472	69324	410	1400182	2388060	1121573392731341
2530982	2501906	29076	4858	11230162	12576662	1121573406753445
1697522	1670184	27338	1582	4674658	5189898	1121573413385923
2640606	2614608	25998	3846	8634332	10662372	1121573424926939
2747818	2722566	25252	3808	9152048	10699882	1121573437090011
2664626	2637962	26664	616	2747520	4231950	1121573442768787
2885124	2855066	30058	730	2216984	4674854	1121573448131291
1448334	1417922	30412	4975	11457860	11727628	1121573461300365
2079082	2048134	30948	3171	7135890	8750582	1121573470779101
2272638	2245028	27610	3263	7101438	9129930	1121573480416571
762248	724304	37944	3658	8832208	8406956	1121573490272021
1792148	1766298	25850	2970	7463160	8063108	1121573499787915
1510870	1485762	25108	1899	4868158	5640170	1121573506430595
2296086	2271274	24812	4467	9869864	11559308	1121573518859651
2465152	2439034	26118	4256	10032466	11307418	1121573531620635
1232352	1207260	25092	1769	5052156	5100830	1121573538165849
2023624	1997646	25978	4276	10066616	10905862	1121573550518975
724980	699746	25234	301	1514614	1657546	1121573553028285
2090024	2064664	25360	3424	8367624	9271954	1121573563749283
2032250	2005314	26936	2861	7242758	8082920	1121573573287451
2109286	2083432	25854	4112	9881072	10664018	1121573585538383
2569910	2532796	37114	4151	9812010	11201268	1121573598184961
2613526	2586298	27228	2256	6133004	7456908	1121573607194859
2374662	2260038	114624	4034	9677890	10773146	1121573619511467
1854068	1825774	28294	4903	10697966	11990448	1121573632324751
1483120	1451726	31394	1688	4773446	5188634	1121573638841817
3059108	3033286	25822	2109	5730090	7608540	1121573647891737
1784044	1752978	31066	1608	4621370	5328720	1121573654560629
2532260	2505092	27168	962	3431696	4786382	1121573660794751
1554244	1528354	25890	3338	8028064	8559282	1121573670638667
2629132	2603720	25412	735	2432090	4429212	1121573675967551
1876918	1844352	32566	1482	4475754	5170884	1121573682583211
1452764	1426346	26418	3071	7666092	7924532	1121573691969011
2659058	2631712	27346	4014	9539522	11018126	1121573704431237
1706190	1581352	124838	1443	4238434	4922020	1121573710638341
1284292	1258312	25980	1781	5074102	5175566	1121573717264383
2437274	2410018	27256	2561	6710572	7889140	1121573726675263
1980514	1954324	26190	2849	7206018	8007984	1121573736130435
1984784	1958888	25896	1244	4072514	4803872	1121573742450705
2314278	2286246	28032	2967	6915104	8578734	1121573751950137
2118388	2091732	26656	1604	3806518	5662192	1121573758136145
1180778	1155040	25738	39	1606882	1587936	1121573761184529
2493156	2467400	25756	1695	4909420	6217588	1121573768850837
2317930	2292436	25494	4374	10273964	11395690	1121573781705495
2741170	2707530	33640	3531	8575166	10133298	1121573793282703
2778556	2662370	116186	2513	5555448	8133554	1121573801880041
2252912	2224836	28076	2483	6575124	7549902	1121573810971575
2455544	2429194	26350	4695	10126620	12175178	1121573823816795
827926	801750	26176	2080	5493602	5316384	1121573830401155
1391490	1365352	26138	4985	11489374	11692216	1121573843542581
1981858	1954712	27146	4703	10973610	11716798	1121573856760857
3075466	3050560	24906	3532	8332454	10467982	1121573868432371
2370856	2343704	27152	2604	6725300	7908118	1121573877789701
2277300	2251332	25968	4218	9947424	11042748	1121573890276005
996760	970492	26268	596	1843526	2517210	1121573893379537
1701860	1675142	26718	4133	9776806	10296748	1121573905118471
1947712	1921054	26658	4664	10568682	11605778	1121573917898243
2904104	2877932	26172	3903	8791740	11039512	1121573929854541
2724796	2618076	106720	1905	5329010	6864414	1121573938169215
2585070	2559144	25926	3540	8654272	9994180	1121573949671349
1631354	1604498	26856	4592	10444380	11144534	1121573962009545
1260962	1233616	27346	4918	11440724	11425834	1121573974973107
2125158	2098784	26374	1158	3833556	4776420	1121573981195203
2719444	2552718	166726	856	3268262	4808878	1121573987445895
1668574	1637256	31318	3235	7982568	8468390	1121573997360463
213966	175364	38602	553	2616344	1649018	1121574000453835
2637918	2611772	26146	3179	8005694	9327518	1121574011364969
1469572	1412822	56750	4849	11126502	11520356	1121574024221275
2279970	2254146	25824	4083	9679370	10774910	1121574036443587
2429564	2403448	26116	4279	10090940	11318892	1121574049225121
2408358	2382140	26218	3894	9313580	10546364	1121574061209763
878620	852138	26482	1731	5113632	4669490	1121574067461971
2147990	2120790	27200	2542	6741306	7562124	1121574076611341
1843318	1818058	25260	1197	4027538	4567282	1121574082760603
1800628	1772994	27634	4572	10661988	11273558	1121574095483811
1761076	1735822	25254	4725	10325016	11540676	1121574107830161
1682908	1655948	26960	1616	4216226	5245388	1121574113989949
1805066	1779824	25242	2907	7325720	7949026	1121574123384015
695928	669930	25998	2035	5580110	5095508	1121574129922841
476034	349084	126950	251	2027612	1308936	1121574132686921
2751716	2708068	43648	4439	10546574	11959708	1121574146260561
2501248	2475692	25556	4084	9695268	10999828	1121574158717939
2809460	2783882	25578	3836	9184068	10810532	1121574170974091
2839932	2814678	25254	1843	5221928	6870552	1121574179296435
2168362	2140026	28336	2724	6959768	7947578	1121574188690831
2255804	2228288	27516	2228	6102326	7041238	1121574197314227
2330526	2303660	26866	4334	10182960	11327958	1121574210088803
859564	834422	25142	220	2000558	1629108	1121574213209801
1354662	1328486	26176	2469	6387494	6629726	1121574221212915
2093124	2068618	24506	4381	10288124	11190566	1121574233857211
1611962	1584646	27316	3324	7595290	8590218	1121574243327995
1874756	1848942	25814	1701	4066176	5605102	1121574249532735
2493942	2468530	25412	2389	5510682	7601896	1121574257797935
1566158	1538260	27898	1254	4022476	4405658	1121574263650077
2184520	2157768	26752	1146	3806822	4806234	1121574269902379
1799950	1770530	29420	1524	4561388	5179076	1121574276527755
2127556	2097236	30320	2838	7324802	8134044	1121574286253275
377400	331502	45898	757	2069930	2222334	1121574288967059
2661414	2635964	25450	1387	4218862	5766126	1121574296111091
2667376	2639988	27388	1916	5360178	6828012	1121574304400949
2621676	2457216	164460	778	2832016	4508890	1121574310121247
1474336	1449036	25300	3625	8231556	9053982	1121574320093801
1883268	1844066	39202	1366	4254022	4945822	1121574326496659
1846532	1819588	26944	4116	13895422	10408208	1121574342503841
2690646	2662262	28384	3541	8595170	10102702	1121574354059847
2572274	2519106	53168	2343	6193902	7588104	1121574363089395
1125636	1099532	26104	138	1789870	1736022	1121574366268705
2545290	2474768	70522	3398	8079520	9671216	1121574377154299
2451270	2328318	122952	577	2691952	3954634	1121574382560223
2212744	2175132	37612	4330	10219580	11203556	1121574395303681
753612	726694	26918	1997	5512048	5079186	1121574401832417
2525898	2460032	65866	751	3013336	4359126	1121574407632689
996470	970500	25970	304	1998938	1935624	1121574410891183
1596644	1570650	25994	1683	4883394	5292880	1121574417639403
912118	885902	26216	24	1554686	1290424	1121574420366835
1696648	1669702	26946	4052	9614824	10131004	1121574431941261
2008660	1983552	25108	1074	3029054	4487880	1121574437239199
526242	498904	27338	192	926856	1239124	1121574438952835
1323298	1297822	25476	1046	3696654	3751422	1121574444235767
1701456	1457118	244338	1820	4538090	5671222	1121574450735915
1760696	1735260	25436	1357	3492124	4803222	1121574456249149
2232118	2206386	25732	503	2536304	3566958	1121574461278503
2061234	2036044	25190	3001	7510032	8394022	1121574471115571
1859122	1834400	24722	4432	10225060	11057980	1121574483465431
1461124	1432958	28166	3206	8022662	8203904	1121574493209237
2158886	2133160	25726	901	2536962	4290958	1121574498171011
1494098	1398090	96008	4711	10986494	11246016	1121574510912147
1938890	1913672	25218	1660	4011344	5589632	1121574517122823
2638140	2441740	196400	689	2894894	4352446	1121574522922071
1154240	1128966	25274	3718	8045228	8919046	1121574532382071
2034328	1979322	55006	4450	10446404	11265196	1121574545128101
1464924	1438730	26194	3635	7845668	9063282	1121574554698547
2455598	2429656	25942	1159	3015514	5104078	1121574560437183
1613018	1587944	25074	4807	10914372	11557436	1121574573228535
2249670	2224036	25634	4644	9858520	11866418	1121574585597129
3047252	2897258	149994	339	2206960	4055198	1121574591114683
2932550	2879178	53372	3398	8312522	10063934	1121574602625823
1543310	1516888	26422	1625	4769254	5123082	1121574609234511
2957856	2929680	28176	3388	8290998	10070580	1121574620749019
2509158	2483018	26140	2588	6688462	8014312	1121574630210261
2095892	2068784	27108	4440	10398436	11307210	1121574642964883
2543988	2517796	26192	2426	6368636	7732164	1121574652140941
1530470	1497520	32950	1390	4296950	4640478	1121574658231315
2890688	2864818	25870	517	2650550	4253010	1121574664035521
1594134	1566518	27616	3612	8116492	9148908	1121574674006887
1022538	929112	93426	3997	8569338	9350624	1121574683859223
1910642	1879444	31198	1515	4474540	5269090	1121574690505301
1969324	1939594	29730	4807	10949432	11912878	1121574703689835
3030120	3004692	25428	2226	5105440	7810756	1121574712086601
2241702	2214272	27430	2777	6946568	8126314	1121574721538081
2220690	2194976	25714	1518	3595350	5587624	1121574727617049
1594446	1524932	69514	4911	10824488	11750232	1121574740296657
1892862	1867374	25488	1246	4003718	4714596	1121574746457055
2452226	2427092	25134	3597	8706038	9975498	1121574757880379
1480262	1454874	25388	3397	7776142	8605580	1121574767400279
993270	966476	26794	1898	5103074	5125576	1121574773757261
1813728	1788582	25146	3990	9369634	10122456	1121574785203645
1183564	1092302	91262	1573	4661510	4664642	1121574791311395
2235710	2209324	26386	2998	6607298	8562520	1121574800415529
2550172	2523002	27170	4025	9562966	10929290	1121574812789875
2585754	2418860	166894	903	3313040	4720218	1121574818949391
2458010	2433480	24530	4058	9661104	10908532	1121574831331541
1589734	1564350	25384	2849	7213848	7616914	1121574840401187
3610562	3606662	3900	2038	5639130	8016374	1121574849913971
2070732	2045112	25620	2576	6671108	7553234	1121574858922035
1126058	1101078	24980	1794	5163280	5101026	1121574865477363
1893126	1868050	25076	3309	7302362	8840874	1121574874936363
2330242	2303264	26978	1021	3619740	4733184	1121574881147425
2575332	2546820	28512	2521	6576500	7952318	1121574890562437
2812160	2731668	80492	256	1827266	3654548	1121574895479205
1497924	1472504	25420	1647	4802328	5122014	1121574902042895
2222414	2194192	28222	3051	6875510	8653044	1121574911403381
1174326	1145678	28648	82	1903050	1667658	1121574914741211
2599520	2574136	25384	3606	8725364	10141984	1121574926332377
2028370	2002904	25466	1823	4339184	6004090	1121574932963155
2209432	2183558	25874	2797	6617384	8133858	1121574942050111
1545786	1520334	25452	2847	7206580	7570418	1121574951062411
1783614	1729120	54494	4533	10589976	11186960	1121574963696171
1904888	1803648	101240	2314	6149886	6862396	1121574972013341
2549466	2446718	102748	1416	3387286	5716360	1121574978213897
2046782	2020374	26408	4815	10890222	12006652	1121574991411085
948648	922070	26578	1925	5366222	5127004	1121574997988889
2387992	2361062	26930	804	3130972	4326014	1121575003768251
1515204	1489084	26120	3314	8140982	8472140	1121575013685389
1470078	1444228	25850	3590	8083852	8985878	1121575023502107
2386656	2361354	25302	4213	9780710	11143298	1121575035932635
1926900	1901412	25488	4843	10959282	11943386	1121575049078789
923706	857536	66170	2107	4988084	5467800	1121575055253537
2856500	2741544	114956	466	2595972	4119326	1121575060968261
581884	555790	26094	165	1846050	1245992	1121575063659669
2056504	2029794	26710	3640	8558896	9665198	1121575074538195
2491676	2463000	28676	929	3413430	4679492	1121575080707309
1339402	1300190	39212	4618	10766030	10905276	1121575093078935
2939236	2913658	25578	3585	8685550	10446840	1121575104966677
657238	632084	25154	169	1951388	1333844	1121575107838661
1482150	1456630	25520	887	3288824	3585522	1121575112869541
2584152	2550910	33242	3960	9361764	10835048	1121575125075471
2128504	2101930	26574	1222	3395130	4901510	1121575130861743
527856	502820	25036	256	1877866	1369376	1121575133531099
2581752	2556164	25588	2861	7233878	8634554	1121575143606911
1382242	1355222	27020	1736	4983510	5184098	1121575150233341
3033726	3004174	29552	747	2182906	4857250	1121575155712799
1621034	1595490	25544	4831	10940952	11612204	1121575168537995
1996638	1971046	25592	3066	7639134	8457834	1121575178447515
2291020	2264198	26822	3173	11844462	8966850	1121575192847803
2617268	2565874	51394	840	3012780	4627862	1121575198737971
2786866	2760188	26678	3440	8387800	9997472	1121575210173549
2834090	2807556	26534	639	1821156	4450346	1121575215092683
1410932	1385560	25372	4969	11499018	11683196	1121575228265425
1629016	1603572	25444	2874	7062200	7706036	1121575237219497
2036634	1961004	75630	2794	7058772	7961488	1121575246580997
1548158	1419008	129150	1947	4728554	5772386	1121575253122437
2454340	2428826	25514	3675	8823774	10154090	1121575264666619
2280092	2254484	25608	2683	6988636	7976244	1121575274208235
2592636	2564734	27902	2129	5771328	7181696	1121575282832729
2186296	2159416	26880	1178	3870760	4872000	1121575289150377
2118362	2090622	27740	4357	10232732	11167764	1121575301762315
1695996	1671332	24664	2768	7058816	7561232	1121575310783889
2954058	2909076	44982	1728	4975294	6741596	1121575318973847
1558764	1532158	26606	1345	4279168	4587910	1121575325072503
2944416	2883016	61400	2397	5724020	8069052	1121575334004165
1680354	1654810	25544	4420	10353326	10850744	1121575346303955
1990740	1962514	28226	4668	10854932	11655754	1121575359416247
2825920	2799514	26406	2509	5951714	8175108	1121575368455399
2614988	2588846	26142	2084	5684474	7112386	1121575377020337
2156300	2130168	26132	1008	3378428	4501386	1121575382815631
2478862	2451452	27410	989	2977460	4786024	1121575388532185
2054814	2028540	26274	2209	5929962	6802588	1121575396782057
1411674	1383278	28396	2132	4996640	6005236	1121575403450795
2636254	2609058	27196	529	2491862	4023400	1121575408839417
2953642	2927690	25952	1889	5288936	7060754	1121575417342675
332632	305538	27094	480	2472180	1622456	1121575420407657
2502540	2476624	25916	1836	5206322	6504918	1121575428377483
937126	910188	26938	3609	8728180	8485374	1121575438304051
2612466	2585006	27460	3931	9370662	10803410	1121575450547319
2000694	1971444	29250	997	3510852	4324268	1121575456323461
737998	640920	97078	83	1675236	1234232	1121575458996743
2462690	2437086	25604	1970	5467410	6750092	1121575467187331
2489362	2461710	27652	897	3298852	4617728	1121575473236031
1896850	1858524	38326	3170	7742304	8572970	1121575483135421
1932064	1904220	27844	4614	10906514	11646760	1121575496234517
2649704	2622854	26850	4075	9041324	11129578	1121575508186097
2860252	2834536	25716	1936	5114756	7061738	1121575516424529
3006984	2981458	25526	3810	9148670	10957742	1121575528841241
1419140	1392360	26780	4699	11070400	11154336	1121575541591269
1925292	1898292	27000	2703	6918074	7661094	1121575550695351
2035174	2007990	27184	571	2657302	3507684	1121575555653147
1437688	1411612	26076	2121	4848906	6010170	1121575562199629
1185560	1158730	26830	204	1793708	1923252	1121575565439463
2370358	2290002	80356	653	2754552	4007470	1121575570830249
1724416	1687782	36634	4899	11305324	11852664	1121575584122241
1091434	1063482	27952	1951	5192350	5321880	1121575590669179
1503072	1474830	28242	1533	4574736	4898214	1121575597014763
2887216	2859592	27624	875	3265476	4970698	1121575603430817
809924	782874	27050	1820	5151560	4780592	1121575609653503
1611620	1577466	34154	1624	4762170	5189354	1121575616293151
1680496	1653554	26942	4226	9963622	10462616	1121575628197961
2237572	2208604	28968	2530	6570896	7626668	1121575637266977
442030	416770	25260	287	2084360	1347136	1121575640059395
1674698	1647356	27342	2017	5544766	6038000	1121575647541979
2076202	2036050	40152	4637	10780576	11679518	1121575660659427
1888836	1864446	24390	3099	7707166	8415292	1121575670525949
2544190	2518078	26112	3072	6793298	9017870	1121575680131267
2267808	2242770	25038	4460	10458144	11517638	1121575693120747
2120908	2095652	25256	2320	6164964	7095718	1121575701667751
2795318	2755386	39932	3691	8898086	10507058	1121575713622075
1024882	998338	26544	3515	8592422	8385064	1121575723499575
1392786	1365958	26828	1689	4892262	5101370	1121575730045427
2159170	2132334	26836	4036	9580664	10561600	1121575742045743
3131472	3035778	95694	3330	8205508	10121694	1121575753645935
2734710	2709248	25462	3527	8563504	10119552	1121575765207089
916616	891164	25452	4512	17782750	10270348	1121575784166835
2435468	2406924	28544	4272	10056526	11309358	1121575796921635
2362048	2332778	29270	2431	6395044	7559104	1121575805942161
1443942	1418750	25192	1271	4047412	4314892	1121575811693961
496130	373166	122964	270	1900782	1365108	1121575814354137
2645018	2618202	26816	1835	5182872	6645172	1121575822445035
2919894	2733768	186126	2272	5874698	7793312	1121575831523787
1900384	1874058	26326	1381	3519230	4992342	1121575837206241
2178196	2152370	25826	2583	6686674	7682484	1121575846331981
2305930	2280304	25626	4192	9898920	11020396	1121575858797661
2465658	2440372	25286	4268	10053242	11331918	1121575871577235
2221190	2196008	25182	2526	6576498	7602964	1121575880634687
1943214	1915766	27448	4175	9859022	10622034	1121575892704647
2211982	2186992	24990	1343	4207950	5228498	1121575899387355
2028452	1999942	28510	2034	5808476	6498348	1121575907485751
2426458	2400344	26114	894	3120012	4544110	1121575913295701
2615614	2587734	27880	3835	9185954	10614160	1121575925360751
1418282	1391410	26872	1528	4565162	4804346	1121575931607387
1500590	1473920	26670	3525	7747300	8879302	1121575941115601
2585994	2462600	123394	2292	6162822	7504040	1121575950124977
2735656	2709054	26602	421	2353116	3907688	1121575955476599
2129864	2103826	26038	1282	3462898	5024480	1121575961332737
1402624	1377312	25312	1609	4842610	4951024	1121575967841417
2364018	2319230	44788	4497	9702262	11693394	1121575980170761
1783292	1756118	27174	1542	3683224	5206180	1121575985897995
2138172	2111340	26832	1225	3349766	4917966	1121575991648819
1393804	1369190	24614	3580	8198404	8889842	1121576001502395
2711526	2686110	25416	371	2033510	3784524	1121576006508087
1940152	1913332	26820	2230	5972116	6729506	1121576014690677
2535504	2509276	26228	2381	5447918	7628574	1121576022943941
2616572	2589456	27116	2057	5429052	7061238	1121576031250969
2639638	2591744	47894	3524	8567748	10027130	1121576042721949
2188398	2159352	29046	2149	5812616	6815104	1121576050986649
2203076	2178398	24678	4944	10455504	12421584	1121576063909209
2950858	2925126	25732	3449	8433442	10178130	1121576075554843
1911986	1886214	25772	4539	10591666	11319666	1121576088321899
1186720	1158956	27764	192	1767360	1900196	1121576091536609
2091306	2065894	25412	2481	6470696	7382460	1121576100367197
2259868	2191946	67922	4389	10286706	11366836	1121576113175605
2389378	2364296	25082	2949	6870516	8617804	1121576122699075
678362	652500	25862	3720	8959200	8448156	1121576132599927
1780550	1755306	25244	4840	11196800	11790832	1121576145848009
398998	372964	26034	701	2230812	2144804	1121576148740489
2740518	2642778	97740	4793	11110030	12657920	1121576162853857
1750448	1725318	25130	2731	6975316	7543904	1121576171839767
866206	828086	38120	3654	8812490	8502472	1121576181779395
1213632	1185876	27756	3423	8420322	8389354	1121576191676721
2625556	2590144	35412	3618	8749842	10190738	1121576203318609
2009598	1984040	25558	937	3195276	4219100	1121576208786597
2565092	2539566	25526	2350	6207114	7595624	1121576217822057
2587324	2560578	26746	523	2565480	3965136	1121576223238195
824892	798074	26818	45	850312	1245262	1121576225173765
1891630	1865648	25982	445	2408546	3123208	1121576229736501
1183124	1158532	24592	445	1757872	2410978	1121576232937923
2532750	2506942	25808	4271	10067482	11414316	1121576245805459
2120354	2093198	27156	4308	10127938	11065212	1121576258314995
1752110	1724716	27394	4659	10834456	11399560	1121576271164607
829542	803930	25612	598	1812284	2355848	1121576274070081
2778748	2752500	26248	2719	6781482	8546364	1121576283891165
2196632	2168984	27648	2527	6562506	7580694	1121576292910957
2247148	2217370	29778	2390	6153848	7356686	1121576301575487
1489464	1464066	25398	1682	4876812	5184252	1121576308205743
2115386	2022880	92506	1631	3825020	5706756	1121576314407543
1114708	1088830	25878	128	1828930	1700456	1121576317614899
854006	827728	26278	4569	10652510	10321026	1121576329388055
1184880	1158768	26112	126	958164	1765174	1121576331794905
2262138	2235690	26448	87	1713892	2765778	1121576336034161
2131852	2107490	24362	3824	9164358	10110172	1121576347591829
2675242	2647550	27692	3739	9003134	10483446	1121576359533071
1971586	1946020	25566	3153	7533608	8614918	1121576369299363
2384646	2358760	25886	318	2350840	3350538	1121576374298337
2801992	2772504	29488	2058	5668362	7248140	1121576383031723
1595534	1568782	26752	3238	8044252	8461776	1121576392935087
255146	229084	26062	312	1891324	1209724	1121576395344689
2614352	2409732	204620	3157	7829436	9256818	1121576406051851
1353782	1327842	25940	3223	7965136	8129250	1121576415631207
715838	637402	78436	243	2003646	1532476	1121576418613261
2138504	2112604	25900	467	2586054	3402642	1121576423607881
0	0	0	0	0	0	0
2027266	1950908	76358	4695	10898432	11746490	1121576449174435
2563770	2538880	24890	762	3026256	4423540	1121576455026863
2450088	2424062	26026	963	3438800	4711094	1121576461179147
490918	465234	25684	400	2328742	1627546	1121576464261959
1923920	1897764	26156	3189	7896442	8632278	1121576474344881
1880996	1854164	26832	4682	10875186	11573852	1121576487361849
1649960	1624150	25810	1819	4759846	5622070	1121576494034773
2259298	2226024	33274	895	3236964	4379756	1121576499792025
708230	683742	24488	320	2205504	1677582	1121576502968943
1860466	1830654	29812	3966	9517882	10127422	1121576514611139
772782	746720	26062	714	2239420	2531648	1121576517893441
2865192	2839540	25652	2764	7076780	8723756	1121576528101781
1768754	1692342	76412	1471	4595468	5040680	1121576534729245
2894032	2743022	151010	1798	5112318	6819354	1121576542996513
1659766	1634480	25286	3201	8018888	8397492	1121576552936097
1457184	1431458	25726	1900	4872694	5586164	1121576559529455
2282794	2255514	27280	4672	10223916	11955508	1121576572297035
1027040	1000972	26068	153	1814364	1662162	1121576575401245
2298750	2196578	102172	3198	7912044	9024726	1121576585872899
2857562	2830620	26942	588	2685858	4363494	1121576591679625
2411858	2386126	25732	2721	6430624	8194506	1121576600785843
2234056	2208734	25322	1103	2860338	4769912	1121576606143999
2537040	2459286	77754	2384	6280920	7634752	1121576615224925
1799796	1774696	25100	2908	7341138	7950450	1121576624629601
1083826	1058010	25816	372	1634068	2156760	1121576627623629
2486332	2460326	26006	3139	7848880	9093314	1121576638220111
1855770	1828588	27182	1263	4046578	4711702	1121576644385475
2528662	2476320	52342	2561	6645360	7980306	1121576653820231
1858004	1831918	26086	1519	4553970	5223204	1121576660495529
1999824	1965168	34656	1868	4359864	6065874	1121576667125303
2749230	2723330	25900	3472	8459658	10027010	1121576678594649
1382436	1355022	27414	4907	11541902	11525290	1121576691789761
2250230	2223484	26746	4167	9854388	10914206	1121576704155475
1861530	1834096	27434	951	3418368	4093398	1121576709698737
2600118	2573530	26588	1851	5285466	6630916	1121576717845275
1368026	1342968	25058	1590	4592908	4878134	1121576724067079
2665896	2402802	263094	589	2798238	4173668	1121576729794961
2263520	2237832	25688	195	8537282	2982958	1121576740858451
1934426	1909118	25308	2721	6829450	7707386	1121576749883307
2330644	2305296	25348	2067	5696734	6794938	1121576758171481
2127348	2101556	25792	2388	6296214	7233312	1121576766858117
1660792	1557934	102858	4887	11215438	11764192	1121576779997381
1395206	1367250	27956	4998	11382664	11721260	1121576793035719
1994446	1967856	26590	1048	3503344	4426792	1121576798796969
409018	383018	26000	388	1746548	1514090	1121576801215443
1601362	1575942	25420	4060	9635632	10056788	1121576812715715
2014716	1989426	25290	918	2646122	4180666	1121576817639037
2296302	2269910	26392	3950	9405566	10524702	1121576829604543
1932940	1905278	27662	3299	7253106	8860232	1121576839051131
2478660	2452978	25682	2518	5846570	7844456	1121576847636745
1462378	1427498	34880	1972	4770236	5745644	1121576854132409
1457618	1431742	25876	2965	7447016	7718262	1121576863299611
2468780	2444302	24478	4362	9659298	11522262	1121576875688679
1846760	1809838	36922	4345	9884302	10866274	1121576887680583
510268	484532	25736	252	2129722	1343742	1121576890584025
1845792	1779924	65868	2260	6113372	6694972	1121576898821477
2284032	2259276	24756	3056	7105286	8724926	1121576908473719
1704494	1679968	24526	1249	4023164	4531088	1121576914466105
1409306	1383466	25840	3482	8173236	8702946	1121576924332817
2779374	2752572	26802	578	2434336	4264526	1121576929806877
2966008	2934544	31464	3726	9229860	10746684	1121576942265369
2915094	2795642	119452	432	2372262	4108526	1121576947816465
1786940	1761266	25674	1476	4468868	5068960	1121576954336203
2176758	1931090	245668	1578	4060864	5661736	1121576960839989
2614388	2588522	25866	2249	5745848	7441986	1121576969463579
2429170	2403466	25704	4532	10001864	11824772	1121576982158223
799952	771376	28576	38	941510	1205494	1121576984163057
1919564	1890924	28640	701	2912258	3651184	1121576989258617
1875542	1850134	25408	2883	6447682	7971732	1121576997842485
2416840	2390786	26054	3978	9539276	10703870	1121577010061739
1013080	987912	25168	3495	8497886	8333340	1121577019835863
2695076	2664656	30420	3730	9021322	10485350	1121577031815835
1876050	1844522	31528	4538	10588702	11281824	1121577044544641
2009422	1976642	32780	1181	3871832	4700876	1121577050695965
1806608	1779172	27436	2714	6087492	7564650	1121577058853141
1951258	1894202	57056	1225	3064180	4732350	1121577064129723
2425522	2398778	26744	2628	6815478	8011422	1121577073631923
2728900	2701014	27886	4001	9513710	11060952	1121577086135205
1509158	1483792	25366	1268	4051528	4375910	1121577091959381
2399638	2373932	25706	1116	2804206	4968658	1121577097423883
1860154	1834820	25334	4282	10075328	10753668	1121577109620277
2621192	2595576	25616	493	2501154	3937208	1121577115003241
2805524	2781016	24508	556	2630986	4253572	1121577120703525
1597478	1572000	25478	4864	11244656	11654924	1121577133809357
1043936	1018866	25070	3641	8223210	8662982	1121577143339789
1065194	1039860	25334	3694	8131216	8782644	1121577152796977
2611266	2584512	26754	3797	9104176	10535846	1121577164772957
472310	308872	163438	360	2233384	1522890	1121577167741969
2256862	2231232	25630	3414	8128708	9413814	1121577178390451
1806522	1780454	26068	2952	7420056	8039460	1121577187880027
1388696	1362060	26636	4922	11354992	11562036	1121577200884085
2325944	2299328	26616	998	3650798	4657648	1121577207121317
626242	493768	132474	2081	5677026	5123710	1121577213685499
737278	712834	24444	121	1772600	1310080	1121577216456565
1736252	1676760	59492	741	2995148	3549354	1121577221457477
2463558	2437900	25658	2532	6442460	7858120	1121577230624743
1007000	981226	25774	1722	4957146	4779358	1121577236868131
1186128	1159908	26220	58	1629948	1630496	1121577239945201
2231476	2206288	25188	1754	4851328	6068802	1121577247288559
2767734	2740386	27348	2074	5661218	7246556	1121577255980739
1948362	1920890	27472	2597	6527106	7472458	1121577264719235
2917456	2891124	26332	2080	5678540	7406490	1121577273576281
1064624	1034500	30124	1836	5235568	5065448	1121577280137387
998814	973468	25346	130	1772472	1588680	1121577283171571
1925660	1900282	25378	2069	5653740	6399294	1121577291014411
2297474	2270426	27048	2678	6898630	8001820	1121577300474131
1529778	1502756	27022	4911	11068800	11681772	1121577313342361
1967646	1942494	25152	1080	3123476	4456784	1121577318696127
2522172	2497890	24282	967	3441698	4787216	1121577324922601
2692928	2667102	25826	2463	6516866	7953456	1121577334393329
2222376	2196502	25874	1022	3558732	4595906	1121577340434685
2885284	2859332	25952	3603	8767956	10421892	1121577352357555
1709634	1681640	27994	1355	3387714	4750586	1121577357717823
2438058	2318354	119704	3710	8969414	10187232	1121577369388223
1394832	1369364	25468	4999	11510150	11721966	1121577382556829
2859002	2830952	28050	3502	8514608	10193554	1121577394194915
1184246	1155358	28888	163	1283352	1840544	1121577396926115
2916202	2889856	26346	2809	7320016	8869778	1121577407425995
1625554	1599066	26488	1627	4762656	5210634	1121577414077339
2531144	2503132	28012	2610	6769242	8082252	1121577423640857
2038284	2013238	25046	3908	9327532	10183956	1121577435269921
2715608	2689058	26550	288	2091842	3621510	1121577440339229
1226584	1200148	26436	3458	8431236	8472466	1121577450260067
390738	363816	26922	299	2110458	1319192	1121577453022195
1393890	1368686	25204	986	3488678	3701284	1121577458167337
2498318	2470650	27668	2761	6813722	8350836	1121577467739675
1809394	1777452	31942	3415	7482490	8969544	1121577477294671
2244706	2219048	25658	1169	3250136	4913440	1121577483053951
1964154	1938072	26082	2529	6572508	7355964	1121577491853343
2078336	2052486	25850	2766	7047132	7938822	1121577501241463
2679236	2653740	25496	3818	9262058	10645696	1121577513446225
3055968	3018832	37136	1750	5097452	6885450	1121577521862891
2491352	2401138	90214	2372	6177232	7564392	1121577530794195
1946978	1921136	25842	1229	3967674	4735208	1121577536971841
2426674	2400710	25964	4289	9207992	11334328	1121577548869467
2236446	2189716	46730	3973	9473096	10512862	1121577560843099
1733508	1708804	24704	3125	7763076	8313874	1121577570600053
2982288	2954400	27888	1993	4907868	7299220	1121577578764839
2273950	2246844	27106	1045	3599548	4693896	1121577584898401
1523274	1497056	26218	4853	11363896	11601928	1121577598045647
283634	257018	26616	533	2601114	1679290	1121577601193983
1526088	1498332	27756	615	3027722	3173748	1121577606007871
1208324	1158144	50180	392	1727470	2323256	1121577609204629
701288	672076	29212	1915	10567480	4860232	1121577620743437
2842832	2817538	25294	3939	9387896	11050288	1121577633236951
2467078	2442176	24902	2399	6316134	7603542	1121577642283063
3053710	2918836	134874	503	2515134	4390108	1121577648117681
577744	553014	24730	766	2338876	2440844	1121577651297683
2206110	2181230	24880	256	1816716	3054610	1121577655584021
2196212	2154080	42132	2662	6955698	7851054	1121577664996045
1889012	1863342	25670	4682	10904616	11588672	1121577678052795
2061102	2034554	26548	2947	7195366	8284844	1121577687572771
2999676	2856948	142728	3937	8643600	11202420	1121577699479293
2201398	2049368	152030	1218	3748804	4966400	1121577705692961
2752450	2722784	29666	367	2253776	3816122	1121577710961981
1802452	1774698	27754	4643	10808580	11427968	1121577723835857
2547192	2519044	28148	3985	9485008	10846742	1121577736130535
2904014	2778340	125674	1715	5009968	6663188	1121577744305257
2532804	2506134	26670	948	3413094	4758252	1121577750512037
1178800	1147770	31030	1741	5003254	4989708	1121577756963941
1408794	1382912	25882	3084	7694082	7915872	1121577766329897
1293968	1269684	24284	1612	4736256	4847816	1121577772622981
725860	699816	26044	82	1532418	1221632	1121577775152885
1904106	1807354	96752	541	2723174	3314644	1121577780041115
2277178	2251618	25560	1064	3374828	4735386	1121577785954155
2010180	1982184	27996	1438	3909956	5216874	1121577792135071
2114256	2088508	25748	4076	9452326	10595068	1121577803965057
3244264	3218598	25666	224	1906974	4023450	1121577809379029
2666612	2640692	25920	447	2423392	3890490	1121577814729275
1832260	1807444	24816	757	2796244	3676152	1121577819620965
1630994	1604864	26130	4618	10747032	11196700	1121577832261591
369058	343146	25912	436	2386290	1569932	1121577835279619
2222206	2194632	27574	3427	8426118	9406318	1121577846188649
2983474	2845714	137760	270	2146442	3852982	1121577851581917
2299710	2273154	26556	3861	8982774	10350930	1121577863128063
2323600	2297612	25988	2504	6533192	7669908	1121577872245859
2489056	2459676	29380	748	3009018	4314756	1121577878007259
2361798	2336220	25578	979	3473598	4649978	1121577884103971
2449502	2423686	25816	2357	6227034	7495044	1121577893043583
1103950	1079460	24490	43	1707920	1524050	1121577896116003
2235460	2207962	27498	4633	10780812	11833540	1121577909393479
1854446	1826266	28180	2468	6447968	7121142	1121577917956359
2055304	2029978	25326	1151	3810748	4687792	1121577924083123
2989192	2962136	27056	3447	8404388	10214078	1121577935740949
1821874	1796336	25538	3099	7710470	8348792	1121577945533561
2139980	2113620	26360	1272	3855412	5013524	1121577951789657
0	0	0	0	0	0	0
1343288	1231608	111680	1753	5017678	5179324	1121577969908787
1509292	1471944	37348	3094	7727814	8026938	1121577979406721
1695264	1667842	27422	2978	7607846	8092676	1121577988976625
1954726	1929046	25680	4698	10910530	11685984	1121578002107977
2985756	2959460	26296	3538	8668558	10392836	1121578014022929
2827756	2802216	25540	1790	5091082	6738524	1121578022202867
1186978	1160824	26154	184	1883790	1885092	1121578025534077
2249220	2222728	26492	2449	6289782	7476984	1121578034342265
2569508	2539908	29600	4167	9234092	11233180	1121578046406511
1856708	1830998	25710	2790	7040124	7768822	1121578055565595
1186836	1159916	26920	8	1539658	1532516	1121578058555349
2454254	2179060	275194	345	2193506	3472972	1121578063473117
2434568	2409012	25556	2434	5579952	7634160	1121578071751305
1862222	1835334	26888	1518	4550842	5226914	1121578078424925
2873080	2847342	25738	3876	9219470	10955650	1121578090785651
689404	583364	106040	475	2223040	1969332	1121578093961969
2117316	2091058	26258	628	2670962	3702572	1121578099015821
805400	779938	25462	3792	8941078	8720536	1121578109025881
2608738	2582412	26326	2114	5289716	7165198	1121578117185175
2101830	2074190	27640	2550	6650196	7536078	1121578126198209
1188706	1161464	27242	138	1703756	1796458	1121578129355037
1736868	1712340	24528	4150	9828636	10367682	1121578141181099
2221656	2196350	25306	2659	6835402	7874668	1121578150497761
1685342	1660052	25290	1973	4637618	5961326	1121578157087441
2819734	2794568	25166	3768	8414040	10684600	1121578168581731
2960144	2932216	27928	4173	9217576	11638290	1121578181030075
2612776	2582838	29938	2066	5649210	7083896	1121578189552627
848118	821590	26528	157	1828192	1492720	1121578192491911
1817784	1792612	25172	3739	8987580	9625022	1121578203567475
1450814	1423718	27096	2993	7496822	7766214	1121578212778439
2463340	2410966	52374	728	2972444	4248784	1121578218474951
642304	616770	25534	183	1880194	1337644	1121578221261867
2853450	2822054	31396	4562	10633092	12306362	1121578235008939
1610448	1584224	26224	1618	4768682	5186822	1121578241651847
2043622	2017998	25624	970	3400952	4313834	1121578247357035
1837944	1812646	25298	4618	10803826	11403494	1121578260259225
379968	354830	25138	358	2230478	1425490	1121578263133201
888232	862620	25612	1157	3831332	3536568	1121578268113501
1676906	1651646	25260	3241	8000060	8487574	1121578278050083
1576752	1551210	25542	4692	10905712	11290494	1121578290795805
217324	192100	25224	411	2360090	1368416	1121578293636341
1678570	1651716	26854	546	2606260	3100332	1121578298181595
2648062	2590494	57568	3644	8590776	10266458	1121578309680987
2864972	2832538	32434	4623	13367212	12440902	1121578326175735
2326398	2300348	26050	2433	6378648	7522120	1121578335141161
3040424	2937120	103304	3730	8985110	10838836	1121578347427075
2657564	2630512	27052	3606	8725606	10198956	1121578359072081
1020684	994618	26066	3548	8611556	8450304	1121578368965143
2203588	2177316	26272	901	3324580	4345180	1121578374754017
804296	777798	26498	193	1897386	1520724	1121578377718703
1658680	1633502	25178	897	3304804	3782020	1121578382943019
2635304	2610144	25160	687	2896154	4347604	1121578388737595
1386852	1239298	147554	4937	11524386	11591296	1121578401909081
2655622	2414698	240924	895	2785862	4774564	1121578407611801
2054752	2026924	27828	4204	9916218	10792240	1121578419842801
1991684	1966350	25334	1193	3902092	4707892	1121578425999681
2091694	2064434	27260	1157	3844884	4735732	1121578432199663
1270390	1245338	25052	1775	5063516	5150680	1121578438794343
1845732	1819004	26728	3359	7385216	8893672	1121578448285635
2848446	2823198	25248	2438	5525818	8053706	1121578456920249
2638758	2611374	27384	912	2875962	4791734	1121578462696519
2243564	2219012	24552	3817	9089508	10206276	1121578474293201
2835702	2810778	24924	1772	5055780	6709492	1121578482445259
2213240	2186698	26542	834	3181954	4211636	1121578488110757
2880224	2773400	106824	2446	5521070	8107560	1121578496777769
1799594	1773612	25982	3018	7587400	8164930	1121578506425041
2229152	2202206	26946	1080	3679402	4719132	1121578512604509
0	0	0	0	0	0	0
1930940	1905508	25432	2323	6166196	6905876	1121578523828277
1292340	1156376	135964	168	863794	1958554	1121578526247577
1884026	1849464	34562	2089	5696638	6393756	1121578534089189
2556008	2472306	83702	2884	6299742	8659550	1121578543205157
2972722	2824390	148332	2153	5825164	7615902	1121578552263807
1866008	1839300	26708	2873	7257184	7940740	1121578561652981
1853960	1826732	27228	4577	10663140	11339254	1121578574430851
2691434	2666336	25098	2046	5607046	7112982	1121578582994315
1422894	1396314	26580	3282	8084136	8321970	1121578592761651
2783246	2757986	25260	2183	5181060	7478766	1121578600985957
2323510	2298920	24590	1024	3566614	4706380	1121578607136151
1797230	1772084	25146	3381	7423950	8888890	1121578616617781
2629354	2603662	25692	2619	6048542	8196384	1121578625559835
2917068	2891204	25864	2207	5333792	7666074	1121578634071497
2207224	2181208	26016	2764	7122916	8066050	1121578643667581
1895152	1869642	25510	1235	4058386	4694456	1121578649881455
2501320	2475412	25908	4500	10007832	11830478	1121578662651551
3954314	3950338	3976	2002	5501248	8288618	1121578672374491
2344022	2318406	25616	758	3154894	4189326	1121578678134145
939150	913456	25694	1917	5350916	5102706	1121578684687187
1710066	1682282	27784	4866	11240660	11770720	1121578697897969
1868152	1842012	26140	1565	4047672	5328652	1121578704074065
2443810	2416978	26832	2710	6025192	8198536	1121578712803609
2611996	2586356	25640	3802	9023850	10544862	1121578724699785
2888528	2863028	25500	3889	9323966	10995814	1121578737176199
2803070	2776918	26152	1803	5128438	6744162	1121578745370635
1923052	1895270	27782	3098	7706156	8448936	1121578755262509
1087092	1061114	25978	377	1434728	2169848	1121578758044607
2989880	2963848	26032	2894	7298346	9106914	1121578768593251
2812560	2787464	25096	1815	5151518	6772836	1121578776827941
1875532	1850850	24682	697	2729052	3599506	1121578781694835
3017434	2990856	26578	2187	5994126	7720424	1121578790966715
2905442	2746730	158712	3418	8347936	10076542	1121578802480635
2247762	2221258	26504	1080	3678590	4737568	1121578808678821
1753208	1582730	170478	4588	10691196	11260010	1121578821386261
1798486	1773228	25258	1679	4195568	5485418	1121578827645475
2080796	2056192	24604	3070	7109098	8566420	1121578837095645
2925818	2900218	25600	785	2197922	4825738	1121578842482711
2163326	2135558	27768	2971	7476354	8435846	1121578852390075
1601020	1575874	25146	1889	4676776	5708092	1121578858931699
2051690	2025590	26100	3379	7581970	9139778	1121578868826355
1796580	1771300	25280	1766	4156200	5657626	1121578875039203
1965438	1939564	25874	3274	7280732	8841986	1121578884547969
2123792	2099384	24408	1153	2974410	4759664	1121578889916297
1177622	1069476	108146	1844	5211702	5196154	1121578896566075
1943458	1918050	25408	4103	9773062	10478240	1121578908547817
2305550	2279998	25552	2491	6510788	7616892	1121578917637797
2504382	2478302	26080	2528	6671530	7889458	1121578927074555
5009382	5005278	4104	2361	6241030	10073602	1121578938585495
1833976	1803496	30480	3613	7829086	9391788	1121578948513601
2285516	2259574	25942	4592	10124150	11799722	1121578961189421
1667592	1641774	25818	3249	7069972	8495860	1121578970187461
2306004	2216958	89046	4848	10240514	12346514	1121578982993787
2333012	2306206	26806	965	3583658	4598070	1121578989170715
2214856	2187804	27052	2984	6658046	8513604	1121578998304481
1814632	1789138	25494	3223	7854292	8590026	1121579008234229
2198242	2172176	26066	2530	5789504	7588122	1121579016485755
1900370	1869566	30804	2681	6870164	7591892	1121579025525789
1395432	1370352	25080	1560	4908690	4846180	1121579032090845
1404256	1377298	26958	3364	8239922	8461228	1121579041995587
2859312	2834620	24692	3365	8340864	9918258	1121579053458551
1682798	1656974	25824	3213	7939862	8437158	1121579063341935
2236090	2114062	122028	1309	4142486	5183136	1121579069981235
2620390	2580810	39580	3605	8808524	10161436	1121579081673389
2977210	2806742	170468	360	1688918	4032004	1121579086600209
1692344	1566140	126204	4757	11025214	11534704	1121579099585169
623944	598650	25294	142	1794838	1238002	1121579102264803
1833916	1806126	27790	2001	5508782	6164722	1121579109870655
510360	459952	50408	3810	9145438	8460722	1121579119787105
2367274	2341128	26146	1020	3552130	4736950	1121579125971991
2126910	2101220	25690	3852	9059132	10160570	1121579137421513
1184636	1159378	25258	56	1646280	1628182	1121579140515195
1091510	1058372	33138	4159	9858168	9737318	1121579151735921
1686232	1660964	25268	3229	8007406	8472834	1121579161692595
470362	444906	25456	375	2259376	1549568	1121579164682699
676998	651864	25134	1427	4365462	3860510	1121579169985367
2036186	2003956	32230	3318	7512708	9002482	1121579179794455
1188452	1162016	26436	88	1691408	1692916	1121579182934641
1602832	1494496	108336	3309	8139464	8559082	1121579192942955
1915946	1889462	26484	4516	10556320	11283822	1121579205677995
1934494	1905092	29402	4325	10162260	10915854	1121579218036405
2828440	2802370	26070	1821	5153596	6801272	1121579226284323
1078700	1052116	26584	52	1617086	1513014	1121579229246541
1037148	1010360	26788	4542	10593328	10450500	1121579241140931
611306	583544	27762	291	2216624	1523564	1121579244235037
1834898	1760478	74420	3259	8150450	8683592	1121579254486615
2430684	2256918	173766	4029	9569944	10819398	1121579266756323
1545722	1519470	26252	4554	10634352	10983444	1121579279197243
2174806	2148946	25860	2045	5694312	6595544	1121579287330215
2030258	2002924	27334	2378	6345908	7114624	1121579295967635
2745522	2720992	24530	3803	8987142	10682000	1121579307966765
1806852	1781938	24914	2660	6984588	7457224	1121579317024035
2148508	2121198	27310	4020	9552766	10524288	1121579328991611
2588958	2563420	25538	3310	13550218	9539162	1121579345391951
713154	672760	40394	3669	8876174	8380674	1121579355242083
2801132	2763426	37706	3489	8487870	10109864	1121579366791991
2783262	2755730	27532	640	1906948	4394132	1121579371746075
2951828	2925804	26024	1712	4939108	6706234	1121579379900597
1738522	1710816	27706	2758	7060340	7584162	1121579388963207
2168406	2138050	30356	1168	3851642	4840390	1121579395246995
2332916	2306878	26038	780	3067832	4222804	1121579400911535
836614	808506	28108	278	2072628	1727454	1121579404081197
1679238	1652278	26960	4858	11317496	11726826	1121579417343627
1777424	1752692	24732	2826	7179146	7759274	1121579426563795
2648028	2622032	25996	2268	6055470	7513364	1121579435536349
2836600	2811232	25368	3785	9088442	10736352	1121579447724777
1828158	1800896	27262	4697	10902288	11552264	1121579460718315
2465088	2435916	29172	2197	5914754	7188080	1121579469361089
1644168	1618752	25416	4071	9666706	10117656	1121579480932119
2650752	2625444	25308	3753	8750442	10486164	1121579492596645
1975542	1950112	25430	1188	3963742	4681768	1121579498803325
2599396	2573258	26138	1912	5341432	6753348	1121579507007189
0	0	0	0	0	0	0
2795938	2769110	26828	2219	5974942	7563566	1121579521373635
1979146	1858922	120224	4056	9619024	10421492	1121579533234725
2452018	2426880	25138	2425	6370284	7630934	1121579542317539
2478384	2452068	26316	2190	5902874	7186918	1121579550961755
421824	395758	26066	308	2149948	1391410	1121579553797215
2086018	2058614	27404	2187	5921594	6790246	1121579562065357
2359112	2332520	26592	1406	3586628	5501902	1121579568274361
2383038	2355486	27552	1209	3432618	5132318	1121579574356257
2500598	2377044	123554	2610	6630314	8050080	1121579583747761
810074	782112	27962	201	1991752	1542160	1121579586813205
2201522	2174746	26776	1784	5133156	6099130	1121579594408635
2437594	2411618	25976	2659	6831204	8085818	1121579603944635
2940806	2913490	27316	2130	5774276	7532658	1121579612925731
1880148	1854600	25548	1284	4100268	4782000	1121579619167005
2316750	2288082	28668	2430	6493136	7507410	1121579628237555
2083650	2056850	26800	4695	10773890	11803558	1121579641356321
1678792	1650822	27970	4905	11318820	11819112	1121579654617395
2974786	2945656	29130	2076	5052286	7455482	1121579662909291
1861786	1836452	25334	2692	6903016	7580676	1121579671940289
2757454	2730904	26550	3880	9281266	10847986	1121579684239855
2558336	2531200	27136	3979	9465924	10846064	1121579696524647
2271530	2183592	87938	4091	9693514	10782722	1121579708759775
1184148	1158964	25184	551	1741206	2615614	1121579711948331
2448604	2413572	35032	1069	3665218	4917554	1121579718328737
1389298	1361976	27322	3150	7617876	8017036	1121579727597385
1303056	1278196	24860	3413	8350310	8459466	1121579737511035
1706522	1680424	26098	1759	4202374	5554572	1121579743680431
2024550	1999972	24578	1770	4446684	5901694	1121579750412459
2487706	2457454	30252	4588	9992480	11993344	1121579763163557
960818	935104	25714	1953	5419864	5201260	1121579769804537
1687838	1661760	26078	4215	9938612	10445936	1121579781691509
1801908	1773902	28006	4713	11023714	11558728	1121579794777465
2297806	2272012	25794	2835	6650334	8296606	1121579803989251
539810	514398	25412	308	2130754	1485896	1121579806923267
2952540	2925104	27436	4377	10272860	12041034	1121579820411897
1718968	1693352	25616	2844	7332746	7736734	1121579829728265
984938	957548	27390	137	1794180	1589254	1121579832768177
2003046	1976274	26772	1670	4869282	5672332	1121579839900237
1871442	1846276	25166	4240	9840032	10681608	1121579851872553
2584910	2558094	26816	4037	9585400	10988720	1121579864303871
2900832	2875076	25756	3400	8308718	10029698	1121579875773761
911192	884200	26992	120	1750368	1481182	1121579878696121
2843710	2817882	25828	2891	7102520	8955910	1121579888904581
1299502	1274316	25186	3402	8385408	8438982	1121579898850241
1484428	1457134	27294	4914	11333620	11641474	1121579911929037
2534876	2506118	28758	4014	9058472	10891854	1121579923785447
