# Loop @ Start frequency 1400000Hz took 1520.32 cycles
# Interval [1518 ; 1523]
# Q1 : 1514 ; Q3 : 1516
# Loop @ Target frequency 2400000Hz took 891.07 cycles
# Interval [881 ; 901]
# Q1 : 882 ; Q3 : 884
# Confidence intervals do not overlap, alternatives are statistically different with selected confidence level
Change time (with write) [cycles]	Change time [cycles]	Write cost [cycles]	Wait time [us]	Time since last frequency change request [cycles]	Time since last frequency change [cycles]	Detected frequency change timestamp [cycles]
1445938	1404630	41308	3567	370555246	370643122	1121616139869167
1546288	1435256	111032	4812	10916172	11501050	1121616152557441
994624	968194	26430	907	3341028	3138426	1121616157113745
1642232	1616148	26084	3036	7166314	8049092	1121616166143265
1515238	1488944	26294	4996	11503152	11837044	1121616179382203
1644126	1618550	25576	2463	6282508	6899278	1121616187529007
1580876	1553290	27586	4156	9625098	10223124	1121616198955727
772884	744298	28586	3982	8820270	9066064	1121616208769653
1572144	1546018	26126	4075	9670394	10063948	1121616220232801
1728534	1702254	26280	3998	9467090	10055258	1121616231653131
2152328	2109036	43292	3427	8378880	9337982	1121616242404841
1811360	1784060	27300	2191	5893130	6522586	1121616250329779
1428724	1401360	27364	4544	10401012	10846656	1121616262385029
1452512	1425504	27008	3891	9105546	9562700	1121616273168777
2172940	2137352	35588	4101	8874914	10705098	1121616284437063
1485706	1458618	27088	3295	7254876	8404852	1121616293397837
1022582	994254	28328	2535	6583792	6421860	1121616301224655
1151822	1124496	27326	27	1571064	1534748	1121616304167795
1463536	1436986	26550	2511	6547702	6816102	1121616312403543
1419388	1391194	28194	4626	10737720	11000286	1121616324781211
1441228	1413434	27794	4697	10708126	11164774	1121616337150967
1727634	1701252	26382	4859	10806426	11781288	1121616349905345
763700	616032	147668	1572	3951940	4236988	1121616354841365
2009676	1839954	169722	447	2407658	3240322	1121616359479293
1508038	1481428	26610	3556	7991772	8956004	1121616369199589
445108	405524	39584	4871	11259206	10517008	1121616381124497
1141178	1115920	25258	3275	8060368	8021174	1121616390546523
929430	899676	29754	1540	4608102	4339630	1121616396304729
0	0	0	0	0	0	0
1727168	1636176	90992	1572	4562910	5201682	1121616411888327
0	0	0	0	0	0	0
1467808	1440824	26984	4158	9827444	10113178	1121616429212849
0	0	0	0	0	0	0
725834	696938	28896	590	2756872	2235830	1121616436174847
1295136	1270356	24780	1788	5085462	5200694	1121616442780055
1586070	1554550	31520	4822	11156236	11564550	1121616455742935
545630	519760	25870	271	2063194	1418094	1121616458572419
1078090	1053426	24664	2722	6961938	6852258	1121616466832867
1422466	1396504	25962	3041	7017064	7833138	1121616475493145
1423394	1393006	30388	1519	4551268	4791946	1121616481688071
1416422	1389502	26920	1506	4525890	4781864	1121616487851513
1508640	1481228	27412	4306	10174706	10449316	1121616499755361
1523288	1496448	26840	3273	7922070	8399412	1121616509421717
2012920	1986088	26832	1904	5133948	6148696	1121616516789289
0	0	0	0	0	0	0
1877640	1850048	27592	1597	4019750	5400294	1121616530657899
1933300	1907460	25840	2113	5210356	6489286	1121616538021499
1183886	1157448	26438	412	1342412	2338006	1121616540768071
1722284	1697084	25200	138	1891552	2333226	1121616544602475
760378	734984	25394	3347	7719074	7785210	1121616553302495
1200094	1173696	26398	16	1607222	1561754	1121616556330165
1650646	1623886	26760	1746	4887100	5472074	1121616563092771
1562644	1527572	35072	4935	10908386	11762510	1121616575784561
1650050	1622662	27388	3464	8045284	8909124	1121616585699943
1829476	1803814	25662	3745	9001446	9649126	1121616596751237
1636072	1609144	26928	2732	6434302	7431090	1121616605041769
1423544	1398536	25008	1498	3849294	4750458	1121616610535235
1313908	1287574	26334	4146	9796076	9936420	1121616621865499
1418532	1389654	28878	1096	3703664	3940542	1121616627208125
1109426	1083266	26160	1260	4000154	3959032	1121616632538959
1626072	1600716	25356	4117	9743362	10190886	1121616644129469
1308266	1282202	26064	2011	5165008	5660054	1121616650823599
0	0	0	0	0	0	0
996868	971286	25582	2268	6048386	5861206	1121616661042155
1674166	1649210	24956	4094	9700360	10193346	1121616672637335
1683490	1656978	26512	745	3008830	3504186	1121616677550659
1389378	1228934	160444	2672	6236030	7071346	1121616685396467
2164896	2137792	27104	3355	8235722	9205094	1121616696017937
824230	798042	26188	1239	3854568	3631738	1121616700917179
1824342	1787680	36662	4099	9107282	10354380	1121616712069233
1562822	1536366	26456	3278	8067330	8448098	1121616721919629
1234824	1208692	26132	2673	6310356	6911216	1121616729685561
1773386	1745004	28382	2143	5802656	6389992	1121616737482049
1620716	1595360	25356	1737	4794404	5424330	1121616744117361
0	0	0	0	0	0	0
1537372	1494812	42560	797	2702542	3462210	1121616754393995
2028784	2002410	26374	643	2218294	3644426	1121616758861335
991608	965128	26480	3558	8646608	8443406	1121616768720085
1397444	1371980	25464	4047	9491998	9820008	1121616779829873
1490402	1455882	34520	882	3268284	3581794	1121616784808759
1222026	1195988	26038	2473	6337142	6503292	1121616792588297
859288	832376	26912	1585	4679646	4359174	1121616798347507
1496862	1469356	27506	2540	6585914	6907056	1121616806655047
749542	712716	36826	4264	10004202	9606738	1121616817629587
1778482	1752458	26024	2738	6981830	7585236	1121616826610459
1586980	1560456	26524	2733	6786990	7381292	1121616835204949
1688194	1567040	121154	4271	9976318	10559338	1121616847090065
718110	690636	27474	2902	7316826	6853246	1121616855345923
1494286	1464976	29310	3628	8249342	9086930	1121616865310047
1439786	1412206	27580	3111	7337210	7997554	1121616874307459
585304	558070	27234	266	2063866	1446364	1121616877180975
1056098	948692	107406	4833	11180032	11050886	1121616889637637
1185822	1159128	26694	157	1311406	1829292	1121616892355373
1576304	1551722	24582	226	2024220	2358890	1121616896189815
1454748	1399410	55338	1531	4119044	4846930	1121616901988179
0	0	0	0	0	0	0
906492	879720	26772	3731	8299196	8698348	1121616920121825
1778364	1752000	26364	4131	9772640	10369890	1121616931893601
1132360	1106304	26056	3481	8404932	8425996	1121616941651505
1570926	1546286	24640	587	2680866	3074866	1121616946124011
1069174	1043986	25188	4252	9918846	9902304	1121616957332249
970124	943830	26294	3693	8378384	8690214	1121616966901037
1617508	1591868	25640	3638	8120874	9222310	1121616976860341
0	0	0	0	0	0	0
1522514	1373390	149124	1854	4782076	5559940	1121616992429253
1826710	1797834	28876	262	2036864	2680682	1121616996513453
1873010	1826456	46554	2312	5634640	6826828	1121617004241679
0	0	0	0	0	0	0
1062266	1036908	25358	3593	8520888	8578038	1121617017098839
0	0	0	0	0	0	0
1419184	1387298	31886	4288	15953922	10324410	1121617037161603
1091956	1063688	28268	4109	9742500	9641390	1121617048216253
1805026	1776596	28430	2408	6322424	6950550	1121617056567299
1713092	1600556	112536	3027	7372566	8095916	1121617065873329
1500196	1475232	24964	4985	11496752	11799666	1121617079090335
0	0	0	0	0	0	0
1090498	1061638	28860	2117	5685628	5653748	1121617089386469
1502884	1477024	25860	2293	6120882	6419388	1121617097230829
2133196	1981614	151582	1789	5058532	6042210	1121617104643107
1464500	1437414	27086	914	2804622	3621412	1121617109132337
1978512	1953146	25366	4153	8977198	10613384	1121617120308317
656606	629220	27386	1515	3687024	4015394	1121617124876373
1154566	1127858	26708	1040	3512518	3569990	1121617129764259
1685936	1604194	81742	4496	10498032	11006474	1121617142169537
2110316	2083294	27022	3415	8347328	9269944	1121617152851843
1998938	1972642	26296	4104	8881474	10535342	1121617163952361
1352036	1326126	25910	3390	7472566	8462744	1121617172997449
1666764	1629184	37580	3186	7883760	8368164	1121617182768029
1820148	1793618	26530	4864	11240920	11883372	1121617196049349
1584776	1558154	26622	3823	9173460	9560260	1121617207027919
1172860	1146368	26492	4098	9288722	9698458	1121617217709911
0	0	0	0	0	0	0
952312	914058	38254	3875	9266972	9037946	1121617231321217
1132438	1106910	25528	4861	11383362	11184232	1121617244057235
1125160	1098892	26268	2928	7365410	7310826	1121617252767903
610740	581440	29300	110	1732742	1166232	1121617255331445
1001636	974390	27246	1900	5305982	5132390	1121617261860287
1099398	993060	106338	4545	10599834	10518706	1121617273779963
1165288	1138772	26516	3369	7679624	8232546	1121617282845797
1479208	1451484	27724	2297	6111600	6411496	1121617290657707
598064	571322	26742	4406	10324734	9746218	1121617301800435
1667808	1641878	25930	787	3085602	3572084	1121617306774129
1937168	1911220	25948	3521	8571614	9326446	1121617317503399
1642882	1617402	25480	2005	4730552	5988786	1121617324097079
1769916	1562520	207396	1318	3420462	4735484	1121617329507997
1584816	1445882	138934	4294	10105920	10501652	1121617341418885
1462060	1435836	26224	824	3164942	3440492	1121617346266099
1478454	1453288	25166	1278	3623730	4364736	1121617351592461
1145448	1118156	27292	2680	6893246	6835048	1121617359851369
1568944	1542896	26048	1094	3148250	4087036	1121617364788829
1532490	1506778	25712	3047	7616126	7968228	1121617374158281
0	0	0	0	0	0	0
1595580	1568830	26750	1420	4439844	4765166	1121617383229363
807964	782520	25444	1616	3912546	4369136	1121617388169689
1504624	1468076	36548	4621	10758006	11076756	1121617400656289
1048248	1023276	24972	1886	5290536	5155634	1121617407215819
1614352	1587492	26860	4189	9775380	10323658	1121617418825861
1675010	1649686	25324	4642	10793170	11292424	1121617431514369
1674724	1587806	86918	2200	5820526	6404250	1121617439230069
1345512	1314402	31110	4100	9552976	9876138	1121617450348755
1727330	1701598	25732	3859	9233716	9776790	1121617461534509
1621306	1595746	25560	1704	4291930	5367958	1121617467668455
1527808	1501760	26048	4153	9658258	10164040	1121617479074837
1967784	1940560	27224	3768	8921842	9838766	1121617490184737
1827428	1799724	27704	2718	6942390	7592760	1121617499180309
1751336	1725470	25866	3756	9140504	9684974	1121617510292101
1611412	1586368	25044	1692	4896544	5325808	1121617517024129
1487590	1460616	26974	4481	9812524	10779136	1121617528544207
560034	534236	25798	1863	5013874	4616482	1121617534338601
1678480	1651774	26706	2575	6663878	7157786	1121617542905073
645714	619056	26658	1574	4443136	4128442	1121617548214199
1717402	1690704	26698	4855	11239896	11757416	1121617561395807
817766	791938	25828	44	883778	1243036	1121617563318157
0	0	0	0	0	0	0
1933124	1906684	26440	3488	8498652	9239020	1121617586631329
1570468	1543640	26828	2537	6030496	6974160	1121617594452619
1404636	1371142	33494	3773	8274560	9280428	1121617604352705
231208	205908	25300	320	2153194	1202416	1121617606963245
2100604	2071172	29432	1013	3652548	4455890	1121617612936649
256886	230982	25904	613	2788768	1814130	1121617616202839
1410880	1380378	30502	4795	11109766	11331462	1121617628966791
929288	903706	25582	1000	3331950	3279274	1121617633449105
2027006	1994808	32198	2181	5872194	6718974	1121617641568831
0	0	0	0	0	0	0
807726	780456	27270	1799	5112662	4736740	1121617659997349
572408	546198	26210	1483	4475924	3868506	1121617665266009
1713192	1686848	26344	1306	4185314	4654392	1121617671384737
1490084	1464650	25434	1083	3622096	3986956	1121617676717581
849160	822200	26960	2629	6773662	6441826	1121617684560631
1542910	1516818	26092	847	3518680	3613410	1121617689842321
1516768	1492140	24628	3437	8154796	8721816	1121617699734153
1558190	1532882	25308	2324	6026002	6534630	1121617707539461
1840992	1813376	27616	2335	6253674	6840398	1121617715854215
843366	817010	26356	4813	10914520	10800034	1121617727832451
1703610	1547998	155612	4546	10002614	11126084	1121617739758687
843004	817758	25246	3083	7569258	7338886	1121617748391995
1448288	1422196	26092	4348	10201046	10474662	1121617760261187
1804468	1779218	25250	1639	4285452	5412276	1121617766575349
1588720	1560452	28268	4708	10217238	11334418	1121617778601437
1705992	1679164	26828	3991	9494988	10018124	1121617790028649
1060432	1033170	27262	895	2853830	3181978	1121617794163063
1184990	1158850	26140	130	1000110	1775178	1121617796573621
1395846	1369608	26238	3547	8400136	8819156	1121617806590401
1349766	1324430	25336	2350	6125346	6378806	1121617814288235
1397106	1371686	25420	3611	7798868	8948562	1121617823709511
1630194	1592684	37510	3071	7658052	8101926	1121617833218487
0	0	0	0	0	0	0
1800946	1773558	27388	3537	8599892	9205746	1121617853017129
1105616	1079428	26188	1541	3964362	4517376	1121617858307697
856926	829794	27132	4851	11232454	10888304	1121617870620945
8973420	8969260	4160	3520	8641076	16347892	1121617888455389
1403926	1377844	26082	3752	8271802	9236072	1121617898351697
1464082	1436278	27804	1926	4931854	5646504	1121617904987849
1452048	1425296	26752	4751	11023398	11282940	1121617917683693
1816306	1789336	26970	2108	5335714	6361566	1121617925056015
620690	595526	25164	3409	8325370	7768776	1121617934222195
0	0	0	0	0	0	0
1480652	1454214	26438	1307	3642932	4424154	1121617945774103
1475720	1448600	27120	3269	8048536	8342508	1121617955519069
1359694	1331942	27752	1444	4227458	4577906	1121617961327039
2083620	2057780	25840	367	2241592	3146932	1121617965872905
1463170	1437596	25574	4526	9929924	10845870	1121617977486403
1514994	1488682	26312	1010	2890334	3871940	1121617982112191
1457964	1432660	25304	3218	7945054	8223848	1121617991735085
0	0	0	0	0	0	0
0	0	0	0	0	0	0
1252192	1226886	25306	4429	9614794	10440250	1121618025750989
1472818	1445836	26982	2363	6118668	6528880	1121618033563625
475734	434766	40968	3697	8322916	8199530	1121618042582411
1620728	1595272	25456	765	3036064	3480570	1121618047459381
683618	658046	25572	3037	7053264	7091868	1121618055416207
1647198	1535352	111846	1186	3888218	4349290	1121618061171795
1621932	1596430	25502	2722	6852766	7394462	1121618069866395
844194	818062	26132	2586	6702218	6345448	1121618077632645
1095524	1070094	25430	2562	6643770	6548444	1121618085591917
2025444	1983998	41446	3618	8783470	9591670	1121618096621709
1202344	1166778	35566	410	1526034	2351724	1121618099570635
1244106	1217128	26978	4858	11221244	11289594	1121618112256239
854192	829040	25152	1582	4669856	4348448	1121618118004321
1643530	1615320	28210	3846	9197866	9666100	1121618129065617
2101286	2045074	56212	3808	8441386	10047478	1121618139829231
917280	891082	26198	616	1856446	2509442	1121618142823265
911078	884852	26226	730	2970672	2705184	1121618146924975
1459940	1434340	25600	4975	11476016	11745324	1121618160081773
1676702	1584196	92506	3171	7287774	8347826	1121618169266459
1689390	1662686	26704	3263	7957058	8545380	1121618179133157
1012294	986098	26196	3658	8276040	8657846	1121618188641923
832428	666546	165882	2970	6751204	7102254	1121618196445977
1052544	1026288	26256	1899	5302942	5179942	1121618203022041
1183656	1156088	27568	4467	10450742	10447000	1121618214877049
1773744	1743764	29980	4256	9587702	10616262	1121618226459031
821280	795292	25988	1769	4345330	4689504	1121618231846549
1010918	986564	24354	4276	10168366	9891870	1121618243246147
477864	452438	25426	301	2112690	1409990	1121618246056975
892104	865292	26812	3424	8359680	8069846	1121618255529213
844572	819038	25534	2861	7233800	6896250	1121618263827617
1146424	1120214	26210	4112	9731030	9701182	1121618274925347
0	0	0	0	0	0	0
1566338	1539742	26596	2256	6018020	6408408	1121618293423097
1704552	1578844	125708	4034	9529408	10101320	1121618304877229
0	0	0	0	0	0	0
1606354	1579264	27090	1688	4876510	5310922	1121618324300907
1842638	1792666	49972	2109	5321494	6391316	1121618331689147
1466036	1439940	26096	1608	4111282	5186358	1121618337486489
1573118	1545374	27744	962	3165916	3827718	1121618342445587
1544874	1516326	28548	3338	8202268	8549474	1121618352413185
1412180	1386094	26086	735	2532930	3210686	1121618356578505
1603686	1576392	27294	1482	3902560	4897146	1121618362305975
1551426	1524532	26894	3071	7445304	8023186	1121618371527615
1568522	1541262	27260	4014	9288244	9925888	1121618382604615
737590	655912	81678	1443	4394922	3953260	1121618387957623
1394486	1368122	26364	1781	4676130	5285268	1121618394248475
1406332	1378944	27388	2561	6601498	6858602	1121618402496289
1706500	1678928	27572	2849	7069076	7734186	1121618411492369
811988	785818	26170	1244	3491098	3629882	1121618416015835
1419210	1391416	27794	2967	7009474	7683312	1121618424664989
1660758	1635512	25246	1604	4719004	5203662	1121618431264531
1320274	1294348	25926	39	1131050	1733322	1121618433935985
1396566	1370100	26466	1695	4817232	5116594	1121618440370251
0	0	0	0	0	0	0
771208	744260	26948	3531	8571956	8163296	1121618461430729
1594762	1560710	34052	2513	5918054	6955020	1121618469164185
1143714	1117122	26592	2483	6472430	6439790	1121618477001123
1121570	1096522	25048	4695	10900044	10840080	1121618489242833
0	0	0	0	0	0	0
0	0	0	0	0	0	0
1301472	1276038	25434	4703	10902160	11042044	1121618521330469
1944196	1815424	128772	3532	8577786	9338026	1121618532073147
0	0	0	0	0	0	0
1720956	1692310	28646	4218	9945300	10485778	1121618551903795
1200152	1172166	27986	596	1941030	2721972	1121618555264943
1924516	1899116	25400	4133	9799296	10521550	1121618567231221
1654654	1627496	27158	4664	10613226	11313374	1121618579719301
1543720	1517318	26402	3903	9350714	9680080	1121618590834257
1132852	1108302	24550	1905	5326262	5279218	1121618597513355
0	0	0	0	0	0	0
532752	505396	27356	4592	10700350	10044942	1121618619451065
1101590	1075452	26138	4918	11346622	11267908	1121618632119761
1226494	1201268	25226	1158	3824178	3872396	1121618637390625
1062860	1037572	25288	856	3228818	3104988	1121618641902989
1228214	1200898	27316	3235	7978836	8027488	1121618651330259
1623456	1597408	26048	553	2631722	3059690	1121618655805499
1367070	1342342	24728	3179	7398000	8054008	1121618664791053
822164	794452	27712	4849	11276312	10854696	1121618677110005
1266532	1241142	25390	4083	9679668	9761470	1121618688276299
1588426	1561598	26828	4279	10073138	10477406	1121618700162057
1989486	1963674	25812	3894	8818828	10107318	1121618711195111
1590640	1564080	26560	1731	4861640	5383482	1121618717868165
1495154	1469762	25392	2542	6608954	6908838	1121618726192599
1595154	1568724	26430	1197	3906144	4317822	1121618731918613
1634262	1609474	24788	4572	10492108	11110214	1121618744265571
1712444	1642946	69498	4725	10420996	11492010	1121618756623709
1685724	1660482	25242	1616	4748992	5248064	1121618763278925
1774698	1633022	141676	2907	7339998	7919034	1121618772613871
911620	874712	36908	2035	5532376	5311340	1121618779278677
598782	573644	25138	251	2007416	1431180	1121618782105811
2145920	2095206	50714	4439	10397018	11355610	1121618794868849
1593154	1565002	28152	4084	9773672	10096704	1121618806455985
1357846	1332142	25704	3836	9070044	9360514	1121618817104671
1672314	1646112	26202	1843	4291592	5687648	1121618823289051
1298182	1272908	25274	2724	6343036	7080778	1121618831150851
1628434	1603856	24578	2228	5961076	6414318	1121618838961045
1397202	1371882	25320	4334	9551410	10395086	1121618850129745
2042972	1902302	140670	220	1873794	2813742	1121618854267509
756088	730188	25900	2469	5626818	6023760	1121618860874513
1405254	1375246	30008	4381	10275380	10502268	1121618872775579
1553014	1527118	25896	3324	8092682	8537094	1121618882641335
1550390	1525122	25268	1701	4926118	5286822	1121618889338627
1374652	1345782	28870	2389	5844944	6529068	1121618896778785
0	0	0	0	0	0	0
1539512	1514442	25070	1146	3135724	4161100	1121618907615625
640634	616340	24294	1524	4557416	4018654	1121618913034697
1602608	1578054	24554	2838	7194868	7608012	1121618922052585
1813854	1788544	25310	757	2860454	3658456	1121618926947793
1654656	1628636	26020	1387	4293664	4766286	1121618933116533
2185388	2160198	25190	1916	5306668	6347448	1121618940829271
1696632	1668142	28490	778	2603882	3582114	1121618945350463
1972628	1946648	25980	3625	8758770	9552510	1121618956302373
1709548	1683248	26300	1366	3349114	4772492	1121618961585245
1512092	1486896	25196	4116	9737246	10073644	1121618973055697
720908	695038	25870	3541	8590898	8133380	1121618982588405
1469966	1444516	25450	2343	6306524	6493378	1121618990585459
1202426	1176146	26280	138	1793682	1808526	1121618993801849
1686578	1658184	28394	3398	8330492	8817004	1121619004059615
794122	768862	25260	577	2017382	2277400	1121619007091413
1162230	1134932	27298	4330	10029218	10157316	1121619018503459
0	0	0	0	0	0	0
1804990	1777844	27146	751	2199304	3635844	1121619030666153
1339272	1213070	126202	304	1346832	2277168	1121619033572431
1402688	1375882	26806	1683	4893872	5098888	1121619040089779
834134	806708	27426	24	1619266	1212868	1121619042763219
1491760	1466688	25072	4052	9621152	9930548	1121619054096753
1487820	1461324	26496	1074	3665466	3965154	1121619059470765
446194	418122	28072	192	1893674	1159642	1121619062031053
650898	624722	26176	1046	3607852	3072470	1121619066509775
2053166	2028724	24442	1820	5143892	6022886	1121619073927955
561370	519994	41376	1357	4146434	3605028	1121619078856133
342998	317448	25550	503	2640022	1678694	1121619082059707
1729502	1702480	27022	3001	7518810	8060236	1121619091548161
0	0	0	0	0	0	0
872082	844460	27622	3206	7925588	7614478	1121619112030563
1475482	1449390	26092	901	3325464	3607156	1121619117051979
1587412	1560404	27008	4711	10938084	11340718	1121619129797817
1535390	1509984	25406	1660	4367808	5185338	1121619135921735
651450	623118	28332	689	8624294	2360338	1121619145417683
0	0	0	0	0	0	0
1364836	1328856	35980	4450	9548906	10592978	1121619167726881
1940848	1912474	28374	3635	8904956	9539252	1121619178792859
938346	911394	26952	1159	3864608	3600250	1121619183816303
1729186	1565904	163282	4807	11229244	11673110	1121619196995055
1738340	1634928	103412	4644	10806840	11355424	1121619209760145
593786	566870	26916	339	2188372	1601048	1121619212763547
1643090	1616116	26974	3398	8313990	8774978	1121619222940795
1534642	1504238	30404	1625	4766026	5120866	1121619229462243
1476806	1449766	27040	3388	8286770	8582242	1121619239446339
1656282	1621346	34936	2588	6692776	7162072	1121619248015747
1394932	1368618	26314	4440	9882490	10605926	1121619259514369
1103618	1077022	26596	2426	6158132	6285466	1121619266996911
1720230	1683192	37038	1390	3400320	4829418	1121619272337571
2028870	2003736	25134	517	2290964	3393776	1121619276882119
1401098	1373364	27734	3612	7844642	8956288	1121619286348317
1605160	1578100	27060	3997	9311358	9928572	1121619297488249
1587860	1562548	25312	1515	4010430	4953502	1121619303306953
1703152	1578924	124228	4807	11131544	11647472	1121619316362101
1683496	1656422	27074	2226	5966960	6465342	1121619324236395
1545848	1519078	26770	2777	6434086	7429426	1121619332440679
792450	766848	25602	1518	4653234	4158960	1121619338107201
906090	877676	28414	4911	11334324	11056804	1121619350568793
1414458	1389202	25256	1246	3999504	4236814	1121619356203111
1459212	1430988	28224	3597	8278244	8982668	1121619366169709
1498268	1473062	25206	3397	7876412	8622842	1121619375768727
1565974	1538498	27476	1898	4801210	5692484	1121619382356437
1113672	1087622	26050	3990	9388178	9422372	1121619393082029
1596136	1570416	25720	1573	4735956	5072642	1121619399634461
1674856	1600322	74534	2998	7137328	7998850	1121619408667127
1217480	1191332	26148	4025	9499948	9597188	1121619419605657
1416042	1390618	25424	903	3310086	3550966	1121619424552209
1338948	1311460	27488	4058	9495440	9785212	1121619435606977
780544	753130	27414	2849	7214742	6808584	1121619443822527
911454	884642	26812	2038	5587118	5315254	1121619450541433
1199674	1172148	27526	2576	6662278	6682376	1121619458623515
1256384	1230758	25626	1794	5095894	5174198	1121619465196209
1451224	1425010	26214	3309	8223096	8399790	1121619475090969
1174018	1146922	27096	1021	3611728	3545408	1121619480097705
1682362	1655610	26752	2521	5889632	7053088	1121619487890043
815630	789666	25964	256	1429346	1657040	1121619490355299
1141136	1115558	25578	1647	4811774	4765604	1121619496532729
800446	746278	54168	3051	7658472	7232070	1121619505211927
1186628	1160630	25998	82	1287406	1685274	1121619507932099
1007864	981190	26674	3606	8755242	8549190	1121619517915289
751904	726438	25466	1823	5241608	4726928	1121619524129261
1753620	1660706	92914	2797	7115334	7676986	1121619533218937
1451042	1370890	80152	2847	6989436	7475826	1121619541880227
1430384	1405056	25328	4533	10586100	10826266	1121619554117493
1483780	1455632	28148	2314	5707250	6441036	1121619561528839
860506	833446	27060	1416	4338166	4022166	1121619566947575
1408380	1382050	26330	4815	11147130	11371612	1121619579723323
1105810	1079410	26400	1925	4901682	5397614	1121619585950713
286514	260184	26330	804	2571836	2223282	1121619589029385
1407016	1380558	26458	3314	7975454	8384288	1121619598631839
2165832	2136410	29422	3590	8690430	9676060	1121619609708509
1543694	1517240	26454	4213	9684950	10299312	1121619621158357
1704750	1678606	26144	4843	11197514	11719896	1121619634281289
1923528	1886716	36812	2107	5741010	6466936	1121619642170015
1929568	1899986	29582	466	1924600	3191886	1121619646247999
0	0	0	0	0	0	0
1677968	1651884	26084	3640	8773160	9293698	1121619659406327
989088	962594	26494	929	3335086	3179062	1121619663951399
995746	970292	25454	4618	10344146	10562390	1121619675511997
1728992	1703784	25208	3585	8679648	9228810	1121619686141089
1188158	1163758	24400	169	937178	1857076	1121619688490295
930414	904040	26374	887	3028786	3034468	1121619692670433
1453314	1426668	26646	3960	9439398	9710536	1121619703783337
878822	852386	26436	1222	3844476	3653766	1121619708726779
585772	561202	24570	256	2026748	1434522	1121619711559699
2010396	1984778	25618	2861	7230964	8062792	1121619721022249
1400110	1372138	27972	1736	4212890	5202692	1121619726855899
1738468	1615334	123134	747	2941482	3567560	1121619731756277
1440628	1415330	25298	4831	11130680	11432750	1121619744548333
1520590	1494796	25794	3066	7326748	7983158	1121619753616195
1556006	1530278	25728	3173	7279002	8230992	1121619762671517
1745894	1717002	28892	840	3371292	3761000	1121619768009407
1022692	873434	149258	3440	8417908	8232274	1121619777670105
1756986	1606092	150894	639	2788952	3365978	1121619782436357
1329566	1304978	24588	4969	11258816	11595810	1121619795244889
1615834	1560712	55122	2874	7256232	7693638	1121619804337063
1542326	1516418	25908	2794	6452012	7460050	1121619812567523
1093334	1067670	25664	1947	5175114	5316970	1121619819056487
738200	711154	27046	3675	8859990	8417656	1121619828875219
1592556	1564766	27790	2683	6885746	7296878	1121619837573549
1822030	1795996	26034	2129	5762888	6408334	1121619845378987
1399708	1373576	26132	1178	3789028	4086432	1121619850788541
587888	560160	27728	4357	10292040	9638144	1121619861888689
1374588	1348474	26114	2768	7106144	7240654	1121619870589339
1397676	1369694	27982	1728	4964848	5183014	1121619877172347
1516686	1490638	26048	1345	3677854	4541172	1121619882587323
1463248	1437048	26200	2397	6137080	6586944	1121619890407825
989462	961536	27926	4420	10358584	10160694	1121619901975975
1578026	1410990	167036	4668	10169644	11244886	1121619913944149
1555018	1526032	28986	2509	6399838	6903270	1121619922119329
1877064	1839796	37268	2084	5674754	6375948	1121619929891385
1502036	1475156	26880	1008	7776690	3848530	1121619939390255
1254050	1228270	25780	989	3491500	3562392	1121619944356233
1283664	1257504	26160	2209	5921592	6029806	1121619951785745
1910722	1884366	26356	2132	5605546	6503824	1121619959522729
1205954	1178408	27546	529	1746700	2600846	1121619962695979
1145188	1118550	26638	1889	5313052	5261074	1121619969395159
1985214	1959194	26020	480	1883236	3279494	1121619973485119
776178	750212	25966	1836	5191966	4778864	1121619979674083
965046	939740	25306	3609	8737366	8512870	1121619989596871
1476738	1449674	27064	3931	9370580	9670138	1121620000664475
956278	931328	24950	997	3394138	3277688	1121620005235959
1188776	1160264	28512	83	1223208	1690640	1121620007868407
1402016	1375230	26786	1970	5572572	5672142	1121620015063635
1732568	1707070	25498	897	3355192	3856818	1121620020372169
1707658	1582710	124948	3170	7604680	8377230	1121620029905129
1512314	1486804	25510	4614	10605904	11070376	1121620042243675
1388132	1362406	25726	4075	9534106	9868084	1121620053389469
581224	554498	26726	1936	5391726	4781530	1121620059582449
1320700	1277580	43120	3810	9127462	9269692	1121620070249845
701636	545482	156154	4699	10131450	10429212	1121620081306725
1459670	1431800	27870	2703	6609754	7194542	1121620089596699
1922158	1896550	25608	571	2452212	3394528	1121620094191153
1183052	1154376	28676	2121	5174996	5754564	1121620100808029
1183452	1158352	25100	204	1296822	1920160	1121620103508389
693680	576566	117114	653	2602224	2330384	1121620107024597
0	0	0	0	0	0	0
1895220	1868760	26460	1951	5418106	6132452	1121620126383977
1051264	1025070	26194	1533	4070516	4447032	1121620131725975
1413848	1388028	25820	875	3258558	3493138	1121620136618579
1054530	1027270	27260	1820	5297594	5034492	1121620143191149
1153348	1127826	25522	1624	4725454	4731760	1121620149289945
1394898	1369478	25420	4226	9487792	10180898	1121620160393417
1447444	1420616	26828	2530	6572858	6836880	1121620168633921
241000	214816	26184	287	2087746	1149806	1121620171183439
0	0	0	0	0	0	0
499346	473888	25458	4637	10788692	10105068	1121620190121617
1485084	1457294	27790	3099	7812350	8013380	1121620199639277
1509908	1482930	26978	3072	7810066	7984710	1121620209180001
1400042	1374682	25360	4460	10005574	10654736	1121620220806075
1372996	1347400	25596	2320	6159910	6347786	1121620228558997
1357210	1326972	30238	3691	8264548	9069020	1121620238401169
1757830	1731056	26774	3515	7992660	9115718	1121620248371635
1346838	1319198	27640	1689	4914110	5055910	1121620254852623
1662502	1635342	27160	4036	9688754	10069238	1121620266424195
957358	762884	194474	3330	8279250	7947744	1121620275880949
1977518	1951806	25712	3527	8564180	9360884	1121620286643075
1399584	1369548	30036	4512	9970082	10752268	1121620298232989
1689212	1662418	26794	4272	9979736	10563476	1121620310126579
1804242	1778566	25676	2431	5764334	6996484	1121620317915495
1422116	1394456	27660	1271	4125988	4295546	1121620323683409
0	0	0	0	0	0	0
1722410	1697286	25124	1835	5131478	5728614	1121620333967607
862502	800734	61768	2272	5509058	5736714	1121620340559671
1402546	1376016	26530	1381	3849086	4495232	1121620346031655
1583012	1555594	27418	2583	6430722	7076606	1121620354266025
1615538	1583014	32524	4192	9698990	10328266	1121620365804451
1653440	1627550	25890	4268	9569726	10518208	1121620377248259
1009872	984686	25186	2526	6492108	6392266	1121620384970599
1497342	1400954	96388	4175	9858132	10176474	1121620396546045
1385814	1358954	26860	1343	4200504	4401074	1121620402352499
1952692	1826864	125828	2034	5619752	6352248	1121620410149295
0	0	0	0	0	0	0
1673802	1647706	26096	3835	9219374	9673072	1121620425364245
0	0	0	0	0	0	0
992838	968344	24494	3525	8572326	8372474	1121620441419207
1502936	1477048	25888	2292	6169288	6416188	1121620449311219
546526	520134	26392	421	2352834	1716648	1121620452430785
855914	831382	24532	1282	4031266	3749646	1121620457538151
5835358	5830712	4646	1609	4727326	9384232	1121620468321495
992930	966986	25944	4497	10633598	10316036	1121620480170949
1369202	1340882	28320	1542	4124740	4783752	1121620485889231
1398206	1372384	25822	1225	3690274	4178376	1121620491198169
1200462	1172308	28154	3580	8422930	8695564	1121620501042347
550540	524734	25806	371	2253098	1622502	1121620504066359
1554884	1529608	25276	2230	5979020	6345896	1121620511820649
1609784	1578488	31296	2381	6289146	6700792	1121620519939513
1557184	1528624	28560	2057	4911632	6000576	1121620526628865
1814004	1788534	25470	3524	8576670	9196620	1121620537239633
1946492	1920916	25576	2149	5690822	6574826	1121620545098037
1080760	1055118	25642	4944	10543308	11298700	1121620556942251
2104274	2078654	25620	3449	8488766	9331876	1121620567755659
953496	924616	28880	4539	10385462	10360554	1121620579314777
1908042	1882258	25784	192	1896092	2620762	1121620583339271
1760192	1734626	25566	2481	5949422	7063444	1121620591269377
683034	657366	25668	4389	10287806	9791514	1121620602460185
0	0	0	0	0	0	0
805164	779292	25872	3720	8462504	8575326	1121620621002149
917256	891722	25534	4840	10682390	10927022	1121620632822179
1447476	1330030	117446	701	2916336	3186782	1121620637406293
0	0	0	0	0	0	0
1399824	1373560	26264	2731	6994044	7191038	1121620658380503
1928982	1898170	30812	3654	8598062	9567364	1121620669127581
860126	834422	25704	3423	8358690	8036528	1121620678566645
1644012	1617760	26252	3618	8885426	9219236	1121620689316485
1802536	1775460	27076	937	2471604	4005924	1121620693810965
1409494	1379670	29824	2350	6207038	6439030	1121620701647819
1676600	1651242	25358	523	2246314	3052658	1121620705790927
1183218	1157362	25856	45	861534	1602406	1121620708055551
1173864	1147392	26472	445	2646564	2394238	1121620712096089
0	0	0	0	0	0	0
0	0	0	0	0	0	0
1558294	1533440	24854	4308	9875328	10509134	1121620738828327
1609224	1584112	25112	4659	10840478	11262152	1121620751499169
1909090	1883948	25142	598	2134568	3438948	1121620755763041
0	0	0	0	0	0	0
1378976	1352652	26324	2527	6283636	6762800	1121620772518801
1247782	1222540	25242	2390	6288438	6357818	1121620780275511
628114	600856	27258	1682	4887842	4322384	1121620786015787
660590	610280	50310	1631	4867924	4251202	1121620791764219
907202	880512	26690	128	1768774	1492960	1121620794660865
1870588	1840934	29654	4569	10654196	11346728	1121620807406125
706262	680772	25490	126	1762958	1289592	1121620810095749
1570296	1544626	25670	87	1685340	2074654	1121620813571799
1704236	1677630	26606	3824	9265140	9680480	1121620824761673
1998698	1971684	27014	3739	8431686	9805476	1121620835412043
1583348	1556854	26494	3153	7260356	8224240	1121620844476647
1185928	1160440	25488	318	1626180	2151550	1121620847509173
1561508	1536964	24544	2058	5428084	6006700	1121620854718725
1432384	1406512	25872	3238	7855642	8238550	1121620864227495
1182524	1157334	25190	312	1701138	2136134	1121620867335617
1847558	1819146	28412	3157	7690640	8489696	1121620877094615
1667156	1641908	25248	3223	7222564	8443558	1121620886204069
420966	394388	26578	243	1480338	1235866	1121620888329897
1531128	1504288	26840	467	2445012	2794700	1121620892530019
1778410	1750668	27742	4652	10674196	11411836	1121620905203235
1679436	1651590	27846	4695	10869542	11397942	1121620917972133
1096758	1068900	27858	762	2822428	2950026	1121620922111399
1609094	1582474	26620	963	2720706	3865294	1121620926661713
1181102	1156026	25076	400	1661468	2311528	1121620929723719
1568842	1543350	25492	3189	7895224	8276640	1121620939407361
1540538	1515196	25342	4682	10969244	11234442	1121620952137019
1371844	1346562	25282	1819	4594504	5339900	1121620958326273
1431376	1404106	27270	895	2874496	3551686	1121620962859719
224722	196594	28128	320	2177784	1203128	1121620965483071
1402304	1372144	30160	3966	9446072	9664226	1121620976552551
0	0	0	0	0	0	0
1539358	1513048	26310	2764	7045554	7397038	1121620988537535
1174712	1149472	25240	1471	4385800	4447662	1121620994318821
2067330	2040530	26800	1798	5105444	5991838	1121621001715337
1590736	1501496	89240	3201	8028070	8323696	1121621011554707
2026516	2001162	25354	1900	5184934	6157214	1121621018986443
1329582	1304108	25474	4672	10924814	11002666	1121621031461445
638890	613416	25474	153	1813546	1276270	1121621034134669
1460662	1434574	26088	3198	7902538	8186106	1121621043722365
1619474	1593854	25620	588	2635078	3126626	1121621048197231
1764154	1737518	26636	2721	6407946	7536998	1121621056593827
1243332	1129788	113544	1103	3683532	3779096	1121621061740925
3874142	3870584	3558	2384	5780278	8972134	1121621071615667
1482594	1455882	26712	2908	7329196	7629520	1121621080648019
257238	231584	25654	372	2260844	1336530	1121621083386635
1642222	1483292	158930	3139	7788172	8250230	1121621093037613
1827534	1802980	24554	1263	3327506	4684062	1121621098412859
1257852	1231354	26498	2561	6413464	6709592	1121621106305083
915292	890170	25122	1519	4557904	4284012	1121621112002489
1167726	1140790	26936	1868	5241986	5233442	1121621118632859
1196672	1168848	27824	3472	8463520	8480008	1121621128513759
978712	953232	25480	4907	10688656	11122820	1121621140401717
1747424	1720950	26474	4167	9261124	10410796	1121621151630317
1198818	1174308	24510	951	3169778	3429564	1121621156219699
1177114	1151650	25464	1851	4434828	5209508	1121621162055941
1281446	1256960	24486	1590	4692102	4789920	1121621168250237
0	0	0	0	0	0	0
1210630	1185116	25514	195	1902496	1930378	1121621174683389
1406052	1371056	34996	2721	6764598	7179284	1121621183074725
2091376	2065294	26082	2067	5519324	6561102	1121621190905941
1569008	1483600	85408	2388	6309904	6681668	1121621199005551
1378212	1352954	25258	4887	10867756	11481714	1121621211472697
992180	966714	25466	4998	11507262	11318144	1121621224192523
0	0	0	0	0	0	0
0	0	0	0	0	0	0
1547212	1521296	25916	4060	9639694	9996790	1121621243137441
1308184	1281874	26310	918	3554466	3528506	1121621248220323
1437500	1405986	31514	3950	9407042	9667094	1121621259289559
0	0	0	0	0	0	0
1621822	1583978	37844	2518	5974202	6993514	1121621277133767
1011260	984028	27232	1972	5451936	5285488	1121621283817125
521794	482118	39676	2965	7444660	6782606	1121621292003663
1081160	1052714	28446	4362	10235558	10135028	1121621303540879
1468558	1440154	28404	4345	10206812	10487174	1121621315436165
1927216	1897522	29694	252	1873214	2763098	1121621319456859
895448	868178	27270	2260	5420468	5750314	1121621325992985
1605214	1462954	142260	3056	7572360	8048450	1121621335390691
1558936	1533542	25394	1249	3574248	4387788	1121621340744413
1089938	1063360	26578	3482	8576926	8389040	1121621350631323
1725116	1696630	28486	578	2667544	3215240	1121621355244441
2049154	2021998	27156	3726	8828354	9831668	1121621366342431
252276	225702	26574	432	2376576	1446818	1121621369195487
1805856	1778578	27278	1476	4337114	5086362	1121621375559027
1632874	1562890	69984	1578	3943800	5123958	1121621381355983
1767446	1741868	25578	2249	5886930	6595222	1121621389230525
1176662	1150038	26624	4532	10576392	10571540	1121621401203671
1191648	1167166	24482	38	1585218	1596694	1121621404200599
499374	472158	27216	701	2784378	2231098	1121621407708351
1483278	1456672	26606	2883	6851990	7580054	1121621416264243
1439704	1408528	31176	3978	9440322	9724948	1121621427368487
1884846	1859472	25374	3495	8493630	9204400	1121621437967545
1522012	1382496	139516	3730	8972088	9310826	1121621448682649
1478292	1453000	25292	4538	10607240	10890832	1121621460988871
1083524	1058544	24980	1181	3662820	3780088	1121621465956021
1394768	1369330	25438	2714	6935294	7152710	1121621474507233
1167844	1093426	74418	1225	3965152	3947576	1121621479860255
543398	517242	26156	2628	12395586	6129898	1121621493019681
1539234	1512996	26238	4001	9316536	9875886	1121621504095425
0	0	0	0	0	0	0
0	0	0	0	0	0	0
1606188	1580158	26030	4282	10174278	10506222	1121621526782245
1805374	1780934	24440	493	2037186	3120984	1121621530845353
0	0	0	0	0	0	0
1475532	1388612	86920	4864	11317990	11533798	1121621546813431
1570304	1543360	26944	3641	7948260	9182064	1121621556552109
2062484	2037244	25240	3694	8898886	9780464	1121621567734189
1403722	1378438	25284	3797	8233392	9333764	1121621577591403
1894434	1868518	25916	360	2041942	2944254	1121621581748063
0	0	0	0	0	0	0
1373222	1332112	41110	2952	6606586	7608438	1121621600676707
1795244	1767832	27412	4922	11864586	11969946	1121621614556949
1737502	1679462	58040	998	3019980	4061880	1121621619534839
1870810	1844142	26668	2081	5682240	6363294	1121621627308095
1185404	1160164	25240	121	893102	1758424	1121621629606627
1336224	1228832	107392	741	2784208	3146636	1121621633947469
1669696	1644292	25404	2532	5915346	7063634	1121621641752845
1433640	1405438	28202	1722	4949804	5207416	1121621648356789
1133166	1108080	25086	58	1629008	1581044	1121621651340223
946988	921700	25288	1754	5022160	4783836	1121621657530059
1757956	1730800	27156	2074	5808518	6235424	1121621665316917
1675848	1648212	27636	2597	6711498	7200052	1121621673924805
1441288	1414084	27204	2080	4965720	5931612	1121621680552169
2072550	2046136	26414	1836	5154136	6074882	1121621687999333
1187614	1161766	25848	130	1089304	1778254	1121621690496407
1327498	1302196	25302	2069	5789584	5801218	1121621697834215
1543316	1513766	29550	2678	6869384	7229224	1121621706467969
541006	511650	29356	4911	11304174	10693060	1121621718533603
1390740	1363884	26856	1080	3668050	3880314	1121621723813307
1627492	1600684	26808	967	3516502	3891644	1121621729177957
1023586	998566	25020	2463	6271680	6280454	1121621736693979
1573314	1547616	25698	1022	2758124	3945830	1121621741245659
2051036	2024816	26220	3603	8566206	9586544	1121621752083345
746602	721326	25276	1355	4220662	3787398	1121621757270839
1398328	1371506	26822	3710	9026336	9147768	1121621767916557
1559304	1532392	26912	4999	11536744	11887412	1121621781233417
0	0	0	0	0	0	0
1246286	1221098	25188	163	1013146	1903376	1121621794408275
1699572	1675150	24422	2809	7105510	7648464	1121621803433441
1235056	1135932	99124	1627	4308054	4819618	1121621809196909
774352	747072	27280	2610	6738778	6326490	1121621816930199
1227520	1199274	28246	3908	9327222	9379138	1121621827705257
292568	218558	74010	288	2151436	1198688	1121621830370325
1470558	1444844	25714	3458	8421236	8715606	1121621840482163
535186	507974	27212	299	2111772	1463688	1121621843348837
2022822	1996950	25872	986	3480598	4325590	1121621849072415
1114652	1089112	25540	2761	6116720	6967096	1121621856524129
1565414	1540232	25182	3415	7637206	8725466	1121621865946845
1721482	1695602	25880	1169	3854628	4390982	1121621871742887
1061644	1033664	27980	2529	6172296	6450672	1121621879196975
1792870	1766890	25980	2766	7047812	7655832	1121621888258175
1176438	1150940	25498	3818	8501074	9142440	1121621898159611
1353924	1327474	26450	1750	5017424	5184200	1121621904755037
1802410	1776368	26042	2372	5754076	6875878	1121621912531521
0	0	0	0	0	0	0
1579938	1552960	26978	4289	9668364	10489020	1121621929346881
1509878	1482958	26920	3973	9445938	9785558	1121621940522749
699332	671630	27702	3125	7789602	7279864	1121621949232129
1941746	1907392	34354	1993	5498564	6257478	1121621956892519
1567972	1542838	25134	1045	3619722	3997472	1121621962300709
1497364	1471404	25960	4853	10581254	11532186	1121621974603975
1815886	1787936	27950	533	2148800	3211412	1121621978788489
1912324	1884142	28182	615	1915142	3473038	1121621982836875
0	0	0	0	0	0	0
1378080	1351664	26416	1915	5417188	5537392	1121621993006513
424754	399466	25288	3939	9385116	8632692	1121622003037105
1546148	1519534	26614	2399	6436672	6674988	1121622011240519
1809694	1780970	28724	503	2527144	3145934	1121622015798027
1756668	1730734	25934	766	2568048	3619100	1121622020342965
734602	708010	26592	256	2203012	1576438	1121622023508795
1466198	1438618	27580	2662	6831040	7118702	1121622032026411
1411724	1385496	26228	4682	10811126	11105558	1121622044469795
1062416	1035372	27044	2947	7409868	7286906	1121622053162417
0	0	0	0	0	0	0
1231552	1206236	25316	1218	3790468	3996620	1121622069797425
377896	341810	36086	367	2301964	1442540	1121622072697719
1604704	1578884	25820	4643	10805494	11229492	1121622085328429
1457206	1428554	28652	3985	9480612	9756374	1121622096486887
1399764	1370130	29634	1715	4962332	5160316	1121622103069395
826706	800700	26006	948	3421436	3053882	1121622107538313
1607814	1582626	25188	1741	4743352	5420478	1121622114109335
1599188	1573614	25574	3084	7258070	8096102	1121622123186647
1440688	1415408	25280	1612	4606290	4993094	1121622129454067
1189826	1162198	27628	82	1679180	1683940	1121622132543209
1526272	1501174	25098	541	2521966	2936774	1121622136811651
1556134	1526194	29940	1064	3183686	4014316	1121622141771479
1467122	1440674	26448	1438	4487840	4672224	1121622147946391
1251464	1225314	26150	4076	9724302	9733152	1121622159142637
954510	927710	26800	224	1957576	1733294	1121622162275627
1613768	1383650	230118	447	2421362	2837924	1121622166534907
1731872	1681388	50484	757	3019708	3576204	1121622171506989
1568004	1542946	25058	4618	10492998	11134244	1121622183789045
1896996	1871870	25126	436	1981916	3099656	1121622187887967
0	0	0	0	0	0	0
1833326	1807406	25920	270	2116794	2703036	1121622201138219
2152080	2028860	123220	3861	8390216	10203900	1121622211900991
0	0	0	0	0	0	0
1346674	1240298	106376	748	3010372	3171654	1121622224413345
1054152	1027484	26668	979	3602928	3341408	1121622229290769
1024134	997748	26386	2357	6229520	6068498	1121622236764727
797308	770414	26894	43	1599058	1217582	1121622239381859
2029904	2005576	24328	4633	10780240	11625572	1121622252412377
1217572	1182494	35078	2468	13857824	6483750	1121622267707935
1750550	1725270	25280	1151	3811932	4382994	1121622273490823
1532902	1502376	30526	3447	8001226	8755622	1121622283245135
1242358	1216290	26068	3099	7525316	7770934	1121622292232535
1480408	1455134	25274	1272	4051096	4354440	1121622297988517
1594206	1565844	28362	4199	9245624	10321360	1121622309048297
576584	454266	122318	1753	4595588	4418038	1121622314440617
1486992	1461910	25082	3094	7765026	8004616	1121622323912929
1270088	1244130	25958	2978	7559012	7556898	1121622332961909
1635428	1609976	25452	4698	10439264	11361978	1121622345257189
2038430	2011888	26542	3538	8455774	9444492	1121622355972141
1808444	1686058	122386	1790	4262922	5719266	1121622362264089
0	0	0	0	0	0	0
1315840	1289018	26822	2449	5869416	6543312	1121622373723349
1767510	1650822	116688	4167	9843652	10430704	1121622385554955
1762394	1736910	25484	2790	6997708	7671270	1121622394535761
915090	890870	24220	8	1527254	1259706	1121622397198143
679066	653258	25808	345	2212866	1698124	1121622400310409
1137174	1111230	25944	2434	6456504	6335300	1121622408128431
1072982	1046934	26048	1518	4478438	4439124	1121622413904251
1579280	1553434	25846	3876	9268208	9660630	1121622424972487
263050	237388	25662	475	2520032	1543888	1121622427976161
1460484	1433498	26986	628	2763050	3046156	1121622432419627
1878476	1852666	25810	3792	9134988	9792182	1121622443653473
1357662	1330192	27470	2114	5045118	5915136	1121622450276629
1031124	992906	38218	2550	6620136	6460186	1121622458152085
0	0	0	0	0	0	0
970570	944964	25606	4150	9815866	9605232	1121622471805349
1567494	1541266	26228	2659	6826622	7215024	1121622480420237
2128912	2103084	25828	1973	5463558	6405818	1121622488233615
985408	959392	26016	3768	8169102	8851726	1121622497612039
996552	968050	28502	4173	9856064	9672042	1121622508685055
1913778	1887744	26034	2066	5715110	6398152	1121622516534221
734468	708308	26160	157	1663728	1379230	1121622519152911
889084	762076	127008	3739	8993046	8697792	1121622529255437
945502	920868	24634	2993	7492880	7262352	1121622537913771
520476	494574	25902	728	2357146	2306868	1121622541012767
1846816	1729254	117562	183	1875702	2543868	1121622544955087
1468076	1437486	30590	4562	10633310	10921264	1121622557276275
1532222	1505836	26386	1618	4747728	5098294	1121622563776299
992566	967434	25132	970	3323506	3260754	1121622568312585
1155766	1130460	25306	4618	10125282	10720822	1121622579817709
1614972	1587498	27474	358	2223822	2660942	1121622583876949
1563946	1537510	26436	1157	3950650	4208002	1121622589611873
842968	817012	25956	3241	7973114	7654894	1121622598648815
1351454	1325504	25950	4692	10800556	11065528	1121622611021209
547312	520916	26396	411	2332288	1699268	1121622614121025
1491786	1465314	26472	546	2602172	2912764	1121622618439485
2022178	1996806	25372	3644	8798128	9640490	1121622629479771
1009288	967180	42108	4623	10765596	10584424	1121622641474773
1188130	1160190	27940	2433	6372274	6383896	1121622649255547
1889728	1780748	108980	3730	8979250	9680866	1121622660345059
2086900	2057090	29810	3606	8248012	9628824	1121622670900223
0	0	0	0	0	0	0
1555718	1529218	26500	901	2723702	3688586	1121622686078849
1183532	1157842	25690	193	1221632	1898860	1121622688704701
949104	923364	25740	897	3241646	3076676	1121622693116187
0	0	0	0	0	0	0
1470354	1442856	27498	4937	11234776	11674072	1121622711009315
1444974	1418720	26254	895	2844936	3564390	1121622715519939
1244842	1219048	25794	4204	9174872	9999928	1121622726159685
560960	534416	26544	1193	3721680	3277542	1121622730665761
1491878	1465082	26796	1157	3588600	4135004	1121622735966675
2126838	2100790	26048	1775	5058004	6008168	1121622743371601
651958	606412	45546	3359	7692836	7705086	1121622751936637
1591714	1565488	26226	2438	6381772	6796436	1121622760130281
1518224	1492708	25516	912	2877932	3672184	1121622764750821
1680706	1654390	26316	3817	9152964	9653146	1121622775805215
2033766	2006994	26772	1772	5056494	5908594	1121622783116219
1619416	1591632	27784	834	2709492	3622064	1121622787665829
1811416	1786236	25180	2446	5683804	7034088	1121622795381701
0	0	0	0	0	0	0
1344838	1306424	38414	1080	3821426	3834644	1121622809839095
0	0	0	0	0	0	0
1480690	1455516	25174	2323	6157160	6462972	1121622820584813
547616	519102	28514	168	1370474	1214356	1121622822723749
1400232	1374950	25282	2089	5703294	5913544	1121622830048275
1522098	1373808	148290	2884	6877292	7620356	1121622838668099
728376	566022	162354	2153	5841218	5383406	1121622845458287
1649504	1622540	26964	2873	6701396	7729098	1121622854029409
1786416	1626442	159974	4577	10685758	11270638	1121622866722165
1298784	1211064	87720	2046	5109062	5719828	1121622873350549
1599508	1451150	148358	3282	7564392	8498380	1121622882735181
1984016	1956850	27166	2183	5209994	6678578	1121622890149589
1410974	1372006	38968	1024	3662366	3790188	1121622895446585
1396358	1369996	26362	3381	7812598	8489558	1121622904875837
1251506	1223920	27586	2619	6321428	6820798	1121622912668911
1576112	1550386	25726	2207	5979998	6327362	1121622920445449
1405834	1379266	26568	2764	7043374	7264060	1121622929115145
1516070	1489142	26928	1235	3559650	4320412	1121622934411315
795948	770824	25124	4500	10515168	10125280	1121622945943121
1348728	1321996	26732	2002	4982010	5682204	1121622952493849
1567388	1540036	27352	758	2730632	3414228	1121622957012479
0	0	0	0	0	0	0
1395702	1369442	26260	4866	11575354	11464362	1121622977572639
0	0	0	0	0	0	0
1553660	1529256	24404	2710	6935542	7303652	1121622992494485
1155628	1130304	25324	3802	8503870	9088044	1121623002374355
1515148	1488758	26390	3889	8959884	9623304	1121623013069789
689588	664402	25186	1803	5214060	4626344	1121623019194167
1431916	1404154	27762	3098	7743782	7957748	1121623028590433
2107792	2082042	25750	377	2259876	3191000	1121623033178311
588180	563772	24408	2894	7442064	6705166	1121623041428603
1442910	1417644	25266	1815	4907386	5403340	1121623047999293
1597782	1508122	89660	697	2751174	3322464	1121623052568145
0	0	0	0	0	0	0
2083562	2055434	28128	3418	8349672	9249952	1121623070563765
1690764	1616286	74478	1080	3026426	4181382	1121623075500909
1710804	1684058	26746	4588	10082052	11221776	1121623087514909
1709106	1451604	257502	1679	4655242	5398108	1121623094099131
1574940	1549708	25232	3070	7652594	8044016	1121623103546913
1318198	1193884	124314	785	2976894	3218802	1121623108062101
1625680	1600358	25322	2971	6733380	7897284	1121623116641489
1102908	1077534	25374	1889	4983806	5209966	1121623122948739
629996	604698	25298	3379	8282908	7716540	1121623132081709
1097342	1071280	26062	1766	4641584	4959578	1121623138041019
1427942	1395924	32018	3274	8051800	8304822	1121623147741601
0	0	0	0	0	0	0
903292	830890	72402	1844	4686758	4921830	1121623158918869
1914652	1633278	281374	4103	9830598	10449202	1121623170884115
1088024	1062402	25622	2491	6507602	6405084	1121623178699435
1715278	1669792	45486	2528	6051294	7101172	1121623186686645
1339144	1314132	25012	2361	6236588	6395890	1121623194482415
1799728	1775368	24360	3613	8736530	9355488	1121623205238917
1386280	1360852	25428	4592	10011256	10900356	1121623216857389
1665698	1639854	25844	3249	8017758	8498546	1121623226760707
1532510	1374506	158004	4848	14246010	11557644	1121623242759459
813574	789148	24426	965	3451420	3079048	1121623247244419
1489060	1463694	25366	2984	7012276	7791966	1121623255965825
1396012	1366556	29456	3223	7829162	8171950	1121623265410769
1490418	1458186	32232	2530	6423244	6881064	1121623273545101
1632248	1606206	26042	2681	6873076	7323294	1121623282270859
856298	830804	25494	1560	4413226	4307260	1121623287764849
1501192	1473604	27588	3364	8102642	8559072	1121623297589669
1408364	1381264	27100	3365	7820516	8468730	1121623307038801
1560784	1535010	25774	3213	7691478	8326504	1121623316511149
1252062	1219848	32214	1309	3575070	4200118	1121623321558321
986756	960142	26614	3605	8723764	8527370	1121623331488953
0	0	0	0	0	0	0
1555448	1528194	27254	4757	11029706	11404150	1121623347481559
0	0	0	0	0	0	0
1279998	1251952	28046	2001	5506792	5617646	1121623357781989
995644	969486	26158	3810	8593624	8944722	1121623367591595
1567046	1503816	63230	1020	3550160	3937374	1121623372928899
1676264	1651278	24986	3852	9142734	9715050	1121623383968083
1322978	1158884	164094	56	1585410	1764632	1121623387096769
723358	559756	163602	4159	9978326	9371856	1121623398019015
1632362	1594922	37440	3229	7992368	8420884	1121623407863969
205966	179140	26826	375	2263774	1286458	1121623410554389
1758412	1723770	34642	1427	4360628	4941444	1121623416893975
1537546	1512148	25398	3318	7587104	8503882	1121623426238999
1320246	1164044	156202	88	1229750	1826636	1121623429013757
1835738	1808828	26910	3309	8132952	8783296	1121623439203137
1082372	1056114	26258	4516	9853832	10443400	1121623450359653
1541250	1512956	28294	4325	10157244	10520562	1121623462278495
1204066	1179388	24678	1821	5128734	5175568	1121623468835273
1186812	1161436	25376	52	1229608	1621570	1121623471472009
2105314	2039136	66178	4542	10610254	11518824	1121623484408355
1182640	1157350	25290	291	1378670	2094454	1121623487189659
1769776	1704932	64844	3259	8034922	8618040	1121623497214749
1651764	1625864	25900	4029	9149300	10046916	1121623508236607
862162	836364	25798	4554	10464240	10299928	1121623519786919
1799950	1775174	24776	2045	5801538	6220270	1121623527608667
1875984	1848424	27560	2378	5754026	6961420	1121623535458649
884186	845098	39088	3803	8346884	8826460	1121623544910809
1349610	1321816	27794	2660	6287456	6999372	1121623552768155
1847008	1820528	26480	4020	9032232	10215458	1121623563867489
1408194	1382156	26038	3310	8130508	8357920	1121623573626505
1646666	1621870	24796	3669	8849952	9315276	1121623584342987
779214	752308	26906	3489	8488936	8087110	1121623593831419
1574268	1539898	34370	640	2787920	3184424	1121623598414429
1467706	1441318	26388	1712	4844454	5627326	1121623604947111
551214	525588	25626	2758	7118224	6397732	1121623612837259
1655186	1626670	28516	1168	3856342	4325998	1121623618569237
1427172	1401574	25598	780	7802326	3316234	1121623628019137
1184474	1159350	25124	278	1642500	2070914	1121623631066359
1632076	1606442	25634	4858	11115292	11677720	1121623644033887
1648136	1620548	27588	2826	6675990	7629838	1121623652577887
1754758	1730078	24680	2268	6005896	6620564	1121623660558469
1881010	1854238	26772	3785	9082688	9781140	1121623671742531
861008	828964	32044	4697	10090040	10589622	1121623682914561
1310960	1284836	26124	2197	5914508	6041124	1121623690360437
1629088	1603740	25348	4071	9598698	10100804	1121623701808485
0	0	0	0	0	0	0
1150804	1125224	25580	1188	3149476	3857886	1121623717088035
1105664	1080582	25082	1912	4394520	5259016	1121623722808861
1204488	1179776	24712	698	2719754	2934736	1121623726953681
702762	675306	27456	2219	5172852	5470256	1121623733049899
1113542	1087794	25748	4056	9720618	9555604	1121623744104595
1528442	1490660	37782	2425	6359602	6709768	1121623752213419
0	0	0	0	0	0	0
1985216	1958872	26344	308	1950872	2931604	1121623764186153
870182	845424	24758	2187	5108214	5574042	1121623770389025
1731442	1692892	38550	1406	4153602	4873990	1121623776494231
1531734	1379974	151760	1209	3602170	4280918	1121623781848523
1677546	1649916	27630	2610	6733788	7228068	1121623790480221
553052	525430	27622	201	1919494	1284818	1121623793173723
1565008	1538750	26258	1784	5078488	5463656	1121623800037681
1413640	1387536	26104	2659	6828288	7060794	1121623808500227
0	0	0	0	0	0	0
1399048	1372938	26110	1284	4084350	4298070	1121623820807535
1297736	1272214	25522	2430	5964616	6487610	1121623828290153
466286	436332	29954	4695	10899786	10184848	1121623839880579
1207282	1180444	26838	4905	11323716	11348214	1121623852631507
1513756	1488032	25724	2076	5667874	5999976	1121623860033969
1558572	1532812	25760	2692	6035630	7271734	1121623867848665
1745206	1717748	27458	3880	9277100	9833514	1121623879091275
1642298	1616576	25722	3979	8796108	9930826	1121623889750267
1547804	1521736	26068	4091	9724946	10059446	1121623901243669
557910	530004	27906	551	2182140	1995210	1121623904203815
650946	624564	26382	1069	3650582	3117718	1121623908728749
687312	662060	25252	3150	7812586	7320238	1121623917449057
1316790	1233268	83522	3413	8336418	8472234	1121623927322481
1418830	1391204	27626	1759	4465260	5271690	1121623933426469
2165358	2140172	25186	1770	5070434	6034552	1121623940882935
920880	894144	26736	4588	9994330	10428088	1121623952018321
803660	778220	25440	1953	5506512	5039484	1121623958549085
1680890	1652212	28678	4215	9942010	10441418	1121623970392275
1670090	1640384	29706	4713	10460776	11425946	1121623982743375
1779908	1753902	26006	2835	6709684	7778694	1121623991453059
633702	608550	25152	308	2127368	1578164	1121623994434795
1908958	1880278	28680	4377	10269786	10993452	1121624006833995
1305316	1278148	27168	2844	6647992	7324206	1121624015008287
0	0	0	0	0	0	0
1017510	991902	25608	1670	4889744	4686674	1121624024148439
0	0	0	0	0	0	0
1597728	1448174	149554	4037	9705548	10001228	1121624046750477
1710876	1684250	26626	3400	7884020	8842006	1121624056565579
1247994	1221816	26178	120	1184598	1817026	1121624059218663
2090626	2064598	26028	2891	7307412	8202102	1121624068837215
1576082	1550012	26070	3402	7671360	8709276	1121624078304573
0	0	0	0	0	0	0
1829334	1804084	25250	4014	9083354	10193634	1121624102193627
