# Loop @ Start frequency 1500000Hz took 1424.29 cycles
# Interval [1411 ; 1437]
# Q1 : 1412 ; Q3 : 1416
# Loop @ Target frequency 1400000Hz took 1521.61 cycles
# Interval [1517 ; 1526]
# Q1 : 1514 ; Q3 : 1516
# Confidence intervals do not overlap, alternatives are statistically different with selected confidence level
Change time (with write) [cycles]	Change time [cycles]	Write cost [cycles]	Wait time [us]	Time since last frequency change request [cycles]	Time since last frequency change [cycles]	Detected frequency change timestamp [cycles]
1203490	1161498	41992	3567	352599642	352418864	1121831706536413
539598	514206	25392	4812	11130456	10474738	1121831718548429
1212264	1157646	54618	907	3309256	3338964	1121831723407065
1185954	1161700	24254	3036	7400566	7568378	1121831732324705
1186924	1161172	25752	4996	11196222	11490980	1121831745039559
909622	881098	28524	2463	6440420	6153982	1121831752720213
976232	951440	24792	4156	9805690	9599394	1121831763838727
1182932	1154012	28920	3982	9457062	9458788	1121831774809337
1183298	1158870	24428	4075	9651006	9645832	1121831785973637
519038	490800	28238	3998	9496132	8828304	1121831796319309
1317614	1153324	164290	3427	8350628	8482744	1121831806317811
1186036	1158990	27046	2191	5550194	5881108	1121831813384161
1186774	1158136	28638	4544	10432534	10596420	1121831825332771
990256	963472	26784	3891	9170690	9089018	1121831835824191
1155052	1126382	28670	4101	9701476	9668796	1121831847010929
579414	555068	24346	3295	8090740	7487244	1121831856011191
1297214	1158930	138284	2535	6568916	6678844	1121831864206937
1181704	1157458	24246	27	1553828	1547248	1121831867273389
590868	566600	24268	2511	6489452	5925120	1121831874684487
897638	870288	27350	4626	10747928	10460790	1121831886665205
1190568	1165730	24838	4697	10757020	10896072	1121831898952069
1004928	979702	25226	4859	11304644	11043376	1121831911592251
1262098	1232986	29112	1572	4393128	4718664	1121831917577399
1183940	1160246	23694	447	2355440	2391150	1121831921447211
311956	277902	34054	3556	8575582	7736818	1121831930665139
268696	243014	25682	4871	11237792	10323084	1121831942507845
224542	198764	25778	3275	8050828	7087692	1121831951121601
1183582	1157902	25680	1540	4490726	4621946	1121831957126629
1186004	1159504	26500	3078	7476024	7660674	1121831966118945
1167708	1138904	28804	1572	4567592	4624916	1121831972184631
1208770	1184052	24718	1286	4073874	4093486	1121831977797657
1176356	1151758	24598	4158	9822590	9804946	1121831989127119
1186108	1158908	27200	156	1526372	1809078	1121831992170881
823712	800162	23550	590	2682536	2316448	1121831996008461
513308	488814	24494	1788	5078256	4400526	1121832001929977
1188158	1161818	26340	4822	11284214	11145312	1121832014732725
661332	636378	24954	271	2036244	1515206	1121832017765893
278142	254472	23670	2722	6941744	6034704	1121832025316611
860914	835140	25774	3041	7575034	7254444	1121832034083345
1190534	1164918	25616	1519	4583066	4541788	1121832040186909
1181546	1155066	26480	1506	4345214	4505638	1121832046043909
457184	429204	27980	4306	9806316	9382512	1121832056637403
1296974	1272658	24316	3273	8056514	8154834	1121832066327165
1194714	1169410	25304	1904	5225120	5313666	1121832073076833
1290124	1152622	137502	2294	5780960	6191024	1121832080478229
1283884	1156326	127558	1597	4569440	4789776	1121832086667891
1200696	1174832	25864	2113	5557902	5739096	1121832093762683
819480	793818	25662	412	2183094	1957258	1121832097095437
1188354	1162350	26004	138	1642050	1784220	1121832100256289
638946	613348	25598	3347	8170302	7645922	1121832109396753
1220872	1171134	49738	16	1340496	1570464	1121832112288693
1190426	1162064	28362	1746	4720606	4994866	1121832118530165
903482	877626	25856	4935	11244284	11085254	1121832131013169
478348	452722	25626	3464	8222980	7718996	1121832140045985
1192310	1158896	33414	3745	8999060	8993590	1121832150567813
1184044	1158302	25742	2732	6968366	6959756	1121832159059521
1183868	1157986	25882	1498	4495694	4496430	1121832165069249
1187316	1158466	28850	4146	9641122	9797404	1121832176228663
934838	909440	25398	1096	3690144	3438006	1121832181184161
1184102	1159096	25006	1260	3891122	4024972	1121832186589373
1203868	1178738	25130	4117	9518144	9748802	1121832197647009
1201012	1172764	28248	2011	5519698	5536288	1121832204698103
1200498	1174122	26376	172	1837578	1855960	1121832208071677
1190044	1164080	25964	2268	5862854	6037892	1121832215455063
814844	791226	23618	4094	9503356	9314776	1121832226103823
1185692	1161234	24458	745	2683008	2989350	1121832230302653
905596	881112	24484	2672	6840146	6561558	1121832238378491
866194	841118	25076	3355	8145936	7889656	1121832247720937
1191872	1167326	24546	1239	3977756	3983230	1121832253220611
1179636	1155856	23780	4099	9545450	9693872	1121832264276277
1181890	1157466	24424	3278	7772258	8050336	1121832273560511
1194806	1170938	23868	2673	6732318	6853646	1121832281817361
0	0	0	0	0	0	0
916488	889624	26864	1737	4758576	4703126	1121832294936923
1198052	1165864	32188	1406	4343850	4327420	1121832300808425
957834	933786	24048	797	3027434	2864294	1121832305124197
390270	257134	133136	643	2517718	1987966	1121832308362625
904242	878850	25392	3558	8381008	8332030	1121832317978549
1185988	1160016	25972	4047	9590726	9592928	1121832329086199
883674	857744	25930	882	3059432	2961820	1121832333359791
1179322	1154926	24396	2473	6452978	6437652	1121832341321393
1179474	1154652	24822	1585	4375758	4665724	1121832347207497
206816	181642	25174	2540	6340632	5604846	1121832354084805
1191982	1166354	25628	4264	9872258	10032438	1121832365479841
1192542	1157962	34580	2738	6884250	6979998	1121832373886349
1289592	1156014	133578	2733	6971288	7067156	1121832382477317
836390	811908	24482	4271	10044940	9689910	1121832393694033
745612	721008	24604	2902	7299602	6861176	1121832402069219
591338	566746	24592	3628	8456214	8159786	1121832411446877
641296	616416	24880	3111	7733782	7175034	1121832420152759
968228	944106	24122	266	2034668	1812792	1121832423485665
1191040	1165056	25984	4833	11289008	11168526	1121832436296411
1185610	1160782	24828	157	1826736	1810838	1121832439638929
470864	394296	76568	226	1822216	1234722	1121832442262173
1176048	1152188	23860	1531	4634350	4550058	1121832448403343
1187674	1160404	27270	3004	7506354	7507142	1121832457432881
1242112	1213552	28560	3731	8796578	9015424	1121832467801229
1184362	1158458	25904	4131	9531752	9758422	1121832478847353
366210	341840	24370	3481	8222520	7639994	1121832487765189
546410	522192	24218	587	2669958	2032570	1121832491311291
1180588	1155868	24720	4252	9837130	10003780	1121832502659447
570222	546064	24158	3693	8829158	8269452	1121832512395019
349454	324366	25088	3638	8777528	7937202	1121832521852133
1066992	1041720	25272	2737	6970972	6852402	1121832530219623
569996	543108	26888	1854	5202386	4590684	1121832536322553
904618	878518	26100	262	2025306	1740366	1121832539583189
1267098	1240634	26464	2312	6119686	6201456	1121832547299589
802800	778586	24214	533	2571592	2181302	1121832551005291
854784	828952	25832	3593	8428112	8351302	1121832560619173
1257666	1233604	24062	99	1443452	1767188	1121832563656041
1183862	1158312	25550	4288	9903184	10072538	1121832575074109
1182488	1157840	24648	4109	9727544	9735516	1121832586314717
768628	721492	47136	2408	6063358	5895342	1121832593476817
1183584	1159198	24386	3027	7378860	7549288	1121832602369629
550138	525956	24182	4985	11114108	10831784	1121832614364117
1192272	1167132	25140	678	2571668	2859838	1121832618458193
1267398	1157046	110352	2117	5732496	5812138	1121832625793293
592810	568352	24458	2293	6124972	5490908	1121832632840669
472618	447466	25152	1789	5074384	4361842	1121832638718407
1193528	1167666	25862	914	3328398	3333992	1121832643575309
853956	829464	24492	4153	9642736	9470386	1121832654401637
1179116	1153046	26070	1515	4525028	4521840	1121832660442721
405234	379210	26024	1040	3582512	2797748	1121832664764793
1227200	1158770	68430	4496	10488848	10530330	1121832676810671
1201316	1176106	25210	3415	8047698	8344356	1121832686390757
1186402	1160816	25586	4104	9403824	9705466	1121832697311757
602958	576818	26140	3390	8151356	7699488	1121832706396205
585606	559458	26148	3186	7874720	7268944	1121832715186807
1191548	1165046	26502	4864	11242396	11237292	1121832727950641
693468	669142	24326	3823	9107124	8651812	1121832738082529
1175852	1151684	24168	4098	9692404	9682774	1121832749280865
1200972	1176864	24108	155	1670106	1827088	1121832752481883
1327130	1166556	160574	3875	8949766	9390146	1121832763093937
1176576	1152282	24294	4861	11210736	11214136	1121832775811239
954556	928446	26110	2928	7073920	7121968	1121832784169219
752536	717788	34748	110	1715544	1284968	1121832786967171
1187232	1156000	31232	1900	5412860	5304342	1121832793897863
990052	965026	25026	4545	10452428	10391808	1121832805670543
1107108	1082544	24564	3369	8235480	8157972	1121832815343577
752034	727306	24728	2297	6230362	5658700	1121832822656401
1219962	1167442	52520	4406	10308130	10343706	1121832834520277
804188	779364	24824	787	2918756	2689342	1121832838578463
2260504	2256326	4178	3521	8550154	9615728	1121832849724669
246120	210794	35326	2005	5502926	4568152	1121832855804253
1269126	1157722	111404	1318	4128946	4217184	1121832861533163
1324220	1297980	26240	4294	10096146	10223696	1121832873284251
432468	406320	26148	824	3148160	2391448	1121832877194453
361830	336258	25572	1278	3757148	3229388	1121832881643779
827816	802744	25072	2680	6856302	6500138	1121832889657711
1217724	1157884	59840	1094	3687436	3718544	1121832894893579
1323968	1164666	159302	3047	7743026	7734610	1121832904289767
1184678	1157902	26776	162	1829788	1821256	1121832907634377
854804	830544	24260	1420	3991698	4005644	1121832912810519
1057708	1033326	24382	1616	4726262	4600918	1121832918925323
662788	636510	26278	4621	10747094	10220550	1121832930666363
1182438	1158230	24208	1886	5360402	5265990	1121832937547893
1186700	1158920	27780	4189	9553356	9898748	1121832948618161
974978	949192	25786	4642	10783782	10570042	1121832960712327
1181312	1156454	24858	2200	5896464	5892164	1121832968132565
963930	939332	24598	4100	9576640	9476578	1121832979003127
1185192	1160712	24480	3859	9084188	9215710	1121832989602333
1186964	1161014	25950	1704	4941878	4906262	1121832996062001
3738604	3734876	3728	4153	9583446	12356788	1121833009713577
1186820	1162560	24260	3768	9033442	9034716	1121833020263681
626638	598220	28418	2718	6928980	6373798	1121833028149459
851474	826684	24790	3756	9013542	8675610	1121833038344217
1184782	1157878	26904	1692	4882784	4881388	1121833044741457
586710	484500	102210	4481	10465296	9860150	1121833056123329
1206666	1182150	24516	1863	4976788	5245270	1121833062637257
1186204	1158984	27220	2575	6656476	6649666	1121833070828703
1184398	1159348	25050	1574	4749522	4649950	1121833077092865
1186720	1160750	25970	4855	11168924	11213258	1121833089779053
1184048	1160794	23254	44	1445004	1584918	1121833092738369
1192302	1166284	26018	4716	10675588	10936286	1121833104936537
247770	210318	37452	3488	8479676	7540470	1121833113993945
1257174	1162310	94864	2537	6566440	6643328	1121833122147285
800720	771544	29176	3773	9118304	8658328	1121833132396757
654744	630850	23894	320	2137696	1607366	1121833135528745
1183196	1158900	24296	1013	3522896	3521724	1121833140565137
817772	791190	26582	613	2728208	2356942	1121833144445713
977352	952634	24718	4795	11090594	10879370	1121833156851165
1199256	1173924	25332	1000	3498498	3511790	1121833161879071
1191152	1156570	34582	2181	5868432	5863710	1121833169268869
771436	746934	24502	4979	11098586	11045092	1121833181469033
924478	900318	24160	1799	4799994	4839508	1121833187524051
1188182	1163946	24236	1483	4462750	4466262	1121833193505765
1310508	1156994	153514	1306	3862132	4234690	1121833199008023
1186978	1161514	25464	1083	3602114	3669248	1121833204126453
707096	682560	24536	2629	6752660	6276824	1121833211916509
1245876	1220332	25544	847	2980938	3251708	1121833216473271
710010	686340	23670	3437	8367572	7895488	1121833225889311
1191876	1167186	24690	2324	6140002	6151860	1121833233551121
1181898	1157620	24278	2335	6139512	6163760	1121833241203047
1181408	1157374	24034	4813	11130234	11124328	1121833253844499
1179226	1154634	24592	4546	10240350	10582654	1121833265594217
1190758	1165218	25540	3083	7394044	7668548	1121833274507699
1193818	1167860	25958	4348	9960370	10202406	1121833285996665
1262654	1236804	25850	1639	4794408	4853412	1121833292383433
1186862	1161230	25632	4708	10717014	10915526	1121833304617593
1213006	1169434	43572	3991	9429750	9506978	1121833315601637
1180758	1155632	25126	895	3284242	3282586	1121833320397373
1310416	1282284	28132	130	1561942	1881304	1121833323604919
646402	621690	24712	3547	8475500	8053250	1121833333056913
1185016	1156338	28678	2350	5923518	6196916	1121833340495431
1085080	1059922	25158	3611	8358554	8617900	1121833350275463
1137686	1108230	29456	3071	7638286	7590362	1121833359382029
1183218	1158762	24456	3121	7544468	7742260	1121833368439425
1146550	1118230	28320	3537	8554716	8533500	1121833378476683
1190106	1165018	25088	1541	4582148	4583978	1121833384584245
1183256	1158590	24666	4851	11077456	11198004	1121833397181257
1182896	1158326	24570	3520	8519558	8540676	1121833407214771
539982	515868	24114	3752	8908904	8361458	1121833416993809
378454	352930	25524	1926	5369586	4562256	1121833423072197
1186160	1161372	24788	4751	11007430	11006770	1121833435595841
1177662	1153580	24082	2108	5388642	5706652	1121833442493361
1188088	1161994	26094	3409	8318490	8318148	1121833452351663
1180798	1155998	24800	1582	4586710	4656428	1121833458450331
772432	613526	158906	1307	3960172	3697954	1121833463519927
1184856	1158368	26488	3269	14769656	8035756	1121833479804199
650066	623614	26452	1444	4443612	3851044	1121833485227365
622570	589746	32824	367	2250122	1668184	1121833488429871
374438	350328	24110	4526	10550804	9737230	1121833499693653
1181282	1152698	28584	1010	3513126	3513534	1121833504718445
1180860	1156244	24616	3218	7905768	7929246	1121833514141985
1202202	1175900	26302	4507	10466358	10528436	1121833526141193
590770	566480	24290	3592	8676978	8086700	1121833535739651
1183234	1158242	24992	4429	10356794	10353334	1121833547610077
1183578	1158350	25228	2363	6228594	6221472	1121833555352389
782096	755356	26740	3697	8593866	8492268	1121833565058779
1189096	1163732	25364	765	3041056	3037000	1121833569619771
1194206	1167868	26338	3037	7452842	7579676	1121833578596777
654288	630514	23774	1186	3868122	3338410	1121833583468853
1183216	1158426	24790	2722	6938728	6940312	1121833591921711
1181166	1155312	25854	2586	6775456	6664910	1121833600209611
682050	654940	27110	2562	6539336	6118494	1121833607762451
1224068	1198126	25942	3618	8737448	8773002	1121833618054353
539690	508160	31530	410	2316920	1670692	1121833621241983
1189862	1165088	24774	4858	11212304	11218044	1121833633974045
1200556	1155728	44828	1582	4407012	4677406	1121833639912673
384682	359544	25138	3846	9284904	8388942	1121833649912745
1183836	1158740	25096	3808	8814484	9111950	1121833660241791
1182872	1158390	24482	616	2832738	2727046	1121833664588781
934732	910770	23962	730	2654314	2706594	1121833668512625
1182400	1157474	24926	4975	11445828	11444140	1121833681476241
1223258	1169968	53290	3171	7719640	7877662	1121833690749009
1186402	1161990	24412	3263	7782864	8025136	1121833700048045
1189648	1162608	27040	3658	8911774	8817822	1121833710479269
683022	552026	130996	2970	7151968	6934072	1121833718650543
687970	661978	25992	1899	5433114	4798606	1121833725107433
503658	478880	24778	4467	10463698	9770586	1121833736405041
1184814	1158966	25848	4256	10007524	10008776	1121833747932137
494820	470442	24378	1769	4805284	4345158	1121833753562043
1031932	1006012	25920	4276	10051950	9897302	1121833764977083
488356	464194	24162	301	2114574	1407828	1121833767909503
1183388	1157564	25824	3424	8352886	8342570	1121833777776433
262126	237304	24822	2861	6907724	6296664	1121833785277109
603540	578332	25208	4112	9561982	9145586	1121833795772433
666670	642300	24370	4151	9803990	9281076	1121833806573537
1255478	1230980	24498	2256	6005272	6077482	1121833814174271
906770	881212	25558	4034	9568810	9286446	1121833824979453
497572	472590	24982	4903	11314028	10625550	1121833837122213
881600	856676	24924	1688	4959656	4578836	1121833843294143
298098	272328	25770	2109	5441972	4850856	1121833849364631
1181968	1157868	24100	1608	4433956	4714210	1121833855310463
1179744	1154958	24786	962	3101930	3441488	1121833859921699
1314444	1156032	158412	3338	8174428	8303480	1121833869740845
529290	505254	24036	735	2975068	2310944	1121833873575645
1192538	1167602	24936	1482	4466542	4468092	1121833879564791
1177828	1150396	27432	3071	7644498	7631722	1121833888718031
785740	760166	25574	4014	9528114	9126622	1121833899367873
985590	960698	24892	1443	4380468	4184080	1121833905063681
1059334	1034888	24446	1781	5061852	4938494	1121833911515357
1182782	1158706	24076	2561	6616704	6616702	1121833919644725
626254	601392	24862	2849	7110758	6636824	1121833927712151
1298476	1158110	140366	1244	4041668	4098564	1121833933382385
1191370	1164928	26442	2967	7441336	7438764	1121833942345191
1179090	1155376	23714	1604	4700268	4697988	1121833948554885
1072482	1048514	23968	39	1573230	1462154	1121833951536269
1183698	1159314	24384	1695	4885920	4884518	1121833957935409
572842	547876	24966	4374	10240824	9632848	1121833969078463
608472	584106	24366	3531	8577238	7990160	1121833978593971
555438	528302	27136	2513	6522214	5893978	1121833986006905
1310174	1155976	154198	2483	6462056	6588022	1121833994109597
1245374	1219918	25456	4695	10893626	10946602	1121834006578693
825040	800104	24936	2080	5604772	5296552	1121834013344277
826818	686002	140816	4985	11276296	11115310	1121834025778031
927462	901866	25596	4703	10830828	10646170	1121834037866537
1181714	1155960	25754	3532	8564502	8557508	1121834047942709
757916	732752	25164	2604	6643858	6277996	1121834055674833
1186334	1160526	25808	4218	9932932	9934316	1121834067125219
1216932	1164738	52194	596	2399976	2721128	1121834071071779
1287054	1170994	116060	4133	9768642	9871184	1121834082457805
1182872	1158420	24452	4664	10825082	10822466	1121834094801485
1200874	1175526	25348	3903	8992334	9318140	1121834105325417
1183966	1158402	25564	1905	5310990	5307260	1121834112150513
433962	408916	25046	3540	8373634	7825538	1121834121288407
1187880	1160550	27330	4592	10553178	10694120	1121834133360259
882242	855768	26474	4918	11192908	11030754	1121834145766453
1180894	1155428	25466	1158	3815844	3810730	1121834151093121
817464	792006	25458	856	3204384	2845768	1121834155445659
776626	750356	26270	3235	7970320	7557448	1121834164522757
0	0	0	0	0	0	0
1122024	1096806	25218	3179	7855794	7792470	1121834177178011
1163044	1114864	48180	4849	11201774	11179272	1121834189872983
876288	755500	120788	4083	9664854	9354800	1121834200744081
1179686	1156266	23420	4279	9773094	10050708	1121834212027417
1190140	1155244	34896	3894	9246130	9289474	1121834222793791
0	0	0	0	0	0	0
1074966	941646	133320	2542	6577834	6469438	1121834237236517
1185584	1158522	27062	1197	3591048	3897052	1121834242343071
1182754	1155892	26862	4572	10645534	10637592	1121834254502191
1190808	1164340	26468	4725	10866966	10953478	1121834266898119
475172	449476	25696	1616	4731258	4024356	1121834272434465
1181788	1157460	24328	2907	7310388	7306452	1121834281262961
396124	370772	25352	2035	5537182	4779100	1121834287527303
1103416	1077338	26078	251	1699320	1917514	1121834290660573
1029334	1004302	25032	4439	10108734	10220750	1121834302134413
311276	216788	94488	4084	9671514	8792104	1121834312448247
1185250	1161024	24226	3836	9166842	9169808	1121834323136173
1175024	1150820	24204	1843	5202066	5181900	1121834329843891
6751410	6747924	3486	2724	7056132	12512394	1121834343982183
1438692	1300420	138272	2228	5957162	6206588	1121834351709345
1187558	1157764	29794	4334	10100396	10167594	1121834363328119
1276958	1155584	121374	220	1952742	2028436	1121834366887505
196746	172678	24068	2469	6414510	5447506	1121834373829273
1181454	1155028	26426	4381	10260764	10256498	1121834385601889
368508	342046	26462	3324	8015296	7329124	1121834394316863
1270408	1152556	117852	1701	4671410	4985486	1121834400590717
1238810	1176132	62678	2389	5973030	6328796	1121834408159051
1216314	1187780	28534	1254	3956612	4036238	1121834413662555
1082772	1057742	25030	1146	3844816	3688436	1121834418920971
1181718	1158178	23540	1524	4298446	4541904	1121834424731837
1190730	1166544	24186	2838	7176348	7179056	1121834433428791
1201256	1158652	42604	757	3144888	3026718	1121834438105293
1187204	1163728	23476	1387	4025628	4273916	1121834443649143
353088	318494	34594	1916	5330264	4495528	1121834449663009
1180692	1155782	24910	778	3050200	3049336	1121834454224579
543914	519538	24376	3625	8552430	8105266	1121834463651773
1180480	1157020	23460	1366	4113540	4224350	1121834469276271
1183964	1158118	25846	4116	9723582	9728336	1121834480513639
1180648	1156158	24490	3541	8577044	8573832	1121834490606229
412566	388486	24080	2343	6186562	5410788	1121834497540161
1257940	1207778	50162	138	1774568	1846676	1121834500903497
1187144	1162310	24834	3398	7965646	8296240	1121834510386631
1180314	1155584	24730	577	2660190	2645892	1121834514565749
1184714	1159482	25232	4330	10093820	10157728	1121834526180087
483240	459064	24176	1997	5511032	4788282	1121834532504557
1192438	1166558	25880	751	2844850	3006350	1121834536877699
646526	621650	24876	304	2202870	1571358	1121834540057789
1181144	1155910	25234	1683	4863720	4859752	1121834546432355
1010002	985610	24392	24	1545934	1370126	1121834549341173
1127942	1102778	25164	4052	9599830	9543912	1121834560399053
1187904	1163558	24346	1074	3645894	3647318	1121834565568919
1182754	1157694	25060	192	1891048	1879500	1121834568973761
1187062	1161298	25764	1046	3574532	3598726	1121834574066013
1207636	1157722	49914	1820	5129378	5159822	1121834580732585
1196640	1170320	26320	1357	4220848	4222930	1121834586479521
1180104	1155150	24954	503	2283856	2499254	1121834590278957
518296	493700	24596	3001	7375650	6833318	1121834598503097
1183612	1158852	24760	4432	10487912	10359726	1121834610510297
1184890	1159202	25688	3206	8035726	7907982	1121834620065513
1186970	1157942	29028	901	3274202	3299520	1121834624857549
1189010	1163338	25672	4711	10917864	10922546	1121834637295525
1186202	1160848	25354	1660	4814984	4818576	1121834643626645
1247132	1222836	24296	689	2875652	2936902	1121834648079543
597226	572322	24904	3718	8833404	8344588	1121834657839591
936418	910396	26022	4450	10396490	10147980	1121834669502641
1184516	1158566	25950	3635	8775334	8764914	1121834679792647
549688	525514	24174	1159	3814914	3179842	1121834684487797
562200	537266	24934	4807	11114266	10487802	1121834696500231
917458	851842	65616	4644	10791746	10517092	1121834708545393
1002674	978396	24278	339	1875852	1991076	1121834711762625
603162	578192	24970	3398	8009654	7712016	1121834720704999
778814	754432	24382	1625	4749212	4341702	1121834726584651
308152	283892	24260	3388	8274582	7397150	1121834735517867
424940	400164	24776	2588	6370948	5913526	1121834742644625
1274168	1161622	112546	4440	10375684	10466402	1121834754629773
493438	467078	26360	2426	6350700	5656208	1121834761808971
1182150	1156832	25318	1390	4279904	4273952	1121834767601633
825528	801498	24030	517	2539232	2170588	1121834771296949
602116	578124	23992	3612	8428562	8143246	1121834780657497
1182744	1157704	25040	3997	9412482	9488458	1121834791588037
1190672	1162048	28624	1515	4432444	4533422	1121834797541957
1186432	1161928	24504	4807	10946916	11112326	1121834810005573
993958	969342	24616	2226	5803436	5757926	1121834817133051
1187656	1161572	26084	2777	7058710	7060278	1121834825710683
1189576	1162498	27078	1518	4447258	4537192	1121834831678599
1182666	1158342	24324	4911	11323646	11315522	1121834844515589
1180782	1156330	24452	1246	3985642	3984798	1121834850017673
1217724	1190884	26840	3597	8433350	8723182	1121834859998491
1188192	1158172	30020	3397	8289786	8293772	1121834869806863
566972	540054	26918	1898	5290622	4674564	1121834875995643
1190212	1164170	26042	3990	9562838	9481618	1121834887078849
1198374	1173506	24868	1573	4435222	4656478	1121834893042893
1096676	1007186	89490	2998	7427558	7410412	1121834901897145
1184710	1158934	25776	4025	9277298	9547858	1121834912689059
1141214	1113642	27572	903	3299402	3258432	1121834917465549
1262110	1160418	101692	4058	9610474	9689894	1121834928668333
1190762	1164468	26294	2849	7206054	7200416	1121834937400949
1322916	1295948	26968	2038	5579236	5710502	1121834944633105
1182938	1157812	25126	2576	6590886	6647286	1121834952743041
1185130	1159316	25814	1794	5104362	5085172	1121834959363201
848388	823646	24742	3309	7854160	7788806	1121834968396309
1203914	1156238	47676	1021	3536932	3558238	1121834973471825
1189662	1163496	26166	2521	6493026	6543724	1121834981545545
841850	817030	24820	256	2101002	1665652	1121834984817681
577622	552028	25594	1647	4794896	4183148	1121834990519417
1307456	1283170	24286	3051	7602166	7722454	1121834999765213
1305624	1281520	24104	82	1708886	1781144	1121835003109333
1072526	1047420	25106	3606	8392454	8596380	1121835012904153
1036582	1010352	26230	1823	4868966	4993986	1121835019140205
1183018	1158294	24724	2797	7101154	7094056	1121835027754565
1193366	1164892	28474	2847	7188160	7198898	1121835036466785
0	0	0	0	0	0	0
1164658	1135176	29482	2314	6115106	6105504	1121835055941943
1195934	1169566	26368	1416	4331138	4340064	1121835061799157
475284	449498	25786	4815	11131330	10418688	1121835073736431
355314	330160	25154	1925	5345850	4517568	1121835079768389
942922	917024	25898	804	3104504	2862282	1121835084146025
1184262	1157618	26644	3314	8125074	8124558	1121835093785309
1179710	1156170	23540	3590	8677828	8669950	1121835103972651
1202390	1176138	26252	4213	10030148	9940344	1121835115535197
1187012	1162678	24334	4843	10926776	11185882	1121835127979777
546824	523094	23730	2107	5655174	5072528	1121835134511509
293934	262940	30994	466	2428962	1539544	1121835137570627
892318	866704	25614	165	4861522	1533718	1121835143654939
1185790	1158478	27312	3640	8779464	8777468	1121835153950345
1194628	1168420	26208	929	3469792	3364102	1121835158945137
1008798	982988	25810	4618	10786502	10605592	1121835171071243
887782	854034	33748	3585	8672980	8374898	1121835180962161
595596	569764	25832	169	1852228	1265478	1121835183739905
1179814	1155622	24192	887	3280260	3264672	1121835188530099
1181130	1154876	26254	3960	9324858	9413068	1121835199371319
835726	811314	24412	1222	3946066	3590898	1121835204483841
1046552	1021792	24760	256	2008542	1870030	1121835207874683
864154	797222	66932	2861	7225404	6898782	1121835216294229
811736	786308	25428	1736	4689196	4595540	1121835222125743
573814	549130	24684	747	2992470	2378758	1121835226021789
1179702	1155588	24114	4831	11155646	11154254	1121835238687577
1179374	1154898	24476	3066	7632808	7623070	1121835247835193
1178640	1154480	24160	3173	7848092	7836894	1121835257192419
1080990	1056774	24216	840	3195394	3073222	1121835261812683
1185210	1159656	25554	3440	8376116	8376020	1121835271704857
558734	534404	24330	639	2779826	2149440	1121835275374321
299116	274804	24312	4969	11432932	10548352	1121835287436599
1182844	1158692	24152	2874	7242488	7242674	1121835296192265
1249944	1158664	91280	2794	6758978	7149956	1121835304531339
1196788	1171684	25104	1947	5404320	5403058	1121835311474161
270080	244626	25454	3675	8843038	7930216	1121835320917351
1192118	1167780	24338	2683	6869010	6876604	1121835329309319
1185316	1159566	25750	2129	5753546	5754068	1121835336578473
699442	633074	66368	1178	3638438	3365978	1121835341252549
1182172	1158818	23354	4357	9922544	10219882	1121835352687185
1191050	1161032	30018	2768	6779464	7038690	1121835360993993
1198806	1172332	26474	1728	5036464	5013622	1121835367559681
1184804	1155370	29434	1345	3882902	4186868	1121835372957691
393704	368300	25404	2397	6150610	5499152	1121835379832491
1130538	1104986	25552	4420	10339748	10281930	1121835391633231
398338	374002	24336	4668	10846690	10046202	1121835403208953
1199292	1173718	25574	2509	6223820	6534096	1121835410961857
1192720	1167416	25304	2084	5364098	5673470	1121835417849253
1186830	1161714	25116	1008	3402732	3515006	1121835422769333
1192716	1166444	26272	989	3476616	3483702	1121835427769179
219330	192984	26346	2209	5909274	4948000	1121835434227709
631772	607724	24048	2132	5462630	5207760	1121835440652153
470540	444434	26106	529	2562442	1840386	1121835444020823
396874	371772	25102	1889	5275396	4487130	1121835450023151
416534	391934	24600	480	2458848	1689798	1121835453228749
665540	639566	25974	1836	5170970	4650000	1121835459395761
250406	225206	25200	3609	8726706	7780424	1121835468702549
549564	524862	24702	3931	9482046	8723248	1121835479075583
1191720	1164790	26930	997	3495614	3505366	1121835484093371
1209524	1185374	24150	83	1531478	1687476	1121835487165483
848866	823030	25836	1970	5334156	5106018	1121835493678801
1189892	1164680	25212	897	3291742	3295806	1121835498489813
1180204	1154492	25712	3170	7729076	7833076	1121835507746001
1096202	1068504	27698	4614	10638640	10639408	1121835519811445
1195664	1169494	26170	4075	9779934	9657306	1121835531117317
5372202	5368720	3482	1936	5079948	9556904	1121835541899773
1180492	1156100	24392	3810	9125584	9111940	1121835552536001
1184088	1158274	25814	4699	10698318	10893876	1121835564753463
1210518	1166460	44058	2703	6929786	6927254	1121835573223841
1006074	971334	34740	571	2645798	2460688	1121835577205329
441478	417452	24026	2121	5511544	5000166	1121835583488733
1163780	1134604	29176	204	1908518	1883972	1121835586891023
1184042	1159892	24150	653	2805796	2807852	1121835591211217
1195522	1158570	36952	4899	11308126	11305892	1121835604044593
781598	755822	25776	1951	5260936	4995494	1121835610418611
1021448	996398	25050	1533	4560484	4398760	1121835616336451
1197676	1172608	25068	875	3247332	3260504	1121835621112637
339066	311682	27384	1820	5109436	4296222	1121835626892013
1249398	1225398	24000	1624	4750980	4814504	1121835633222317
818924	788458	30466	4226	9950544	9582562	1121835644321697
1198094	1173734	24360	2530	6252088	6570434	1121835652102859
1184724	1158296	26428	287	2089708	2071498	1121835655707451
1186760	1161568	25192	2017	5182752	5532726	1121835662407397
1206192	1178418	27774	4637	10778982	10793064	1121835674728739
1298474	1161878	136596	3099	7542694	7809164	1121835683900961
1183150	1157982	25168	3072	7317550	7639822	1121835692731545
371128	251262	119866	4460	10522314	9603764	1121835703955427
1183838	1157978	25860	2320	6134666	6136218	1121835711604149
385356	361030	24326	3691	8605530	8079434	1121835720925577
562378	537446	24932	3515	8336568	7903782	1121835730154539
1211534	1184632	26902	1689	4886470	4902912	1121835736583611
1182198	1155434	26764	4036	9569200	9566166	1121835747670217
606508	577966	28542	3330	7910716	7578762	1121835756518401
1185246	1159822	25424	3527	8553704	8551822	1121835766597121
1200160	1174208	25952	4512	10524542	10535248	1121835778657893
1191654	1167476	24178	4272	10055092	10046464	1121835790239345
662126	636932	25194	2431	6363148	5834974	1121835797595733
1183686	1158598	25088	1271	4037410	4038828	1121835803147257
1177586	1152636	24950	270	1850782	2035390	1121835806507107
791588	767380	24208	1835	5162214	4773912	1121835812797113
1184658	1158892	25766	2272	6039740	6041388	1121835820352073
576096	551636	24460	1381	4264724	3651190	1121835825523483
893048	868844	24204	2583	6661898	6371902	1121835833408383
1186424	1160806	25618	4192	9884596	9883624	1121835844809677
691018	665858	25160	4268	9921110	9540226	1121835855752209
889220	863574	25646	2526	6548460	6253378	1121835863520311
1197104	1172666	24438	4175	9846654	9860816	1121835874894151
513922	487950	25972	1343	3851174	3511298	1121835879588899
1180722	1156298	24424	2034	5573182	5560242	1121835886673669
1041082	1015706	25376	894	3288848	3140602	1121835891339969
911542	886992	24550	3835	9168426	8892816	1121835901750325
1181916	1154782	27134	1528	4560816	4550440	1121835907822703
1187374	1156166	31208	3525	8532560	8549022	1121835917874091
1179854	1155270	24584	2292	6077958	6076592	1121835925462453
841796	817556	24240	421	2045902	2000088	1121835928680363
1183170	1158916	24254	1282	3874390	4059832	1121835934073703
1183260	1159130	24130	1609	4721498	4714686	1121835940309771
1186604	1161258	25346	4497	10318780	10493386	1121835952145041
446070	420838	25232	1542	4445308	3842036	1121835957366481
860870	834754	26116	1225	3943804	3623004	1121835962501177
719938	695056	24882	3580	8661490	8192766	1121835972270241
489274	464924	24350	371	2257770	1543994	1121835975347577
1197436	1161260	36176	2230	5955876	5969410	1121835982831651
839812	814490	25322	2381	6266990	5914316	1121835990267991
441936	414942	26994	2057	5316998	4867850	1121835996358005
1190316	1165024	25292	3524	8553702	8550752	1121836006432339
1115926	1090640	25286	2149	5643766	5724978	1121836013527877
670820	645408	25412	4944	11383680	10870458	1121836025912703
262042	237048	24994	3449	8633792	7472458	1121836035137813
560288	534768	25520	4539	10583472	9956538	1121836046612007
1041164	986706	54458	192	1880728	1736584	1121836049880825
1184854	1160610	24244	2481	6158874	6458898	1121836057554471
501026	476464	24562	4389	10279538	9591526	1121836068664589
1185454	1158284	27170	2949	14866534	7394902	1121836085052891
1179684	1154070	25614	3720	8941868	8936448	1121836095504985
948174	922844	25330	4840	10914654	10940376	1121836107697405
408464	384214	24250	701	2600936	2123466	1121836111037669
1187822	1164106	23716	4793	10887306	11085932	1121836123442973
1275188	1158902	116286	2731	6783744	7049306	1121836131832263
778940	753966	24974	3654	9072390	8400118	1121836142013891
1071814	1047268	24546	3423	8044196	8230286	1121836151460737
885472	860122	25350	3618	8734146	8433942	1121836161410343
1187680	1162070	25610	937	3371722	3373650	1121836166300481
373528	346756	26772	2350	6001746	5385944	1121836173006247
184816	160722	24094	523	2561804	1558324	1121836176083543
1143626	1108464	35162	45	1591166	1545738	1121836179148351
1025334	1001208	24126	445	2105798	2226640	1121836182609997
401026	376782	24244	445	2579994	1602806	1121836185925649
1243124	1173036	70088	4271	9762566	10098654	1121836197261673
1182406	1158090	24316	4308	10172824	10108080	1121836208946881
1195888	1170920	24968	4659	10945240	10830942	1121836221418213
1181744	1156144	25600	598	2700092	2690116	1121836225630087
1251538	1159126	92412	2719	6708230	7002762	1121836233919797
264190	239930	24260	2527	6558670	5628942	1121836241072397
1191586	1167028	24558	2390	6280030	6289916	1121836248873767
1185762	1158464	27298	1682	4576628	4862972	1121836254965889
1180352	1155448	24904	1631	4768034	4759964	1121836261244419
1184802	1159252	25550	128	1521520	1758308	1121836264280833
469814	388884	80930	4569	10575260	9919288	1121836275655765
928168	902536	25632	126	1743672	1491386	1121836278658125
833120	808352	24768	87	1670846	1318452	1121836281497013
1179974	1152554	27420	3824	9164464	9138764	1121836292171809
628938	603992	24946	3739	8993390	8418938	1121836302124637
1187970	1161456	26514	3153	7501496	7805966	1121836311143685
1256698	1176800	79898	318	2063248	2211222	1121836314794357
605160	580464	24696	2058	5172428	5031678	1121836321052731
1092924	1068604	24320	3238	7845408	7885090	1121836330320471
793436	767748	25688	312	2271002	1728436	1121836333714937
303458	277864	25594	3157	7815250	6929388	1121836342162899
967646	942546	25100	3223	7946470	7724560	1121836351407027
830458	805798	24660	243	1984574	1627616	1121836354551765
758068	733122	24946	467	2148096	2003776	1121836357793349
1050980	1018214	32766	4652	10555844	10665662	1121836369730161
748348	715314	33034	4695	10618488	10450226	1121836381427447
1184436	1160954	23482	762	3015062	3020032	1121836385957579
1327162	1164050	163112	963	3435148	3565494	1121836391050237
905340	878420	26920	400	1970470	2018392	1121836394256393
328332	302876	25456	3189	7874322	7017726	1121836402789305
1216626	1192862	23764	4682	10866182	10892334	1121836415203485
1189050	1161498	27552	1819	5134716	5139892	1121836421857847
503614	478812	24802	895	3316318	2605402	1121836426008443
632522	598180	34342	320	2137964	1585788	1121836429109287
0	0	0	0	0	0	0
404046	377940	26106	714	2837656	2143514	1121836443628721
916894	891114	25780	2764	7150798	6757218	1121836452025505
1187356	1160952	26404	1471	4152726	4440742	1121836457693913
677780	652076	25704	1798	4993942	4585750	1121836463696265
1182188	1157802	24386	3201	7598718	7896754	1121836472806599
700096	670314	29782	1900	5175530	4811248	1121836479012511
604868	579594	25274	4672	10845564	10265532	1121836490793137
1193848	1169478	24370	153	1521954	1811220	1121836493838123
982704	956388	26316	3198	7785564	7690964	1121836502936919
0	0	0	0	0	0	0
1181674	1157884	23790	2721	6941386	6934892	1121836515157777
1116634	1091906	24728	1103	3434604	3641350	1121836520038697
1180182	1154090	26092	2384	6268804	6260518	1121836527818193
1219868	1165178	54690	2908	7313274	7348368	1121836536681819
1180224	1155696	24528	372	2240126	2235362	1121836540444183
1055558	1031360	24198	3139	7588440	7644440	1121836549423429
1186614	1160606	26008	1263	4020826	4024970	1121836554960417
1194500	1169178	25322	2561	6658490	6632442	1121836563144241
248752	207840	40912	1519	4506094	3643548	1121836568228423
1185700	1161348	24352	1868	5237026	5233984	1121836574981399
1183668	1157804	25864	3472	8443820	8444842	1121836584939281
1178820	1155172	23648	4907	11343476	11325238	1121836597792321
1197842	1172898	24944	4167	9524180	9844364	1121836608843273
1040404	1007358	33046	951	3524260	3258412	1121836613737777
511924	487526	24398	1851	5213074	4526212	1121836619793257
1183652	1159164	24488	1590	4680070	4674948	1121836625986939
649376	624908	24468	589	2656558	2139382	1121836629622619
1187146	1160342	26804	195	1895910	1888574	1121836633036353
1186670	1160736	25934	2721	6632190	6940230	1121836641185857
920976	895936	25040	2067	5588892	5372142	1121836648026097
1176526	1151722	24804	2388	6276348	6264622	1121836655809563
786986	762236	24750	4887	11068120	10872282	1121836667995917
422948	397704	25244	4998	11491778	10731338	1121836680241829
1209358	1183140	26218	1048	3596110	3618140	1121836685378145
1190598	1167182	23416	388	2237542	2279340	1121836689137385
1116474	1092238	24236	4060	9623118	9555488	1121836700207189
1182994	1157976	25018	918	3332678	3331756	1121836705053623
969562	944906	24656	3950	9043004	9181884	1121836715396177
1298400	1274092	24308	3299	8106888	8207138	1121836725132881
236298	210956	25342	2518	6481598	5590744	1121836732180727
249402	225154	24248	1972	5439658	4504748	1121836738199823
1192714	1166288	26426	2965	7143746	7435834	1121836746867085
1205292	1181142	24150	4362	9928976	10242152	1121836758331571
1265892	1157906	107986	4345	9870064	10269386	1121836769798073
1182592	1157922	24670	252	2007834	2000080	1121836773318759
1344204	1192344	151860	2260	5868916	6181692	1121836780862311
0	0	0	0	0	0	0
419796	394678	25118	1249	4081552	3230346	1121836794645797
981694	955296	26398	3482	8459512	8257310	1121836804437571
1316972	1289696	27276	578	2652890	2783986	1121836808742871
1289558	1263154	26404	3726	8951812	9052944	1121836819315349
690858	666392	24466	432	2041694	1872042	1121836822378591
1305756	1281598	24158	1476	4447274	4571378	1121836828467473
1184914	1158372	26542	1578	4525680	4654162	1121836834512591
1004748	978254	26494	2249	6003552	5813684	1121836841856363
1226422	1202824	23598	4532	10566072	10604146	1121836853979925
1180942	1155114	25828	38	1388832	1570266	1121836856880445
1196148	1171844	24304	701	2753084	2911184	1121836861159639
1186012	1161580	24432	2883	7095252	7269316	1121836869771441
1189974	1160778	29196	3978	9501730	9457832	1121836880793309
690866	666240	24626	3495	8366260	7992032	1121836890180103
1256100	1157050	99050	3730	8956120	9027434	1121836900723233
1189958	1163628	26330	4538	10577476	10577860	1121836912820999
1184852	1159070	25782	1181	3641702	3858274	1121836917977871
1339582	1313702	25880	2714	6950812	7080710	1121836926598537
1216030	1191088	24942	1225	3947176	3978024	1121836932100923
1190916	1164108	26808	2628	6753544	6758610	1121836940375811
453154	426492	26662	4001	9474452	8766618	1121836950637945
1189918	1160152	29766	1268	4034056	4037092	1121836956196683
1192818	1166488	26330	1116	3558010	3737632	1121836961277517
983492	951780	31712	4282	10062838	9860330	1121836972654129
373976	348568	25408	493	2480316	1671520	1121836975846533
1180192	1155898	24294	556	2607308	2604894	1121836979964753
1011898	986786	25112	4864	11052254	11052786	1121836992358365
251416	224920	26496	3641	8852182	7845508	1121837001791823
302780	277780	25000	3694	8886538	8002872	1121837011311091
1199302	1158824	40478	3797	9046738	9105368	1121837021887573
428184	402430	25754	360	2215742	1459888	1121837024862389
1207130	1177838	29292	3414	8323570	8347262	1121837034723245
1192974	1167222	25752	2952	7149490	7409470	1121837043395069
736762	712528	24234	4922	11178770	10891654	1121837055640725
1183188	1159012	24176	998	3494828	3492062	1121837060649169
1184792	1157866	26926	2081	5572912	5659920	1121837067742709
1184428	1158052	26376	121	1493862	1738656	1121837070752263
1181642	1157484	24158	741	2976598	2975898	1121837075241471
890650	862234	28416	2532	6559830	6265994	1121837083022463
807966	782096	25870	1722	4947746	4570334	1121837089107709
1216740	1191230	25510	58	1618344	1648740	1121837092272481
1047050	1021486	25564	1754	4850618	4866808	1121837098500725
922360	898214	24146	2074	5645602	5382898	1121837105403925
1139650	1114470	25180	2597	6691554	6645566	1121837113565201
1189674	1163752	25922	2080	5657536	5661482	1121837120743173
267706	243096	24610	1836	5216212	4252004	1121837126557125
900094	873752	26342	130	1755274	1472096	1121837129553485
1188968	1164538	24430	2069	5640022	5638590	1121837136712333
408792	382498	26294	2678	6854918	6076630	1121837144306117
383950	359318	24632	4911	11016758	10517692	1121837156037133
408528	318322	90206	1080	3358084	2880818	1121837160133751
5992686	5989162	3524	967	3428170	8239532	1121837169885785
1183082	1158834	24248	2463	6571182	6420746	1121837177970137
880456	854898	25558	1022	3538312	3235966	1121837182719477
889872	861730	28142	3603	8702820	8407358	1121837192642789
668278	642308	25970	1355	4204120	3689988	1121837197865171
806964	782444	24520	3710	8934112	8538034	1121837207935809
492662	467484	25178	4999	11293690	10803220	1121837220051345
1125822	1099484	26338	3502	8204784	8441752	1121837229712451
1189702	1165964	23738	163	1534076	1827608	1121837232766343
1186562	1161342	25220	2809	7126046	7117486	1121837241409133
1185808	1158076	27732	1627	4751466	4752220	1121837247676327
1182382	1158140	24242	2610	6504100	6715636	1121837255692873
1037536	1007396	30140	3908	9319822	9165038	1121837266379877
1129664	1105576	24088	288	2072484	2016872	1121837269918007
0	0	0	0	0	0	0
605200	580616	24584	299	2114362	1524938	1121837282213453
1181490	1157294	24196	986	3554298	3465894	1121837287279677
202598	169406	33192	2761	6701158	6044844	1121837294512737
1182322	1158674	23648	3415	8521762	8324224	1121837304554373
664682	640128	24554	1169	3833598	3315120	1121837309388727
1188538	1164796	23742	2529	6559528	6558248	1121837317466551
1425486	1161418	264068	2766	6691366	7275408	1121837325913429
1183310	1158988	24322	3818	9131938	9130988	1121837336559089
1239626	1157756	81870	1750	4783066	5051226	1121837342919391
430020	400322	29698	2372	6138044	5485138	1121837349817729
0	0	0	0	0	0	0
345630	318362	27268	4289	10083650	9235434	1121837366049253
1126302	1099912	26390	3973	9447958	9383704	1121837376953805
1148106	1117878	30228	3125	7441446	7709104	1121837385873525
1189370	1163028	26342	1993	5488832	5488022	1121837392882731
565174	540432	24742	1045	3521898	2966324	1121837397300513
1190246	1164122	26124	4853	10908426	11216640	1121837409729469
730880	705934	24946	533	2294900	2108018	1121837413086077
964604	939826	24778	615	2436852	2505494	1121837416817805
764374	738680	25694	392	2281406	1859398	1121837420193531
376406	350598	25808	1915	5332196	4517882	1121837426231563
696428	671974	24454	3939	9372898	8886726	1121837436631469
1183636	1159452	24184	2399	6293058	6293170	1121837444444633
1185452	1158916	26536	503	2187324	2502920	1121837448152383
1190086	1164520	25566	766	3025902	3033910	1121837452699051
448970	423812	25158	256	2163940	1272132	1121837455641893
422366	397066	25300	2662	6819884	6058620	1121837463215233
892566	866874	25692	4682	10861738	10569322	1121837475299367
1183412	1158962	24450	2947	7394122	7389622	1121837484208113
751662	727268	24394	3937	9112620	8937654	1121837494402241
1162684	1118676	44008	1218	3933524	3910666	1121837499833287
528294	504166	24128	367	2232518	1574366	1121837502924893
766078	740762	25316	4643	10784594	10368730	1121837514806537
1192528	1166900	25628	3985	9193816	9475126	1121837525522929
1012472	986998	25474	1715	4926390	4755010	1121837531792839
1188560	1161830	26730	948	3401506	3395868	1121837536712871
1183768	1158072	25696	1741	4775490	4977462	1121837543002051
1180030	1155294	24736	3084	7543364	7665610	1121837552056245
0	0	0	0	0	0	0
1185864	1160290	25574	82	1664728	1660908	1121837561491945
1021126	994362	26764	541	2662168	2489590	1121837565505233
1199100	1164466	34634	1064	3342594	3638800	1121837570377159
1190290	1165064	25226	1438	4107438	4377906	1121837576010265
683872	660010	23862	4076	9645596	9148486	1121837586669757
792516	767596	24920	224	1946026	1554036	1121837589746401
783674	757704	25970	447	2090988	1989970	1121837592951565
1181668	1157758	23910	757	2707754	3007434	1121837597171503
1172916	1140442	32474	4618	10746484	10728602	1121837609420677
1184040	1158336	25704	436	2366820	2368916	1121837613301771
940014	886206	53808	3427	8325506	8105536	1121837622897669
1024562	1001010	23552	270	1741058	1878566	1121837625994157
1189500	1165098	24402	3861	9225320	9223720	1121837636739045
191262	161006	30256	2504	6283906	5511728	1121837643544717
1191976	1167190	24786	748	2720436	3000564	1121837647787417
1186846	1158856	27990	979	3461660	3458002	1121837652766277
1229470	1200370	29100	2357	6131650	6255300	1121837660456825
846050	808682	37368	43	1581716	1245768	1121837663219373
1078866	1055172	23694	4633	10762846	10657062	1121837675392113
1140782	1115776	25006	2468	6440278	6389828	1121837683303983
1215330	1158334	56996	1151	3508048	3835602	1121837688358477
1215606	1189144	26462	3447	8405996	8422870	1121837698310659
908456	881888	26568	3099	7696152	7419656	1121837707245405
1086032	1061388	24644	1272	4040588	3941548	1121837712702971
1188788	1165024	23764	4199	9897478	9898998	1121837724119639
1181132	1155922	25210	1753	4988334	4999390	1121837730619969
1247738	1156980	90758	3094	7419622	7747426	1121837739626481
1180240	1155912	24328	2978	7319818	7447322	1121837748456957
1188850	1164320	24530	4698	10552768	10896860	1121837760539411
1186816	1160800	26016	3538	11441280	8573338	1121837773507339
1111816	1085848	25968	1790	4965098	5004038	1121837779914211
1020580	939884	80696	184	1865588	1701082	1121837783130985
1162326	1126016	36310	2449	6080464	6372188	1121837790704669
734606	709612	24994	4167	9831658	9380674	1121837801600881
1185674	1158844	26830	2790	7083818	7078562	1121837810199857
1180568	1155830	24738	8	1459830	1508500	1121837813170471
1181090	1155700	25390	345	2208686	2183976	1121837816891239
1118036	1093628	24408	2434	6216764	6297090	1121837824556103
263182	237414	25768	1518	4530814	3611518	1121837829685233
1192836	1167842	24994	3876	8967868	9258104	1121837840176837
1190154	1165394	24760	475	2271658	2451858	1121837843968103
810820	768044	42776	628	2387810	2377752	1121837847496727
1192282	1166892	25390	3792	8794326	9089520	1121837857814111
1189470	1163076	26394	2114	5727398	5730366	1121837865061291
1268966	1242500	26466	2550	6474794	6685746	1121837873134721
557374	531456	25918	138	1776762	1151474	1121837875799045
474820	450084	24736	4150	9916230	9086694	1121837886520449
0	0	0	0	0	0	0
1297148	1165030	132118	1973	5463288	5563192	1121837902028669
1198676	1167354	31322	3768	8834796	9047034	1121837912392081
663426	638632	24794	4173	9845688	9322108	1121837923236739
1197118	1166982	30136	2066	5721144	5639838	1121837930486411
588172	562518	25654	157	1809568	1215262	1121837933235453
1259534	1157858	101676	3739	8975352	9048662	1121837943800739
1181662	1157542	24120	2993	7488162	7479990	1121837952800797
646698	622454	24244	728	2706112	2415776	1121837956483803
1116880	1093270	23610	183	1550230	1795072	1121837959485911
690016	661760	28256	4562	10623072	10127264	1121837971128965
987836	962794	25042	1618	4738078	4540834	1121837977184743
1183994	1158738	25256	970	3227394	3487594	1121837981924881
1321836	1171110	150726	4618	10543504	10869488	1121837994120637
1183920	1153022	30898	358	2218714	2212122	1121837997852721
1198758	1172990	25768	1157	3627048	3824066	1121838003007525
1190228	1165222	25006	3241	7984838	7989304	1121838012512869
1181212	1157826	23386	4692	10673658	10876280	1121838024703751
1082100	1056460	25640	411	2190566	2216448	1121838028306651
272834	248614	24220	546	2593916	1675780	1121838031503361
681532	656122	25410	3644	8787048	8283098	1121838041301933
1188116	1164234	23882	4623	10811952	10746510	1121838053632481
1206264	1182004	24260	2433	6360728	6384648	1121838061530565
1185764	1161162	24602	3730	8696040	8957248	1121838071741943
386542	362260	24282	3606	8744018	7910064	1121838081202699
267948	239758	28190	3548	8654988	7677538	1121838090456019
939846	915190	24656	901	3018118	3053206	1121838094749889
776154	750348	25806	193	1879936	1473456	1121838097736143
1183782	1159062	24720	897	3354170	3289996	1121838102603757
1188116	1164588	23528	687	2735808	2874132	1121838106864081
1275334	1251020	24314	4937	11380272	11466406	1121838119849163
1193304	1164684	28620	895	3068048	3296362	1121838124441071
1189810	1165518	24292	4204	9959554	9908712	1121838135927557
1185106	1158396	26710	1193	3826468	3883290	1121838141270797
1194738	1168006	26732	1157	3774196	3821800	1121838146570339
1179926	1156410	23516	1775	4868356	5041832	1121838152953513
1225864	1157576	68288	3359	8203008	8260904	1121838162713357
343318	316602	26716	2438	6485890	5530410	1121838169872777
808240	782424	25816	912	3325006	2943424	1121838174335699
1193290	1169290	24000	3817	9137922	9139546	1121838184996631
1181730	1156672	25058	1772	4960718	5047004	1121838191468999
375450	351018	24432	834	2809626	2360562	1121838194984689
1181884	1155414	26470	2446	6105946	6386664	1121838202603099
1200342	1167176	33166	3018	7548548	7548362	1121838211699463
611704	587124	24580	1080	3547810	3083996	1121838216188763
1262554	1155998	106556	326	2174492	2229828	1121838219956739
1192152	1168040	24112	2323	8549880	6149516	1121838230029171
1182880	1158804	24076	168	1527226	1830838	1121838233069799
677282	652000	25282	2089	5658910	5171940	1121838239736203
1056524	1030478	26046	2884	7379102	7136404	1121838248503379
1291436	1267092	24344	2153	5802792	5907846	1121838255932247
602730	578050	24680	2873	7242576	6661410	1121838264107477
1188756	1162122	26634	4577	10649224	10653986	1121838276275385
319654	227826	91828	2046	5351188	4723482	1121838282276215
1181698	1156652	25046	3282	7905926	8057736	1121838291694247
1195902	1168846	27056	2183	5845966	5873352	1121838299066339
837988	813832	24156	1024	3551834	3202200	1121838303786407
371018	347024	23994	3381	8255296	7445178	1121838312743339
1188692	1164190	24502	2619	6816470	6738486	1121838321079009
249428	213756	35672	2207	5778384	4980184	1121838327437711
1107308	1082794	24514	2764	7029444	6947814	1121838335903521
1182646	1159134	23512	1235	3965836	3964782	1121838341382771
941840	915684	26156	4500	10500980	10252890	1121838353155925
849696	820266	29430	2002	5188232	5166758	1121838359523733
449270	423716	25554	758	2732642	2277540	1121838363035243
480958	455712	25246	1917	5342490	4632128	1121838369188899
245082	207714	37368	4866	11228252	10288288	1121838380992877
1083282	1058812	24470	1565	4632412	4533458	1121838387039103
1202610	1167480	35130	2710	6919382	6939880	1121838395492325
188230	164032	24198	3802	9107680	8104266	1121838405117853
1186664	1161810	24854	3889	9342240	9277122	1121838415976237
1320790	1158446	162344	1803	4813272	5238462	1121838422440333
1190308	1164570	25738	3098	7702172	7698262	1121838431667749
1199738	1161246	38492	377	2129722	2264896	1121838435327109
1130098	1103458	26640	2894	7274432	7230252	1121838444061459
276910	251996	24914	1815	5159732	4220046	1121838449828259
791620	765082	26538	697	2890740	2497946	1121838453840871
1182302	1157774	24528	2187	5878422	5869482	1121838461231553
1181278	1157114	24164	3418	8339782	8329940	1121838471082393
1186438	1161474	24964	1080	3765954	3657692	1121838476365513
1220692	1157708	62984	4588	10674006	10708558	1121838488595665
944536	919864	24672	1679	4761662	4613712	1121838494637511
246282	221278	25004	3070	7634330	6697546	1121838502853157
271980	245396	26584	785	2890784	2153548	1121838506346857
1031010	1006604	24406	2971	7149938	7282800	1121838514857805
670718	647382	23336	1889	5042710	4761538	1121838520901509
437656	411890	25766	3379	8262872	7513330	1121838529932365
8685224	8680950	4274	1766	5029856	12529928	1121838543977893
1045094	1018314	26780	3274	7698962	7904370	1121838553051589
1194368	1168366	26002	1153	3536766	3812768	1121838558112859
1180222	1155316	24906	1844	4871962	5180288	1121838564494703
1276356	1248100	28256	4103	9515812	9794204	1121838575622665
271446	245046	26400	2491	6485776	5565660	1121838582709761
1185284	1159460	25824	2528	6254082	6553176	1121838590479497
1180534	1155820	24714	2361	6226832	6213496	1121838598222669
966002	940762	25240	3613	8699058	8504626	1121838608218087
1189574	1164554	25020	4592	10409444	10685860	1121838620147579
830822	805098	25724	3249	7818674	7640714	1121838629126753
476370	451836	24534	4848	11198256	10489436	1121838641132199
840806	816654	24152	965	3177260	3087206	1121838645480633
200596	163788	36808	2984	7462454	6481932	1121838653474327
918616	894244	24372	3223	7945266	7676934	1121838662668321
304994	246014	58980	2530	6594458	5676140	1121838669906641
1069658	1046324	23334	2681	6858608	6743074	1121838678165231
1189282	1165128	24154	1560	4813480	4621240	1121838684498831
319978	292536	27442	3364	8233554	7361768	1121838693387373
1181272	1153406	27866	3365	8233952	8222334	1121838703132633
1190992	1158718	32274	3213	8041710	7927762	1121838712696293
765672	741398	24274	1309	4122488	3695956	1121838717914939
276576	187110	89466	3605	8709792	7798346	1121838727231777
638318	613332	24986	360	2224462	1670406	1121838730425505
1189678	1163614	26064	4757	11008922	11015780	1121838742962771
1181662	1155864	25798	142	1790918	1782442	1121838746266683
883024	858178	24846	2001	5641176	5197304	1121838753122029
1188298	1161452	26846	3810	9123372	9125160	1121838763763183
675132	649106	26026	1020	3284036	3027764	1121838768054049
1186658	1161238	25420	3852	9285718	9203102	1121838778857441
1188016	1163480	24536	56	1454888	1615076	1121838781830751
1192728	1166878	25850	4159	9775674	9822582	1121838793131411
1189934	1164166	25768	3229	8042758	7961176	1121838802694533
1180358	1155846	24512	375	2139736	2243106	1121838806344937
1184446	1157842	26604	1427	4359084	4349890	1121838812218953
1189646	1161802	27844	3318	8142624	8146078	1121838821881673
1314972	1170394	144578	88	1560428	1802148	1121838825087385
1189624	1163086	26538	3309	8134670	8140750	1121838834742005
1184934	1158250	26684	4516	10307026	10528306	1121838846565193
794770	770548	24222	4325	10012876	9757218	1121838857708949
845350	820376	24974	1821	5140308	4799770	1121838864025517
754198	729994	24204	52	1602300	1171138	1121838866712321
1107970	1082000	25970	4542	10580980	10503050	1121838878732023
1187268	1161366	25902	291	1851596	2081228	1121838882101287
1251840	1227582	24258	3259	7790524	8080464	1121838891473773
1273106	1158740	114366	4029	9218500	9650496	1121838902294967
1183986	1158902	25084	4554	10600436	10602458	1121838914409703
1144206	1114098	30108	2045	5581478	5546384	1121838921471869
1192100	1167286	24814	2378	6253068	6260444	1121838929247771
305672	172964	132708	3803	9104148	8222514	1121838938987239
445802	420946	24856	2660	6822630	6083510	1121838946585285
680684	652448	28236	4020	9624260	9032584	1121838957226125
1443302	1167242	276060	3310	8114856	8376042	1121838967114669
842414	816866	25548	3669	8846452	8497564	1121838977133645
293798	266440	27358	3489	8479000	7589222	1121838986236971
1188324	1162036	26288	640	2902416	2779826	1121838990657511
1190442	1155154	35288	1712	4924942	4926788	1121838997107537
1188778	1161734	27044	2758	6807182	7021876	1121839005433825
750936	712616	38320	1168	3842518	3399290	1121839010357977
1224922	1163050	61872	780	3057492	3097208	1121839014975917
751826	726744	25082	278	2061054	1624968	1121839018118773
1186584	1158100	28484	4858	11207516	11214100	1121839030843465
266622	239518	27104	2826	7023616	6231706	1121839038463377
1181114	1155132	25982	2268	6033430	6028566	1121839046013873
1121240	1095360	25880	3785	9097864	9004062	1121839056563909
1149524	1116970	32554	4697	10720924	10855998	1121839068772079
1284116	1158684	125432	2197	6032858	5994944	1121839076418651
1348406	1163026	185380	4071	9637680	9803336	1121839087742807
920304	770548	149756	3753	9010794	8737932	1121839098004625
1197244	1157846	39398	1188	3988602	3884204	1121839103519565
769624	744496	25128	1912	4978000	4906226	1121839109597869
1183180	1158200	24980	698	2896636	2891650	1121839114025367
874994	848698	26296	2219	5849318	5624066	1121839121079165
1183802	1158694	25108	4056	9303896	9607770	1121839131897889
1186330	1160922	25408	2425	6213510	6347198	1121839139628373
1181142	1155782	25360	2190	5875960	5872374	1121839147015109
1185116	1161602	23514	308	1814034	2113016	1121839150345063
626034	601378	24656	2187	5568506	5312404	1121839156869799
1192266	1167106	25160	1406	4315464	4320432	1121839162708113
349764	268992	80772	1209	3709418	3079004	1121839167097539
772526	747630	24896	2610	6724014	6309374	1121839174924277
1198334	1172990	25344	201	1595246	1911876	1121839178048099
834214	808776	25438	1784	5092990	4714788	1121839184305909
1194072	1161982	32090	2659	6815018	6825292	1121839192645693
1190526	1165570	24956	2130	5759504	5763614	1121839199932069
1183354	1158218	25136	1284	4068166	4064308	1121839205512911
257922	233846	24076	2430	6156872	5429556	1121839212257397
1188204	1161714	26490	4695	10705202	10891106	1121839224481559
846014	821998	24016	4905	11361448	10969002	1121839237025265
194230	169938	24292	2076	5656402	4664004	1121839243205505
1196754	1173160	23594	2692	6881820	6893876	1121839251613927
1193122	1168062	25060	3880	9026470	9264430	1121839262164177
389138	365396	23742	3979	9418606	8659528	1121839272302133
1177598	1151720	25878	4091	9678380	9672036	1121839283488543
0	0	0	0	0	0	0
1180636	1155766	24870	1069	3715824	3630470	1121839292339491
761272	732064	29208	3150	7796724	7372566	1121839301228029
1052762	1027090	25672	3413	8186772	8195806	1121839310797473
984912	960752	24160	1759	5131010	4819356	1121839317243553
900836	876554	24282	1770	5039688	4752352	1121839323515473
1267188	1158002	109186	4588	10548390	10755656	1121839335661743
898660	872926	25734	1953	5455096	5116772	1121839342345121
1184204	1158130	26074	4215	9653400	9927294	1121839353512595
1183204	1157924	25280	4713	10774594	10922212	1121839365801551
1171072	1144408	26664	2835	7035932	7152556	1121839374339313
366148	227834	138314	308	2127046	1294316	1121839377162303
1173790	1143960	29830	4377	10256588	10245320	1121839388921951
235830	207532	28298	2844	7188460	6241126	1121839396675891
623610	599110	24500	137	1770928	1209716	1121839399405637
774656	749516	25140	1670	4832130	4426032	1121839405342663
1186268	1161200	25068	4240	9684310	9983690	1121839416544161
1194802	1170608	24194	4037	9569388	9580200	1121839427644629
1188246	1163916	24330	3400	8320158	8298716	1121839437483977
1182410	1158822	23588	120	1646850	1733682	1121839440644133
1190712	1166586	24126	2891	7225286	7283314	1121839449398351
1193426	1163274	30152	3402	8085332	8329108	1121839459006991
783010	639438	143572	4914	11348038	10929594	1121839471467585
1174488	1133224	41264	4014	9483316	9513650	1121839482455885
