# Loop @ Start frequency 1600000Hz took 1334.63 cycles
# Interval [1324 ; 1345]
# Q1 : 1324 ; Q3 : 1326
# Loop @ Target frequency 2500000Hz took 851.81 cycles
# Interval [847 ; 856]
# Q1 : 848 ; Q3 : 850
# Confidence intervals do not overlap, alternatives are statistically different with selected confidence level
Change time (with write) [cycles]	Change time [cycles]	Write cost [cycles]	Wait time [us]	Time since last frequency change request [cycles]	Time since last frequency change [cycles]	Detected frequency change timestamp [cycles]
1739664	1704736	34928	3567	335558186	336847098	1122205935050097
1418526	1393416	25110	4812	10370360	11345802	1122205947056869
0	0	0	0	0	0	0
1711742	1688786	22956	3036	6703032	8080488	1122205960241975
1017700	992910	24790	4996	11147374	11305770	1122205972621847
1720156	1697254	22902	2463	6397996	6942306	1122205980954215
769228	745366	23862	4156	9623224	9379046	1122205991561229
1427196	1403896	23300	3982	9440078	9687276	1122206002643089
0	0	0	0	0	0	0
1606774	1582744	24030	3998	9299914	9897794	1122206024944487
0	0	0	0	0	0	0
686944	662812	24132	2191	5304314	5366622	1122206040612545
0	0	0	0	0	0	0
0	0	0	0	0	0	0
1728908	1705238	23670	4101	9679076	10227348	1122206073642281
1679952	1656454	23498	3295	7928944	8568884	1122206083465271
1440644	1417156	23488	2535	6139422	6807582	1122206091259903
1185940	1160554	25386	27	1314468	1537410	1122206093975167
0	0	0	0	0	0	0
1290468	1264648	25820	4626	10817468	10839614	1122206113839541
1657984	1630634	27350	4697	10869208	11348624	1122206126590983
1399960	1376230	23730	4859	11167140	11415194	1122206139372813
0	0	0	0	0	0	0
250290	223024	27266	447	2373266	1441500	1122206148347073
1518092	1493672	24420	3556	8598686	8935336	1122206158678849
1401408	1377710	23698	4871	11217126	11440984	1122206171512037
1540470	1446262	94208	3275	8031970	8386716	1122206181298983
684696	659716	24980	1540	4560158	4061448	1122206186759205
709280	683628	25652	3078	7628880	7160708	1122206195311721
2003902	1979796	24106	1572	4051822	5444928	1122206201582299
0	0	0	0	0	0	0
1513800	1490034	23766	4158	9789166	10126610	1122206218126037
1236492	1165566	70926	156	1277490	1845116	1122206220854749
0	0	0	0	0	0	0
1066310	1041184	25126	1788	4583576	4939170	1122206231044487
469534	421346	48188	4822	11122582	10410064	1122206242851587
556594	533188	23406	271	2022490	1396182	1122206245644651
444222	419138	25084	2722	6732498	6184862	1122206253036235
1653288	1618088	35200	3041	7555362	8030888	1122206262459201
1487876	1463960	23916	1519	4515918	4827956	1122206268677779
1433204	1409048	24156	1506	4489742	4743218	1122206274815041
0	0	0	0	0	0	0
603724	577788	25936	3273	7356216	7445994	1122206294097391
1845666	1822880	22786	1904	5287390	5950700	1122206301445313
0	0	0	0	0	0	0
1672550	1646442	26108	1597	3995112	5170256	1122206315018043
950058	925382	24676	2113	5006898	5480378	1122206321189491
1159274	1134594	24680	412	1637634	2279438	1122206324200711
0	0	0	0	0	0	0
1093506	1069342	24164	3347	7789070	8084256	1122206336830879
1004562	980480	24082	16	1511894	1333430	1122206339561913
1624900	1601272	23628	1746	4964690	5412276	1122206346366189
0	0	0	0	0	0	0
491298	465958	25340	3464	8421856	7736468	1122206367528391
524034	487486	36548	3745	9122056	8309890	1122206377389063
0	0	0	0	0	0	0
1515650	1490808	24842	1498	4004872	4807090	1122206392112569
1665014	1641752	23262	4146	9667512	10254424	1122206403659881
1513270	1487256	26014	1096	3264674	4001026	1122206408656023
764258	738332	25926	1260	3993790	3580446	1122206413628979
1669644	1643804	25840	4117	9707208	10201822	1122206425220285
1321190	1297604	23586	2011	5120150	5639720	1122206431875813
738328	714854	23474	172	1816404	1379426	1122206434644961
938482	913928	24554	2268	6008734	5770894	1122206441807061
1628270	1604730	23540	4094	9662190	10113034	1122206453316727
0	0	0	0	0	0	0
702638	677002	25636	2672	6826300	6347946	1122206464105015
1395750	1372064	23686	3355	8183874	8401730	1122206473900067
769532	745050	24482	1239	3952046	3543960	1122206478835773
841944	783004	58940	4099	9677658	9336380	1122206489570137
1625088	1465888	159200	3278	8029088	8478498	1122206499439191
1678334	1610862	67472	2673	6826002	7320568	1122206508158401
1701830	1678114	23716	2143	5551310	6285300	1122206515625837
0	0	0	0	0	0	0
1816850	1746416	70434	1406	4208298	4925254	1122206528136723
0	0	0	0	0	0	0
1489166	1386618	102548	643	2762916	3071688	1122206537214995
1897594	1872642	24952	3558	8599946	9310002	1122206547927363
1824322	1742406	81916	4047	8640370	10214626	1122206558606003
225526	181388	44138	882	2794804	2286428	1122206561841135
1590896	1566372	24524	2473	6425300	6834622	1122206570098411
1695022	1671370	23652	1585	4673090	5160420	1122206576680563
678974	655734	23240	2540	6556868	6056260	1122206584130417
1689902	1666268	23634	4264	10000348	10514058	1122206596035275
0	0	0	0	0	0	0
1626004	1602064	23940	2733	6952784	7394902	1122206613043223
1692792	1597178	95614	4271	10017144	10531152	1122206624967975
508076	407586	100490	2902	6763112	6614206	1122206632453185
1802744	1778844	23900	3628	8746768	9362074	1122206643217757
1475342	1402652	72690	3111	6927062	7998564	1122206651834321
1852318	1829614	22704	266	2011058	2679892	1122206655915271
1401738	1378208	23530	4833	10392922	11364608	1122206667924551
1185464	1161220	24244	157	1397876	1796386	1122206670722253
1410688	1386416	24272	226	1726386	2158568	1122206674073457
0	0	0	0	0	0	0
1783360	1748390	34970	3004	7494942	8088404	1122206688925997
1507722	1484002	23720	3731	8936040	9266094	1122206699584335
1397858	1373578	24280	4131	9611376	9956194	1122206710808331
1966560	1943142	23418	3481	8409552	9225450	1122206721399019
529124	505372	23752	587	2018666	1999634	1122206724161551
0	0	0	0	0	0	0
1502924	1478866	24058	3693	8249880	9185464	1122206745631187
0	0	0	0	0	0	0
1612146	1587876	24270	2737	6794422	7383486	1122206764138219
0	0	0	0	0	0	0
1993730	1971200	22530	262	1864488	2820090	1122206774437753
842426	817352	25074	2312	5465446	5763960	1122206780960389
0	0	0	0	0	0	0
1903394	1776180	127214	3593	8660712	9386216	1122206796213257
0	0	0	0	0	0	0
2071632	2048362	23270	4288	9873422	10943280	1122206811047389
934534	874214	60320	4109	9705432	9449620	1122206821902227
1732832	1706322	26510	2408	6291100	6845866	1122206830140379
1314210	1289718	24492	3027	7532454	7664366	1122206839201727
1378074	1349354	28720	4985	11025486	11644648	1122206851819521
0	0	0	0	0	0	0
694738	669902	24836	2117	5641212	5225880	1122206861246041
1564778	1541192	23586	2293	6059170	6448426	1122206869084045
972108	927254	44854	1789	4554420	4846454	1122206874825327
1732976	1706636	26340	914	3308506	3857566	1122206880082189
1823704	1679654	144050	4153	9904342	10432798	1122206892024857
1459872	1435748	24124	1515	4089080	4786438	1122206897788961
0	0	0	0	0	0	0
1554240	1527360	26880	4496	9849690	10843276	1122206913905163
2202662	2177296	25366	3415	8300538	9329772	1122206924623485
1696014	1671638	24376	4104	9686638	10202084	1122206936220767
0	0	0	0	0	0	0
0	0	0	0	0	0	0
1402558	1378252	24306	4864	11104376	11427162	1122206968867095
0	0	0	0	0	0	0
0	0	0	0	0	0	0
1182102	1158792	23310	155	1226146	1793118	1122206993536399
1402282	1378902	23380	3875	9231148	9447918	1122207004384565
1565096	1541232	23864	4861	11169044	11589418	1122207017333225
1089926	1065592	24334	2928	6908428	7243192	1122207025546045
693524	668864	24660	110	1695174	1210464	1122207028149617
1611874	1587596	24278	1900	5277910	5707890	1122207035253903
1560386	1535106	25280	4545	10661342	10947242	1122207047690255
0	0	0	0	0	0	0
1398332	1370748	27584	2297	5683026	6287528	1122207064882095
1608208	1584278	23930	4406	10285176	10717358	1122207076989911
1327650	1298144	29506	787	2441092	3201980	1122207080973273
1357306	1332290	25016	3521	8423298	8695466	1122207090968879
0	0	0	0	0	0	0
1542894	1519320	23574	1318	4024182	4476000	1122207104598377
0	0	0	0	0	0	0
1607618	1499992	107626	824	3125150	3550588	1122207121456941
1542782	1377182	165600	1278	3659136	4395394	1122207126874111
0	0	0	0	0	0	0
1256024	1232326	23698	1094	3102682	3740522	1122207140121225
1661888	1638378	23510	3047	6901522	8052548	1122207148898991
1319874	1294374	25500	162	1279768	1946052	1122207151713041
1628474	1604860	23614	1420	6252384	4765080	1122207159811543
874226	802438	71788	1616	4706698	4402108	1122207165611267
1700260	1676760	23500	4621	10424002	11238964	1122207177949173
0	0	0	0	0	0	0
0	0	0	0	0	0	0
715424	691098	24326	4642	10657482	10296390	1122207206818097
0	0	0	0	0	0	0
991768	963928	27840	4100	9612890	9489228	1122207225388331
1660684	1637196	23488	3859	9206346	9676500	1122207236469153
1698532	1674384	24148	1704	4717316	5408742	1122207243098951
1397336	1371398	25938	4153	9096924	10005176	1122207253807665
1831668	1808654	23014	3768	9010374	9663972	1122207264867935
0	0	0	0	0	0	0
0	0	0	0	0	0	0
1532878	1501038	31840	1692	4855762	5213238	1122207289374911
1398520	1375242	23278	4481	10368276	10656968	1122207301356489
0	0	0	0	0	0	0
930614	906576	24038	2575	6622736	6376464	1122207315312497
1496620	1473208	23412	1574	4398924	4942164	1122207321422427
0	0	0	0	0	0	0
1190556	1162202	28354	44	1140554	1574770	1122207336224249
1224680	1200866	23814	4716	10935198	10960974	1122207348598293
734150	711414	22736	3488	8450346	8006574	1122207357997727
1074024	1044024	30000	2537	6463500	6442974	1122207365749487
1406350	1382916	23434	3773	9021134	9248592	1122207376395735
0	0	0	0	0	0	0
2149138	2125012	24126	1013	3501160	4471378	1122207385062465
1413632	1388108	25524	613	2833884	2935970	1122207389525011
839030	813900	25130	4795	11069812	10725366	1122207401648273
1599170	1574814	24356	1000	3515240	3895920	1122207406980303
1284780	1261414	23366	2181	5944416	5942730	1122207414423917
2125820	2100596	25224	4979	11571198	12379980	1122207428334833
837966	813500	24466	1799	4265718	4731070	1122207433652927
666154	546074	120080	1483	4437572	3927920	1122207438975077
1371708	1348268	23440	1306	10769704	4281198	1122207451330501
1267800	1144828	122972	1083	3133374	3731258	1122207455946601
989208	965434	23774	2629	6735784	6542762	1122207463885951
1443240	1368854	74386	847	3170192	3433964	1122207468713913
2010406	1913844	96562	3437	8360418	9180058	1122207479299047
695908	672328	23580	2324	5301206	5640078	1122207485510521
724000	676070	47930	2335	5597156	5689562	1122207492046513
1029232	1005214	24018	4813	11099474	10952468	1122207504389647
1465128	1441006	24122	4546	10576444	10857932	1122207516645435
1112714	1087798	24916	3083	7645378	7575574	1122207525618951
0	0	0	0	0	0	0
1675626	1651762	23864	1639	4755712	5250368	1122207544133735
0	0	0	0	0	0	0
1415972	1390876	25096	3991	9462398	9692830	1122207567643879
1519234	1491670	27564	895	2832236	3605904	1122207572209111
0	0	0	0	0	0	0
1407764	1383560	24204	3547	8524176	8799614	1122207585103587
1381044	1354974	26070	2350	5799432	6376554	1122207592498827
1806758	1780784	25974	3611	8703860	9325688	1122207603224391
0	0	0	0	0	0	0
1159142	1068628	90514	3121	7715360	7697382	1122207620648641
1460344	1436640	23704	3537	7735926	8830100	1122207630059777
0	0	0	0	0	0	0
1532120	1506454	25666	4851	11091698	11531244	1122207648673427
2006382	1981722	24660	3520	8518830	9343586	1122207659413595
0	0	0	0	0	0	0
696192	672784	23408	1926	5332092	4845238	1122207675585301
731546	707860	23686	4751	10592742	10531050	1122207687124529
0	0	0	0	0	0	0
1393740	1369720	24020	3409	8298704	8509644	1122207704850647
1407566	1383682	23884	1582	4569738	4867962	1122207711042375
1581688	1557694	23994	1307	3933104	4492752	1122207716772495
1505744	1476304	29440	3269	8013508	8339572	1122207726506465
0	0	0	0	0	0	0
1625382	1504774	120608	367	2215294	2655094	1122207735812011
0	0	0	0	0	0	0
1490508	1466598	23910	1010	3637894	3808174	1122207752971037
989180	966520	22660	3218	7908830	7722266	1122207762083613
1519002	1494950	24052	4507	10180124	10830654	1122207773997393
1783792	1753854	29938	3592	8612320	9265268	1122207784608095
906446	882518	23928	4429	10332178	10060688	1122207796060615
556078	516068	40010	2363	5822624	5577682	1122207802654185
1560636	1524456	36180	3697	8975430	9250960	1122207813404713
1438240	1413572	24668	765	2891242	3264678	1122207817948279
1702340	1642070	60270	3037	7122752	8072240	1122207826988279
1012848	987334	25514	1186	3297004	3690538	1122207831512731
1689272	1664822	24450	2722	6394912	7430020	1122207839811149
1134888	1046698	88190	2586	6446252	6603384	1122207847610721
1514308	1486884	27424	2562	6092230	6934320	1122207855432047
1861800	1837070	24730	3618	8554166	9394950	1122207866063463
1192866	1166892	25974	410	1740120	2310606	1122207869210535
1429702	1405542	24160	4858	11192530	11443090	1122207882069241
487544	463334	24210	1582	4221564	3947978	1122207886993051
1896860	1866816	30044	3846	9163912	9883826	1122207898268253
1666934	1643578	23356	3808	9098350	9584942	1122207909248251
455958	431452	24506	616	2602568	1985096	1122207912521239
248160	210966	37194	730	2945978	2005970	1122207915951423
1055724	954534	101190	4975	11426362	11302304	1122207928648887
1334472	1309306	25166	3171	7093664	7972762	1122207937291575
1430486	1404492	25994	3263	7406996	8253182	1122207946343545
532020	490694	41326	3658	8748954	8150894	1122207955838987
1340610	1316190	24420	2970	7430106	7578656	1122207964827479
1054412	1030812	23600	1899	5270364	5148498	1122207971367241
1404552	1371222	33330	4467	9983008	10634606	1122207982969335
1402242	1376672	25570	4256	9980926	10210748	1122207994566919
0	0	0	0	0	0	0
1640678	1617418	23260	4276	10031220	10488186	1122208013007227
606186	581568	24618	301	2078878	1503816	1122208015906675
0	0	0	0	0	0	0
1662544	1634974	27570	2861	6671582	7680438	1122208034700871
0	0	0	0	0	0	0
0	0	0	0	0	0	0
1037130	1013726	23404	2256	5393332	5845886	1122208064071247
1396746	1366454	30292	4034	9550174	9761494	1122208075232777
857312	831910	25402	4903	11296714	10961278	1122208087601295
1119616	1095760	23856	1688	4854736	4791718	1122208093789559
0	0	0	0	0	0	0
1227168	1203558	23610	1608	4695322	4739788	1122208107342961
0	0	0	0	0	0	0
1158988	1133268	25720	3338	7506446	8131922	1122208121590651
231684	206744	24940	735	2535034	1998488	1122208124571361
0	0	0	0	0	0	0
1696438	1672382	24056	3071	7165038	8134324	1122208139694011
819394	795270	24124	4014	8769442	9143914	1122208149500867
1580524	1555766	24758	1443	3920124	4762766	1122208155215943
0	0	0	0	0	0	0
1450318	1426660	23658	2561	6594120	6868880	1122208168777653
1687154	1652534	34620	2849	7187200	7683246	1122208177866447
1705332	1681312	24020	1244	3484096	4488598	1122208183270561
0	0	0	0	0	0	0
0	0	0	0	0	0	0
0	0	0	0	0	0	0
1645112	1621968	23144	1695	4995984	5330148	1122208207704135
0	0	0	0	0	0	0
1872688	1847736	24952	3531	8537318	9232096	1122208229379555
1163608	1129708	33900	2513	6492638	6485588	1122208237250461
1408546	1385066	23480	2483	6214180	6671142	1122208245087303
1540334	1514538	25796	4695	10868194	11227768	1122208257710981
1719134	1693188	25946	2080	5459666	6177222	1122208265107711
0	0	0	0	0	0	0
0	0	0	0	0	0	0
1812874	1781212	31662	3532	8571932	9179022	1122208300799191
1123594	1084138	39456	2604	6098988	6633792	1122208308235891
1564626	1538676	25950	4218	9915882	10302160	1122208319930829
1583294	1558030	25264	596	2672542	3070738	1122208324401437
1053800	1029410	24390	4133	9746126	9620044	1122208335415817
748688	724298	24390	4664	10803642	10373892	1122208347182695
1429832	1399264	30568	3903	8902784	9531998	1122208357729721
1904102	1707578	196524	1905	5289462	6011402	1122208365141945
1670188	1529384	140804	3540	13061652	9045784	1122208380087931
1405890	1379724	26166	4592	10663340	10886294	1122208392371497
594198	534280	59918	4918	11239572	10731046	1122208404419687
1418518	1394908	23610	1158	3919424	4031782	1122208409971981
0	0	0	0	0	0	0
1681322	1656796	24526	3235	7942656	8447858	1122208424370735
0	0	0	0	0	0	0
1299150	1275580	23570	3179	7495486	7952598	1122208437464447
1396258	1372286	23972	4849	10740190	11390362	1122208449815415
1636688	1612460	24228	4083	9639440	10099228	1122208461309741
1704754	1681252	23502	4279	9611630	10559868	1122208472839771
2076226	2052840	23386	3894	8519060	10160440	1122208483649129
1152488	1124444	28044	1731	4273150	4910662	1122208489293341
1043784	1018844	24940	2542	6565230	6423538	1122208497116597
0	0	0	0	0	0	0
1646890	1622654	24236	4572	10101360	11092406	1122208514829607
1411636	1376786	34850	4725	10544650	11168856	1122208527000239
1345744	1322280	23464	1616	4251890	4873864	1122208532812307
1531028	1507658	23370	2907	7301274	7641474	1122208541859487
0	0	0	0	0	0	0
632698	609302	23396	251	1977544	1430754	1122208552693075
2058932	2035482	23450	4439	10355282	11233902	1122208565321205
1572296	1549154	23142	4084	8959142	10037780	1122208576066519
1372714	1348618	24096	3836	9183124	9342594	1122208586836847
1641598	1618272	23326	1843	4556880	5629318	1122208593249661
1441464	1418028	23436	2724	6659896	7186486	1122208601565527
1821930	1796940	24990	2228	5489814	6575374	1122208609091883
1121058	1097572	23486	4334	10143550	10086240	1122208620570961
1018132	995720	22412	220	1910272	1753730	1122208623713973
1547742	1522904	24838	2469	6413782	6782204	1122208631893511
0	0	0	0	0	0	0
2151096	2125280	25816	3324	8141332	9096882	1122208653944735
1470108	1446752	23356	1701	4086664	5168118	1122208659715681
1165352	1140496	24856	2389	6081862	6240048	1122208667180865
0	0	0	0	0	0	0
1439384	1408698	30686	1146	3637288	4027424	1122208678144847
678198	650218	27980	1524	4525564	4021842	1122208683563575
1507428	1482244	25184	2838	7146878	7478964	1122208692432767
403040	378660	24380	757	2511922	2212164	1122208695562353
1581658	1558338	23320	1387	4256650	4650912	1122208701614895
1152346	1128760	23586	1916	5229460	5281922	1122208708211523
1876590	1713900	162690	778	2423260	3729016	1122208712725743
1925698	1873588	52110	3625	8521166	9470962	1122208723386811
1588458	1564298	24160	1366	3500118	4616752	1122208728689511
1732604	1709100	23504	4116	9268736	10265864	1122208739905607
1052822	1029382	23440	3541	8487308	8431058	1122208749659731
1034928	1009268	25660	2343	6161060	6017004	1122208757073767
0	0	0	0	0	0	0
0	0	0	0	0	0	0
1771036	1624692	146344	577	2575554	3226366	1122208774859749
1672544	1647744	24800	4330	9558416	10634978	1122208786305151
2141872	2117734	24138	1997	5046752	6432488	1122208793708447
1826338	1650080	176258	751	2977526	3624644	1122208798730881
1976702	1953490	23212	304	1997708	2880674	1122208802919183
1560280	1535208	25072	1683	3961054	5221394	1122208808654717
1191298	1166904	24394	24	1328946	1543978	1122208811389711
0	0	0	0	0	0	0
1570232	1545036	25196	1074	3227704	4013682	1122208827320535
605842	583014	22828	192	2011806	1287012	1122208830152055
0	0	0	0	0	0	0
1177482	1154096	23386	1820	5259938	5114062	1122208842629655
1401230	1377022	24208	1357	4186058	4412222	1122208848431371
649538	625772	23766	503	2430540	1956256	1122208851725625
1060678	1037002	23676	3001	7481602	7360214	1122208860508741
1280182	1256466	23716	4432	10346914	10442446	1122208872350175
1355164	1331538	23626	3206	7891102	8069710	1122208881811067
1465332	1439862	25470	901	3276790	3564700	1122208886771223
879858	856518	23340	4711	10905606	10598992	1122208898771611
1083468	1056288	27180	1660	4800456	4700570	1122208904871197
0	0	0	0	0	0	0
1614316	1589496	24820	3718	8736576	9345830	1122208918425899
1613804	1570564	43240	4450	10617048	10809166	1122208930871313
1826734	1781958	44776	3635	8749256	9394622	1122208941662161
1714800	1690496	24304	1159	3119256	4329524	1122208946716223
1401652	1376874	24778	4807	11090208	11313892	1122208959422955
1793558	1669998	123560	4644	10764120	11378232	1122208972194811
1128244	1104350	23894	339	1921612	2102490	1122208975459427
669478	574224	95254	3398	8272744	7762478	1122208984638581
1608968	1582748	26220	1625	4393992	5161644	1122208990855991
0	0	0	0	0	0	0
0	0	0	0	0	0	0
0	0	0	0	0	0	0
1702606	1676920	25686	2426	6333498	6853080	1122209033665339
0	0	0	0	0	0	0
1049428	1024244	25184	517	1947622	2379618	1122209042252085
0	0	0	0	0	0	0
0	0	0	0	0	0	0
0	0	0	0	0	0	0
1745246	1721312	23934	4807	10897610	11655616	1122209082123595
1818412	1793012	25400	2226	5286466	6566458	1122209089442731
1487118	1461072	26046	2777	7040868	7337628	1122209098185331
1517876	1492296	25580	1518	4516420	4855422	1122209104434059
1630040	1606038	24002	4911	11307114	11756908	1122209117586121
0	0	0	0	0	0	0
1910158	1882508	27650	3597	8674952	9401218	1122209133720071
560440	535520	24920	3397	8275390	7651376	1122209142774343
1200250	1176088	24162	1898	5267428	5292814	1122209149456081
1586716	1561754	24962	3990	8903132	9863580	1122209160160503
1410470	1386330	24140	1573	4510848	4853100	1122209166296153
1730778	1707138	23640	2998	7485396	8027170	1122209175726407
1808222	1783606	24616	4025	8988718	10155310	1122209186745799
1275694	1252416	23278	903	2615236	3378916	1122209190851183
1495382	1448398	46984	4058	9154242	9917072	1122209201714855
0	0	0	0	0	0	0
1409976	1386450	23526	2038	4925294	5787980	1122209217437257
1395742	1372432	23310	2576	6212814	6845168	1122209225260105
936702	912742	23960	1794	5067106	4821342	1122209231477895
2121958	2098754	23204	3309	8254924	9035904	1122209242069091
0	0	0	0	0	0	0
1662876	1639282	23594	2521	6521424	7000796	1122209253429879
1189334	1164844	24490	256	1528714	1996780	1122209256362327
1680030	1647162	32868	1647	4612142	5275258	1122209262868991
0	0	0	0	0	0	0
1191422	1167428	23994	82	916404	1651576	1122209274526309
642350	610716	31634	3606	8473848	8156016	1122209283857133
1400584	1376474	24110	1823	5120840	5342170	1122209290593317
1279036	1255600	23436	2797	7080638	7168176	1122209299167723
1540860	1517450	23410	2847	6830534	7531480	1122209307753433
720152	695338	24814	4533	10531236	10084384	1122209319222721
1597514	1571568	25946	2314	6107618	6522554	1122209327142001
0	0	0	0	0	0	0
0	0	0	0	0	0	0
1141002	1107396	33606	1925	4792180	5286398	1122209351833335
1686568	1499200	187368	804	3081956	3591316	1122209356820837
1569744	1543740	26004	3314	8114960	8493200	1122209366719927
0	0	0	0	0	0	0
1438268	1413302	24966	4213	9902716	10160934	1122209388950295
0	0	0	0	0	0	0
2029880	2006464	23416	2107	5687478	6540190	1122209409259727
0	0	0	0	0	0	0
1185120	1161780	23340	165	1812222	1811070	1122209415794943
0	0	0	0	0	0	0
1770858	1663610	107248	929	3341252	3930138	1122209431552571
0	0	0	0	0	0	0
1810006	1785826	24180	3585	8689476	9275872	1122209454141495
1030160	1006160	24000	169	1849672	1669516	1122209457235639
898104	872518	25586	887	3263856	2967714	1122209461611521
1980736	1804522	176214	3960	9394040	10197320	1122209473200059
720952	696498	24454	1222	3719382	3461452	1122209477854255
729932	690202	39730	256	1985140	1539016	1122209480783255
1560028	1536480	23548	2861	7197166	7577900	1122209489755277
624994	585266	39728	1736	4969954	4393284	1122209495568153
1845288	1692434	152854	747	2972900	3635004	1122209500600411
1450320	1425358	24962	4831	11146312	11408708	1122209513411371
824418	801148	23270	3066	7615162	7253002	1122209522065411
0	0	0	0	0	0	0
1533774	1510118	23656	840	3154266	3510418	1122209536442617
2147998	2123860	24138	3440	8246194	9329818	1122209547050741
1765220	1740550	24670	639	2105242	3345390	1122209551135983
995378	971628	23750	4969	10789916	11231352	1122209563136065
1536748	1511998	24750	2874	7227580	7581072	1122209572115341
0	0	0	0	0	0	0
1149242	1124468	24774	1947	5236010	5338848	1122209587735681
1552550	1527686	24864	3675	8827190	9199074	1122209598333333
0	0	0	0	0	0	0
0	0	0	0	0	0	0
784526	761492	23034	1178	3165792	3437730	1122209618232799
0	0	0	0	0	0	0
1453894	1429134	24760	2768	7008306	7287640	1122209638011967
1531248	1506696	24552	1728	4523420	5282814	1122209644281273
1028750	1000082	28668	1345	3706222	4015852	1122209649230719
0	0	0	0	0	0	0
1371002	1343334	27668	4420	10317156	10506586	1122209668980855
1337006	1313536	23470	4668	10811492	10970596	1122209681344739
1624754	1601338	23416	2509	6493768	6939794	1122209689678471
0	0	0	0	0	0	0
1780488	1631980	148508	1008	2935494	4093254	1122209702094077
1668454	1644618	23836	989	3454730	3942680	1122209707432037
2017364	1994006	23358	2209	5361000	6732150	1122209715024887
1487434	1464888	22546	2132	5537702	6047982	1122209722264891
0	0	0	0	0	0	0
0	0	0	0	0	0	0
317038	278704	38334	480	2435812	1573044	1122209735594351
1278294	1254690	23604	1836	5146530	5247124	1122209742233537
544332	516326	28006	3609	8699366	8066676	1122209751691515
1520496	1493696	26800	3931	9339036	9678426	1122209762769649
0	0	0	0	0	0	0
824156	799722	24434	83	851062	1288276	1122209770207225
1423372	1374248	49124	1970	5419006	5665548	1122209777264401
0	0	0	0	0	0	0
1744218	1720298	23920	3170	7616494	8380588	1122209791737121
1516306	1491704	24602	4614	10127876	11040866	1122209803599107
670438	646168	24270	4075	9129656	9115694	1122209813613211
1031988	1008276	23712	1936	5356978	5200380	1122209820216677
1456626	1432570	24056	3810	9099698	9378448	1122209830987249
1485988	1389062	96926	4699	10652924	11182266	1122209843340495
1669498	1646658	22840	2703	6879530	7372554	1122209852103971
1392736	1368896	23840	571	2623648	2831342	1122209856335149
1455660	1431646	24014	2121	5740834	5999106	1122209863746029
694174	669498	24676	204	1884848	1398274	1122209866543491
1526280	1499170	27110	653	2780200	3129190	1122209871064607
1633952	1609532	24420	4899	11281372	11729288	1122209884194195
1297972	1262404	35568	1951	4766534	5497088	1122209890474111
1415462	1392242	23220	1533	4149186	4777376	1122209896253595
1627162	1602086	25076	875	2763282	3672912	1122209900881255
2058392	2034222	24170	1820	5090276	5995602	1122209908244435
1576154	1547356	28798	1624	3993368	5120332	1122209914028161
1562954	1537824	25130	4226	9817196	10312548	1122209925622847
994230	969950	24280	2530	6553890	6350902	1122209933386023
872248	847338	24910	287	2055226	1742008	1122209936528041
0	0	0	0	0	0	0
1465808	1373948	91860	4637	10766680	11037558	1122209956055471
0	0	0	0	0	0	0
1411916	1388000	23916	3072	7413102	7852846	1122209974537413
1479044	1455424	23620	4460	10399756	10695434	1122209986630447
1472118	1445558	26560	2320	6126238	6409358	1122209994443461
1929242	1903128	26114	3691	8863488	9613448	1122210005450535
1580028	1555092	24936	3515	8063950	8906162	1122210015309215
1554380	1531258	23122	1689	4790950	5229556	1122210021869557
1400510	1374100	26410	4036	9236932	9769614	1122210032721543
1450400	1421054	29346	3330	8145036	8406050	1122210042531363
1190976	1166852	24124	3527	8408998	8548936	1122210052345929
1358640	1335400	23240	4512	10202622	10679530	1122210064121493
0	0	0	0	0	0	0
571654	545654	26000	2431	5802036	5730484	1122210082628357
1632554	1609224	23330	1271	3588040	4487992	1122210088063171
0	0	0	0	0	0	0
1133316	1108474	24842	1835	5170020	5098604	1122210097367877
1229648	1202892	26756	2272	6017866	6070256	1122210104830195
1282832	1258382	24450	1381	4290142	4340886	1122210110617339
0	0	0	0	0	0	0
1791210	1674088	117122	4192	9761140	10471040	1122210130689513
1628628	1602684	25944	4268	10020548	10460920	1122210142552831
802924	779650	23274	2526	6441366	6151440	1122210150011087
845588	821602	23986	4175	13448792	9492060	1122210164519661
1402892	1377636	25256	1343	3739912	4386434	1122210169876921
1673344	1650534	22810	2034	5563100	6037934	1122210177327287
1404916	1378258	26658	894	3268062	3491462	1122210182214811
0	0	0	0	0	0	0
865094	841322	23772	1528	3876984	4217562	1122210198286935
2021536	1994296	27240	3525	8540716	9372250	1122210209063243
1058532	1035346	23186	2292	5274550	5944086	1122210215610209
378964	353450	25514	421	2399428	1517896	1122210218602623
1498504	1474158	24346	1282	4042744	4358748	1122210224358061
1472368	1437258	35110	1609	4665266	4990498	1122210230709961
1534680	1510414	24266	4497	10486830	10825064	1122210242946167
630576	607016	23560	1542	4556968	4011070	1122210248347983
1669434	1646032	23402	1225	3931386	4420720	1122210254162801
1117844	1093284	24560	3580	8489568	8575138	1122210263985161
524464	500764	23700	371	2217928	1562634	1122210266941727
1138872	1112850	26022	2230	5941108	5895556	1122210274236079
982450	959164	23286	2381	6246694	6046834	1122210281679617
1571248	1547772	23476	2057	5589832	5981958	1122210289058401
0	0	0	0	0	0	0
0	0	0	0	0	0	0
765018	742162	22856	4944	11499558	10954616	1122210318783871
788302	761022	27280	3449	8370452	7981684	1122210328157103
1173514	1148990	24524	4539	10653306	10552268	1122210340198247
0	0	0	0	0	0	0
1088684	1063700	24984	2481	6436136	6347280	1122210350633297
688394	665192	23202	4389	10250802	9763218	1122210361786921
1399094	1375798	23296	2949	7377222	7593664	1122210370781551
1635002	1611368	23634	3720	8796108	9372612	1122210381427425
0	0	0	0	0	0	0
1446572	1420972	25600	701	2433354	3145448	1122210398500875
1345468	1321268	24200	4793	10424812	11227588	1122210410485631
0	0	0	0	0	0	0
891880	869062	22818	3654	8743292	8496242	1122210428617939
1570048	1546318	23730	3423	7709436	8712538	1122210438112031
1035484	1010140	25344	3618	8713462	8568944	1122210448075383
1711712	1687084	24628	937	3382016	3882352	1122210453383553
1537816	1511694	26122	2350	5743436	6534376	1122210460879639
1408438	1382822	25616	523	2526320	2750720	1122210465028161
1209002	1160262	48740	45	1576836	1595722	1122210468028711
0	0	0	0	0	0	0
0	0	0	0	0	0	0
0	0	0	0	0	0	0
1704722	1681002	23720	4308	9914702	10618122	1122210499694239
1419988	1395862	24126	4659	10745904	11032872	1122210512085375
1344454	1320506	23948	598	2555330	2836134	1122210516199787
1439278	1414454	24824	2719	6499628	7173462	1122210524352615
1242432	1190026	52406	2527	6044114	6593188	1122210531853669
1727998	1702208	25790	2390	5403298	6805048	1122210539199231
1603920	1579388	24532	1682	4843274	5263852	1122210545861041
812550	764418	48132	1631	4731606	4370492	1122210551619671
0	0	0	0	0	0	0
2001804	1974706	27098	4569	10622114	11443970	1122210567230773
692282	668448	23834	126	824200	1246798	1122210568961271
965534	941572	23962	87	1646936	1436488	1122210571788495
0	0	0	0	0	0	0
0	0	0	0	0	0	0
1118126	1095530	22596	3153	7788730	7722136	1122210601952863
1089334	988128	101206	318	1565610	2021894	1122210604822055
545656	520668	24988	2058	5406120	4958942	1122210610988269
1583402	1557316	26086	3238	7950874	8355966	1122210620735989
582502	558972	23530	312	2100444	1502682	1122210623633045
1157500	1134190	23310	3157	7791444	7767820	1122210632799957
915664	892018	23646	3223	7919864	7656814	1122210641850047
919192	895062	24130	243	1968002	1700486	1122210644951569
1018790	995136	23654	467	2410356	2248664	1122210648595113
0	0	0	0	0	0	0
0	0	0	0	0	0	0
1694000	1628150	65850	762	3002392	3513400	1122210676876143
1684232	1657868	26364	963	3423724	3907322	1122210682198341
605250	581814	23436	400	2283626	1707010	1122210685301357
1605762	1581144	24618	3189	7858522	8282392	1122210694979785
806814	783474	23340	4682	10837618	10467656	1122210706838697
1310132	1150206	159926	1819	5113270	5245222	1122210713476025
1697436	1581250	116186	895	2619210	3783124	1122210718007243
615662	589546	26116	320	2124702	1551198	1122210720961475
1440960	1406640	34320	3966	9409704	9670584	1122210732026687
1782318	1657930	124388	714	2906598	3505722	1122210736930021
0	0	0	0	0	0	0
0	0	0	0	0	0	0
528628	504428	24200	1798	5071598	4420874	1122210756798161
533418	502042	31376	3201	7876876	7232502	1122210765422855
1931280	1890424	40856	1900	5280546	6028022	1122210772848721
1569588	1545184	24404	4672	10654264	11210588	1122210785286901
1187830	1163352	24478	153	1673850	1791302	1122210788363145
1239926	1216020	23906	3198	7891350	7936746	1122210797709123
1558966	1535342	23624	588	2752042	3031832	1122210802238115
819698	795884	23814	2721	6730434	6556954	1122210810002831
0	0	0	0	0	0	0
844620	820954	23666	2384	6250028	5911208	1122210822619667
0	0	0	0	0	0	0
0	0	0	0	0	0	0
1416668	1288208	128460	3139	7756406	7991484	1122210843499571
1573976	1550312	23664	1263	3170928	4396098	1122210848458785
1177506	1149430	28076	2561	6017612	6595062	1122210855868249
1392670	1368850	23820	1519	4517984	4727316	1122210861993403
2060572	2034012	26560	1868	5211204	6092996	1122210869479255
0	0	0	0	0	0	0
0	0	0	0	0	0	0
0	0	0	0	0	0	0
981168	958288	22880	951	3308486	3180448	1122210907831551
1249350	1226736	22614	1851	4629908	5248906	1122210913929679
1632454	1602584	29870	1590	4660082	5108934	1122210920436737
577950	554010	23940	589	2081258	2051026	1122210923310183
0	0	0	0	0	0	0
1542992	1518612	24380	2721	6469612	7282180	1122210935299165
1616370	1593060	23310	2067	5618244	6046774	1122210942748487
1548330	1514202	34128	2388	5641106	6620518	1122210950152411
1684970	1660810	24160	4887	11334894	11760030	1122210963386927
1555474	1529434	26040	4998	11092698	11848684	1122210976249347
1235604	1135400	100204	1048	3081646	3627876	1122210980781393
0	0	0	0	0	0	0
882588	858838	23750	4060	9600322	9300140	1122210994404317
1527888	1503478	24410	918	2896848	3659508	1122210999043547
1599194	1574932	24262	3950	9371408	9794508	1122211010228791
1149180	1123836	25344	3299	7326042	8044040	1122211018918743
1461334	1401414	59920	2518	6550496	6795362	1122211027144821
1801316	1777600	23716	1972	5423962	6041020	1122211034584693
1596820	1572496	24324	2965	6801864	7824174	1122211043198163
0	0	0	0	0	0	0
1340600	1317270	23330	4345	9640858	10334640	1122211065921723
499424	476034	23390	252	1974766	1300864	1122211068610591
8360038	8356472	3566	2260	6059830	13177452	1122211083245145
1254220	1230114	24106	3056	7591372	7662046	1122211092305167
0	0	0	0	0	0	0
0	0	0	0	0	0	0
1704048	1679768	24280	578	2655518	3157354	1122211112180837
1492760	1468212	24548	3726	8128088	9240194	1122211122015453
483056	459412	23644	432	2450284	1644210	1122211125163733
1541950	1515334	26616	1476	4311826	4790640	1122211131232637
1708798	1650862	57936	1578	4635206	5160262	1122211137791435
1499034	1475754	23280	2249	5787788	6292696	1122211145295595
1662492	1639168	23324	4532	10540294	11023368	1122211157712921
1184436	1160440	23996	38	1465040	1557322	1122211160580843
1411078	1387068	24010	701	2874762	3109948	1122211165081501
1602222	1578270	23952	2883	7200776	7665812	1122211174098569
0	0	0	0	0	0	0
781236	756886	24350	3495	8465452	8068144	1122211194689439
1847816	1588456	259360	3730	8940312	9605436	1122211205691885
0	0	0	0	0	0	0
1346764	1322150	24614	1181	3834382	4006006	1122211222294803
0	0	0	0	0	0	0
1562078	1538868	23210	1225	3840950	4309028	1122211236549935
916664	892614	24050	2628	6734812	6469924	1122211244416407
1403682	1378708	24974	4001	9481076	9706682	1122211255515375
742398	718628	23770	1268	3625880	3575118	1122211260098071
1436290	1413594	22696	1116	3655316	3964530	1122211265403927
0	0	0	0	0	0	0
430514	406248	24266	493	2462094	1714468	1122211279620047
0	0	0	0	0	0	0
1195348	1170548	24800	4864	10970920	11220004	1122211295504771
1625138	1600048	25090	3641	8756792	9204890	1122211306100477
1518214	1492714	25500	3694	8866472	9202222	1122211316699421
0	0	0	0	0	0	0
1193802	1169752	24050	360	1219934	2215744	1122211329952935
1397614	1372802	24812	3414	8117852	8522178	1122211339682655
1445164	1422018	23146	2952	7382426	7646118	1122211348728151
1156424	1131388	25036	4922	11224390	11297430	1122211361323351
1458090	1398218	59872	998	2863134	3752004	1122211365858947
1454852	1430888	23964	2081	5632984	5913238	1122211373161635
1183718	1160248	23470	121	1518718	1721588	1122211376078501
1501836	1477894	23942	741	2803296	3281346	1122211380598547
1715460	1692256	23204	2532	5944150	7076554	1122211388472183
1082550	1059034	23516	1722	4857866	4827404	1122211394627223
1184674	1160738	23936	58	1603112	1597494	1122211397629261
1396766	1372348	24418	1754	4987494	5200738	1122211404231345
1627544	1603628	23916	2074	5632778	6076662	1122211411706041
1540080	1515142	24938	2597	6051596	7030692	1122211419516539
1804710	1781540	23170	2080	5427500	6261800	1122211426963107
1670254	1646480	23774	1836	4327536	5639274	1122211433174567
0	0	0	0	0	0	0
0	0	0	0	0	0	0
0	0	0	0	0	0	0
1409140	1385520	23620	4911	11196066	11528284	1122211464087287
1474788	1442544	32244	1080	3588590	3931408	1122211469364871
1657982	1633762	24220	967	3407044	3888408	1122211474644031
1495818	1472688	23130	2463	5663434	6717868	1122211482017761
1660312	1633942	26370	1022	3523466	4000784	1122211487416225
644548	549462	95086	3603	8683606	8148044	1122211496958391
1903068	1701658	201410	1355	4063012	4910610	1122211503138887
0	0	0	0	0	0	0
1299602	1274570	25032	4999	10992182	11595234	1122211525511203
1319124	1294952	24172	3502	8392274	8619992	1122211535436721
606828	583238	23590	163	1803172	1228994	1122211538060351
1918042	1894406	23636	2809	7094886	7831990	1122211547287549
879848	856428	23420	1627	4265790	4429640	1122211552647321
0	0	0	0	0	0	0
1588892	1563126	25766	3908	9327890	9701342	1122211572112185
1888022	1864652	23370	288	1975792	2760128	1122211576191271
1714868	1689392	25476	3458	7483340	8927094	1122211585604061
0	0	0	0	0	0	0
0	0	0	0	0	0	0
1486150	1459154	26996	2761	7340462	7789632	1122211602985191
1483858	1457798	26060	3415	8305182	8609638	1122211612988821
0	0	0	0	0	0	0
1437496	1414216	23280	2529	6556776	6814022	1122211626502335
1782442	1639782	142660	2766	6715744	7615086	1122211635215239
1459380	1425216	34164	3818	9048822	9393202	1122211645938109
992956	969914	23042	1750	4980396	4790634	1122211652125603
1282668	1259622	23046	2372	6228702	6322498	1122211659851311
0	0	0	0	0	0	0
1310654	1285030	25624	4289	10058340	10185948	1122211676377127
1440944	1387844	53100	3973	9424700	9688988	1122211687457371
1484478	1457838	26640	3125	7734252	8030222	1122211696890831
981628	958434	23194	1993	5295098	5264678	1122211703381891
0	0	0	0	0	0	0
1505070	1480794	24276	4853	11003182	11507846	1122211721387207
1501768	1475702	26066	533	2420654	2864286	1122211725524015
806128	780628	25500	615	1899710	2333618	1122211728444241
1225710	1202090	23620	392	2264830	2307666	1122211732149753
1126984	1104170	22814	1915	5310082	5258984	1122211738801023
1622712	1379326	243386	3939	9350438	9797216	1122211749988665
1503194	1480328	22866	2399	6092468	6596278	1122211757799091
1514730	1490736	23994	503	2484838	2817456	1122211762016539
0	0	0	0	0	0	0
1153224	1125694	27530	256	1535888	1963620	1122211769074967
1411284	1387248	24036	2662	6880028	7031414	1122211777581041
1662468	1638930	23538	4682	10416352	11322494	1122211789874117
1400798	1375538	25260	2947	7134598	7591748	1122211798624327
1572244	1548588	23656	3937	9374686	9742528	1122211809785671
1678152	1653968	24184	1218	3909928	4411272	1122211815595575
773658	749074	24584	367	1705224	1803518	1122211818289051
631982	588362	43620	4643	10764354	10219432	1122211829899295
1477684	1454264	23420	3985	9447318	9744590	1122211841038877
1320288	1296296	23992	1715	4661168	5046796	1122211847235437
1734084	1710154	23930	948	3423524	3926558	1122211852607247
1518808	1493678	25130	1741	4465364	5297312	1122211858805911
1750280	1699584	50696	3084	7566954	8216028	1122211868337321
1401874	1376314	25560	1612	4590310	4926482	1122211874544831
1182334	1159094	23240	82	1541288	1642938	1122211877483297
1459100	1435410	23690	541	2550784	2837260	1122211881708003
1582726	1546156	36570	1064	3120954	4007182	1122211886629575
805840	782470	23370	1438	4352642	3978602	1122211892002683
1634974	1610064	24910	4076	9631758	10084364	1122211903483697
0	0	0	0	0	0	0
773748	743584	30164	447	2382424	1963742	1122211908924481
0	0	0	0	0	0	0
1522504	1496124	26380	4618	10712466	11055038	1122211926243107
380028	312044	67984	436	2357296	1555570	1122211929194611
1619816	1596582	23234	3427	8329002	8770762	1122211939358309
381512	357428	24084	270	1553196	1219338	1122211941507931
1621792	1597886	23906	3861	9193584	9640246	1122211952538159
1192692	1167636	25056	2504	5925552	6496162	1122211959871005
1733730	1615544	118186	748	3004492	3526660	1122211964824007
643268	620024	23244	979	3255488	2897810	1122211968937491
1860016	1836620	23396	2357	5769938	6870552	1122211976782233
0	0	0	0	0	0	0
1687528	1595822	91706	4633	10863808	11249464	1122211997809577
1192916	1169426	23490	2468	6413780	6424870	1122212005634899
1207144	1182504	24640	1151	3131032	3806100	1122212010191087
1115180	1090366	24814	3447	8380220	8312976	1122212019901023
864254	840738	23516	3099	7670100	7358778	1122212028650011
1512570	1489186	23384	1272	3575066	4359284	1122212033952333
1055910	1032340	23570	4199	9874930	9751734	1122212045097557
2038818	2015588	23230	1753	5193232	5842084	1122212052544441
1607278	1582394	24884	3094	7232540	8092228	1122212061598811
1492616	1468882	23734	2978	7338354	7744540	1122212070644129
1550522	1526268	24254	4698	10870762	11243780	1122212083279861
1327334	1303054	24280	3538	7997190	8699970	1122212092818647
1274870	1250946	23924	1790	4640394	5156180	1122212098948113
668614	644878	23736	184	1856660	1333014	1122212101687817
1702278	1676678	25600	2449	6499668	6896768	1122212110107465
0	0	0	0	0	0	0
594182	567708	26474	2790	7056306	6470154	1122212129027191
1182530	1159000	23530	8	1077514	1494766	1122212131501263
1288216	1262672	25544	345	2181396	2275576	1122212135185195
0	0	0	0	0	0	0
1604832	1581336	23496	1518	3982622	4936932	1122212149177695
1693398	1668052	25346	3876	9230378	9742258	1122212160316175
0	0	0	0	0	0	0
726302	702800	23502	628	2100766	2278864	1122212167435041
1433438	1407708	25730	3792	9063296	9313538	1122212178146111
1527704	1504202	23502	2114	5709880	6057568	1122212185598265
1027572	990228	37344	2550	6146110	6424704	1122212192986065
976402	951796	24606	138	1858372	1548618	1122212196034905
1453434	1423038	30396	4150	9774534	10050682	1122212207477831
1737032	1712066	24966	2659	6797740	7350286	1122212216227399
1537584	1513798	23786	1973	4783214	5778734	1122212222761861
782788	758620	24168	3768	8926070	8615820	1122212232684987
1542976	1500344	42632	4173	9820806	10184994	1122212244263093
1555468	1531484	23984	2066	5616884	5988734	1122212251649511
562372	538986	23386	157	1795850	1173952	1122212254226445
0	0	0	0	0	0	0
1450156	1427076	23080	2993	7384424	7730994	1122212273932043
1706598	1621738	84860	728	2950956	3459064	1122212278804501
1182912	1159064	23848	183	1562932	1846358	1122212281764731
2027876	2003566	24310	4562	10438612	11447390	1122212294449639
1711254	1687500	23754	1618	4709632	5244464	1122212301084967
1418130	1393450	24680	970	2840718	3656166	1122212305557783
1585980	1560738	25242	4618	10145600	11118460	1122212317503587
1184036	1160862	23174	358	1649548	2195222	1122212320551585
0	0	0	0	0	0	0
0	0	0	0	0	0	0
0	0	0	0	0	0	0
2033258	2009602	23656	411	2301216	3150742	1122212353822655
1997124	1972500	24624	546	1996794	3386114	1122212358034421
2026452	2001042	25410	3644	8760350	9612158	1122212369035625
1000172	976272	23900	4623	9788750	10544122	1122212380039305
1568124	1544018	24106	2433	5931360	6729440	1122212387753177
1593192	1566928	26264	3730	8808812	9349246	1122212398374135
936136	891942	44194	3606	8274384	8443528	1122212407799055
903896	878876	25020	3548	8246074	8296060	1122212417166753
0	0	0	0	0	0	0
1187756	1164432	23324	193	1860576	1870824	1122212425324505
0	0	0	0	0	0	0
348574	324844	23730	687	2058530	2018992	1122212433107251
1116262	1092386	23876	4937	11351196	11287746	1122212445788839
0	0	0	0	0	0	0
1348816	1325546	23270	4204	10006126	10052578	1122212461907299
517016	391492	125524	1193	3424782	3200820	1122212466063435
1364778	1328148	36630	1157	3787258	3973942	1122212471429171
1440640	1417146	23494	1775	5033308	5287678	1122212478116969
2356050	2195500	160550	3359	8191138	9371080	1122212488878363
750724	722414	28310	2438	5605272	5923966	1122212495448933
1760254	1735444	24810	912	3318696	3882530	1122212500742447
689068	656714	32354	3817	8613428	8623714	1122212510259177
1387870	1362220	25650	1772	10375826	5227996	1122212522237879
1570748	1546484	24264	834	3185506	3579352	1122212527208687
1543386	1520976	22410	2446	5740500	6731834	1122212534707307
0	0	0	0	0	0	0
0	0	0	0	0	0	0
638454	613194	25260	326	2125320	1587728	1122212551756217
1344874	1321506	23368	2323	6122862	6287190	1122212559442583
800160	774654	25506	168	1814218	1433806	1122212562271863
0	0	0	0	0	0	0
1647192	1624152	23040	2884	7248024	7712568	1122212578000815
1778732	1751354	27378	2153	5780216	6381506	1122212585774235
1469584	1445944	23640	2873	7166706	7512074	1122212594629037
0	0	0	0	0	0	0
1935546	1912182	23364	2046	5433670	6324544	1122212614574823
1416596	1393056	23540	3282	7227908	8278330	1122212623433863
0	0	0	0	0	0	0
956640	933400	23240	1024	3351744	3301186	1122212635813803
1518636	1490472	28164	3381	7780012	8577122	1122212645333735
1075034	1049894	25140	2619	6182350	6610148	1122212652806071
1725310	1702018	23292	2207	5900548	6437114	1122212660646271
0	0	0	0	0	0	0
1212716	1187922	24794	1235	3955910	3979622	1122212674565575
919630	896354	23276	4500	10478488	10216758	1122212686178431
1688498	1621794	66704	2002	5485476	5998588	1122212693567207
1055354	1031708	23646	758	2821910	2868246	1122212697659995
0	0	0	0	0	0	0
903920	879530	24390	4866	10774234	10933490	1122212715840483
1666650	1638720	27930	1565	4625826	5095456	1122212722347137
1168242	1142812	25430	2710	6351080	6885174	1122212730080695
0	0	0	0	0	0	0
1324642	1300748	23894	3889	9217144	9399104	1122212751536883
448350	425194	23156	1803	5082790	4350684	1122212757282587
1649454	1621280	28174	3098	7670416	8141420	1122212766817653
1748538	1724144	24394	377	2080056	2799310	1122212770860661
1512578	1488842	23736	2894	6443230	7598558	1122212779030591
1709522	1676104	33418	1815	4575036	5634944	1122212785529443
1714608	1689528	25080	697	2182448	3404974	1122212789640591
0	0	0	0	0	0	0
0	0	0	0	0	0	0
1523726	1499776	23950	1080	3633994	3980260	1122212810675559
864442	839016	25426	4588	10407576	10344752	1122212822162179
0	0	0	0	0	0	0
1256384	1232710	23674	3070	7617940	7693504	1122212837812007
1583714	1560194	23520	785	3044814	3450408	1122212842657247
0	0	0	0	0	0	0
1136446	1112264	24182	1889	5263182	5212154	1122212857105887
0	0	0	0	0	0	0
1411402	1387786	23616	1766	4978580	5240520	1122212873610763
1256198	1232208	23990	3274	8014848	8101288	1122212883113467
1407072	1382222	24850	1153	3392868	4009890	1122212888128291
528276	391556	136720	1844	4948252	4513672	1122212893819459
1113880	1088828	25052	4103	9683834	9617544	1122212904834977
1583860	1464190	119670	2491	6457894	6860854	1122212913090863
1855918	1690408	165510	2528	6505720	7209154	1122212921666911
1493208	1458414	34794	2361	6195176	6511034	1122212929572141
598624	569846	28778	3613	8624390	8122030	1122212939009463
1553692	1530172	23520	4592	10658550	11035312	1122212951436425
765856	742460	23396	3249	8013866	7561504	1122212960430497
1066718	1042662	24056	4848	11193568	11077304	1122212972905421
1700518	1550666	149852	965	3406676	3927536	1122212978227079
1491838	1455692	36146	2984	7043064	7753988	1122212986976281
1447752	1423986	23766	3223	7481804	8190386	1122212996120163
1073046	1048340	24706	2530	6596166	6435046	1122213004003399
1244388	1218906	25482	2681	6840338	6902200	1122213012302653
1346494	1322910	23584	1560	4598942	4768058	1122213018462751
952634	930108	22526	3364	8202912	7976204	1122213027832801
0	0	0	0	0	0	0
924222	900066	24156	3213	7902054	7646662	1122213045880215
1570530	1547084	23446	1309	4101042	4485760	1122213051766487
2125864	2101798	24066	3605	8267736	9632034	1122213062377757
1531244	1494558	36686	360	2317616	2547084	1122213066441077
1736986	1625876	111110	4757	11100862	11546240	1122213079492759
0	0	0	0	0	0	0
1624742	1598634	26108	2001	5475102	5923056	1122213088890395
1719812	1663486	56326	3810	8720408	9640042	1122213099544805
1708082	1648182	59900	1020	3020602	4045864	1122213104487631
1877220	1853738	23482	3852	8625214	9878116	1122213115204677
834240	808650	25590	56	1146244	1243590	1122213117399703
1441304	1374058	67246	4159	9793450	10055640	1122213128848681
1466668	1443638	23030	3229	7804346	8222390	1122213138333991
629532	601116	28416	375	2312578	1679482	1122213141490785
1805990	1782736	23254	1427	4329790	4955306	1122213147841249
1399316	1374060	25256	3318	7425390	8332282	1122213156880489
1184656	1159504	25152	88	1656380	1657646	1122213159935763
1525740	1501596	24144	3309	8054936	8440038	1122213169730839
1618200	1594098	24102	4516	10502364	10947234	1122213182069147
1403862	1380614	23248	4325	9393310	10351088	1122213193080751
521496	410080	111416	1821	4679448	4458910	1122213198496339
779094	755794	23300	52	1577474	1180554	1122213201067901
0	0	0	0	0	0	0
330790	306334	24456	291	1538178	1208366	1122213215743503
1681370	1505552	175818	3259	8000778	8496222	1122213225643995
1065644	1042240	23404	4029	9458900	9421080	1122213236386183
1722974	1698650	24324	4554	10048202	11127168	1122213248371437
1439202	1415192	24010	2045	4880426	5824958	1122213254905635
1619098	1582606	36492	2378	6048226	6672456	1122213262787419
0	0	0	0	0	0	0
1541942	1516958	24984	2660	6374486	7158408	1122213281934111
1686724	1663194	23530	4020	9285608	10023494	1122213293120827
1622838	1599228	23610	3310	7972554	8539012	1122213302930871
1327552	1304368	23184	3669	8297270	8965294	1122213312769535
758384	734876	23508	3489	7760262	8031954	1122213321502293
1538514	1513760	24754	640	2753222	3115510	1122213326008383
1476538	1451358	25180	1712	4895470	5196142	1122213332594351
891544	868240	23304	2758	7202324	6704498	1122213340903281
0	0	0	0	0	0	0
993466	910432	83034	780	2966006	2851122	1122213350795135
1867260	1828434	38826	278	2038032	2719798	1122213354914897
1170554	1144878	25676	4858	10470488	11186308	1122213366770097
1411918	1376694	35224	2826	7125208	7361244	1122213375521371
1778204	1753472	24732	2268	5783456	6610788	1122213383297611
1493046	1468060	24986	3785	9105152	9359148	1122213394110407
1599772	1487894	111878	4697	10874692	11290342	1122213406799031
1417900	1394584	23316	2197	5820040	6108444	1122213414251127
1594634	1570766	23868	4071	9231634	10034458	1122213425291727
1869118	1838038	31080	3753	8990782	9670742	1122213436366155
1662394	1625244	37150	1188	3100084	4334770	1122213441343367
1893912	1869618	24294	1912	5307086	6014522	1122213448758855
1688296	1664796	23500	698	2193970	3382122	1122213452855209
0	0	0	0	0	0	0
1689234	1665690	23544	4056	9594830	10102444	1122213471751987
1033082	1009174	23908	2425	5626372	6179006	1122213478629735
1665044	1640866	24178	2190	5858546	6342452	1122213486367667
1191478	1166698	24780	308	1876224	2108362	1122213489650071
1309144	1284260	24884	2187	5856030	5977854	1122213497057687
1618752	1595110	23642	1406	4288210	4728350	1122213503179233
1545546	1521450	24096	1209	3235472	4259880	1122213508173993
888110	862662	25448	2610	6720546	6411950	1122213515996511
1871484	1848320	23164	201	2021114	2574138	1122213520103817
919738	892488	27250	1784	5047972	4784534	1122213526286081
1171828	1147878	23950	2659	6802030	6791378	1122213534474137
1709802	1685508	24294	2130	5637518	6272602	1122213542035991
1531694	1502336	29358	1284	4047790	4396742	1122213547829865
1820430	1786708	33722	2430	5909722	6978378	1122213555774587
1721624	1697032	24592	4695	10862726	11407130	1122213568577611
0	0	0	0	0	0	0
0	0	0	0	0	0	0
0	0	0	0	0	0	0
1638450	1612886	25564	3880	9236144	9695222	1122213608764189
1651982	1628214	23768	3979	8872178	9910772	1122213619503601
0	0	0	0	0	0	0
1777576	1754096	23480	551	2558432	3177046	1122213635547079
1819080	1717704	101376	1069	3041936	4254240	1122213640622567
1658824	1562586	96238	3150	7625812	8254420	1122213650122187
1429662	1405356	24306	3413	8168502	8551208	1122213659935005
0	0	0	0	0	0	0
2127504	2103290	24214	1770	5027468	5971408	1122213673510737
684156	659192	24964	4588	10649526	10156950	1122213685059289
0	0	0	0	0	0	0
1426350	1401510	24840	4215	9954868	10153922	1122213702771329
834948	810730	24218	4713	10898872	10557596	1122213714719823
0	0	0	0	0	0	0
0	0	0	0	0	0	0
874758	850442	24316	4377	10225892	9925372	1122213737795465
851964	828522	23442	2844	7165802	6835916	1122213746032581
0	0	0	0	0	0	0
1606384	1572608	33776	1670	4657246	5247684	1122213754998977
1089778	1066578	23200	4240	9408780	9867528	1122213765712291
0	0	0	0	0	0	0
0	0	0	0	0	0	0
1302414	1279748	22666	120	1725914	1843360	1122213789590687
6072840	6068468	4372	2891	7268320	12152208	1122213803171081
1475730	1449488	26242	3402	8279958	8576720	1122213813141823
1584782	1561076	23706	4914	11327790	11710038	1122213826268839
0	0	0	0	0	0	0
