# Loop @ Start frequency 1700000Hz took 1252.20 cycles
# Interval [1250 ; 1254]
# Q1 : 1246 ; Q3 : 1248
# Loop @ Target frequency 2000000Hz took 1064.97 cycles
# Interval [1060 ; 1070]
# Q1 : 1060 ; Q3 : 1062
# Confidence intervals do not overlap, alternatives are statistically different with selected confidence level
Change time (with write) [cycles]	Change time [cycles]	Write cost [cycles]	Wait time [us]	Time since last frequency change request [cycles]	Time since last frequency change [cycles]	Detected frequency change timestamp [cycles]
1830054	1794712	35342	3567	321717664	322181490	1122428556634679
1516242	1491126	25116	4812	10990958	11427912	1122428569404785
1582560	1559512	23048	907	3122810	3678974	1122428574366995
1698716	1617890	80826	3036	7532578	8053396	1122428583859171
1046130	1021378	24752	4996	11521900	11321946	1122428596682451
1873066	1847900	25166	2463	6389792	7086578	1122428605201267
2577932	2554268	23664	4156	8878570	11174028	1122428616914061
2333338	2309854	23484	3982	8433510	10580962	1122428627937403
1801682	1778628	23054	4075	9756000	10235866	1122428639757635
2268482	2241552	26930	3998	8954478	10548432	1122428651234363
1525248	1501572	23676	3427	7623510	8666594	1122428660637069
657966	631526	26440	2191	5681642	5327198	1122428667231743
1519288	1484146	35142	4544	10557764	10891838	1122428679562983
1893854	1856418	37436	3891	9320668	9959048	1122428691031421
0	0	0	0	0	0	0
1583896	1559296	24600	3295	8059908	8466842	1122428712043339
0	0	0	0	0	0	0
1182212	1158248	23964	27	1513320	1519658	1122428723155579
1426412	1404144	22268	2511	6489526	6731420	1122428731325645
1883880	1860722	23158	4626	10719366	11419414	1122428744183075
2073150	2048626	24524	4697	10370496	11751498	1122428756880227
1595078	1572268	22810	4859	11249372	11596732	1122428769978067
1505628	1479580	26048	1572	4371186	4931842	1122428776112529
0	0	0	0	0	0	0
2179706	2156168	23538	3556	8669316	9579856	1122428791714489
1984962	1961722	23240	4871	10510842	12011130	1122428804463663
1259622	1233028	26594	3275	7189526	8092702	1122428813166291
1400118	1376550	23568	1540	4533242	4763948	1122428819354733
1177250	1152070	25180	3078	7636162	7617350	1122428828421787
1707600	1683200	24400	1572	4155504	5134344	1122428834538065
1165100	1140346	24754	1286	4052822	4026622	1122428840009557
2439886	2415244	24642	4158	9225436	11039052	1122428851934255
1188734	1165606	23128	156	781984	1784624	1122428854163089
0	0	0	0	0	0	0
1649456	1623366	26090	1788	4268330	5509026	1122428865225721
1424078	1400056	24022	4822	11103948	11351754	1122428878008219
859442	822080	37362	271	2113932	1685504	1122428881239569
2433962	2410784	23178	2722	6907976	8162472	1122428890842009
1495952	1472996	22956	3041	7546216	7862922	1122428900137945
1345726	1322374	23352	1519	4506038	4666806	1122428906247679
1421456	1398670	22786	1506	4479010	4716396	1122428912401311
0	0	0	0	0	0	0
0	0	0	0	0	0	0
2394618	2371234	23384	1904	5089112	6486350	1122428941894263
2288022	2261524	26498	2294	6079994	7158968	1122428950515571
1693004	1668742	24262	1597	4588808	5169236	1122428957050549
1324662	1301962	22700	2113	5039040	5833886	1122428963668143
1134976	1111856	23120	412	1806062	2242356	1122428966862471
1185592	1161178	24414	138	1838510	1744324	1122428970147041
1719078	1696156	22922	3347	8087242	8695890	1122428980208439
1190564	1167642	22922	16	1501606	1506652	1122428983153939
1560590	1526722	33868	1746	5069168	5337438	1122428990037831
0	0	0	0	0	0	0
2367690	2344898	22792	3464	8508196	9579936	1122429014228811
2338078	2314566	23512	3745	8950866	10110864	1122429025771087
1881182	1854720	26462	2732	6926602	7627806	1122429034832149
1183294	1159776	23518	1498	3551886	4462594	1122429039820191
1906952	1779974	126978	4146	9760726	10482662	1122429051741665
1889364	1865542	23822	1096	2887520	4365188	1122429056772149
0	0	0	0	0	0	0
1591346	1566924	24422	4117	9698242	10107872	1122429073668001
2517328	2494722	22606	2011	5499378	6823402	1122429081937923
594284	570944	23340	172	994620	1221452	1122429083784827
1723518	1583292	140226	2268	6008636	6544072	1122429091770035
1546894	1523868	23026	4094	9455014	10019518	1122429103025349
2188160	2133090	55070	745	3013380	3961792	1122429108480515
1971352	1947238	24114	2672	6823562	7606110	1122429117529653
1033012	1009642	23370	3355	8171098	8025492	1122429126987219
1157506	1134400	23106	1239	3945842	3918994	1122429132343715
1391962	1354626	37336	4099	9474950	9873240	1122429143464043
1647212	1622388	24824	3278	8020566	8486108	1122429153385223
1356474	1332822	23652	2673	6557094	6984980	1122429161552435
2213884	2190952	22932	2143	5749364	6785054	1122429169769781
2369286	2337820	31466	1737	5222748	6126646	1122429177615129
0	0	0	0	0	0	0
2020080	1996634	23446	797	3054124	3897986	1122429188531855
1100282	999172	101110	643	1938458	2670286	1122429191824009
1611390	1587498	23892	3558	8841244	9009518	1122429202535073
2547692	2524950	22742	4047	8835640	10925178	1122429214171281
1880220	1858200	22020	882	3252710	3927934	1122429219557749
2085986	2063208	22778	2473	5980786	7315274	1122429227877449
0	0	0	0	0	0	0
1919888	1897562	22326	2540	5675066	7283882	1122429241835243
2342770	2316508	26262	4264	9358120	11153240	1122429253790061
1811240	1786360	24880	2738	6527956	7571306	1122429262382481
0	0	0	0	0	0	0
2003682	1979628	24054	4271	9326018	10828400	1122429283014771
1882516	1857240	25276	2902	6841848	7977992	1122429291993513
2225834	2202740	23094	3628	8722464	9766134	1122429303198755
0	0	0	0	0	0	0
0	0	0	0	0	0	0
1918860	1894566	24294	4833	11134256	11869392	1122429329311535
670200	647028	23172	157	1777836	1268126	1122429332012901
2102722	2080580	22142	226	1915892	2837474	1122429336289363
1414276	1258304	155972	1531	4546278	4759462	1122429342500885
2091300	2068052	23248	3004	6694444	8382580	1122429351539841
657694	634422	23272	3731	8935440	8403626	1122429361386095
1989348	1963036	26312	4131	9723106	10535050	1122429373351731
1158264	1134834	23430	3481	7586944	8408856	1122429382350569
2469404	2445886	23518	587	2638704	3926148	1122429387711621
2082830	2058154	24676	4252	9968938	10870666	1122429400016975
1654234	1621036	33198	3693	7981670	9323320	1122429409910331
945380	921106	24274	3638	8267940	8505352	1122429419381375
1529828	1505536	24292	2737	6935036	7287094	1122429428099737
557762	533072	24690	1854	5174886	4548376	1122429434089613
1185240	1160440	24800	262	1539780	1992348	1122429437075149
1706776	1669242	37534	2312	6141800	6613702	1122429445176577
439426	415114	24312	533	2532050	1788456	1122429448401201
1718904	1582418	136486	3593	8651696	9187478	1122429459030573
1186498	1163036	23462	99	1613638	1668102	1122429462084189
2500096	2475504	24592	4288	10051220	11357624	1122429474893649
0	0	0	0	0	0	0
2132670	2110136	22534	2408	6275362	7231232	1122429494682081
1261354	1098942	162412	3027	7520378	7603286	1122429503716703
1030172	1004728	25444	4985	11431148	11283200	1122429516431449
1881310	1856672	24638	678	2815036	3519562	1122429521380499
1472942	1449348	23594	2117	4965028	5993644	1122429528072097
1452392	1428256	24136	2293	6061806	6322434	1122429535843457
2523906	2500872	23034	1789	5016164	6385172	1122429543636961
1800464	1776456	24008	914	3291182	3910330	1122429548981449
2325034	2301224	23810	4153	9068070	10914288	1122429560627931
1490306	1466740	23566	1515	3609884	4802458	1122429565981215
2252852	2228412	24440	1040	2575734	4616840	1122429571067689
1215588	1192532	23056	4496	10457330	10491388	1122429582994315
1657604	1634026	23578	3415	7606940	8771222	1122429592512287
1981964	1957792	24172	4104	9677114	10478512	1122429604424553
1460670	1437094	23576	3390	8290582	8529732	1122429614429183
1674462	1649118	25344	3186	7832018	8329368	1122429624188903
1802674	1580996	221678	4864	10970086	11815004	1122429637215019
2205410	2182488	22922	3823	8934686	10134328	1122429648607625
2514694	2488598	26096	4098	9167646	10994066	1122429660542903
605446	582972	22474	155	1779556	1203210	1122429663181595
5066860	5062608	4252	3875	9308878	13100504	1122429677810905
1398944	1374038	24906	4861	11183420	11405044	1122429690646881
1846484	1820432	26052	2928	7125456	7991214	1122429699872327
893744	869718	24026	110	1554064	1398102	1122429702573559
2042824	2008644	34180	1900	5331210	6131566	1122429710200641
2023878	1999104	24774	4545	10579930	11398116	1122429723057553
1410076	1386906	23170	3369	8184466	8430386	1122429732905691
0	0	0	0	0	0	0
1673754	1649820	23934	4406	10329576	10767472	1122429753789195
0	0	0	0	0	0	0
1223856	1201152	22704	3521	7572456	8549446	1122429768259147
2325586	2296328	29258	2005	5630132	6619006	1122429776468841
1495798	1472336	23462	1318	3194696	4414348	1122429781412999
2055480	2031720	23760	4294	10080290	10925928	1122429793802615
2075818	2053554	22264	824	2640530	4006988	1122429798772909
1955552	1932306	23246	1278	3173102	4794512	1122429804156633
0	0	0	0	0	0	0
1789716	1766598	23118	1094	3652618	4264686	1122429818142679
2076292	2051914	24378	3047	6692136	8453748	1122429827169149
900300	877506	22794	162	816038	1508090	1122429829139163
2107476	2084538	22938	1420	4299942	5230982	1122429835800259
1286810	1261010	25800	1616	4698708	4802304	1122429842039545
1397630	1361534	36096	4621	10703418	10923376	1122429854398311
2440334	2409700	30634	1886	5236264	6494928	1122429862328929
1743492	1720788	22704	4189	9105412	10403904	1122429873432049
1602776	1575022	27754	4642	10749186	11168748	1122429886039205
2226248	2192180	34068	2200	5814294	6908528	1122429894338609
2531126	2507586	23540	4100	8747434	11013932	1122429905871407
1834336	1811432	22904	3859	9308462	9836824	1122429917268561
1351300	1325624	25676	1704	4649322	5048400	1122429923524121
1862114	1838794	23320	4153	9774540	10451526	1122429935414189
975576	934136	41440	3768	8192416	8806610	1122429944835551
1894744	1871760	22984	2718	7016972	7613786	1122429954000681
2151862	2127076	24786	3756	9117322	9948146	1122429965527677
924890	896344	28546	1692	4118920	4590824	1122429970824665
1007008	983228	23780	4481	10424588	10252666	1122429982508737
729074	616984	112090	1863	5229576	4744446	1122429988720687
2525586	2383364	142222	2575	5981654	7958512	1122429997481149
1476478	1437994	38484	1574	4437598	4908192	1122430003648027
1928674	1904580	24094	4855	10636004	11921090	1122430016466123
1181616	1157972	23644	44	566246	1552420	1122430018467063
2225882	2202858	23024	4716	10906930	11945448	1122430031853219
1121766	1098510	23256	3488	8438826	8380310	1122430041666967
2053280	2030566	22714	2537	6410182	7411534	1122430050384423
1321874	1299782	22092	3773	8327312	9150742	1122430060286943
535482	512954	22528	320	2102554	1458632	1122430063178555
1482602	1458322	24280	1013	3493324	3790828	1122430068407631
2355658	2330584	25074	613	2674232	3863648	1122430073690659
993634	966110	27524	4795	11054948	10867108	1122430085992493
2005294	1981114	24180	1000	3466382	4287426	1122430091720183
874410	839346	35064	2181	5079272	5518796	1122430097927251
1664698	1641870	22828	4979	10875664	11906124	1122430110725495
1183816	1160948	22868	1799	5069162	5066002	1122430117232465
1507980	1484032	23948	1483	4428274	4756488	1122430123422561
1872274	1777292	94982	1306	4078432	4766758	1122430129626947
1286000	1259178	26822	1083	9907602	3736370	1122430141074473
2029106	2005436	23670	2629	6756004	7569114	1122430150113543
2439360	2417026	22334	847	2228568	4416960	1122430155039681
1621846	1597752	24094	3437	7631910	8778606	1122430164546123
0	0	0	0	0	0	0
1797388	1775298	22090	2335	6236512	6751892	1122430181451589
1854172	1829732	24440	4813	10576966	11763172	1122430194136227
1687346	1599356	87990	4546	10157634	11062500	1122430206239309
1203790	1180532	23258	3083	6790928	7653238	1122430214487693
1317828	1294242	23586	4348	10049448	10296380	1122430226107685
1610260	1587526	22734	1639	4742706	5171868	1122430232718061
1108958	1085184	23774	4708	11000622	10808314	1122430245080601
1724146	1700588	23558	3991	9195380	9989184	1122430256253741
1844796	1821960	22836	895	3258152	3918190	1122430261610331
1188348	1165716	22632	130	781486	1734964	1122430263833869
1875046	1852234	22812	3547	8504874	9250874	1122430274466471
2168944	2005664	163280	2350	6167926	7156314	1122430283056267
1714378	1692100	22278	3611	7871390	9218666	1122430292895695
1956408	1931288	25120	3071	7040264	8382530	1122430302145683
1957984	1934442	23542	3121	6840958	8482522	1122430311203177
1155506	1131328	24178	3537	7630402	8513306	1122430320242641
919758	895260	24498	1541	4543128	4285560	1122430325958801
0	0	0	0	0	0	0
1254008	1229302	24706	3520	7510016	8577202	1122430347724883
0	0	0	0	0	0	0
1549832	1526640	23192	1926	4392094	5685574	1122430365472567
1748254	1724716	23538	4751	10788884	11532186	1122430378262873
2331502	2307448	24054	2108	5684540	6830172	1122430386532139
1415998	1393826	22172	3409	8283444	8523372	1122430396484507
1700246	1676278	23968	1582	4648816	5156552	1122430403086679
1628732	1603830	24902	1307	3410484	4526162	1122430408379165
1580514	1557020	23494	3269	8000220	8402422	1122430418212897
1540452	1515190	25262	1444	4347168	4711064	1122430424354747
2472436	2443962	28474	367	2197966	3488682	1122430429278697
1161722	1126324	35398	4526	10518188	10497908	1122430441211871
2057506	2034536	22970	1010	3493112	4361944	1122430447015641
1833160	1810666	22494	3218	6968836	8552658	1122430456071189
2092988	2070682	22306	4507	9553702	11390726	1122430467974999
811936	787300	24636	3592	8781736	8278398	1122430477825801
1191738	1168194	23544	4429	10326750	10331440	1122430489597535
2132116	2109234	22882	2363	6188390	7141358	1122430498171867
1974226	1948812	25414	3697	8856348	9651000	1122430509255921
2194394	2171512	22882	765	2510584	4008152	1122430514214049
1651558	1628164	23394	3037	7540232	8009712	1122430523659113
2186262	2162762	23500	1186	3246714	4841762	1122430529345811
1660094	1637212	22882	2722	6062268	7397718	1122430537321535
1992558	1969786	22772	2586	6630512	7447280	1122430546197935
2008870	1841964	166906	2562	5970416	7414856	1122430554430199
1791682	1699170	92512	3618	7779262	9310390	1122430564254899
907802	885178	22624	410	1946736	2010658	1122430567363013
1827246	1803516	23730	4858	10985066	11825126	1122430580428359
1282154	1258702	23452	1582	4621960	4727944	1122430586585195
2137194	2014858	122336	3846	9156870	10117086	1122430598132163
2294912	2270664	24248	3808	9078540	10194564	1122430609763841
2056756	2025928	30828	616	2697678	3572288	1122430614771589
2346992	2322100	24892	730	2808124	4094220	1122430620179781
1394144	1371422	22722	4975	11595784	11627000	1122430633422873
1363294	1341206	22088	3171	7299916	7989292	1122430642339927
1399028	1372534	26494	3263	7843528	8207752	1122430651835617
2353354	2326514	26840	3658	8679506	9952034	1122430663121871
1383000	1357876	25124	2970	7404218	7605566	1122430672161443
2292538	2268130	24408	1899	5275702	6374274	1122430679982931
2001538	1976138	25400	4467	9669830	11218706	1122430691911819
2093250	2070464	22786	4256	9853308	10889544	1122430704117425
1409618	1387496	22122	1769	4207412	5231204	1122430709999753
1941152	1915946	25206	4276	9391328	10777556	1122430721591181
369720	325818	43902	301	1355738	1254902	1122430723569723
1824052	1711198	112854	3424	8320726	8955054	1122430733968013
1640538	1615804	24734	2861	6711080	7645230	1122430742576379
1612032	1585448	26584	4112	9653648	10123918	1122430754095793
1563500	1540766	22734	4151	9764570	10149082	1122430765681223
1966446	1938528	27918	2256	5976672	6762180	1122430773878061
2199332	2176264	23068	4034	9544202	10551632	1122430785874881
2060418	2035088	25330	4903	10475392	12150354	1122430798663881
1015598	992306	23292	1688	4912050	4676364	1122430804844961
2242252	2219398	22854	2109	5686474	6743946	1122430813027601
0	0	0	0	0	0	0
1813498	1789048	24450	962	3264872	4042608	1122430824138771
1482524	1458420	24104	3338	7462386	8441752	1122430833341689
2176054	2039792	136262	735	2934096	3930718	1122430838705215
1561428	1538478	22950	1482	4439704	4817104	1122430844960551
1204108	1181408	22700	3071	7180490	7640746	1122430853599143
1446982	1421888	25094	4014	9305734	9757970	1122430864605937
1475092	1451638	23454	1443	4357114	4650230	1122430870691997
837102	813504	23598	1781	5067154	4683062	1122430876849953
2130304	2107532	22772	2561	6157168	7535196	1122430885391089
0	0	0	0	0	0	0
1981308	1958020	23288	1244	3958630	4753468	1122430900255989
2148852	2054374	94478	2967	6738238	8366342	1122430909397429
2086864	2062974	23890	1604	3891722	5582684	1122430915629381
1191954	1169100	22854	39	1593856	1554342	1122430918668503
0	0	0	0	0	0	0
2086082	2063056	23026	4374	10214778	11118154	1122430938480471
1789602	1766088	23514	3531	7820162	9134414	1122430948343883
2330952	2308114	22838	2513	5724694	7639860	1122430956653209
1905996	1882824	23172	2483	6433126	7160732	1122430965246201
1708452	1685570	22882	4695	9955836	11382784	1122430977164539
0	0	0	0	0	0	0
1120034	1008354	111680	4985	11432958	11373776	1122430998291965
1784044	1759852	24192	4703	10864644	11473732	1122431011193869
1580456	1554892	25564	3532	7686412	8926946	1122431020714233
2073784	2051098	22686	2604	6408106	7570434	1122431029449499
1892008	1869142	22866	4218	9744860	10611534	1122431041339577
2448478	2426582	21896	596	2748800	3923248	1122431046790005
2390714	2241136	149578	4133	9736608	10940154	1122431059172209
1956936	1932766	24170	4664	10111602	11577778	1122431071494321
804064	763632	40432	3903	8445956	8898962	1122431080997385
2357042	2334642	22400	1905	5169782	6449200	1122431088778263
2279194	2257016	22178	3540	8543552	9642760	1122431099854371
1688940	1666140	22800	4592	10683012	11157168	1122431112480003
1346146	1322046	24100	4918	10835662	11465610	1122431124915067
0	0	0	0	0	0	0
1704462	1681212	23250	856	2568196	3700350	1122431135279339
1393518	1370772	22746	3235	7933424	8147124	1122431144860295
2099930	2076140	23790	553	2587324	3487482	1122431149800683
2088240	2045284	42956	3179	7126936	8729926	1122431159268887
1400134	1377148	22986	4849	11192616	11381140	1122431172114683
1802394	1778222	24172	4083	9478072	10251722	1122431183652899
0	0	0	0	0	0	0
902858	877128	25730	3894	8276352	8974758	1122431204797219
1204916	1168676	36240	1731	5034422	5057156	1122431211291239
1831872	1808512	23360	2542	6547610	7199432	1122431219924073
1639810	1616810	23000	1197	3088644	4316400	1122431224909971
0	0	0	0	0	0	0
1396622	1372436	24186	4725	10918092	11129268	1122431250408617
1653174	1519218	133956	1616	4701814	5168122	1122431257017123
0	0	0	0	0	0	0
1527658	1504834	22824	2035	4715766	5880894	1122431272539469
2291496	2259508	31988	251	1962272	3080678	1122431277047263
1609360	1584974	24386	4439	10337440	10769498	1122431289247069
2250508	2226974	23534	4084	8726948	10701420	1122431300478097
1056680	1032782	23898	3836	8153636	9012040	1122431309942209
804574	779940	24634	1843	5159414	4775214	1122431316164043
2229402	2113630	115772	2724	6182372	7960264	1122431324828853
1351896	1327172	24724	2228	5077602	6090374	1122431331511267
1801976	1776446	25530	4334	10130828	10752840	1122431343697263
0	0	0	0	0	0	0
1187370	1164090	23280	2469	6413302	6416072	1122431354338581
1789812	1764588	25224	4381	10367458	10840060	1122431366748893
1541848	1518822	23026	3324	8116426	8472378	1122431376660855
1122466	1099084	23382	1701	4868704	4812124	1122431382905467
1438750	1414416	24334	2389	6177770	6499130	1122431390775653
1605840	1583206	22634	1254	3967326	4396518	1122431396602729
0	0	0	0	0	0	0
1901192	1878574	22618	1524	3533796	5231934	1122431408069959
0	0	0	0	0	0	0
0	0	0	0	0	0	0
0	0	0	0	0	0	0
2233300	2210432	22868	1916	5295152	6348872	1122431436555861
1978772	1956684	22088	778	2867330	3817420	1122431441655261
2495070	2472198	22872	3625	8719766	10027764	1122431453123539
1742566	1709562	33004	1366	4193502	4757068	1122431459312943
2079464	2054674	24790	4116	9619504	10596026	1122431471265771
1413238	1390282	22956	3541	7920966	8782890	1122431480853499
1864634	1841278	23356	2343	6151942	6834464	1122431489122819
613460	590932	22528	138	1750180	1172848	1122431491739597
1539210	1443710	95500	3398	8257828	8618064	1122431501789273
556756	533876	22880	577	1820954	1994620	1122431504420763
0	0	0	0	0	0	0
2487752	2463596	24156	1997	5465852	6764916	1122431524463647
2196488	2149658	46830	751	2970010	3986084	1122431529884299
2330654	2308964	21690	304	2022148	3222894	1122431534490483
962680	932764	29916	1683	4836356	4619032	1122431540542469
1190020	1166660	23360	24	1621716	1526282	1122431543607777
1495364	1472398	22966	4052	9578360	9882302	1122431554935019
1871350	1849186	22164	1074	3599346	4302528	1122431560659001
729272	587954	141318	192	1851176	1401692	1122431563492849
2442272	2415466	26806	1046	3559584	4818340	1122431569747835
2478870	2454512	24358	1820	5105434	6401516	1122431577586367
0	0	0	0	0	0	0
2333672	2309590	24082	503	2353856	3622734	1122431588731087
1977314	1953762	23552	3001	6500948	8262056	1122431597462631
2038180	2015324	22856	4432	9674944	11185924	1122431609429415
2090698	2065546	25152	3206	7106814	8795292	1122431618879899
0	0	0	0	0	0	0
0	0	0	0	0	0	0
1204152	1175504	28648	1660	4793538	4807148	1122431642383173
2282846	1997974	284872	689	2848252	3944928	1122431647767843
0	0	0	0	0	0	0
1489662	1464948	24714	4450	9759670	10672446	1122431676520363
1216188	1193642	22546	3635	8498642	8770278	1122431686488831
0	0	0	0	0	0	0
1513822	1489844	23978	4807	10549944	11410992	1122431704672349
1654020	1629788	24232	4644	10753422	11230684	1122431717334413
995242	969218	26024	339	1879496	1956816	1122431720463619
1341774	1308672	33102	3398	8277536	8423964	1122431730344069
1809318	1784178	25140	1625	4046578	5342380	1122431736453573
1736742	1713436	23306	3388	7405244	8797116	1122431745848931
0	0	0	0	0	0	0
1407002	1384080	22922	4440	9490398	10569528	1122431766177063
1579238	1539624	39614	2426	6327390	6715398	1122431774337201
1454054	1422484	31570	1390	3581188	4517614	1122431779625989
2202116	2179536	22580	517	2517468	3519970	1122431784600065
2612608	2589170	23438	3612	8711510	10131698	1122431796178443
1863244	1838090	25154	3997	9463494	10141074	1122431807758987
1024070	998882	25188	1515	4492702	4338784	1122431813529773
1907342	1884820	22522	4807	10258112	11808070	1122431825948975
854462	831690	22772	2226	5146944	5588238	1122431832212005
0	0	0	0	0	0	0
0	0	0	0	0	0	0
1344510	1320242	24268	4911	11287354	11449738	1122431859171859
0	0	0	0	0	0	0
2313552	2290940	22612	3597	8510074	9791074	1122431876514769
1341518	1317484	24034	3397	8258672	8423178	1122431886368633
885088	861476	23612	1898	5391272	4968308	1122431892898171
2273908	2124610	149298	3990	9443168	10536816	1122431904868865
0	0	0	0	0	0	0
1070808	1039602	31206	2998	7462262	7351104	1122431919019671
2492800	2469110	23690	4025	9171470	10884000	1122431930937601
0	0	0	0	0	0	0
1976530	1919828	56702	4058	9697234	10377532	1122431947811173
2135224	1963780	171444	2849	6601350	8115594	1122431956835795
0	0	0	0	0	0	0
1462368	1439432	22936	2576	6537514	6898378	1122431971720869
1303680	1277622	26058	1794	5054272	5175832	1122431978332113
1601036	1578344	22692	3309	8078180	8503334	1122431988265385
1503288	1480234	23054	1021	3675184	3834450	1122431993697577
1918666	1892682	25984	2521	6515436	7243180	1122432002384903
1184572	1160556	24016	256	1204128	1980656	1122432005026793
2042660	2016708	25952	1647	4682162	5620232	1122432012004789
2347914	2249442	98472	3051	6829272	8733282	1122432021440017
1243518	1220098	23420	82	769674	1696464	1122432023707559
2014626	1991184	23442	3606	8682822	9509772	1122432034658613
1761994	1737656	24338	1823	4485512	5692244	1122432041159917
2047088	2024332	22756	2797	7176948	7924148	1122432050636957
2147684	2123718	23966	2847	6235072	8125228	1122432059273493
1950776	1925794	24982	4533	10461976	11299664	1122432071940481
1129690	1106386	23304	2314	5126992	6039826	1122432078455371
0	0	0	0	0	0	0
0	0	0	0	0	0	0
1509764	1485296	24468	1925	4369402	5644016	1122432103195205
1983552	1959870	23682	804	3095208	3875326	1122432108526949
1688158	1660696	27462	3314	7518996	8597912	1122432117987515
1114558	1090012	24546	3590	8154568	8578176	1122432127515819
2070980	2046672	24308	4213	9084550	10786252	1122432138924169
1798608	1775820	22788	4843	10363546	11768798	1122432151339685
1600544	1578058	22486	2107	4833962	6102958	1122432158027553
610316	587654	22662	466	2114418	1824988	1122432161009309
0	0	0	0	0	0	0
1626414	1603820	22594	3640	7758096	9188602	1122432174409337
2000322	1974376	25946	929	3322100	4141188	1122432179985213
2086174	2063582	22592	4618	9995904	11606452	1122432192324989
1479390	1457402	21988	3585	7867952	8932636	1122432201926119
1185848	1162346	23502	169	1609650	1806622	1122432204978531
1642514	1597762	44752	887	3302808	3700504	1122432210177139
1861816	1838228	23588	3960	9388250	10064584	1122432221678345
1256750	1233954	22796	1222	3906616	3984894	1122432227095251
645772	622954	22818	256	1975722	1441078	1122432229970271
2484118	2459446	24672	2861	7184836	8489354	1122432239896561
1272504	1249900	22604	1736	4936228	5026398	1122432246362849
0	0	0	0	0	0	0
0	0	0	0	0	0	0
0	0	0	0	0	0	0
1963754	1938396	25358	3173	6947948	8593674	1122432282741845
0	0	0	0	0	0	0
0	0	0	0	0	0	0
1982022	1957458	24564	639	2746418	3548244	1122432303633935
992344	966516	25828	4969	10780402	11214210	1122432315660199
1232028	1206476	25552	2874	7259102	7263680	1122432324405771
0	0	0	0	0	0	0
2224744	2200520	24224	1947	5356066	6401582	1122432341198407
1396752	1373662	23090	3675	7822320	9029282	1122432350670323
1272098	1239406	32692	2683	6709640	6924966	1122432358905567
2264936	2242042	22894	2129	5716322	6805150	1122432367140359
2014228	1949068	65160	1178	3821464	4653046	1122432373229613
2270060	2245326	24734	4357	9495934	11273452	1122432385249387
1755580	1731620	23960	2768	7003158	7575248	1122432394260809
954404	931662	22742	1728	4920814	4693870	1122432400389605
0	0	0	0	0	0	0
2307030	2283944	23086	2397	6055378	7384766	1122432414240111
2251178	2096232	154946	4420	10319348	11374652	1122432427064161
0	0	0	0	0	0	0
1808098	1784052	24046	2509	6611500	7108508	1122432447608909
1137558	1110414	27144	2084	4836660	5588282	1122432453836343
2102920	2078006	24914	1008	3564834	4402152	1122432459757697
2105784	2080160	25624	989	2609832	4367154	1122432464726481
5721684	5718244	3440	2209	5081376	10423628	1122432475782365
0	0	0	0	0	0	0
0	0	0	0	0	0	0
1226132	1202972	23160	1889	4971956	5287344	1122432493626573
420482	362508	57974	480	2546650	1664490	1122432496846923
1215276	1192266	23010	1836	5136582	5171108	1122432503459723
2296478	2273238	23240	3609	8687288	9798230	1122432514696791
1816784	1791786	24998	3931	9427840	9961566	1122432526194995
2174964	2049182	125782	997	2862504	4451672	1122432531485149
0	0	0	0	0	0	0
0	0	0	0	0	0	0
1882692	1859338	23354	897	2769458	3961032	1122432546238801
1071334	1048758	22576	3170	7889264	7694074	1122432555453351
1813420	1790286	23134	4614	10695864	11325130	1122432568215301
1821148	1797346	23802	4075	9388954	10254528	1122432579678963
2207208	2182352	24856	1936	5340906	6362918	1122432587480943
2218504	2195562	22942	3810	9082110	10121064	1122432599034185
2072784	2049898	22886	4699	10062326	11753544	1122432611422353
1819470	1793532	25938	2703	6059636	7512958	1122432619554993
2090564	2037942	52622	571	2111226	3517192	1122432624010041
0	0	0	0	0	0	0
567624	544424	23200	204	1309026	1258684	1122432634310985
1841384	1818682	22702	653	2770980	3430118	1122432639176725
2104426	2081382	23044	4899	10403198	12186208	1122432651937717
0	0	0	0	0	0	0
1549632	1524646	24986	1533	3620326	4899220	1122432665554801
1594608	1571050	23558	875	3093230	3626872	1122432670495745
2364866	2342214	22652	1820	5154726	6297076	1122432678267917
1502306	1478110	24196	1624	4023906	5035382	1122432684047313
0	0	0	0	0	0	0
1796548	1773196	23352	2530	6536162	7140454	1122432704219389
1329574	1165574	164000	287	1344344	2186344	1122432707146385
0	0	0	0	0	0	0
1868804	1744040	124764	4637	10739166	11426298	1122432727741499
1356944	1335050	21894	3099	7716020	7837028	1122432737067545
1579802	1554308	25494	3072	7609772	8007562	1122432746510363
1896494	1873036	23458	4460	9474574	11098788	1122432758134923
1200236	1176426	23810	2320	5208234	6123600	1122432764804643
743980	721226	22754	3691	8842414	8408640	1122432774644341
1098628	1075658	22970	3515	8495172	8416194	1122432784490883
1161162	1137774	23388	1689	4848004	4827130	1122432790753351
2043164	1821044	222120	4036	9603464	10398394	1122432802653277
1889386	1864394	24992	3330	7448780	8832864	1122432812245415
1399024	1253118	145906	3527	7849496	8736272	1122432821747013
2004302	1981624	22678	4512	10027338	11311948	1122432834032151
0	0	0	0	0	0	0
2417262	2391164	26098	2431	5513718	7563264	1122432854288939
0	0	0	0	0	0	0
441532	417880	23652	270	2002986	1264378	1122432862017149
1619224	1596760	22464	1835	4930908	5573746	1122432868824801
2188364	2116856	71508	2272	6312846	7153364	1122432877579939
1713256	1688270	24986	1381	3368094	4758430	1122432882914751
1871834	1849358	22476	2583	6210748	7325560	1122432891251249
1848082	1814890	33192	4192	9910764	10514414	1122432903263431
2047634	2024772	22862	4268	9547868	10866874	1122432915112881
0	0	0	0	0	0	0
1522320	1499480	22840	4175	9814748	10156312	1122432935425433
4698596	4695500	3096	1343	3303722	7672552	1122432943681621
1158316	1134036	24280	2034	4817238	5510618	1122432949911305
1994730	1970674	24056	894	3067622	4066962	1122432955231697
2212850	2128100	84750	3835	9139432	10165374	1122432966837715
1360292	1337000	23292	1528	3654084	4700580	1122432972105081
2222534	2197294	25240	3525	8619890	9555626	1122432983205229
1078310	1051750	26560	2292	5220150	5945504	1122432989756991
0	0	0	0	0	0	0
2417938	2394156	23782	1282	4031240	5268730	1122432999366545
1495958	1472944	23014	1609	4812642	4997548	1122433005928533
2130974	2108360	22614	4497	10453206	11407814	1122433018771415
1297642	1274556	23086	1542	4550528	4664326	1122433024874039
1984192	1953892	30300	1225	3916984	4717876	1122433031028553
1472652	1403474	69178	3580	7746058	8917288	1122433040500925
2513020	2489518	23502	371	2225586	3544252	1122433045493249
1975040	1904628	70412	2230	6201896	6716862	1122433053923257
0	0	0	0	0	0	0
2379610	2356330	23280	2057	5572782	6777290	1122433068607665
0	0	0	0	0	0	0
2363774	2340206	23568	2149	5761340	6945968	1122433088109695
1859216	1704520	154696	4944	11076134	12029536	1122433101303051
1660602	1635876	24726	3449	7923832	8841514	1122433111140379
0	0	0	0	0	0	0
1188766	1159196	29570	192	1724874	1855466	1122433126166389
1132366	1109574	22792	2481	6480278	6378424	1122433134039935
1533808	1510846	22962	4389	10286086	10595044	1122433146117255
1608426	1585594	22832	2949	7628056	7789774	1122433155611843
1078572	1055216	23356	3720	8591480	8801030	1122433165535881
1714934	1688560	26374	4840	11161426	11677794	1122433178666149
2066684	2043530	23154	701	2313346	3753158	1122433183299901
1750342	1726422	23920	4793	11049410	11620014	1122433196353417
1764822	1741166	23656	2731	6672306	7509216	1122433205043869
1636478	1611220	25258	3654	8021484	9226832	1122433214955441
1444612	1420232	24380	3423	7824128	8578442	1122433224477493
2342580	2317288	25292	3618	8814078	9865748	1122433235887383
2167908	2143818	24090	937	3345810	4326046	1122433241658661
2161916	2139138	22778	2350	6167348	7144400	1122433250240615
2207988	2181308	26680	523	2506898	3536810	1122433255208617
1185502	1162914	22588	45	1567884	1559100	1122433258216129
1912008	1886122	25886	445	2225374	3085958	1122433262606631
950950	927772	23178	445	1396500	2125092	1122433265205521
1555452	1531152	24300	4271	10003488	10379146	1122433277015901
2034118	2009106	25012	4308	9616792	10939858	1122433288920499
1697476	1529124	168352	4659	10783688	11299088	1122433301655799
0	0	0	0	0	0	0
2247366	2225140	22226	2719	6292546	7967918	1122433315427587
2387798	2363790	24008	2527	5795298	7731096	1122433323863921
2132878	1999950	132928	2390	6250640	7195692	1122433332500927
869396	846236	23160	1682	4215184	4516952	1122433337839367
1331536	1306600	24936	1631	4563610	4877222	1122433343987495
675824	651920	23904	128	1045022	1215712	1122433345965781
2332034	2309506	22528	4569	10601204	11752974	1122433359157889
4229414	4226346	3068	126	1721046	4764974	1122433365361235
1183064	1160578	22486	87	800944	1646762	1122433367598875
1820738	1798370	22368	3824	9021776	9751600	1122433378694451
1397594	1371486	26108	3739	8178380	9158708	1122433388523229
1657090	1634618	22472	3153	7482962	8246678	1122433397916653
607138	569190	37948	318	2226620	1525986	1122433401008659
0	0	0	0	0	0	0
1889384	1864782	24602	3238	7401260	8648750	1122433418184785
1179778	1157544	22234	312	1293142	2086526	1122433420911167
1856610	1831678	24932	3157	7558662	8460078	1122433430579959
1731320	1708022	23298	3223	7471360	8460764	1122433440036557
0	0	0	0	0	0	0
2054394	2031636	22758	467	2432336	3276016	1122433447371531
1940088	1916622	23466	4652	10011974	11533076	1122433459575157
0	0	0	0	0	0	0
2129456	2032232	97224	762	2984192	3937438	1122433477710433
1808124	1784796	23328	963	2432854	4017746	1122433482205019
195534	171548	23986	400	2396664	1279056	1122433485050399
0	0	0	0	0	0	0
1483032	1458282	24750	4682	10828142	11130480	1122433507633745
2608780	2585496	23284	1819	5039910	6529332	1122433515535409
0	0	0	0	0	0	0
408858	384088	24770	320	2208548	1332254	1122433523799415
1563354	1539534	23820	3966	9404290	9778780	1122433535019875
1924938	1901852	23086	714	2697494	3635958	1122433539895415
0	0	0	0	0	0	0
1827956	1785776	42180	1471	3719690	5054178	1122433554334339
2468086	2444458	23628	1798	5060404	6347104	1122433562116401
1498950	1473768	25182	3201	7702654	8183912	1122433571575175
1506212	1483484	22728	1900	4757898	5588724	1122433578092405
1938040	1910218	27822	4672	10343862	11565920	1122433590632121
1198112	1165434	32678	153	1066356	1787290	1122433593150155
0	0	0	0	0	0	0
2162296	2139736	22560	588	2675504	3620774	1122433608498213
0	0	0	0	0	0	0
1659072	1636374	22698	1103	3820130	4151520	1122433622036941
2107798	2085430	22368	2384	6238072	7157608	1122433630639579
1918438	1796116	122322	2908	7294740	8022264	1122433640106165
1193040	1170588	22452	372	1360484	2221028	1122433642916703
2311518	2148120	163398	3139	7739400	8872044	1122433653221121
2582730	2559336	23394	1263	8765750	5391094	1122433664822225
1442550	1420260	22290	2561	6596644	6847264	1122433673114001
1080154	1057700	22454	1519	4501848	4401016	1122433678949525
2302258	2257236	45022	1868	5200442	6320702	1122433686705603
1605574	1581642	23932	3472	7585138	8833294	1122433696148839
1560632	1536670	23962	4907	11349208	11657560	1122433709311799
0	0	0	0	0	0	0
0	0	0	0	0	0	0
0	0	0	0	0	0	0
1244136	1221678	22458	1590	4641146	4707662	1122433740267063
1983330	1961558	21772	589	2642120	3442966	1122433745146235
577898	553824	24074	195	1853640	1251444	1122433747830807
0	0	0	0	0	0	0
0	0	0	0	0	0	0
1811684	1778912	32772	2388	6236642	6869930	1122433771936385
1215684	1192872	22812	4887	11219376	11273654	1122433784630295
1169416	1145332	24084	4998	10975420	11448226	1122433797027899
1947208	1923218	23990	1048	3607450	4326772	1122433802835681
2475668	2315362	160306	388	2243522	3536702	1122433807808097
0	0	0	0	0	0	0
1811660	1788556	23104	918	3307710	3931484	1122433824787925
2341250	2316212	25038	3950	8516330	10524520	1122433835899435
926552	904082	22470	3299	8200846	7808834	1122433845284689
1963860	1938562	25298	2518	6501274	7283352	1122433854005915
0	0	0	0	0	0	0
0	0	0	0	0	0	0
2124514	2100828	23686	4362	9848014	11132184	1122433882188369
2546806	2523968	22838	4345	9270214	11519304	1122433894258551
0	0	0	0	0	0	0
2216972	2185634	31338	2260	6150884	7021154	1122433907624641
1835082	1812376	22706	3056	7016376	8231496	1122433916728637
1134692	1111998	22694	1249	3961364	3914932	1122433922078241
552240	528808	23432	3482	8578044	7798916	1122433931513691
0	0	0	0	0	0	0
2409664	2386036	23628	3726	8425304	10144344	1122433947646985
2368890	2346170	22720	432	2332356	3516714	1122433952602235
1571168	1548542	22626	1476	4345448	4809946	1122433958772451
0	0	0	0	0	0	0
2014212	1989750	24462	2249	5985324	6795404	1122433973655327
0	0	0	0	0	0	0
889680	866966	22714	38	661300	1248934	1122433987404741
1601080	1577850	23230	701	2862856	3286210	1122433992122051
2181388	2156828	24560	2883	7041726	8229900	1122434001600349
2388128	2363052	25076	3978	9428944	10628138	1122434013670961
2337794	2314438	23356	3495	8459472	9611638	1122434024720583
1395170	1371870	23300	3730	7958468	9138304	1122434034327879
997132	972546	24586	4538	10442968	10355354	1122434046021695
1677460	1646802	30658	1181	3826766	4322678	1122434051783991
0	0	0	0	0	0	0
1601760	1577854	23906	1225	3068362	4334382	1122434065376225
1294936	1271556	23380	2628	6629606	6834720	1122434073553297
1672784	1648424	24360	4001	9469144	9956358	1122434084949093
0	0	0	0	0	0	0
1789180	1762114	27066	1116	3696216	4304954	1122434096091423
1272760	1248940	23820	4282	10033422	10119048	1122434107674895
739238	716170	23068	493	1693756	2007730	1122434110361315
1694948	1663086	31862	556	2438818	3089522	1122434114748995
1685778	1661436	24342	4864	11228130	11696076	1122434127913731
0	0	0	0	0	0	0
796732	773292	23440	3694	8854708	8468818	1122434148852513
2214192	2190038	24154	3797	9056106	10091404	1122434160375901
2509838	2485818	24020	360	2181144	3512134	1122434165319501
2651916	2614410	37506	3414	8346326	9763566	1122434176571479
1339446	1316056	23390	2952	7370666	7529948	1122434185534937
0	0	0	0	0	0	0
2019606	1997790	21816	998	2895180	4299012	1122434203885013
2219204	2195098	24106	2081	5623496	6662996	1122434211986509
1335776	1169370	166406	121	774818	1860776	1122434214355071
1330440	1307128	23312	741	2953796	3095594	1122434218891729
2131864	2106890	24974	2532	5881048	7477748	1122434227155079
1542864	1519250	23614	1722	4445368	5277978	1122434233395985
812550	790030	22520	58	818254	1215398	1122434235279711
2110098	1947636	162462	1754	4965994	5900302	1122434242609189
1870682	1847176	23506	2074	10222906	6301824	1122434254955645
652372	627780	24592	2597	5709738	6129238	1122434261571295
0	0	0	0	0	0	0
1080616	1058856	21760	1836	4550148	5036880	1122434275337465
0	0	0	0	0	0	0
0	0	0	0	0	0	0
1960114	1913200	46914	2678	5987380	7599330	1122434294262817
1801988	1778722	23266	4911	10642722	11907240	1122434306960603
1809846	1786066	23780	1080	3052852	4253432	1122434312076401
2000084	1978426	21658	967	3399134	4216950	1122434317732633
2223518	2201612	21906	2463	5764498	7433044	1122434325973987
2002846	1979534	23312	1022	2747120	4330234	1122434330991243
2570020	2493764	76256	3603	8668100	10059308	1122434342482397
1803188	1780606	22582	1355	4176744	4801260	1122434348715449
971222	948076	23146	3710	8218788	8674116	1122434358159411
1488856	1461656	27200	4999	11461098	11769070	1122434371362965
2384290	2344412	39878	3502	8467580	9671984	1122434382468307
2428570	2381404	47166	163	1793064	3048376	1122434386942565
1354208	1223902	130306	2809	7080114	7254876	1122434395630117
2009986	1877186	132800	1627	3939928	5548520	1122434401833841
2135644	2106850	28794	2610	5882254	7638462	1122434410105433
2056572	2032738	23834	3908	9246422	10154526	1122434421666287
0	0	0	0	0	0	0
1304474	1281380	23094	3458	8380204	8509136	1122434434520071
269344	243200	26144	299	2085082	1172660	1122434437126929
1510096	1486292	23804	986	3439492	3764286	1122434442329645
1315170	1281134	34036	2761	6748104	7118810	1122434450646679
2447292	2423466	23826	3415	8295860	9564716	1122434461642741
2102332	2074564	27768	1169	2971216	4722288	1122434466969713
1828094	1805624	22470	2529	6518590	7168768	1122434475569409
0	0	0	0	0	0	0
1477746	1400750	76996	3818	8189478	9395826	1122434493838935
1485180	1448426	36754	1750	4967142	5269146	1122434500544273
1434758	1410826	23932	2372	6215380	6466060	1122434508447841
1491210	1467982	23228	1229	3941810	4254570	1122434514134207
2326540	2303608	22932	4289	9353224	11187428	1122434526067457
0	0	0	0	0	0	0
1419242	1385284	33958	3125	7722322	7952576	1122434547406005
0	0	0	0	0	0	0
0	0	0	0	0	0	0
1368032	1344776	23256	4853	11185588	11358410	1122434573562587
0	0	0	0	0	0	0
2383026	2360514	22512	615	2697226	3901722	1122434583883477
1184414	1158144	26270	392	1707798	2252058	1122434587034839
1978762	1956330	22432	1915	5296492	6092334	1122434594563155
2475588	2448972	26616	3939	8583626	10637092	1122434605875903
0	0	0	0	0	0	0
1198488	1174444	24044	503	1773784	2489128	1122434617428725
202356	176502	25854	766	3051648	2018018	1122434620942549
1981106	1958366	22740	256	1976624	2775788	1122434625151269
1873038	1850486	22552	2662	6785734	7480948	1122434634063159
1235492	1211250	24242	4682	10826664	10882188	1122434646383511
1869438	1846604	22834	2947	7352550	8046212	1122434655859353
2442052	2418638	23414	3937	9232636	10599604	1122434667787895
1829460	1804284	25176	1218	3902360	4547828	1122434673773269
1120718	1097040	23678	367	1739302	2137574	1122434676886495
0	0	0	0	0	0	0
2074632	2047662	26970	3985	9557886	10328162	1122434701864203
1614086	1590016	24070	1715	4246128	5326860	1122434707977601
0	0	0	0	0	0	0
850796	826470	24326	1741	5078434	4617032	1122434719598207
2032772	2006848	25924	3084	6906272	8484144	1122434728790165
1215140	1192148	22992	1612	4683674	4721756	1122434734942501
1181134	1158682	22452	82	945800	1629980	1122434737322883
1496918	1468330	28588	541	2545146	2861394	1122434741618219
0	0	0	0	0	0	0
1476824	1454394	22430	1438	3564858	4640872	1122434752642009
2241676	2218458	23218	4076	9560372	10681708	1122434764696803
760634	734070	26564	224	1910998	1492200	1122434767621721
1126304	1011064	115240	447	2354298	2303778	1122434771355379
2207584	1969982	237602	757	2844868	4005320	1122434776658553
1708082	1684638	23444	4618	9957128	11226412	1122434788577013
725486	702060	23426	436	1491158	1880872	1122434791046355
1494016	1470144	23872	3427	8313440	8632622	1122434801106817
583006	559184	23822	270	2006322	1405248	1122434803949809
1945498	1886922	58576	3861	9290456	9951282	1122434815450219
2045942	2017046	28896	2504	5977204	7336090	1122434823726621
2179656	2064828	114828	748	2958834	3958002	1122434829118217
2033154	2010412	22742	979	3429088	4275142	1122434834833717
0	0	0	0	0	0	0
0	0	0	0	0	0	0
2258850	2234608	24242	4633	10746674	11809358	1122434858941219
1834544	1810254	24290	2468	6396062	7053704	1122434867424889
2107446	2059632	47814	1151	3039776	4693920	1122434872825729
1400422	1377868	22554	3447	8231524	8578120	1122434882710589
0	0	0	0	0	0	0
0	0	0	0	0	0	0
0	0	0	0	0	0	0
2549088	2456160	92928	1753	4985098	6338298	1122434917301015
1596362	1443898	152464	3094	7647630	8066858	1122434926798219
2064198	2040626	23572	2978	9538908	8303762	1122434938653995
1665252	1642818	22434	4698	10860680	11347864	1122434951432921
2428884	2406094	22790	3538	8537972	9787240	1122434962652473
931216	907832	23384	1790	5073440	4816758	1122434968910721
0	0	0	0	0	0	0
1943214	1919920	23294	2449	6360434	7124770	1122434982388647
1868650	1844498	24152	4167	9805362	10485108	1122434994315981
1883258	1859320	23938	2790	6121878	7745498	1122435002574553
1190382	1168788	21594	8	1482470	1494786	1122435005501343
1265386	1240242	25144	345	2181884	2239634	1122435009202595
2059658	2035268	24390	2434	6333624	7210448	1122435017846829
889156	865924	23232	1518	3784730	4207924	1122435022774265
2171996	2147236	24760	3876	9220840	10207394	1122435034421043
2271604	2248784	22820	475	2414566	3508376	1122435039360619
2202330	2179790	22540	628	2582220	3741364	1122435044399285
1047668	1025438	22230	3792	8152044	8916396	1122435053852551
1332016	1310008	22008	2114	5076938	5843922	1122435060514825
1808810	1783766	25044	2550	6574408	7197844	1122435069151567
1180238	1158536	21702	138	1251654	1743726	1122435071836947
893300	867766	25534	4150	9508516	9475732	1122435082491935
1967774	1945070	22704	2659	6818888	7574076	1122435091532345
1489308	1460972	28336	1973	4534832	5722666	1122435097809829
1899074	1876318	22756	3768	8840956	9718626	1122435108803569
2053820	2031346	22474	4173	9809162	10682602	1122435120920195
2413468	2387334	26134	2066	5072670	6827928	1122435128659777
795444	771580	23864	157	1791336	1397512	1122435131499741
1942322	1919498	22824	3739	8939672	9702894	1122435142634563
1328272	1302404	25868	2993	6748260	7596738	1122435150964385
2409166	2385628	23538	728	2318212	4149570	1122435155945271
0	0	0	0	0	0	0
969692	945600	24092	4562	10589870	10377640	1122435170787681
1657316	1632302	25014	1618	4718680	5176166	1122435177417247
0	0	0	0	0	0	0
1994808	1961948	32860	4618	10123798	11513280	1122435195126575
0	0	0	0	0	0	0
2445092	2422604	22488	1157	3780616	5042782	1122435204262789
1311248	1288088	23160	3241	7949202	8078110	1122435213776917
1593230	1569002	24228	4692	10961344	11260830	1122435226584819
2434334	2412522	21812	411	2042876	3539432	1122435231315843
2114540	2090028	24512	546	2559762	3489784	1122435236244005
1647586	1619000	28586	3644	8000148	9219434	1122435246145009
1942470	1917684	24786	4623	10082568	11471832	1122435258423785
2066124	2042170	23954	2433	5602438	7215182	1122435266345371
2141006	2027324	113682	3730	8922154	9883658	1122435277662181
1268776	1083388	185388	3606	8045150	8763470	1122435287229831
1518862	1493844	25018	3548	8200384	8897102	1122435297201913
2587168	2542826	44342	901	2646912	4678040	1122435302690135
841114	816160	24954	193	1223120	1510798	1122435305008055
1607354	1584172	23182	897	3309554	3683542	1122435310178251
1983014	1958640	24374	687	2762010	3640402	1122435315173875
1439674	1415858	23816	4937	11437124	11597466	1122435328304419
1921642	1898350	23292	895	2781102	3994818	1122435333260379
2371198	2348420	22778	4204	8944988	11062256	1122435344829889
1474246	1451726	22520	1193	3135628	4142832	1122435349692861
2161792	2138754	23038	1157	3854482	4758994	1122435355962377
896136	871184	24952	1775	5140362	4729424	1122435362256665
1628996	1594930	34066	3359	7410784	8631112	1122435371549433
2052486	2029002	23484	2438	6340012	7211182	1122435380194903
2136662	2112140	24522	912	3404718	4242726	1122435385988991
1407236	1382220	25016	3817	8251818	9325686	1122435395905501
0	0	0	0	0	0	0
1586894	1465186	121708	834	3089076	3537408	1122435407331065
1961778	1937510	24268	2446	5543440	7142900	1122435415089873
0	0	0	0	0	0	0
1721384	1698896	22488	1080	3412190	4164256	1122435429555425
455200	429162	26038	326	2121290	1389488	1122435432385157
1445566	1420852	24714	2323	6107362	6373530	1122435440191507
814122	768266	45856	168	1807038	1432868	1122435443066029
0	0	0	0	0	0	0
1303812	1279022	24790	2884	6618228	7354964	1122435459031589
2282744	2236208	46536	2153	5722756	6871600	1122435467290505
2293256	2235988	57268	2873	6241698	8323470	1122435476078911
1941708	1914866	26842	4577	9772304	11378180	1122435488051241
2543564	2517340	26224	2046	4982334	6919454	1122435495835021
1627732	1573082	54650	3282	8034250	8475380	1122435505750235
2481376	2458582	22794	2183	5827716	7130896	1122435514312713
1955942	1932536	23406	1024	3512908	4288292	1122435520035245
1797186	1773092	24094	3381	7343936	8842246	1122435529434423
2272498	2160104	112394	2619	5779250	7797138	1122435537739699
0	0	0	0	0	0	0
1300578	1277758	22820	2764	7028928	7111422	1122435554531633
1967292	1943456	23836	1235	4051866	4725074	1122435560804299
1984436	1893974	90462	4500	10465278	11268076	1122435573507363
0	0	0	0	0	0	0
2011380	1938248	73132	758	3009516	3809768	1122435585374183
1501874	1479112	22762	1917	4757802	5617720	1122435591886641
1604850	1579136	25714	4866	11224534	11620804	1122435604973525
0	0	0	0	0	0	0
1963280	1941482	21798	2710	6884598	7666740	1122435620265823
1467070	1444304	22766	3802	8145892	9354890	1122435630131539
2069556	2047538	22018	3889	9241592	10132374	1122435641695931
1897918	1873252	24666	1803	4084682	5787332	1122435647932293
1800188	1777322	22866	3098	7096200	8280206	1122435657086453
0	0	0	0	0	0	0
2611066	2489440	121626	2894	7024474	8682564	1122435669957215
914222	891536	22686	1815	5091198	4829090	1122435676220331
2176562	2030646	145916	697	2862216	3853390	1122435681512659
1442854	1418232	24622	2187	5027698	6100190	1122435688236935
2568196	2545456	22740	3418	8304288	9687368	1122435699364145
1594600	1570746	23854	1080	3119648	4038600	1122435704332517
1558038	1533290	24748	4588	10636860	11017346	1122435716781819
1620526	1597050	23476	1679	4816584	5260158	1122435723472267
1807890	1782800	25090	3070	7357624	8231402	1122435732891545
1519830	1497248	22582	785	5298814	3373044	1122435739963445
1972948	1821572	151376	2971	7163654	8199746	1122435749376525
1652448	1628234	24214	1889	4331670	5719046	1122435755613963
0	0	0	0	0	0	0
1604448	1518904	85544	1766	4281846	5419244	1122435771611873
963308	939994	23314	3274	7404004	7794030	1122435780232663
1953660	1930844	22816	1153	3211874	4542148	1122435785654909
2464230	2441608	22622	1844	5148648	6436258	1122435793521433
1804186	1780798	23388	4103	8978614	10293920	1122435804557361
1959082	1804526	154556	2491	6452062	7229366	1122435813222151
533758	512102	21656	2528	5843212	5878638	1122435819852755
1710406	1687738	22668	2361	6210906	6716814	1122435828027367
2295582	2271588	23994	3613	8591330	9804008	1122435839172423
1387068	1364356	22712	4592	10652646	10854548	1122435851465825
2113390	2088170	25220	3249	7193574	8894660	1122435861026085
1203720	1181654	22066	4848	10438882	11182122	1122435872922337
2051698	2025658	26040	965	3392884	4266182	1122435878620309
1376130	1352868	23262	2984	6645048	7626680	1122435886894651
1281808	1257736	24072	3223	7928074	8011522	1122435896358271
1500478	1477338	23140	2530	6524898	6842884	1122435904636833
2143678	2066264	77414	2681	6956004	7788890	1122435913989995
1273514	1250330	23184	1560	4591550	4677412	1122435920111749
2653292	2629244	24048	3364	8193130	9664498	1122435931215473
1461152	1380942	80210	3365	8194942	8476030	1122435941125239
1377486	1355374	22112	3213	7885726	8086340	1122435950641461
0	0	0	0	0	0	0
779164	659314	119850	3605	8788924	8270914	1122435966745075
0	0	0	0	0	0	0
2306630	2271030	35600	4757	11008172	12104156	1122435983314433
0	0	0	0	0	0	0
1904162	1880500	23662	2001	5477792	6194856	1122435994079871
1507456	1481382	26074	3810	8124816	9411004	1122436003969085
0	0	0	0	0	0	0
2114266	2079666	34600	3852	9166492	10102240	1122436020499761
1141254	1118706	22548	56	1576318	1540480	1122436023470735
1316158	1281618	34540	4159	9899140	9917596	1122436034939539
0	0	0	0	0	0	0
592900	569968	22932	375	2218776	1627206	1122436046994151
2479512	2455072	24440	1427	4124064	5616592	1122436053850777
1434578	1410530	24048	3318	8118690	8354032	1122436063657701
1185156	1161276	23880	88	833684	1644448	1122436065930291
1958366	1933284	25082	3309	8087604	8859322	1122436076235453
1928366	1906540	21826	4516	10503804	11244980	1122436088921341
2134374	2112574	21800	4325	9480232	11066516	1122436100789225
0	0	0	0	0	0	0
1184052	1159006	25046	52	1445410	1572758	1122436109850847
2274194	2248238	25956	4542	10558550	11640820	1122436122936871
0	0	0	0	0	0	0
0	0	0	0	0	0	0
1824034	1802102	21932	4029	9525752	10171062	1122436146088551
1806782	1783230	23552	4554	9798412	11197670	1122436157951215
1268010	1244020	23990	2045	4971796	5641158	1122436164448351
0	0	0	0	0	0	0
2314848	2291384	23464	3803	8616638	10203930	1122436184347071
2044982	1919520	125462	2660	6789662	7648072	1122436193435135
1596364	1572648	23716	4020	13945804	9918702	1122436209230379
1709246	1684504	24742	3310	7804420	8612508	1122436218997177
1385802	1362290	23512	3669	8259052	9011710	1122436228895659
1087396	1023338	64058	3489	8443196	8349902	1122436238679191
509578	375520	134058	640	2083062	2073622	1122436241525389
2089848	2065064	24784	1712	4827614	5797812	1122436248695601
2218064	2193936	24128	2758	6171878	8017030	1122436257339725
1573604	1550388	23216	1168	3092928	4204508	1122436262259229
2229254	2142772	86482	780	3028772	4073078	1122436267770875
1257866	1234926	22940	278	1072976	2097186	1122436270355463
2107848	2085174	22674	4858	11010302	12106094	1122436283727335
1836474	1811974	24500	2826	6186366	7773048	1122436292003897
2388476	2365874	22602	2268	5577592	7207776	1122436300227857
2261276	2237236	24040	3785	9034756	10114986	1122436311776499
1632134	1609496	22638	4697	10860760	11309478	1122436324523329
2472518	2449348	23170	2197	5394900	7149996	1122436332643597
2182710	2026144	156566	4071	9607786	10612996	1122436344687739
2085382	2062582	22800	3753	8771852	9881004	1122436355798285
0	0	0	0	0	0	0
1520904	1496284	24620	1912	4303346	5628658	1122436368055739
1900160	1877660	22500	698	2407506	3579172	1122436372620989
0	0	0	0	0	0	0
2344082	2321416	22666	4056	8959406	10741008	1122436392050769
2078412	2055150	23262	2425	6310228	7211322	1122436400697023
2409772	2373524	36248	2190	5142260	7072292	1122436408502281
778094	753084	25010	308	2118304	1682210	1122436411652599
1965074	1942178	22896	2187	5837170	6622422	1122436419707509
1620858	1596346	24512	1406	4281422	4715816	1122436425863211
1498458	1475580	22878	1209	3730908	4199120	1122436431350781
0	0	0	0	0	0	0
0	0	0	0	0	0	0
1694386	1672382	22004	1784	5152100	5544644	1122436450258579
1536622	1506136	30486	2659	6799216	7139254	1122436458846769
1865322	1828548	36774	2130	5724074	6408546	1122436466689403
1485452	1462546	22906	1284	3709322	4338146	1122436472137507
2036738	2013038	23700	2430	6333288	7181118	1122436480760667
0	0	0	0	0	0	0
1950954	1926428	24526	4905	10576980	12044756	1122436505520741
0	0	0	0	0	0	0
0	0	0	0	0	0	0
2005688	1980882	24806	3880	8785490	10049184	1122436531647265
2271198	2248346	22852	3979	9416472	10511566	1122436543588687
2031816	2006740	25076	4091	9649402	10496492	1122436555523249
1188290	1164706	23584	551	1835342	2574522	1122436558799679
2344230	2321498	22732	1069	3628600	4765186	1122436565033539
1975230	1891198	84032	3150	6833854	8558932	1122436574096493
1623846	1601428	22418	3413	8088704	8732944	1122436584067053
1443918	1419570	24348	1759	4542858	5245820	1122436590310987
1414186	1388448	25738	1770	4842484	5238778	1122436596821283
1862342	1840048	22294	4588	10640858	11321574	1122436609577349
1530722	1506336	24386	1953	4868730	5719594	1122436616229619
0	0	0	0	0	0	0
1764816	1741648	23168	4713	10741716	11473994	1122436640963565
1801738	1776506	25232	2835	7021266	7755168	1122436650040401
330200	214398	115802	308	1538348	1228886	1122436652166861
0	0	0	0	0	0	0
1991550	1968874	22676	2844	7150352	7962380	1122436674340037
0	0	0	0	0	0	0
1796220	1773426	22794	1670	4808020	5419420	1122436684242621
1905404	1882538	22866	4240	9484758	10669292	1122436695885739
1812110	1789544	22566	4037	9538574	10168300	1122436707496351
1586516	1561656	24860	3400	7534824	8668520	1122436716870651
924206	901594	22612	120	1700066	1447512	1122436719748349
2418006	2393078	24928	2891	7244264	8483254	1122436729664035
2622314	2598032	24282	3402	8273826	9709228	1122436740812315
1948930	1663890	285040	4914	10516354	12059308	1122436753530839
2107218	2083836	23382	4014	8815442	10419592	1122436764707047
