# Loop @ Start frequency 1700000Hz took 1251.59 cycles
# Interval [1250 ; 1254]
# Q1 : 1246 ; Q3 : 1248
# Loop @ Target frequency 3700000Hz took 708.83 cycles
# Interval [707 ; 711]
# Q1 : 706 ; Q3 : 708
# Confidence intervals do not overlap, alternatives are statistically different with selected confidence level
Change time (with write) [cycles]	Change time [cycles]	Write cost [cycles]	Wait time [us]	Time since last frequency change request [cycles]	Time since last frequency change [cycles]	Detected frequency change timestamp [cycles]
1506634	1470602	36032	3567	320599812	320752186	1122581548893997
1419694	1394112	25582	4812	10561602	11326656	1122581561072977
1071688	1048088	23600	907	3270572	3170004	1122581565604913
1535136	1510678	24458	3036	6863956	7890568	1122581574194321
1170574	1147214	23360	4996	10922356	11446846	1122581586477639
1687484	1662926	24558	2463	5970384	6896592	1122581594326501
1144376	1119630	24746	4156	9776200	9739086	1122581605437351
1530546	1506426	24120	3982	9429074	9782278	1122581616587419
1273486	1057338	216148	4075	9179070	9705708	1122581627230283
1324070	1297628	26442	3998	9372404	9603862	1122581638116745
1449328	1426684	22644	3427	8327540	8586884	1122581648083957
1399022	1375452	23570	2191	5850060	6063920	1122581655523567
1497572	1474630	22942	4544	10139096	10867604	1122581667350059
1609702	1586038	23664	3891	9243586	9674456	1122581678394073
1486912	1464992	21920	4101	9164172	9971072	1122581689235181
1464834	1440148	24686	3295	7454864	8337140	1122581698345089
569156	546044	23112	2535	6542816	5921974	1122581705647357
1326440	1163628	162812	27	1518938	1664072	1122581708682603
1095928	1073066	22862	2511	6381448	6402430	1122581716350009
0	0	0	0	0	0	0
1771712	1745982	25730	4697	10853684	11449186	1122581740669643
1478462	1452700	25762	4859	11095164	11477616	1122581753434337
1396294	1373860	22434	1572	4619204	4830946	1122581759640055
1657256	1632224	25032	447	2279824	2839476	1122581763766973
1583070	1558188	24882	3556	8266478	8982404	1122581773806765
1563402	1539138	24264	4871	11203026	11589392	1122581786762963
761880	609536	152344	3275	8010604	7594104	1122581795725433
1502928	1402736	100192	1540	4537852	4866746	1122581801956397
1676088	1653316	22772	3078	7617460	8114398	1122581811439499
1135718	1069462	66256	1572	4497700	4562276	1122581817263033
772652	749568	23084	1286	4044420	3627880	1122581822269957
1546348	1523024	23324	4158	9775308	10144756	1122581833781573
1328164	1303910	24254	156	1397986	1941844	1122581836697365
1709540	1685860	23680	590	2643884	3172888	1122581841240685
934486	911064	23422	1788	5032172	4793858	1122581847397613
1442298	1416696	25602	4822	11105568	11373678	1122581860135327
1186900	1160524	26376	271	1659550	2010084	1122581863171885
1437030	1414760	22270	2722	6906342	7164166	1122581871706007
1719636	1687930	31706	3041	7093050	8084050	1122581880708519
603114	579298	23816	1519	4080234	3924698	1122581885581927
0	0	0	0	0	0	0
1300800	1276472	24328	4306	10075416	10198440	1122581903379521
1711454	1688912	22542	3273	8012836	8545220	1122581913294083
1101798	1078030	23768	1904	4806122	5192904	1122581919392379
498538	474386	24152	2294	6053866	5376244	1122581926135069
806752	784216	22536	1597	4654692	4283744	1122581931787209
733488	710102	23386	2113	5685256	5243116	1122581938395905
1413858	1391980	21878	412	2500394	2520888	1122581942500281
834484	811960	22524	138	1804022	1393720	1122581945328909
1125994	1103184	22810	3347	8154940	8104150	1122581954800281
1318640	1293754	24886	16	1077434	1634416	1122581957386929
1574712	1552112	22600	1746	4776722	5351870	1122581963928993
0	0	0	0	0	0	0
1696452	1673800	22652	3464	8388938	8907502	1122581986932549
1147248	1115656	31592	3745	8923514	8920034	1122581997197271
743606	720264	23342	2732	6568026	6490072	1122582004699537
1572108	1547134	24974	1498	4466704	4850968	1122582010927989
0	0	0	0	0	0	0
1673710	1649246	24464	1096	3132446	4150064	1122582026649519
906366	884214	22152	1260	3962160	3708818	1122582031708163
671780	647214	24566	4117	9693298	9187462	1122582042263423
1234928	1209916	25012	2011	5482030	5540382	1122582049170517
732562	570396	162166	172	1761312	1358876	1122582051854171
1404054	1380936	23118	2268	5995032	6223006	1122582059443631
919204	896660	22544	4094	9502184	9389858	1122582070054661
1800688	1694128	106560	745	2952812	3573402	1122582074998129
1263080	1240066	23014	2672	6807810	6890996	1122582083262477
1030530	1007640	22890	3355	8178466	8023572	1122582092661833
1621474	1598586	22888	1239	3939208	4381702	1122582098412757
1441946	1419204	22742	4099	9454506	9924706	1122582109499109
1580240	1556852	23388	3278	7988036	8424050	1122582119257341
1680312	1655468	24844	2673	6733588	7310614	1122582127861381
1656770	1584766	72004	2143	5227752	6227414	1122582134935763
1537686	1515344	22342	1737	4944714	5294450	1122582141612621
888216	864564	23652	1406	3795582	3982610	1122582146487113
1854708	1619102	235606	797	3053316	3732870	1122582151585583
1625900	1604158	21742	643	2117834	3194332	1122582155520729
0	0	0	0	0	0	0
1537640	1513388	24252	4047	9399508	9914222	1122582175632337
1108490	1085550	22940	882	3231954	3160410	1122582180163147
0	0	0	0	0	0	0
1316904	1285646	31258	1585	4237442	4770158	1122582193305467
1392646	1369098	23548	2540	6644686	6764212	1122582201533093
1459060	1436614	22446	4264	9989540	10273960	1122582213171437
1019790	880232	139558	2738	6874772	6778918	1122582221330133
711306	688798	22508	2733	6934884	6466354	1122582229191547
1432160	1410106	22054	4271	10004728	10257434	1122582240818361
1158476	1132038	26438	2902	7253932	7245518	1122582249424613
1646482	1623930	22552	3628	8721464	9192308	1122582259982545
1520500	1496482	24018	3111	7293212	8029132	1122582268986467
0	0	0	0	0	0	0
0	0	0	0	0	0	0
7862106	7858690	3416	157	1912482	8459272	1122582294607941
1180474	1157226	23248	226	1681574	1914594	1122582297660201
1623692	1601686	22006	1531	4566002	4967578	1122582304039447
1669426	1645976	23450	3004	6847922	7965288	1122582312747099
1304666	1281630	23036	3731	8930466	9051084	1122582323172233
1606266	1517716	88550	4131	9725372	10150846	1122582334693749
1714826	1690372	24454	3481	8427540	8960082	1122582345026267
1333434	1311038	22396	587	2256892	2790308	1122582348806813
0	0	0	0	0	0	0
1491632	1468596	23036	3693	8858874	9170444	1122582370080861
1802972	1714154	88818	3638	8734832	9361794	1122582380808081
1613028	1586764	26264	2737	6811170	7370610	1122582389422133
439834	415642	24192	1854	4764434	4431912	1122582394816883
731200	707334	23866	262	2023534	1539154	1122582397764189
1405310	1380532	24778	2312	6083366	6311200	1122582405442281
0	0	0	0	0	0	0
1165186	1140288	24898	3593	8452020	8642182	1122582419364019
884186	860964	23222	99	1672882	1381350	1122582422111033
1633620	1611318	22302	4288	10032150	10492590	1122582433966373
1380484	1358024	22460	4109	9113924	9889494	1122582444651159
1575336	1548872	26464	2408	6479260	6674144	1122582452895921
1400764	1375890	24874	3027	7521136	7737916	1122582462011305
1175816	1153058	22758	4985	11486978	11428938	1122582474864279
0	0	0	0	0	0	0
1589988	1567282	22706	2117	5199318	6114988	1122582486918369
1354404	1326270	28134	2293	5909790	6222902	1122582494376735
1640118	1614144	25974	1789	4777058	5501290	1122582500984333
1087218	926676	160542	914	2890140	3198222	1122582505155473
1489292	1467178	22114	4153	9766812	10078896	1122582516601401
1853456	1691092	162364	1515	4085100	5167684	1122582522729505
420370	396342	24028	1040	3172422	2784242	1122582526512385
1584664	1559770	24894	4496	10177812	10859228	1122582538464653
1322336	1299468	22868	3415	8009464	8436274	1122582547986231
0	0	0	0	0	0	0
1520718	1497798	22920	3390	8239456	8584032	1122582569150467
1470392	1447412	22980	3186	7273216	8125170	1122582578084093
1431622	1408498	23124	4864	11189958	11441952	1122582590895193
1701272	1674216	27056	3823	8976840	9629456	1122582601766753
1556362	1532960	23402	4098	9698666	10036012	1122582613211769
1189424	1165780	23644	155	1711968	1782100	1122582616302817
1213666	1189862	23804	3875	9176904	9247700	1122582626882943
1770652	1744480	26172	4861	11182586	11776434	1122582640029849
1029594	1006542	23052	2928	7251400	7168108	1122582648500709
936304	913796	22508	110	1680434	1439464	1122582651307433
1081770	1056684	25086	1900	5389758	5171446	1122582657968813
1153832	1129296	24536	4545	10548508	10527284	1122582669860841
0	0	0	0	0	0	0
1648518	1624354	24164	2297	6055452	6526080	1122582686837375
1728016	1593392	134624	4406	10376074	10822300	1122582699134769
1321852	1238790	83062	787	3047894	3178764	1122582703694561
0	0	0	0	0	0	0
1233884	1211138	22746	2005	5094628	5527034	1122582719290487
883148	859872	23276	1318	3460062	3802626	1122582723823749
1125332	1100920	24412	4294	10045168	9996814	1122582735183815
1620856	1598194	22662	824	3155028	3551784	1122582740149285
789252	674132	115120	1278	4019298	3628152	1122582745147675
0	0	0	0	0	0	0
1899238	1755618	143620	1094	3645228	4370564	1122582758709575
626256	602546	23710	3047	6916372	7002292	1122582766442481
920204	789342	130862	162	1857516	1528030	1122582769410415
1492834	1469366	23468	1420	4309610	4620972	1122582775403035
1392080	1370250	21830	1616	4697168	4911430	1122582781682193
1749054	1726796	22258	4621	10488238	11279888	1122582794109117
1302466	1280054	22412	1886	4881180	5356948	1122582800482461
1713094	1688814	24280	4189	9089446	10374716	1122582811474989
1442972	1380804	62168	4642	10248330	11009938	1122582823356833
1593062	1564480	28582	2200	5697352	6276912	1122582830836869
1495290	1470160	25130	4100	9027586	9978116	1122582841552971
1629292	1603936	25356	3859	9174546	9637044	1122582852546877
1692512	1670096	22416	1704	4380180	5383792	1122582858810097
1181930	1153010	28920	4153	9261464	9771248	1122582869443433
1499882	1477308	22574	3768	9004050	9324828	1122582880137323
0	0	0	0	0	0	0
1716114	1693256	22858	3756	8801822	9511294	1122582899489411
0	0	0	0	0	0	0
1320392	1297658	22734	4481	9981768	10564804	1122582917591513
886576	862914	23662	1863	4734100	4894642	1122582923401689
1128002	1103910	24092	2575	6615194	6564940	1122582931335005
1030470	1006652	23818	1574	4451784	4461986	1122582937007501
1417660	1394934	22726	4855	11187418	11411186	1122582949802581
1186786	1162522	24264	44	1158136	1563178	1122582952337627
793008	770432	22576	4716	10896826	10507306	1122582964217753
1726552	1701334	25218	3488	8435010	8985808	1122582974569283
1217332	1194710	22622	2537	6109298	6573318	1122582982085961
1048062	990948	57114	3773	8616256	8877542	1122582991940643
1183708	1159652	24056	320	1461596	2106572	1122582994776289
1227948	1197788	30160	1013	3558376	3536238	1122582999752453
1626138	1599568	26570	613	2689542	3135986	1122583004258633
1624030	1599540	24490	4795	10939670	11496452	1122583017012413
855520	832756	22764	1000	3091156	3140232	1122583021149901
1290122	1266444	23678	2181	5832298	5934738	1122583028462451
1561070	1538516	22554	4979	11421896	11802424	1122583041635287
1396034	1372800	23234	1799	5065052	5285382	1122583048286223
1032614	1005788	26826	1483	4550100	4281304	1122583054058705
1142234	1119750	22484	1306	4071374	4037684	1122583059462317
1568150	1544500	23650	1083	3635592	4021622	1122583064856157
1241390	1218782	22608	2629	6326014	6781978	1122583072617339
872568	849310	23258	847	3154214	2851168	1122583076834513
1700910	1503646	197264	3437	8333748	8857800	1122583087062801
853042	821796	31246	2324	6117094	5785812	1122583094222845
1786408	1624174	162234	2335	6183300	6740268	1122583102382177
0	0	0	0	0	0	0
1001780	978080	23700	4546	10679144	10378602	1122583126521369
1196388	1172842	23546	3083	7633896	7645674	1122583135541889
0	0	0	0	0	0	0
828424	804356	24068	1639	4751706	4390136	1122583152393773
821762	797752	24010	4708	10873272	10521980	1122583164279021
1484160	1459214	24946	3991	9441804	9749380	1122583175395403
1590242	1566296	23946	895	2797876	3663984	1122583179973417
1180186	1157860	22326	130	1655618	1724638	1122583182999341
1337552	1313912	23640	3547	8597676	8714860	1122583193126661
954874	830064	124810	2350	6294628	5938038	1122583200565911
0	0	0	0	0	0	0
1397570	1372832	24738	3071	7058488	7823252	1122583225704367
1602294	1579758	22536	3121	7716710	8127860	1122583235213063
1528258	1504170	24088	3537	8139586	8884076	1122583245070953
1478492	1454632	23860	1541	4541744	4844038	1122583251281121
912184	889650	22534	4851	11147698	10896634	1122583263530739
1713152	1688014	25138	3520	8519532	9040388	1122583273953621
1610146	1586726	23420	3752	8511060	9401680	1122583284264549
1529074	1505490	23584	1926	4935524	5663924	1122583290919419
1342378	1318512	23866	4751	10425102	11128296	1122583302880629
1496462	1471808	24654	2108	5678138	5994884	1122583310248673
1397444	1374804	22640	3409	8277468	8499164	1122583320113557
748744	726224	22520	1582	4427128	4196676	1122583325478833
1044544	1021650	22894	1307	4076580	3947352	1122583330790559
1667546	1644168	23378	3269	7993374	8487706	1122583340641495
537874	514012	23862	1444	4196532	3710008	1122583345565783
209306	183866	25440	367	2202128	1234764	1122583348167219
1486424	1462632	23792	4526	10510620	10821448	1122583360354281
1676354	1639882	36472	1010	3511952	3979382	1122583365732143
0	0	0	0	0	0	0
1723848	1699592	24256	4507	10469460	11021702	1122583387185473
1005870	982758	23112	3592	8587984	8473530	1122583396969431
652988	629736	23252	4429	10320936	9794656	1122583408136453
1404390	1378924	25466	2363	6198844	6413936	1122583415929779
1369654	1345964	23690	3697	8787538	9046298	1122583426276957
1382390	1259184	123206	765	2994166	3195826	1122583430843677
0	0	0	0	0	0	0
1456090	1432962	23128	1186	3725334	4111508	1122583445593253
738890	715218	23672	2722	6911952	6471758	1122583453434007
1737674	1715540	22134	2586	6638930	7196828	1122583462000777
1751414	1728818	22596	2562	6408584	7158092	1122583470350407
931700	909508	22192	3618	8304690	8450154	1122583479776635
1178952	1155540	23412	410	2280288	2281970	1122583483425861
1264428	1215988	48440	4858	10893244	11263500	1122583495773221
0	0	0	0	0	0	0
1481342	1457274	24068	3846	8572544	9461594	1122583512200017
1546758	1521276	25482	3808	9171002	9445416	1122583523107373
1276176	1251386	24790	616	2595566	2790550	1122583527168787
1767118	1643918	123200	730	2951522	3511364	1122583532077653
1537128	1511750	25378	4975	11408744	11770324	1122583545213579
1551272	1468158	83114	3171	7647422	8177472	1122583554601643
1404444	1381834	22610	3263	7972074	8213394	1122583564168749
908244	876658	31586	3658	8409452	8508068	1122583573676493
0	0	0	0	0	0	0
1472864	1448774	24090	1899	5263056	5553304	1122583589631009
1713820	1688606	25214	4467	10677092	10932076	1122583602211861
1663714	1640172	23542	4256	9409690	10460366	1122583613475635
649964	612242	37722	1769	4480164	4470224	1122583618795853
1241464	1217224	24240	4276	10136380	10076360	1122583630363281
501418	474908	26510	301	2058430	1386426	1122583633113189
952166	930164	22002	3424	8304250	8082352	1122583642559887
1641334	1617790	23544	2861	7186148	7645462	1122583651577015
619960	596126	23834	4112	9066826	9127548	1122583661453483
1623520	1599184	24336	4151	9770358	10214432	1122583673037007
0	0	0	0	0	0	0
1530550	1505432	25118	4034	9528458	9882824	1122583692033893
1654966	1633026	21940	4903	11397396	11743536	1122583705276227
1494092	1469512	24580	1688	4913188	5156954	1122583711873309
1447084	1423874	23210	2109	5727492	5948674	1122583719238189
1751330	1725742	25588	1608	4591256	5249254	1122583725770439
622704	464058	158646	962	2976844	2834466	1122583729559793
767414	745570	21844	3338	8073100	7729446	1122583738590399
1389514	1365452	24062	735	2932768	3141454	1122583743102503
1268344	1245718	22626	1482	4430220	4515598	1122583748991247
1201828	1179328	22500	3071	7604578	7626996	1122583757990717
1554136	1500122	54014	4014	9489734	9864982	1122583769224897
788536	765968	22568	1443	4363714	3957760	1122583774567237
1791124	1768680	22444	1781	5019418	5636836	1122583781567829
1458162	1434194	23968	2561	6590820	6869372	1122583789806783
0	0	0	0	0	0	0
1665072	1642120	22952	1244	3949364	4436496	1122583804353617
1304700	1282140	22560	2967	6770900	7521956	1122583812619133
1756338	1732112	24226	1604	4669458	5247758	1122583819234733
912932	888884	24048	39	1185524	1274106	1122583821523341
1642254	1615090	27164	1695	4963142	5315436	1122583828318557
1786908	1664414	122494	4374	10349722	10817668	1122583840645149
1550418	1527790	22628	3531	8522762	8896470	1122583850908579
0	0	0	0	0	0	0
1408612	1385812	22800	2483	6145932	6659458	1122583866102653
879478	855380	24098	4695	10851398	10555780	1122583878023187
0	0	0	0	0	0	0
1099368	1074744	24624	4985	11033900	11352796	1122583897763157
1491106	1467196	23910	4703	10862418	11179310	1122583910306797
1529488	1503802	25686	3532	8524730	8875850	1122583920551137
898562	873932	24630	2604	6670516	6389482	1122583928310187
901936	876808	25128	4218	9225090	9620976	1122583938627457
1646206	1621844	24362	596	2649698	3120590	1122583943113681
1593336	1568940	24396	4133	9651642	10143268	1122583954548729
758662	732470	26192	4664	10690574	10371356	1122583966188025
1627870	1604696	23174	3903	9271208	9717398	1122583977277103
1487432	1464790	22642	1905	4857814	5580872	1122583983812633
1530602	1508148	22454	3540	8152442	8900302	1122583993685723
1694650	1670658	23992	4592	10109252	11163376	1122584005679659
807388	783780	23608	4918	11419490	10926822	1122584018096303
1729710	1705718	23992	1158	3456236	4328764	1122584023472567
1732400	1708396	24004	856	2598436	3728328	1122584027993197
793790	770238	23552	3235	7223708	7547138	1122584036200599
1398798	1370956	27842	553	2579682	2786936	1122584040369533
1478456	1454616	23840	3179	7821442	8119578	1122584049859133
952456	929636	22820	4849	11163212	10933936	1122584062165057
1034958	1012160	22798	4083	9163322	9483616	1122584072553473
0	0	0	0	0	0	0
1329662	1305504	24158	3894	9247902	9401004	1122584094936005
1634506	1611496	23010	1731	4738306	5379974	1122584101502797
1529612	1507168	22444	2542	6551322	6902466	1122584109773793
1636736	1614140	22596	1197	3476408	4325318	1122584115076899
735966	597246	138720	4572	10506944	10163628	1122584126510061
760838	736908	23930	4725	10926222	10494682	1122584138386853
1238946	1216450	22496	1616	4691192	4754422	1122584144506931
1198020	1172396	25624	2907	7273128	7294750	1122584153167957
493322	471440	21882	2035	5527680	4845790	1122584159379137
953420	927512	25908	251	1978534	1743232	1122584162501243
1434388	1411234	23154	4439	10439722	10596512	1122584174588149
1566268	1544274	21994	4084	9731224	10017402	1122584186075963
1462036	1435248	26788	3836	9129588	9416258	1122584196857603
8297948	8294648	3300	1843	5050302	12267190	1122584210399485
1462966	1437294	25672	2724	6913532	7193960	1122584218966403
1693448	1671416	22032	2228	6001900	6433620	1122584226854769
1515598	1492546	23052	4334	10265538	10466194	1122584238828889
1181448	1158214	23234	220	1711048	1903040	1122584241914723
785076	762092	22984	2469	6352318	6007016	1122584249242253
1508568	1482812	25756	4381	10224764	10555076	1122584261165677
755988	734024	21964	3324	8111400	7687424	1122584270222973
1602524	1535910	66614	1701	4366250	5287728	1122584276381525
1531368	1508022	23346	2389	6048092	6591666	1122584284150269
921818	900024	21794	1254	3462338	3714018	1122584288724681
1662752	1581076	81676	1146	3088622	4238116	1122584293665625
575146	551526	23620	1524	4513236	3906506	1122584298944001
1748300	1719738	28562	2838	7139476	7707278	1122584308025035
1417308	1393948	23360	757	2869940	3214438	1122584312502023
826788	803434	23354	1387	4366474	3884112	1122584317885449
1659540	1570558	88982	1916	5297090	5774992	1122584325032147
1715970	1659360	56610	778	3020530	3555468	1122584329958537
0	0	0	0	0	0	0
1400190	1376556	23634	1366	3822914	4415076	1122584344974677
1260592	1237784	22808	4116	9592570	9775118	1122584356020999
0	0	0	0	0	0	0
997954	975928	22026	2343	5724658	5967862	1122584373332183
1184816	1162150	22666	138	1440012	1746060	1122584376147053
1264830	1240720	24110	3398	8232858	8343282	1122584385834983
570284	547702	22582	577	2319694	2013022	1122584388914419
1409910	1387884	22026	4330	10120286	10352878	1122584400638001
784394	752112	32282	1997	5486356	5061800	1122584407098389
632396	539080	93316	751	2959590	2416894	1122584410880385
1345030	1321256	23774	304	2055900	2235252	1122584414474987
1630518	1606656	23862	1683	4430910	5280032	1122584420726453
1210448	1182554	27894	24	1315726	1541520	1122584423442357
1137254	1114184	23070	4052	9575624	9529136	1122584434345039
1865080	1762784	102296	1074	3048320	4295332	1122584439448849
543798	521416	22382	192	1760740	1215834	1122584441943543
1091184	1066606	24578	1046	3562088	3466314	1122584446786937
1224168	1200760	23408	1820	5112910	5147124	1122584453313833
1394888	1372042	22846	1357	4177560	4392248	1122584459076517
311760	269466	42294	503	2486684	1600892	1122584462065341
1637984	1612922	25062	3001	7466598	7923424	1122584471359537
1834354	1810488	23866	4432	9905966	10980806	1122584483289769
1425638	1402952	22686	3206	7875724	8119434	1122584492780921
1472468	1448922	23546	901	3266684	3558000	1122584497709785
1663234	1640320	22914	4711	10877368	11367754	1122584510440463
1595520	1573140	22380	1660	4776900	5198016	1122584517002689
1698806	1675974	22832	689	2862604	3360800	1122584521753967
1637798	1615096	22702	3718	8341086	9356288	1122584531922903
1083334	1060934	22400	4450	10356264	10266222	1122584543552363
0	0	0	0	0	0	0
1773798	1653868	119930	1159	3723004	4375664	1122584559924653
0	0	0	0	0	0	0
0	0	0	0	0	0	0
1419756	1396440	23316	339	2145864	2381760	1122584588766385
1170416	1147836	22580	3398	8110592	8249996	1122584598236997
849756	826448	23308	1625	4710260	4382500	1122584603998317
1501760	1480032	21728	3388	8238224	8561974	1122584613928225
584974	558788	26186	2588	6640384	6045096	1122584621343369
1119914	1096574	23340	4440	10342844	10286806	1122584632996203
1579624	1553980	25644	2426	6378216	6714856	1122584641143925
656264	633884	22380	1390	4113976	3719200	1122584646104481
1505328	1482394	22934	517	2495476	2823448	1122584650295529
1795138	1772132	23006	3612	8305154	9302640	1122584660585201
995568	972702	22866	3997	8918764	9271770	1122584670689617
657622	633036	24586	1515	4488440	3969732	1122584676025597
1447412	1421986	25426	4807	10537924	11349952	1122584688201321
487836	465156	22680	2226	5546846	5223090	1122584694425665
1727234	1704508	22726	2777	6736436	7563210	1122584703079051
1825756	1803432	22324	1518	3878960	5144006	1122584708973533
1581678	1557250	24428	4911	11287622	11688238	1122584722111315
856230	833724	22506	1246	3952198	3632158	1122584727109805
791104	768200	22904	3597	8649584	8266932	1122584736740633
1429282	1406004	23278	3397	8252742	8506500	1122584746612733
1587620	1564972	22648	1898	5176634	5667274	1122584753567063
1578456	1556208	22248	3990	8890372	9841730	1122584764225805
617280	594910	22370	1573	4607520	4045550	1122584769640521
1466014	1444210	21804	2998	7455004	7744728	1122584778751225
1418962	1396292	22670	4025	9510106	9753196	1122584789870077
0	0	0	0	0	0	0
1288022	1264562	23460	4058	9647634	9685896	1122584805967055
466036	441940	24096	2849	7097866	6447918	1122584813721021
0	0	0	0	0	0	0
803812	781052	22760	2576	6397616	6238554	1122584828534635
1380240	1357452	22788	1794	5046372	5252328	1122584835151023
1148778	1124294	24484	3309	8080244	8050396	1122584844569483
1572378	1549452	22926	1021	3505756	3897348	1122584849837109
664238	640144	24094	2521	6095580	5994398	1122584856786853
1203214	1181458	21756	256	1419418	1997592	1122584859599843
1430948	1407598	23350	1647	4742580	5013750	1122584865963565
1692342	1669086	23256	3051	7534628	8078000	1122584875380847
1184236	1161430	22806	82	1299900	1632622	1122584878054717
1449136	1422264	26872	3606	8601592	8943572	1122584888295561
0	0	0	0	0	0	0
0	0	0	0	0	0	0
1048118	1025170	22948	2847	7033992	7030584	1122584911778319
1678234	1653648	24586	4533	10527706	11027674	1122584924174409
1527856	1505262	22594	2314	6087456	6439946	1122584931979943
1641286	1608514	32772	1416	4294354	4756392	1122584938105315
1550644	1527010	23634	4815	11034222	11464370	1122584950880585
1470182	1447442	22740	1925	4911588	5603540	1122584957456077
1623008	1531806	91202	804	3081880	3519994	1122584962350863
1158044	1134600	23444	3314	8092974	8067952	1122584971791833
952452	929772	22680	3590	8667824	8415276	1122584981602173
1826426	1701422	125004	4213	10021442	10535768	1122584993640037
881278	857024	24254	4843	10473584	10851034	1122585005184795
1294712	1138262	156450	2107	5674918	5792378	1122585012344167
249464	221302	28162	466	2393104	1463116	1122585015176905
1316534	1292372	24162	165	1792858	1929592	1122585018475941
1140972	1118000	22972	3640	8145252	8703964	1122585027952349
1783150	1758952	24198	929	3320586	3925200	1122585033246487
1478018	1381138	96880	4618	10330424	10996488	1122585045245275
1387324	1364816	22508	3585	8757336	8845712	1122585055580513
1181014	1157940	23074	169	1406386	1801302	1122585058358109
762676	738726	23950	887	3243352	2819402	1122585062553803
1222594	1199444	23150	3960	8885366	9426964	1122585072851645
0	0	0	0	0	0	0
1056040	1032828	23212	256	1972116	1851432	1122585081432981
499070	431296	67774	2861	7220628	6513030	1122585089365957
0	0	0	0	0	0	0
1369356	1226826	142530	747	2952702	3147534	1122585100500157
994220	971452	22768	4831	10732634	10939888	1122585112416969
1310776	1288418	22358	3066	7604264	7725960	1122585121521441
1113558	1088696	24862	3173	7814968	7746808	1122585130640183
1555876	1533284	22592	840	3146264	3518796	1122585135532371
963562	940084	23478	3440	8348342	8133680	1122585145034033
0	0	0	0	0	0	0
1210138	1185260	24878	4969	10965704	11430664	1122585161130541
1604374	1581008	23366	2874	7207554	7635040	1122585170132689
1497468	1474716	22752	2794	6473790	7377710	1122585178293757
1130464	1107592	22872	1947	5352480	5308320	1122585184966673
1738402	1716020	22382	3675	8820060	9372518	1122585195718511
0	0	0	0	0	0	0
1458842	1435404	23438	2129	5274914	6000502	1122585210550879
1804202	1658576	145626	1178	3813050	4442734	1122585216358177
1644432	1619934	24498	4357	10127504	10641432	1122585228320341
817774	795412	22362	2768	6347156	6636876	1122585235675597
0	0	0	0	0	0	0
1563240	1541416	21824	1345	3666262	4535760	1122585247660957
1707586	1683336	24250	2397	5882766	6783638	1122585255441281
0	0	0	0	0	0	0
1586038	1562084	23954	4668	10577210	11205418	1122585279707507
900128	878424	21704	2509	6402466	6201116	1122585287199579
1555122	1532098	23024	2084	5627986	6005940	1122585294572541
933746	861214	72532	1008	2990646	3232886	1122585298687089
1446718	1417714	29004	989	3232236	3708722	1122585303556023
1444748	1398110	46638	2209	5873262	6150210	1122585311064011
1122724	1098850	23874	2132	5671144	5670284	1122585318047919
226732	183008	43724	529	2523108	1567888	1122585320987889
1105944	1082500	23444	1889	5237378	5165558	1122585327521079
0	0	0	0	0	0	0
1101636	1077318	24318	1836	5199328	5056512	1122585337208693
976648	952376	24272	3609	8288362	8477804	1122585346663673
1703800	1681324	22476	3931	9323128	9848364	1122585357880721
1534168	1512314	21854	997	3210168	3810754	1122585362815057
931138	908710	22428	83	1626308	1381084	1122585365565939
1052264	1027322	24942	1970	5404608	5278798	1122585372213053
1472042	1447996	24046	897	3249824	3548858	1122585377124771
897752	874560	23192	3170	7932194	7519878	1122585386144421
727444	703792	23652	4614	10688654	10238130	1122585397750073
1276912	1252010	24902	4075	9256468	9714204	1122585408473393
1727726	1704476	23250	1936	5483270	5882850	1122585415874167
1669994	1647024	22970	3810	8432550	9574286	1122585426166369
1225566	1200666	24900	4699	10858332	10907434	1122585438439883
0	0	0	0	0	0	0
1724660	1701394	23266	571	2604946	3149962	1122585451508903
1460576	1435056	25520	2121	5723500	5990976	1122585458882721
1183374	1159974	23400	204	1876040	1873966	1122585462135455
1371422	1343606	27816	653	2909574	2960840	1122585466631527
1164186	1140194	23992	4899	10972392	11244692	1122585478958201
1014642	991864	22778	1951	5361158	5199144	1122585485526565
1433914	1409102	24812	1533	4537576	4790044	1122585491687845
1460362	1436100	24262	875	2844282	3493120	1122585496182217
914984	892278	22706	1820	5097772	4838088	1122585502384791
978436	858078	120358	1624	4705350	4509468	1122585508258191
968114	944866	23248	4226	9911438	9703234	1122585519327801
1453650	1429730	23920	2530	6517780	6796690	1122585527489265
1221192	1197950	23242	287	1640580	2078338	1122585530540793
1021086	998240	22846	2017	5503342	5338868	1122585537254617
1277670	1252954	24716	4637	15911076	10833878	1122585554633107
1586774	1562298	24476	3099	7662242	8067430	1122585564072135
1597882	1574408	23474	3072	7603174	8025742	1122585573463151
1594304	1569144	25160	4460	9757998	10797134	1122585585005511
846342	823576	22766	2320	5505884	5770042	1122585591547517
1694572	1668150	26422	3691	8851276	9367110	1122585602283685
1737390	1714514	22876	3515	8300718	9051328	1122585612512409
1405664	1381932	23732	1689	4516380	5067234	1122585618624605
1032594	1009842	22752	4036	9440138	9388484	1122585629287491
1605272	1581778	23494	3330	8119320	8548698	1122585639202073
1604914	1581662	23252	3527	8002408	8942368	1122585648999623
1404844	1378962	25882	4512	10046326	10711598	1122585660641485
1738370	1612156	126214	4272	9989160	10564726	1122585672558937
1644188	1620706	23482	2431	6321174	6789164	1122585680714717
0	0	0	0	0	0	0
389930	367432	22498	270	1578168	1213890	1122585688238395
1533306	1511100	22206	1835	5130120	5488510	1122585695091681
1221204	1198048	23156	2272	5526640	6049640	1122585702029513
0	0	0	0	0	0	0
923554	901590	21964	2583	6471520	6372952	1122585715773801
986250	962274	23976	4192	9314100	9654750	1122585726264427
1529782	1505814	23968	4268	10081016	10349816	1122585738065857
803404	781698	21706	2526	6363576	6140328	1122585745423433
1410436	1387404	23032	4175	9816440	10049060	1122585756840381
1131922	1108508	23414	1343	4045770	4101926	1122585762211777
1717508	1691348	26160	2034	5532060	6070106	1122585769651317
676148	649492	26656	894	2876304	2746308	1122585773393917
1760556	1738420	22136	3835	8947930	9713802	1122585784292243
0	0	0	0	0	0	0
876500	853820	22680	3525	8115692	8209288	1122585798820089
1427902	1404774	23128	2292	6042680	6294580	1122585806483463
257556	231530	26026	421	2329318	1405710	1122585809260511
1573268	1550838	22430	1282	4021192	4419598	1122585815044733
1034168	1010472	23696	1609	4675380	4534890	1122585820943633
1679658	1655518	24140	4497	10456170	10958226	1122585833273033
1605650	1582930	22720	1542	3904022	4972016	1122585838972959
1334994	1213276	121718	1225	3491532	4068402	1122585843992291
1040362	1017656	22706	3580	8622510	8481352	1122585853845533
454994	431034	23960	371	2201878	1479820	1122585856692169
1402860	1378620	24240	2230	5920394	6146900	1122585864205955
1475012	1444944	30068	2381	6235140	6520122	1122585872106067
477654	453310	24344	2057	5579290	4875056	1122585878352639
813260	790522	22738	3524	8508240	8143242	1122585887864169
887532	861186	26346	2149	5219014	5467652	1122585894160463
1286756	1263334	23422	4944	11356650	11458832	1122585906993549
1683120	1660456	22664	3449	8355060	8864338	1122585917221881
1401348	1377972	23376	4539	9954394	10761278	1122585928768027
1182572	1159412	23160	192	1840396	1851204	1122585931981193
897178	874386	22792	2481	6512760	6143044	1122585939603713
1093450	1069290	24160	4389	10244406	10159504	1122585951131933
1215844	1193324	22520	2949	7358984	7397150	1122585959896285
1106116	1082522	23594	3720	8614434	8838286	1122585969806483
0	0	0	0	0	0	0
332532	309834	22698	701	2485446	2018382	1122585985176743
1135930	1110332	25598	4793	11045026	11006380	1122585997548053
771952	748970	22982	2731	6927824	6522694	1122586005437995
1267026	1239194	27832	3654	8372368	8858618	1122586015266995
1518526	1491884	26642	3423	7720742	8647386	1122586024696541
1463856	1441462	22394	3618	8701490	8984056	1122586035051685
1543578	1520436	23142	937	3167912	3700348	1122586039953399
1825574	1803120	22454	2350	5762058	6814442	1122586047731317
1598134	1573974	24160	523	2390206	2931982	1122586051909855
0	0	0	0	0	0	0
0	0	0	0	0	0	0
1180448	1157796	22652	445	1685672	2354610	1122586062046105
1296800	1272202	24598	4271	9995548	10121542	1122586073528377
1187146	1163738	23408	4308	10093362	10091188	1122586084998589
1405996	1380548	25448	4659	10828878	11006686	1122586097423359
1653878	1552056	101822	598	2665984	3137182	1122586101933199
1429638	1407618	22020	2719	6898318	7150298	1122586110450939
676664	625144	51520	2527	6516436	6013170	1122586117833905
0	0	0	0	0	0	0
1522408	1489370	33038	1682	4870782	5171014	1122586132279531
1554564	1532070	22494	1631	4793184	5098876	1122586138817633
1191274	1160032	31242	128	1535678	1730974	1122586141738309
1337216	1314412	22804	4569	10504812	10760154	1122586153770165
1183164	1160654	22510	126	1334828	1724076	1122586156478109
1667900	1644326	23574	87	1710482	2125046	1122586160046821
729230	706310	22920	3824	8446382	8663590	1122586169412099
1905770	1747236	158534	3739	8940752	9671346	1122586180448531
1610076	1586900	23176	3153	7634080	8198846	1122586189882733
0	0	0	0	0	0	0
1327028	1303824	23204	2058	5588106	5726740	1122586200263605
1431666	1398806	32860	3238	7938658	8191396	1122586209824229
318158	295236	22922	312	2080252	1225126	1122586212412687
705308	679332	25976	3157	7797776	7302640	1122586221105757
889322	866514	22808	3223	7902600	7618572	1122586230087721
896390	873004	23386	243	1945256	1667186	1122586233118779
1448228	1423940	24288	467	2399306	2665546	1122586237156555
1473506	1438980	34526	4652	10763686	11060196	1122586249583717
1634044	1610932	23112	4695	10980494	11307294	1122586262388189
1760820	1690520	70300	762	2985494	3567764	1122586267324941
1415306	1268932	146374	963	2913002	3626400	1122586271843401
1182900	1158414	24486	400	1518680	2266534	1122586274734929
1401242	1375696	25546	3189	7843498	8062692	1122586284169205
1650102	1626740	23362	4682	10831186	11297942	1122586296840003
1650166	1625366	24800	1819	5188294	5569832	1122586303871977
1556248	1529834	26414	895	3251908	3628086	1122586308870031
1769856	1608868	160988	320	2107468	2692612	1122586312941653
1573430	1551432	21998	3966	8946600	9788766	1122586323655119
1413528	1388588	24940	714	2524736	3125148	1122586327783217
1547896	1524844	23052	2764	6914332	7358142	1122586336435485
0	0	0	0	0	0	0
0	0	0	0	0	0	0
7720128	7716922	3206	3201	7868056	14405748	1122586362847537
1669688	1643494	26194	1900	5358368	5754054	1122586370069043
773214	749568	23646	4672	10116142	10406628	1122586381148437
1032368	1009394	22974	153	1766620	1621200	1122586384137609
1068968	1045652	23316	3198	7903540	7747196	1122586393300117
426682	404008	22674	588	2634738	1887276	1122586396551805
1458288	1378708	79580	2721	6996648	7183008	1122586405219343
1477158	1452782	24376	1103	3675554	3966838	1122586410562193
1687506	1661358	26148	2384	6263394	6774452	1122586418703321
1506020	1482848	23172	2908	6611580	7604928	1122586427010923
1183402	1157420	25982	372	1683668	2211088	1122586430068297
1258308	1234332	23976	3139	7745046	7818668	1122586439261109
704928	682096	22832	1263	3595604	3514514	1122586443751689
1415198	1388604	26594	2561	6584580	6820778	1122586451941913
1524268	1499920	24348	1519	4234992	4846328	1122586457890949
1662702	1629750	32952	1868	5059660	5682008	1122586464803365
1712058	1680692	31366	3472	7896046	8939226	1122586474604621
1624682	1602310	22372	4907	10870010	11723546	1122586487289157
1758616	1734874	23742	4167	9427056	10375596	1122586498665037
935870	909222	26648	951	3369866	3120660	1122586503160285
1611646	1586490	25156	1851	4744158	5597712	1122586509705937
759784	736378	23406	1590	4045516	4224278	1122586514702035
1716638	1693496	23142	589	2580490	3177258	1122586519188893
1180236	1157558	22678	195	1557240	1853116	1122586522116473
1153830	1129564	24266	2721	6911718	6879638	1122586530372005
1669698	1533136	136562	2067	5593706	6087426	1122586537825819
1669018	1644638	24380	2388	5692678	6727606	1122586545377041
1431326	1376272	55054	4887	11234498	11492316	1122586558233293
1612758	1586438	26320	4998	11408524	11891888	1122586571444633
1620150	1597740	22410	1048	3130938	3999030	1122586576385961
1399024	1375634	23390	388	2143662	2458756	1122586580118817
1759976	1736328	23648	4060	9587350	10164032	1122586591655649
1500270	1477858	22412	918	3303952	3620964	1122586596649913
1603966	1579838	24128	3950	9343876	9786984	1122586607787559
1563222	1538800	24422	3299	8061858	8444310	1122586617602703
903338	880598	22740	2518	6012614	6223658	1122586624708793
720874	694992	25882	1972	5404816	4948630	1122586631024241
1506914	1475640	31274	2965	7391120	7719508	1122586640112249
1256344	1234202	22142	4362	10188944	10264032	1122586651747599
1773978	1734404	39574	4345	9589050	10745824	1122586663301153
1189610	1166288	23322	252	1553974	1977014	1122586666234777
1690606	1667082	23524	2260	5948500	6494654	1122586674063701
1504322	1481324	22998	3056	6947534	7906444	1122586682705333
1652512	1629424	23088	1249	3560224	4433950	1122586688107487
1704874	1681788	23086	3482	8229410	8951884	1122586698231789
672000	649928	22072	578	1948600	2115562	1122586701042849
1694312	1671504	22808	3726	8781816	9429238	1122586711709093
1711564	1685934	25630	432	2226132	2865712	1122586715836341
878746	855872	22874	1476	4258764	4113338	1122586721163441
1682566	1658246	24320	1578	4615036	5121632	1122586727651181
1400192	1376752	23440	2249	5411030	6181332	1122586734652807
0	0	0	0	0	0	0
1186412	1161792	24620	38	1042226	1545848	1122586749396887
1460972	1365882	95090	701	2883824	3150626	1122586753931467
1404840	1381668	23172	2883	6729176	7473196	1122586762255265
574414	551614	22800	3978	9461398	8813968	1122586772480769
496620	473072	23548	3495	8451998	7769000	1122586781618901
1605744	1582144	23600	3730	8925328	9347680	1122586792339929
1704014	1664748	39266	4538	10432284	11062840	1122586804666149
913620	854608	59012	1181	3220068	3559732	1122586808989717
1565476	1543304	22172	2714	6350660	7276618	1122586817095461
1358498	1333836	24662	1225	3794366	4092364	1122586822438479
1362062	1337726	24336	2628	6711692	6900292	1122586830701959
1404452	1379900	24552	4001	9480004	9690982	1122586841776269
0	0	0	0	0	0	0
1042526	1018512	24014	1116	3299480	3559180	1122586850868301
551522	527984	23538	4282	10026074	9397016	1122586861639177
365796	343334	22462	493	2526720	1635404	1122586864721437
790394	766808	23586	556	2540424	2186748	1122586868266009
0	0	0	0	0	0	0
1472688	1447904	24784	3641	8215348	9037574	1122586890328145
1675290	1646712	28578	3694	8755082	9345606	1122586900948643
1459786	1436876	22910	3797	9058278	9337128	1122586911661117
268308	186318	81990	360	2202104	1272636	1122586914321591
1651928	1627506	24422	3414	8287634	8763920	1122586924451109
1594954	1467980	126974	2952	7188240	7782842	1122586933424123
1600364	1577598	22766	4922	11318690	11739552	1122586946533433
652792	627832	24960	998	3321520	2931980	1122586950697777
885752	863216	22536	2081	5147146	5331436	1122586956920693
1001976	979198	22778	121	1706864	1527888	1122586959822953
1666626	1635568	31058	741	2945724	3431692	1122586964625529
1218884	1195502	23382	2532	6525296	6566516	1122586972559739
1527496	1504876	22620	1722	4903080	5254654	1122586979180331
1191728	1163236	28492	58	1578840	1590242	1122586982140511
1404274	1380742	23532	1754	4969850	5194210	1122586988705019
1147738	1125054	22684	2074	5605182	5577756	1122586995648421
1440912	1418384	22528	2597	6656522	6919518	1122587003935507
1478314	1455080	23234	2080	5758874	5921192	1122587011362849
1596344	1574432	21912	1836	4775866	5551988	1122587017924897
898982	875516	23466	130	1719280	1442194	1122587020733477
1682526	1660000	22526	2069	5601300	6103118	1122587028206995
900160	874752	25408	2678	6375490	6539962	1122587035672537
0	0	0	0	0	0	0
1567302	1544760	22542	1080	3619742	4010684	1122587052609557
978990	736144	242846	967	2914444	3195824	1122587056693205
520920	484902	36018	2463	6315060	5729288	1122587063719103
1367464	1344244	23220	1022	3511334	3695110	1122587068787559
1422938	1398842	24096	3603	8678634	8912218	1122587079082945
712620	689142	23478	1355	4023386	3706260	1122587084008623
819560	795580	23980	3710	8875226	8522454	1122587093893509
1494726	1470610	24116	4999	11466340	11774962	1122587107044533
1560490	1535956	24534	3502	8153022	8847118	1122587116948253
0	0	0	0	0	0	0
1592866	1568864	24002	2809	7078606	7493608	1122587128840569
1245242	1220464	24778	1627	4719914	4781132	1122587134998893
0	0	0	0	0	0	0
1570804	1546876	23928	3908	9342672	9670250	1122587153930333
0	0	0	0	0	0	0
1304260	1280990	23270	3458	8382338	8504892	1122587166835659
723898	701224	22674	299	2062548	1603978	1122587169815287
1528436	1504422	24014	986	3432266	3784698	1122587174965753
1133180	1111024	22156	2761	6573656	6938502	1122587182866473
0	0	0	0	0	0	0
1421614	1377934	43680	1169	3798144	4043954	1122587197822789
719354	690328	29026	2529	6528620	6060092	1122587205260449
1396444	1373574	22870	2766	6991040	7211588	1122587213883517
1772556	1610342	162214	3818	9107328	9690542	1122587224953505
1594812	1571710	23102	1750	4798236	5377682	1122587231539747
1263170	1236272	26898	2372	6005022	6296124	1122587238998033
1586978	1564326	22652	1229	3922770	4328512	1122587244697901
663032	639984	23048	4289	9876632	9524898	1122587255427741
1495520	1472890	22630	3973	9408990	9729592	1122587266522163
1728576	1700682	27894	3125	7550262	8262204	1122587275991125
1030642	1008868	21774	1993	4885320	5304500	1122587282097191
811368	786710	24658	1045	3559486	3185698	1122587286657865
702230	585306	116924	4853	11172314	10693124	1122587298722619
1723714	1700704	23010	533	5925990	3072900	1122587306562049
1319934	1297316	22618	615	2146282	2832908	1122587310218257
1070820	1046488	24332	392	1825954	2138632	1122587313305123
1344162	1179216	164946	1915	5167246	5457368	1122587320006383
1503630	1379224	124406	3939	8899666	9669130	1122587330599791
517350	492736	24614	2399	6262758	5597514	1122587337569481
462304	438844	23460	503	2468450	1755718	1122587340690413
1541180	1517940	23240	766	2993144	3356400	1122587345415249
430822	406938	23884	256	1985066	1231140	1122587348020883
1650950	1627918	23032	2662	6782608	7258492	1122587356644953
1556100	1530880	25220	4682	10180760	11202776	1122587368571977
1397882	1372268	25614	2947	7053674	7574782	1122587377213717
550444	387378	163066	3937	9275894	8707076	1122587387230149
0	0	0	0	0	0	0
971988	949104	22884	367	1543238	1988480	1122587395261689
1517978	1493840	24138	4643	10747632	11088206	1122587407717555
651798	626456	25342	3985	8919860	8906630	1122587417479343
594814	569652	25162	1715	4945782	4351508	1122587423210317
1830750	1668802	161948	948	2878472	4008330	1122587428110173
0	0	0	0	0	0	0
1521288	1496492	24796	3084	7445070	7972444	1122587443998593
1394336	1370734	23602	1612	4140818	4905470	1122587449723585
833548	802466	31082	82	1627574	1281494	1122587452374829
1686492	1663884	22608	541	2542208	3052832	1122587456793753
1470696	1445468	25228	1064	3722840	3881176	1122587462179857
1700452	1677674	22778	1438	4355408	4859760	1122587468425609
1505446	1483204	22242	4076	8953718	9940108	1122587479074501
0	0	0	0	0	0	0
1617382	1592110	25272	447	2352942	2796520	1122587486184429
1797858	1677680	120178	757	3052890	3595250	1122587491224833
1162946	1137672	25274	4618	10273764	10681494	1122587502851843
334230	311230	23000	436	2330900	1489730	1122587505711099
1031132	1009142	21990	3427	8311678	8168102	1122587515243943
1181622	1158358	23264	270	1568846	2005098	1122587518184407
459864	437042	22822	3861	9184406	8465614	1122587528018585
1199884	1177168	22716	2504	6466020	6491772	1122587535874509
1810602	1523826	286776	748	2953992	3589236	1122587540829219
1548108	1524754	23354	979	2763112	3788326	1122587545334657
1481516	1458602	22914	2357	6180000	6485458	1122587553186019
1183066	1157538	25528	43	1560526	1553498	1122587556119527
1464994	1440540	24454	4633	10729124	11014710	1122587568503391
0	0	0	0	0	0	0
1095948	1071124	24824	1151	3198308	3681588	1122587580330265
1571492	1546648	24844	3447	8354192	8748844	1122587590445709
1468082	1443910	24172	3099	7667172	7948910	1122587599770259
0	0	0	0	0	0	0
988344	956010	32334	4199	9871268	9670606	1122587616048377
1165292	1141296	23996	1753	4970674	4954464	1122587622375253
1364612	1271728	92884	3094	7648416	7836512	1122587631578513
1708204	1685130	23074	2978	6613574	7948292	1122587640090053
1404110	1377450	26660	4698	10637554	11083086	1122587652321849
0	0	0	0	0	0	0
1004796	981348	23448	1790	5069440	4888696	1122587667690471
1182532	1160154	22378	184	1438616	1834684	1122587670502135
1075644	1041882	33762	2449	6199694	6257518	1122587677967187
1620962	1586626	34336	4167	9205816	10243886	1122587688984443
1400802	1379246	21556	2790	6649144	7263686	1122587697224253
1198844	1161974	36870	8	1440476	1497692	1122587700053981
1476492	1452480	24012	345	2217240	2450006	1122587703937841
0	0	0	0	0	0	0
1520706	1495264	25442	1518	4368990	4840900	1122587717084001
1482112	1459330	22782	3876	9021192	9517754	1122587727777355
1542984	1518096	24888	475	2409794	2776956	1122587731920173
1573414	1551474	21940	628	2714536	3113078	1122587736398543
883706	861014	22692	3792	8838476	8749726	1122587746310783
8185540	8179276	6264	2114	5687740	12697346	1122587760374589
1494942	1472360	22582	2550	6566012	6878730	1122587768625843
978218	953466	24752	138	1736652	1536412	1122587771531081
1550898	1528066	22832	4150	9765886	10140800	1122587783037713
951970	929040	22930	2659	6631022	6553068	1122587790810737
1401400	1378518	22882	1973	5404786	5629732	1122587797810081
1650034	1627328	22706	3768	8804034	9469834	1122587808454609
1175986	1153314	22672	4173	9355844	9806350	1122587819176507
1280268	1256768	23500	2066	5166044	5695908	1122587825812717
1142450	1119924	22526	157	1846214	1738822	1122587828990905
1255274	1231316	23958	3739	8937888	9017202	1122587839373619
1213604	1191158	22446	2993	7541092	7487678	1122587848317925
0	0	0	0	0	0	0
587446	565758	21688	183	1838224	1236082	1122587855847667
1530634	1507898	22736	4562	10587992	10937482	1122587868156787
1071218	1046826	24392	1618	4697106	4589680	1122587874115281
1214870	1190562	24308	970	3410640	3438336	1122587878930959
1483484	1460506	22978	4618	10696880	11001618	1122587891305433
1749980	1727164	22816	358	2178312	2749748	1122587895423909
1632812	1608352	24460	1157	3606530	4230378	1122587900852753
536774	506676	30098	3241	7944286	7301820	1122587909526589
0	0	0	0	0	0	0
413334	390778	22556	411	2279932	1519534	1122587924813047
0	0	0	0	0	0	0
1329156	1306544	22612	3644	8744350	8899452	1122587939174767
1462908	1438554	24354	4623	10718718	10992356	1122587951546469
1399816	1377158	22658	2433	6240718	6554056	1122587959377293
711240	688686	22554	3730	8438128	8455420	1122587968716621
1793180	1705840	87340	3606	8672368	9287118	1122587979372503
0	0	0	0	0	0	0
780254	757110	23144	901	2869978	2866172	1122587993173503
1196808	1161910	34898	193	1862130	1865426	1122587996421983
1511420	1488820	22600	897	3287250	3589480	1122588001434581
0	0	0	0	0	0	0
1688166	1663604	24562	4937	11341288	11845478	1122588019155159
664384	641170	23214	895	2779816	2737082	1122588022789345
814656	739658	74998	4204	9696134	9504612	1122588033493587
1307346	1282212	25134	1193	3874022	3998712	1122588038864261
1403480	1380618	22862	1157	3773656	4000248	1122588044234309
1472628	1449802	22826	1775	5016576	5306088	1122588050913443
1521518	1498090	23428	3359	8147680	8523172	1122588060776213
1706924	1683058	23866	2438	6346566	6865290	1122588069023545
936028	913168	22860	912	2609644	3042660	1122588072758643
1754160	1731806	22354	3817	9092040	9671158	1122588083794729
0	0	0	0	0	0	0
1547988	1524120	23868	834	3131576	3500240	1122588094780429
0	0	0	0	0	0	0
1708620	1685636	22984	3018	7513174	8027994	1122588111956963
1613118	1568370	44748	1080	3464912	4056192	1122588117225399
297866	274266	23600	326	2172388	1232914	1122588119886107
1412740	1387708	25032	2323	6110030	6342358	1122588127598973
745780	722316	23464	168	1852060	1364526	1122588130385977
818084	793960	24124	2089	5720808	5278472	1122588137114273
1314960	1289504	25456	2884	7527840	7371026	1122588146147061
669016	644968	24048	2153	5764110	5257118	1122588152771063
918574	894282	24292	2873	6724904	6947620	1122588160604543
1294152	1269092	25060	4577	10614878	10732180	1122588172704067
1182340	1157708	24632	2046	5555904	5557488	1122588179632157
1579166	1554554	24612	3282	8024292	8425598	1122588189424915
1461054	1437032	24022	2183	5856968	6121562	1122588196932729
797842	775074	22768	1024	3507282	3130448	1122588201431471
1476120	1453126	22994	3381	8232136	8526812	1122588211329681
1666228	1644272	21956	2619	6701524	7191522	1122588219887737
1087216	1064696	22520	2207	5335410	5789428	1122588226500697
0	0	0	0	0	0	0
1528278	1457730	70548	1235	3389504	4281870	1122588240301659
495664	465614	30050	4500	10455926	9778256	1122588251442937
1404022	1381176	22846	2002	5466446	5696330	1122588258503273
1802790	1589576	213214	758	2973876	3601076	1122588263469999
1613974	1591212	22762	1917	5189622	5735996	1122588270463117
1585742	1561498	24244	4866	11041526	11601784	1122588283280825
1662952	1640384	22568	1565	4260296	5075688	1122588289393945
1465772	1375736	90036	2710	6507042	7169072	1122588297556747
1524572	1374038	150534	3802	9076110	9416464	1122588308347447
1727510	1704790	22720	3889	9235378	9789170	1122588319500293
1663000	1640208	22792	1803	4674640	5551884	1122588326027695
1633412	1610188	23224	3098	7242784	8112920	1122588335094069
1534136	1402388	131748	377	2010440	2571046	1122588338828809
1557114	1534688	22426	2894	7262304	7627726	1122588347841681
462264	439584	22680	1815	5091108	4375804	1122588353584801
713626	677794	35832	697	2863706	2395682	1122588357352143
1127552	1104634	22918	2187	5290038	5784640	1122588363960041
608770	586344	22426	3418	8294670	7727078	1122588373053159
1564306	1540752	23554	1080	3618258	4007852	1122588378424641
830542	806344	24198	4588	10485446	10288260	1122588389930797
1548060	1520960	27100	1679	4819846	5189118	1122588396488287
1675790	1653862	21928	3070	7607578	8099888	1122588405961899
1460386	1437910	22476	785	2904214	3314772	1122588410516499
1581352	1557920	23432	2971	6904082	7805820	1122588419191389
1658834	1635448	23386	1889	5206732	5719888	1122588426246801
1324440	1301400	23040	3379	7615692	8365070	1122588435376353
1082062	1059604	22458	1766	5002410	4902996	1122588441649957
0	0	0	0	0	0	0
481716	402450	79266	1153	3173732	3071298	1122588454557461
1678128	1449382	228746	1844	5150744	5650734	1122588461587869
1117008	1093800	23208	4103	9674104	9611776	1122588472568649
1723072	1699684	23388	2491	6443290	6988774	1122588480924621
521654	493426	28228	2528	5885104	5860466	1122588487525163
0	0	0	0	0	0	0
1568224	1544924	23300	3613	8620052	9083504	1122588505789645
1477486	1454632	22854	4592	10575644	10943966	1122588518032807
851898	829064	22834	3249	7900664	7633944	1122588526975133
0	0	0	0	0	0	0
1647004	1624026	22978	965	2692452	3860500	1122588544176141
0	0	0	0	0	0	0
0	0	0	0	0	0	0
1400774	1378148	22626	2530	6672596	6745194	1122588570533703
1689722	1666356	23366	2681	6439260	7333974	1122588578852603
1254662	1230690	23972	1560	4692782	4658042	1122588584993417
0	0	0	0	0	0	0
841776	817020	24756	3365	8031214	7855660	1122588603926441
1353970	1332078	21892	3213	7885652	8063504	1122588613356525
1462290	1439582	22708	1309	4079808	4367832	1122588619088843
1324386	1300976	23410	3605	8677780	8817768	1122588629280849
503388	479052	24336	360	2181440	1506758	1122588632155853
736218	713212	23006	4757	10978754	10533572	1122588644060589
1281976	1258924	23052	142	1261966	1854740	1122588646794317
1537984	1513918	24066	2001	5346104	5824484	1122588653872299
1020406	997954	22452	3810	8995906	8923580	1122588664078629
1599366	1576844	22522	1020	2791168	3926508	1122588668659541
1410292	1386424	23868	3852	9162614	9396766	1122588679422367
983196	960686	22510	56	1577688	1382730	1122588682173283
572192	547628	24564	4159	9775350	9174834	1122588692710177
844202	821762	22440	3229	7959506	7585884	1122588701704117
1658508	1635864	22644	375	2217510	2691864	1122588705770439
539652	514088	25564	1427	4315156	3677876	1122588710815517
1041558	1019584	21974	3318	8096462	7960598	1122588720147369
0	0	0	0	0	0	0
0	0	0	0	0	0	0
1218306	1194882	23424	4516	10627804	10534940	1122588744865883
1175402	1150790	24612	4325	10112566	10108520	1122588756346945
1764846	1638810	126036	1821	5098526	5690104	1122588763400333
1181318	1158198	23120	52	919058	1568990	1122588765690787
1459826	1436894	22932	4542	10512384	10827388	1122588777853149
547076	523922	23154	291	2041322	1411460	1122588780632403
1239624	1215862	23762	3259	7976776	8040710	1122588790038895
1506406	1482616	23790	4029	9062578	9852580	1122588800797577
1661194	1631024	30170	4554	10096382	11052226	1122588812748281
1421540	1396522	25018	2045	5376854	5793838	1122588819736583
1496824	1473516	23308	2378	6186442	6536362	1122588827609799
1455584	1433136	22448	3803	9067138	9344372	1122588838322507
1409688	1387154	22534	2660	6696310	7012430	1122588846618551
1080712	1051590	29122	4020	9110112	9403552	1122588856999433
1337980	1315340	22640	3310	7519448	8240620	1122588866046701
639218	614692	24526	3669	8256630	8265354	1122588875131869
931450	907638	23812	3489	8438560	8192696	1122588884692027
1620844	1597738	23106	640	2748600	3183364	1122588889251339
1093498	1070262	23236	1712	4883150	4800198	1122588895417953
980344	956060	24284	2758	6982152	6788670	1122588903570787
1698806	1675922	22884	1168	3807564	4322566	1122588909267191
227150	181180	45970	780	2807554	2071124	1122588912491499
987502	964610	22892	278	2015298	1826336	1122588915707825
1374408	1347660	26748	4858	11180668	11374092	1122588928452637
1404350	1378564	25786	2826	7108024	7339116	1122588937154559
1378638	1355764	22874	2268	5867612	6198000	1122588944590735
1414744	1391038	23706	3785	9033382	9270194	1122588955228751
1040324	1015876	24448	4697	10693024	10718722	1122588967152277
1085884	1062802	23082	2197	5383450	5762662	1122588973811779
491524	464398	27126	4071	9601798	8917444	1122588984095333
1398918	1376206	22712	3753	9058430	9188788	1122588994742693
1460622	1432558	28064	1188	3696892	4120000	1122589000090313
1426708	1403548	23160	1912	5419714	5534930	1122589007126363
1194908	1171694	23214	698	2725404	2874014	1122589011236523
1059640	1036330	23310	2219	5297362	5780396	1122589017783203
1738702	1714080	24622	4056	9636588	10132258	1122589029348175
1714118	1691328	22790	2425	5869282	6847538	1122589037121561
1573716	1549912	23804	2190	5959668	6237076	1122589044845093
1181388	1157982	23406	308	1882666	2081140	1122589048102703
1304184	1280332	23852	2187	5846694	5961900	1122589055465453
1577896	1555470	22426	1406	4411978	4673634	1122589061645151
1368984	1345422	23562	1209	3306686	4070684	1122589066510165
1236314	1212860	23454	2610	6808786	6738732	1122589074745489
1185892	1162544	23348	201	1457900	1870438	1122589077579041
1651672	1628364	23308	1784	4882566	5512876	1122589084302753
1540834	1518320	22514	2659	6516162	7141952	1122589092549849
1437506	1414832	22674	2130	5703342	5979786	1122589099880455
1719512	1694704	24808	1284	4206288	4572094	1122589105996447
559052	534134	24918	2430	6242834	5701054	1122589112987887
1202058	1178362	23696	4695	10849284	10875934	1122589125228843
977998	955456	22542	4905	10708280	11071938	1122589137104693
6030936	6027644	3292	2076	5280166	10466800	1122589148605557
1712500	1689320	23180	2692	6722680	7380182	1122589157231017
1475534	1449352	26182	3880	9039326	9517566	1122589167936017
1496692	1473838	22854	3979	9418050	9739168	1122589179041067
0	0	0	0	0	0	0
1398806	1374424	24382	551	2568636	2784980	1122589194711053
1527096	1504622	22474	1069	3603032	3947808	1122589200031297
797918	774414	23504	3150	7759186	7380474	1122589208778027
1741876	1717472	24404	3413	8284464	8851818	1122589218997967
711186	684710	26476	1759	4879782	4511238	1122589224779199
1436168	1411310	24858	1770	4997350	5259204	1122589231406139
731098	707606	23492	4588	10577720	10195898	1122589242904953
711270	687990	23280	1953	5365036	4899300	1122589249175107
1413282	1389962	23320	4215	9508588	10125352	1122589260287035
1640150	1615756	24394	4713	10908988	11349278	1122589273025799
1426120	1401916	24204	2835	6619824	7378372	1122589281261669
313266	287830	25436	308	1915794	1212630	1122589283680793
1533114	1509918	23196	4377	10352772	10709430	1122589295756591
1724936	1702318	22618	2844	7153192	7695072	1122589304824313
906222	883770	22452	137	1733300	1462916	1122589307657617
1610774	1583920	26854	1670	4799794	5234328	1122589314258157
473428	449306	24122	4240	9961266	9236554	1122589324882669
1398886	1374472	24414	4037	9135812	9755624	1122589335610101
1533888	1511154	22734	3400	8175440	8620316	1122589345509037
1062306	1038782	23524	120	1710344	1591504	1122589348471299
1513162	1486928	26234	2891	7242482	7579142	1122589357416223
1438674	1412770	25904	3402	7761160	8527100	1122589366805635
0	0	0	0	0	0	0
995698	972462	23236	4014	9075364	9311676	1122589390248487
