# Loop @ Start frequency 1800000Hz took 1181.47 cycles
# Interval [1180 ; 1183]
# Q1 : 1176 ; Q3 : 1180
# Loop @ Target frequency 2600000Hz took 819.50 cycles
# Interval [815 ; 824]
# Q1 : 814 ; Q3 : 816
# Confidence intervals do not overlap, alternatives are statistically different with selected confidence level
Change time (with write) [cycles]	Change time [cycles]	Write cost [cycles]	Wait time [us]	Time since last frequency change request [cycles]	Time since last frequency change [cycles]	Detected frequency change timestamp [cycles]
1411912	1376200	35712	3567	308753100	308819782	1122745384565673
1404278	1381936	22342	4812	11084068	11299100	1122745397265979
1445458	1421654	23804	907	3275202	3532130	1122745402203099
1566684	1534402	32282	3036	7598520	7914960	1122745411580255
1196204	1172544	23660	4996	11438492	11460112	1122745424435683
1633146	1611030	22116	2463	6038078	6829426	1122745432320561
0	0	0	0	0	0	0
1462720	1439858	22862	3982	9402974	9697308	1122745454830011
910264	889080	21184	4075	9126162	9339610	1122745465077419
1445596	1424024	21572	3998	9446430	9712570	1122745476180689
3294550	3169940	124610	3427	8339366	10423400	1122745488025579
616730	517202	99528	2191	5837602	5268632	1122745494691653
1725428	1667994	57434	4544	10338674	11083182	1122745506966273
1628208	1601678	26530	3891	8837474	9681368	1122745517643013
1682204	1659726	22478	4101	9652946	10155366	1122745529192887
1668422	1645798	22624	3295	7518736	8530514	1122745538591087
687942	664312	23630	2535	6094492	6033814	1122745545584533
0	0	0	0	0	0	0
1594716	1573228	21488	2511	6406518	6888564	1122745556705227
1456888	1433750	23138	4626	10643720	10979784	1122745569017309
1639570	1616034	23536	4697	10343970	11304086	1122745581211849
1402944	1379430	23514	4859	10553382	11392360	1122745593379159
1455884	1374882	81002	1572	4567152	4871154	1122745599614077
1639478	1612366	27112	447	2288626	2805914	1122745603757611
1489562	1465294	24268	3556	8143416	8873184	1122745613605653
1745476	1594608	150868	4871	11188716	11758704	1122745626755419
497190	424970	72220	3275	7835090	7317738	1122745635299089
686766	664870	21896	1540	4524904	4038122	1122745640722641
1281730	1258882	22848	3078	7604338	7708884	1122745649819555
1672982	1650972	22010	1572	4591398	5087590	1122745656294723
1575084	1552528	22556	1286	3538280	4416894	1122745661618789
675168	650986	24182	4158	9703534	9262600	1122745672212779
1184530	1162704	21826	156	1369768	1767224	1122745674978155
1403500	1381416	22084	590	2700304	2854994	1122745679293075
1402400	1379194	23206	1788	5060132	5250008	1122745685963959
1415890	1393758	22132	4822	11237264	11331418	1122745698829311
1883040	1858850	24190	271	2087390	2832938	1122745703010419
1550552	1479134	71418	2722	6141018	7270916	1122745710913865
1640466	1617324	23142	3041	7587108	7993168	1122745720349747
1405416	1381396	24020	1519	4512498	4718176	1122745726478629
856886	738162	118724	1506	4341372	4143880	1122745731888051
844158	713254	130904	4306	10058310	9726688	1122745743001289
1710792	1685672	25120	3273	7558826	8528172	1122745752481833
1508500	1482738	25762	1904	5260802	5588070	1122745759463465
1460322	1438828	21494	2294	6118978	6318944	1122745767253207
1485436	1462552	22884	1597	4570584	4949938	1122745773520327
1755266	1732740	22526	2113	5197608	6252410	1122745780684129
1821154	1799226	21928	412	1937892	2921216	1122745784651905
2124632	2101588	23044	138	981734	2672576	1122745787969377
1492538	1470230	22308	3347	8148842	8456334	1122745797819273
1184144	1161842	22302	16	1058260	1487774	1122745800274807
665714	642432	23282	1746	4919570	4469904	1122745806072347
763294	737866	25428	4935	11441342	10909630	1122745818487819
1671302	1645090	26212	3464	7834282	8870942	1122745828201755
1505710	1483140	22570	3745	8945774	9270162	1122745838864075
1185906	1162654	23252	2732	6767114	6920748	1122745847028227
1568446	1545580	22866	1498	4465158	4835680	1122745853270701
2665854	2643790	22064	4146	9340742	11228210	1122745865488055
1104494	1082292	22202	1096	2993200	3566984	1122745869796625
1680912	1657520	23392	1260	3963100	4471452	1122745875648993
647286	529968	117318	4117	9160186	9152596	1122745885671319
1184524	1162844	21680	2011	5472038	5478042	1122745892542533
724058	701960	22098	172	1790868	1337672	1122745895268033
1715692	1693514	22178	2268	5985020	6521660	1122745903179605
967822	944322	23500	4094	9423486	9426508	1122745913779667
1809744	1788534	21210	745	2935002	3571266	1122745918739509
1256110	1234078	22032	2672	6791684	6871260	1122745926995839
1630438	1606832	23606	3355	7599698	8610692	1122745936438053
739342	715932	23410	1239	3971648	3488240	1122745941356961
3588622	3566672	21950	4099	9646368	12056754	1122745954802153
1589860	1566536	23324	3278	8012896	8416804	1122745964613335
1451378	1429226	22152	2673	6157062	7068354	1122745972432789
904880	880786	24094	2143	5597872	5466384	1122745979146225
1165642	1140572	25070	1737	4948014	4909878	1122745985470923
1731776	1709536	22240	1406	4259804	4814670	1122745991673035
1639182	1617344	21838	797	2715934	3504142	1122745996244383
1493598	1469660	23938	643	2736296	3057394	1122746000684739
1521680	1498860	22820	3558	8571310	8908016	1122746010988759
803708	779564	24144	4047	9399540	9168440	1122746021402719
1463692	1382492	81200	882	3223488	3497922	1122746026300667
1691288	1668302	22986	2473	5929602	6906768	1122746034132213
1555142	1472584	82558	1585	4035698	4995344	1122746039934037
790776	766860	23916	2540	6062492	6142544	1122746046997579
1736836	1655516	81320	4264	10055826	10536244	1122746058999575
844250	819880	24370	2738	6398292	6591490	1122746066452919
1844318	1820678	23640	2733	6915104	7581400	1122746075422909
1532208	1510112	22096	4271	9304866	10344234	1122746086470723
1598000	1559180	38820	2902	7260816	7672544	1122746095540459
1580808	1557446	23362	3628	8841500	9107230	1122746106173159
980548	957092	23456	3111	7594086	7474324	1122746114958827
1143610	1116430	27180	266	1758898	2008314	1122746118069889
1216878	1193624	23254	4833	11141414	11153848	1122746130637093
1180192	1158446	21746	157	1212916	1765528	1122746133238401
1615720	1593108	22612	226	1765468	2338198	1122746136827869
1738384	1715086	23298	1531	4291740	5070688	1122746143066487
1796798	1772778	24020	3004	6740382	8092256	1122746151814847
1561900	1539224	22676	3731	8191808	9295390	1122746161779899
1555038	1531364	23674	4131	9289400	10086658	1122746172838951
1535604	1513418	22186	3481	8032194	8769282	1122746182617407
1674964	1651666	23298	587	2154342	3123072	1122746186658733
1714450	1691820	22630	4252	9569832	10494118	1122746198154153
1466274	1442508	23766	3693	8628788	9124728	1122746208459907
1995102	1716354	278748	3638	7976792	9541534	1122746218642673
1492424	1451890	40534	2737	6920002	7236018	1122746227265899
1535742	1513726	22016	1854	5157556	5515226	1122746234167145
421842	311226	110616	262	1457164	1216020	1122746236257221
1530696	1508352	22344	2312	6211754	6430818	1122746244210061
1960522	1937112	23410	533	2074770	3297634	1122746248457823
1459758	1437806	21952	3593	7856656	8916760	1122746257984981
1032608	1010630	21978	99	1640988	1500404	1122746260869829
974022	949064	24958	4288	10020926	9820198	1122746272075147
560872	537572	23300	4109	9681558	9050560	1122746282527911
0	0	0	0	0	0	0
1640022	1611346	28676	3027	6776642	7963950	1122746299312985
1379982	1354338	25644	4985	10903114	11619628	1122746311806817
1050662	1028522	22140	678	2813796	2677860	1122746315883455
979108	781568	197540	2117	5066588	5483022	1122746322139863
1540024	1517488	22536	2293	6074732	6412452	1122746329962753
602820	580990	21830	1789	5033164	4450194	1122746335809465
1400796	1378714	22082	914	3274350	3497888	1122746340695447
1674744	1650484	24260	4153	9644442	10251944	1122746352225305
1141578	1119496	22082	1515	3980256	4442036	1122746357558075
1637008	1612152	24856	1040	3535972	3989340	1122746362939473
767040	689840	77200	4496	10125292	10030452	1122746374043405
593886	537546	56340	3415	8275906	7694320	1122746383124179
1243990	1220486	23504	4104	9657038	9722806	1122746394236225
1079766	1055584	24182	3390	8231236	8134844	1122746403757939
0	0	0	0	0	0	0
1329290	1307314	21976	4864	11174218	11329284	1122746425923269
1423148	1400888	22260	3823	9133574	9341248	1122746436691053
1726814	1703168	23646	4098	9599606	10194524	1122746448228647
780512	758718	21794	155	1289514	1360328	1122746450510333
1458018	1433790	24228	3875	9198408	9479438	1122746461377749
0	0	0	0	0	0	0
1621402	1600348	21054	2928	7165164	7748732	1122746482714941
1329666	1299908	29758	110	1306710	1825406	1122746485561229
0	0	0	0	0	0	0
1009656	987480	22176	4545	9896982	10370560	1122746503717019
1793710	1637126	156584	3369	8358194	8801886	1122746514081051
0	0	0	0	0	0	0
1401998	1367160	34838	4406	10256982	10485400	1122746533389153
1051274	938966	112308	787	2921006	2896878	1122746537572387
738080	715978	22102	3521	8105882	8051490	1122746546631199
915524	893530	21994	2005	5455446	5195862	1122746553212563
1499990	1475286	24704	1318	4086122	4407030	1122746559009021
1561382	1533944	27438	4294	9871414	10418876	1122746570650307
1659518	1490964	168554	824	2706156	3598486	1122746575226359
792846	770708	22138	1278	4004994	3619058	1122746580235699
1642778	1619624	23154	2680	6816036	7278160	1122746588905499
1761566	1573424	188142	1094	3000148	4226006	1122746593878287
560828	537312	23516	3047	7542572	6924056	1122746602189487
969166	947026	22140	162	1782340	1569502	1122746605151827
1494872	1473124	21748	1420	4356408	4605612	1122746611213475
1405986	1384086	21900	1616	4594534	4908132	1122746617424567
512888	481204	31684	4621	10698750	10026944	1122746628847353
831368	809096	22272	1886	5218964	4876294	1122746635109749
1344564	1322330	22234	4189	9939792	9993230	1122746646602913
0	0	0	0	0	0	0
581052	558314	22738	2200	5419954	5251740	1122746664705233
1700724	1678494	22230	4100	9171916	10176706	1122746675788819
1295688	1273706	21982	3859	9088146	9285400	1122746686383739
1701246	1680022	21224	1704	4709502	5403798	1122746693005207
682372	653874	28498	4153	9350020	9260202	1122746703248267
1738128	1713894	24234	3768	9134034	9545274	1122746714331933
878328	854542	23786	2718	6738862	6588976	1122746722160105
1128850	981646	147204	3756	8966316	8915582	1122746732466561
1496402	1472830	23572	1692	4831532	5150456	1122746739006015
837698	816418	21280	4481	10413076	10070484	1122746750467279
886528	864148	22380	1863	5071718	4889188	1122746756634019
1399516	1378168	21348	2575	6597392	6821808	1122746764840957
748762	724702	24060	1574	4417514	4166768	1122746770218167
1699796	1676004	23792	4855	11164770	11685274	1122746783295097
1182572	1161382	21190	44	1120060	1541178	1122746785805887
856278	759054	97224	4716	10890996	10559912	1122746797761427
1003548	979376	24172	3488	8005048	8250186	1122746806984647
1004096	979326	24770	2537	6586212	6351286	1122746814785677
1511212	1489514	21698	3773	8989978	9327650	1122746825498193
3410488	3407404	3084	320	2127640	4322686	1122746831247439
779900	758146	21754	1013	3474588	3077280	1122746835712851
1552630	1529924	22706	613	2678122	3049540	1122746840159503
1614834	1591684	23150	4795	10812310	11475618	1122746852797593
1614492	1460678	153814	1000	3450364	3886172	1122746858073231
1404226	1382294	21932	2181	5400662	6036824	1122746865088887
1295496	1273336	22160	4979	11317286	11524276	1122746877912089
1350008	1325734	24274	1799	5049674	5219104	1122746884522537
1617166	1594412	22754	1483	4482898	4853790	1122746890833665
1430760	1407134	23626	1306	3432068	4320464	1122746895907205
0	0	0	0	0	0	0
1643616	1620164	23452	2629	6706580	7172582	1122746909298005
0	0	0	0	0	0	0
1386976	1365218	21758	3437	7827988	8531754	1122746922823259
1529198	1505638	23560	2324	6100428	6449342	1122746930661413
1589470	1567278	22192	2335	6073836	6529456	1122746938535631
1642818	1516780	126038	4813	10450042	11540354	1122746950838899
1656382	1634550	21832	4546	10478358	11019706	1122746963184321
1698802	1675530	23272	3083	7513936	8136024	1122746972608683
0	0	0	0	0	0	0
1628880	1605946	22934	1639	4723054	5178448	1122746990616659
1701666	1679050	22616	4708	10861934	11387800	1122747003391321
1399552	1378476	21076	3991	9433710	9653942	1122747014433155
709284	684968	24316	895	3237348	2770862	1122747018590813
1098304	1076280	22024	130	1787218	1628336	1122747021687825
528352	506870	21482	3547	8540334	7892712	1122747030971825
1479852	1454454	25398	2350	6145448	6450816	1122747038809265
1474750	1451992	22758	3611	8675082	8968486	1122747049170035
1733466	1594334	139132	3071	7588394	8145560	1122747058702699
1560648	1538570	22078	3121	7688164	8073272	1122747068159809
1531668	1504866	26802	3537	8454202	8877186	1122747078356779
1638546	1613340	25206	1541	3857506	4991070	1122747084063605
1503522	1480532	22990	4851	10768448	11475132	1122747096546481
933262	911390	21872	3520	8327510	8249300	1122747106018121
1411032	1388390	22642	3752	8433330	9185172	1122747116071853
991610	818720	172890	1926	5309816	5115144	1122747122584379
1544900	1423472	121428	4751	11079200	11317350	1122747135419553
1412964	1391214	21750	2108	7808430	5899108	1122747144851567
1466074	1441664	24410	3409	7858458	8553378	1122747154384579
1469842	1446696	23146	1582	4481568	4919428	1122747160546291
1578970	1450014	128956	1307	3980128	4462586	1122747166313405
1624996	1544194	80802	3269	7756022	8433236	1122747175905375
907992	885796	22196	1444	4341612	4065886	1122747181366327
451888	420632	31256	367	2185018	1455928	1122747184214169
1543596	1518448	25148	4526	10503410	10870282	1122747196471787
669730	647306	22424	1010	3305504	2965636	1122747200657929
1414026	1390086	23940	3218	7477292	8126544	1122747209760139
993222	969628	23594	4507	10307380	10278600	1122747221275221
1562228	1539418	22810	3592	8632094	9015600	1122747231680211
967480	943730	23750	4429	10330920	10095164	1122747243193339
1536352	1512886	23466	2363	6177068	6533958	1122747251118141
1404766	1382806	21960	3697	8300360	9069718	1122747261034487
1312356	1241408	70948	765	2982516	3112524	1122747265540087
1384880	1363034	21846	3037	6976052	7728574	1122747274112539
1256452	1223506	32946	1186	3818266	3899986	1122747279398045
1569522	1545474	24048	2722	6479054	7284024	1122747287657063
679000	656260	22740	2586	6501876	6122260	1122747295052459
1540042	1513636	26406	2562	6572220	6934878	1122747303375471
969062	818944	150118	3618	8688252	8474284	1122747313244397
1791656	1765276	26380	410	2183952	2882624	1122747317430995
1113334	1092096	21238	4858	10361132	11099308	1122747329116579
1635438	1612954	22484	1582	4311914	5069852	1122747335274633
1387598	1365738	21860	3846	8635634	9350204	1122747345508699
1501162	1479220	21942	3808	9077746	9388230	1122747356298153
1590172	1566392	23780	616	2684478	3096794	1122747360783155
1780706	1484932	295774	730	2917710	3524176	1122747365690147
1539480	1515858	23622	4975	11349064	11760506	1122747378792359
1550538	1526704	23834	3171	7193150	8167766	1122747387747349
1782250	1757284	24966	3263	7591366	8578702	1122747397332963
1665170	1639006	26164	3658	8070086	9252674	1122747407279819
1024188	1002062	22126	2970	7386358	7235284	1122747415900783
1439864	1416492	23372	1899	5393258	5509884	1122747422944355
1151824	1129796	22028	4467	9991286	10356812	1122747434298265
1641748	1618078	23670	4256	9971616	10434732	1122747446122053
857354	835432	21922	1769	4374382	4665118	1122747451565643
922040	898386	23654	4276	9999826	9743636	1122747462700265
1858224	1836486	21738	301	2129034	2730614	1122747466898407
1404338	1382142	22196	3424	8299142	8524232	1122747476812443
926128	903362	22766	2861	7170332	6920780	1122747485120199
1623416	1537164	86252	4112	9392818	10117902	1122747496347485
1398212	1374936	23276	4151	9769648	9975046	1122747507724087
1786270	1760942	25328	2256	5969480	6568102	1122747515694085
1393484	1371522	21962	4034	9062620	9731202	1122747526365201
1860494	1729420	131074	4903	11260200	11946206	1122747539696225
1479134	1446212	32922	1688	4120708	5125250	1122747545510735
785176	763376	21800	2109	5662792	5273870	1122747552166715
855862	832634	23228	1608	4766294	4347870	1122747557999345
1697090	1671450	25640	962	2807654	3890842	1122747562714561
1105938	1083172	22766	3338	8121684	8052360	1122747572153303
1514608	1492594	22014	735	3169586	3255504	1122747577047979
1623898	1518684	105214	1482	4313370	4858370	1122747583197203
1216300	1193434	22866	3071	7599536	7630010	1122747592223595
1404362	1380546	23816	4014	9493232	9722084	1122747603329507
804562	781226	23336	1443	10496788	3962172	1122747614841647
959882	936216	23666	1781	5006592	4791632	1122747621016881
1604254	1575584	28670	2561	6021504	6997274	1122747628853253
1099546	1076946	22600	2849	7145032	7067296	1122747637308469
1174040	1152392	21648	1244	3523632	3932284	1122747642216883
1800538	1778194	22344	2967	7389952	8010760	1122747651619353
1300744	1278934	21810	1604	4664646	4780884	1122747657801509
1182672	1160354	22318	39	1530812	1530580	1122747660725419
917280	895014	22266	1695	4655744	4576910	1122747666509963
1474796	1451828	22968	4374	10296154	10493888	1122747678491409
1287526	1265392	22134	3531	8358324	8639892	1122747688348055
1469846	1444386	25460	2513	6605920	6767184	1122747696634339
1726400	1703028	23372	2483	6269654	6962280	1122747704838811
3685688	3662486	23202	4695	10277560	13350174	1122747719012009
1107900	1083572	24328	2080	5607662	5538990	1122747725936151
1523628	1501286	22342	4985	11415140	11763990	1122747739085809
1130792	1104432	26360	4703	10607644	10807962	1122747751034823
917758	893926	23832	3532	8651550	8253376	1122747760815771
1484592	1462052	22540	2604	6653458	6962960	1122747769164533
1374504	1348084	26420	4218	9897506	10080914	1122747780644373
1650276	1627528	22748	596	2639186	3112658	1122747785144099
1459666	1436596	23070	4133	9710876	9997048	1122747796525411
0	0	0	0	0	0	0
1469290	1445960	23330	3903	8592392	9546558	1122747819422841
1508946	1452468	56478	1905	5208050	5589078	1122747826350457
1646828	1625074	21754	3540	8532056	9002024	1122747836740233
1638634	1616536	22098	4592	10451838	11093630	1122747849041989
1653940	1631782	22158	4918	11174050	11760758	1122747862081201
1351422	1327850	23572	1158	3777242	3938970	1122747867420603
1500254	1476272	23982	856	3164486	3483260	1122747872297423
1711570	1689314	22256	3235	7926742	8457952	1122747882146673
1718134	1695582	22552	553	2559246	3099588	1122747886635153
1473350	1384502	88848	3179	7429700	8106328	1122747895746301
1442784	1418640	24144	4849	11169794	11412774	1122747908573673
1650860	1628370	22490	4083	9220204	10111398	1122747919655661
667104	644252	22852	4279	10006566	9495744	1122747930543845
1696198	1672720	23478	3894	8826026	9758852	1122747941276811
868232	844786	23446	1731	4342860	4602656	1122747946696857
1504694	1481470	23224	2542	6530980	6860802	1122747954943235
1406818	1382834	23984	1197	3342526	4071178	1122747959903253
1565200	1537658	27542	4572	10618500	10979500	1122747972295579
1583218	1560848	22370	4725	10903676	11309012	1122747984993531
1621762	1598460	23302	1616	4223520	5125524	1122747991050047
625908	529954	95954	2907	7037746	6711028	1122747998924113
823042	799624	23418	2035	5517316	5164992	1122748005475203
575980	554240	21740	251	1951530	1348860	1122748008212105
1664452	1641312	23140	4439	10327718	10817206	1122748020412491
1100606	1078678	21928	4084	8946264	9539212	1122748030670557
1876186	1831052	45134	3836	9121068	9818874	1122748041876075
1576412	1553988	22424	1843	4364254	5534758	1122748048028237
799706	768854	30852	2724	6369616	6520130	1122748055405499
559110	537148	21962	2228	5491204	5285996	1122748061666849
1254202	1231628	22574	4334	9628628	10193132	1122748072761861
787864	763610	24254	220	2020444	1498884	1122748075779479
1549246	1526596	22650	2469	6385246	6757120	1122748083922859
1511038	1487826	23212	4381	10211712	10544556	1122748095856507
1345330	1324240	21090	3324	7955850	8263816	1122748105368755
849782	827812	21970	1701	4847476	4522586	1122748111277173
1686422	1663012	23410	2389	6313198	6736070	1122748119487753
835342	811048	24294	1254	3892514	3613874	1122748124426613
1676770	1653794	22976	1146	3777918	4239960	1122748130092013
1514010	1482918	31092	1524	3993768	4833824	1122748135811159
963522	941346	22176	2838	7126244	6911328	1122748144108627
359532	336672	22860	757	2611688	2144022	1122748147290633
1690298	1660658	29640	1387	3073712	4738588	1122748152285319
1111498	1089778	21720	1916	5284270	5218726	1122748158892759
1716504	1640726	75778	778	3071220	3543254	1122748163891465
1460960	1437478	23482	3625	8704324	8982704	1122748174267879
1663328	1638168	25160	1366	3857868	4666348	1122748180000173
1702494	1680248	22246	4116	9204548	10206302	1122748191119233
1619336	1596560	22776	3541	8472736	8971422	1122748201422051
1028074	1004516	23558	2343	5735624	5985872	1122748208396685
674406	652344	22062	138	1725016	1220700	1122748211007019
1263906	1239820	24086	3398	8244510	8330452	1122748220726461
280646	257030	23616	577	2603342	1705230	1122748223821129
1615890	1590360	25530	4330	9992186	10545620	1122748235640291
2909338	2887338	22000	1997	5017028	7174488	1122748243781689
1993808	1971786	22022	751	2837000	3765888	1122748248824119
1181340	1159580	21760	304	1381056	2064450	1122748251597619
434812	410072	24740	1683	4841596	4071346	1122748257089045
981004	959172	21832	24	1507324	1300736	1122748259785265
1476628	1454362	22266	4052	9550590	9852688	1122748271020787
1613958	1590380	23578	1074	3058418	4033046	1122748275904085
0	0	0	0	0	0	0
1412196	1388980	23216	1046	3539866	3774904	1122748283708255
813094	788924	24170	1820	4671814	4723124	1122748289407113
1424794	1402514	22280	1357	4165964	4410430	1122748295208793
735316	713066	22250	503	2393696	2011848	1122748298549271
1346756	1279076	67680	3001	6297562	7619276	1122748306424669
1404000	1379702	24298	4432	10322634	10538808	1122748318359801
1419582	1396668	22914	3206	7430904	8103118	1122748327421313
1499052	1464462	34590	901	2755140	3570222	1122748331886773
0	0	0	0	0	0	0
1688558	1653710	34848	1660	4765632	5279304	1122748350276123
1512386	1490096	22290	689	2832112	3166034	1122748354831909
1489444	1467640	21804	3718	8856442	9195540	1122748365388893
1727200	1704672	22528	4450	10449334	10898272	1122748377776571
742294	719648	22646	3635	8153358	8282202	1122748386883593
696232	672838	23394	1159	3764910	3285316	1122748391555507
1525672	1503012	22660	4807	11064266	11410202	1122748404360831
1818928	1797740	21188	4644	10707458	11390120	1122748417098019
1179818	1158718	21100	339	1322056	2132518	1122748419810873
1755308	1659300	96008	3398	8055602	8821650	1122748429832253
1407230	1381574	25656	1625	4149422	4927200	1122748435600189
1605068	1580860	24208	3388	8360598	8650898	1122748445779913
1529208	1418648	110560	2588	6162314	6975950	1122748453682009
1717602	1694728	22874	4440	10339958	10867794	1122748465954307
3102324	3068758	33566	2426	5595672	8225418	1122748474862973
1482992	1460962	22030	1390	4228848	4532932	1122748480785493
1513698	1490240	23458	517	2483540	2820288	1122748484994273
1383478	1357728	25750	3612	8677278	8877386	1122748495265967
1514368	1490760	23608	3997	9441740	9778988	1122748506432779
1464072	1441910	22162	1515	4490054	4764808	1122748512598431
1404324	1381306	23018	4807	11062832	11289776	1122748525276547
1432512	1407920	24592	2226	5828748	6154320	1122748532748743
1423430	1400312	23118	2777	6999998	7248644	1122748541383563
1568420	1547220	21200	1518	4483684	4873526	1122748547646545
1423292	1401158	22134	4911	10677838	11516392	1122748559963303
1343350	1319870	23480	1246	3778588	4106892	1122748565295319
1717396	1695240	22156	3597	8640542	9180812	1122748575863265
1273726	1251988	21738	3397	8030044	8338810	1122748585377509
681606	659606	22000	1898	5239664	4747932	1122748591509347
1058450	1034888	23562	3990	9497586	9308508	1122748602276143
1404616	1378920	25696	1573	4596594	4826566	1122748608488225
1469782	1447784	21998	2998	7456936	7736334	1122748617625365
1098468	988448	110020	4025	9502142	9418016	1122748628441987
1566860	1545110	21750	903	2704324	3642920	1122748632924333
4458384	4453822	4562	4058	9572262	12845772	1122748647165753
1353236	1331094	22142	2849	7141074	7321372	1122748655870547
1656778	1500296	156482	2038	5520932	6002764	1122748663256037
0	0	0	0	0	0	0
1644114	1622294	21820	1794	5043966	5503976	1122748678319257
1373170	1349760	23410	3309	7905266	8270042	1122748687808223
1162058	1138760	23298	1021	2815048	3473918	1122748691997079
1550050	1525072	24978	2521	6495372	6862018	1122748700251023
1182322	1160530	21792	256	1351004	1965134	1122748702995243
1839312	1688610	150702	1647	4820908	5402856	1122748709866175
1350800	1328514	22286	3051	7439650	7723854	1122748718867609
1122276	1100194	22082	82	1613856	1555842	1122748721813059
1009986	984936	25050	3606	8657162	8491514	1122748731688699
1280240	1258524	21716	1823	5091388	5196420	1122748738272919
1474306	1452010	22296	2797	7057600	7345862	1122748747016885
1701688	1615738	85950	2847	7004832	7666370	1122748755934191
1583216	1561226	21990	4533	10514674	10920256	1122748768243671
1500682	1474854	25828	2314	6095754	6404854	1122748776051073
1085584	1063740	21844	1416	4050286	4189500	1122748781397919
1113520	1089062	24458	4815	11165550	11015116	1122748793885751
1851100	1699850	151250	1925	5305196	5971526	1122748801253299
1539062	1514694	24368	804	2934576	3418544	1122748805935233
1560912	1538132	22780	3314	7298604	8460044	1122748815005027
595848	548054	47794	3590	8688956	8096716	1122748824500449
1337726	1315084	22642	4213	9878018	10035624	1122748835957637
1409924	1383512	26412	4843	11135656	11365830	1122748848711793
1163696	1141996	21700	2107	5663408	5649070	1122748855747489
1565656	1542224	23432	466	2378096	2769384	1122748859903405
790704	768792	21912	165	1777832	1390812	1122748862682395
1646678	1491400	155278	3640	8764516	9197706	1122748873304331
1544608	1522502	22106	929	3228372	3672646	1122748878288187
1450206	1426622	23584	4618	10323106	10957054	1122748890271745
1209500	1187594	21906	3585	8445106	8650418	1122748900136973
1108794	1086496	22298	169	1794190	1723196	1122748903250207
662626	639366	23260	887	3042192	2708796	1122748907166019
1772374	1748646	23728	3960	8983070	9962224	1122748918129685
827916	806150	21766	1222	3848942	3544590	1122748923017209
1223212	1201120	22092	256	1527018	2005290	1122748925978481
1246250	1114138	132112	2861	7177352	7237770	1122748934613409
1450064	1415628	34436	1736	4918358	5192772	1122748941193203
1791534	1639342	152192	747	2947120	3556978	1122748946142633
1107886	1083936	23950	4831	10563738	11040116	1122748958024911
781000	758634	22366	3066	7579526	7185062	1122748966595973
1373370	1351812	21558	3173	7798042	7990690	1122748975978259
1483394	1455746	27648	840	3270016	3437846	1122748980942247
2300128	2276462	23666	3440	8463448	9451518	1122748991916937
1680288	1658148	22140	639	2402802	3229872	1122748996210987
1403932	1380998	22934	4969	10691418	11612550	1122749008516551
1703502	1677488	26014	2874	7335144	7722674	1122749017766073
1263562	1240850	22712	2794	7039630	7121570	1122749026280091
1702544	1679664	22880	1947	5559110	6087880	1122749033753025
1635262	1613404	21858	3675	8039612	9256788	1122749043639633
1381504	1113998	267506	2683	6273122	7019728	1122749051507853
1504268	1482248	22020	2129	5711670	6033554	1122749058934519
1124974	1100394	24580	1178	3730838	3751466	1122749064001205
842910	821248	21662	4357	10018098	9827778	1122749075073049
904270	882158	22112	2768	6983822	6711912	1122749083172313
1067002	1045026	21976	1728	4910806	4795450	1122749089361045
1817820	1781656	36164	1345	4136214	4778188	1122749095525819
1675014	1642556	32458	2397	5577580	6740156	1122749102988927
1407186	1385156	22030	4420	10288376	10519448	1122749114893037
823436	802144	21292	4668	10785702	10429752	1122749126713205
583118	485376	97742	2509	6557316	5871644	1122749134062829
1642074	1618446	23628	2084	5614568	6080568	1122749141529727
944652	921188	23464	1008	3437096	3230456	1122749146122247
1844026	1608552	235474	989	2820318	4092498	1122749150997587
1409400	1379896	29504	2209	5867362	6098278	1122749158484899
1056292	1034918	21374	2132	5718054	5592372	1122749165469733
1407776	1384216	23560	529	2519052	2736796	1122749169607235
0	0	0	0	0	0	0
1678188	1654302	23886	480	2227922	2915608	1122749180673543
1717768	1693266	24502	1836	4637152	5668934	1122749187239059
1268484	1246530	21954	3609	8015294	8758510	1122749196733699
1663564	1638780	24784	3931	9309214	9796666	1122749207916739
1470132	1447452	22680	997	2749666	3735032	1122749212347231
1185174	1162768	22406	83	1382940	1627272	1122749215126233
1486712	1463958	22754	1970	5362564	5698414	1122749222185773
1193578	1052296	141282	897	2702448	3257738	1122749226292587
1408056	1385436	22620	3170	7065276	8017724	1122749234977007
1401906	1378906	23000	4614	10687348	10901770	1122749247276721
443656	399774	43882	4075	9603412	8864460	1122749257534415
1098204	1075950	22254	1936	5345622	5241748	1122749264188939
1532772	1479382	53390	3810	8546804	9422314	1122749274479393
1518912	1495830	23082	4699	10848238	11187776	1122749287057445
1477586	1455692	21894	2703	6852218	7153606	1122749295598067
1406106	1380394	25712	571	2587512	2819016	1122749299808587
727746	705408	22338	2121	5696640	5240920	1122749306444149
1190586	1167572	23014	204	1395280	1869436	1122749309240987
931822	909208	22614	653	2698518	2508122	1122749313082187
1633900	1497858	136042	4899	11249450	11703628	1122749326174161
1465782	1432552	33230	1951	5359240	5646020	1122749333209971
998224	976092	22132	1533	4095824	4335210	1122749338514385
1472060	1449786	22274	875	3197116	3492510	1122749343394219
1466074	1444130	21944	1820	4617386	5375370	1122749349688139
604256	580578	23678	1624	4177080	4123482	1122749354684271
1657402	1596220	61182	4226	10042694	10379712	1122749366595333
1318206	1295728	22478	2530	5904064	6649432	1122749374028131
341510	319108	22402	287	2018918	1187578	1122749376599419
1458902	1394192	64710	2017	5487468	5761960	1122749383756711
1326672	1304920	21752	4637	10734154	10871278	1122749396032393
1788452	1765638	22814	3099	7642096	8257046	1122749405674107
1186324	1161662	24662	3072	7604956	7601214	1122749414715933
934066	910868	23198	4460	10428712	10123730	1122749426289529
738180	711884	26296	2320	6137198	5653496	1122749433375659
1732788	1707878	24910	3691	8829354	9385556	1122749444148167
1401312	1379264	22048	3515	8112598	8702532	1122749453896597
1713086	1690590	22496	1689	4711970	5361482	1122749460532341
662956	638394	24562	4036	9123986	9009654	1122749470530167
1150746	1125842	24904	3330	8104546	8080814	1122749479995845
1521298	1499596	21702	3527	8576420	8845798	1122749490304319
1676528	1652518	24010	4512	10481860	10975750	1122749502673489
845642	822742	22900	4272	9992774	9659670	1122749513722461
1226968	1203948	23020	2431	5659906	6358428	1122749520823747
1070944	1048844	22100	1271	3986262	3882916	1122749526091687
6871720	6868830	2890	270	2000250	7687844	1122749535174469
1217556	1193972	23584	1835	5115384	5156538	1122749541718191
1634396	1610956	23440	2272	5995538	6448010	1122749549568979
1392846	1368762	24084	1381	4211250	4426066	1122749555387435
1021730	998410	23320	2583	6614132	6457818	1122749563234219
758548	733796	24752	4192	9829210	9412288	1122749574032899
1484986	1461216	23770	4268	9571124	10291518	1122749585299281
1156898	1131658	25240	2526	6028436	6479548	1122749592695161
0	0	0	0	0	0	0
1434992	1411358	23634	1343	3650908	4392474	1122749609457133
1401836	1379878	21958	2034	5450468	5741350	1122749616517891
1462040	1440190	21850	894	3246970	3521428	1122749621440099
1452470	1377798	74672	3835	9116158	9393166	1122749632222409
856696	834076	22620	1528	4510258	4188862	1122749637802601
1609374	1587392	21982	3525	8497710	8929274	1122749648123239
798696	776768	21928	2292	5985274	5653574	1122749655120485
1691486	1668098	23388	421	2291474	2804800	1122749659317229
1543258	1520548	22710	1282	4011220	4378264	1122749665084987
1401934	1378772	23162	1609	4585726	4890718	1122749671285607
1762822	1739574	23248	4497	10062690	11027452	1122749683322383
1425808	1403112	22696	1542	4060116	4781252	1122749689019373
1259830	1238790	21040	1225	3901578	3980308	1122749694389329
1509080	1487760	21320	3580	8693476	8940556	1122749704802509
1188970	1164360	24610	371	1627766	2207866	1122749707830349
1686908	1663280	23628	2230	5777970	6416954	1122749715508279
1700502	1676690	23812	2381	6208452	6733528	1122749723627761
1535058	1513046	22012	2057	5684422	5919060	1122749731062289
1604560	1581992	22568	3524	8498142	8923230	1122749741375673
1402812	1380790	22022	2149	5744380	5970036	1122749748733925
1514976	1428844	86132	4944	11377998	11673674	1122749761837987
1507094	1484498	22596	3449	8126516	8677090	1122749771680013
1542260	1509474	32786	4539	10528334	10891870	1122749783969085
1847236	1824970	22266	192	1593242	2501464	1122749787620035
1256068	1202424	53644	2481	5940938	6508828	1122749795029597
1669944	1643418	26526	4389	10088114	10718376	1122749806998575
1381706	1357552	24154	2949	7114892	7549206	1122749815708311
1716344	1694150	22194	3720	8768622	9426416	1122749826410859
996654	974160	22494	4840	10750370	10947790	1122749838369079
1456616	1434568	22048	701	2858264	3129958	1122749842895029
1598758	1574924	23834	4793	11042458	11456044	1122749855747047
1551128	1526750	24378	2731	6908972	7284210	1122749864421321
769854	747432	22422	3654	8574558	8363446	1122749873974025
1033472	1010668	22804	3423	8123324	8151098	1122749883341567
927038	904098	22940	3618	8683866	8433608	1122749893163007
1402268	1378336	23932	937	3380328	3547120	1122749898156229
1471662	1448942	22720	2350	6170672	6449460	1122749906009573
550718	528890	21828	523	2383114	1867568	1122749909154591
1183730	1162178	21552	45	1436432	1545716	1122749911985629
0	0	0	0	0	0	0
1045600	1023852	21748	445	1823052	2206286	1122749919091385
1678260	1655400	22860	4271	9824238	10490230	1122749930801999
487518	464010	23508	4308	9347046	9374610	1122749940845149
1756992	1735208	21784	4659	10763804	11345872	1122749953576583
2080468	2042956	37512	598	1860200	3547622	1122749957732007
856960	834750	22210	2719	6716580	6566586	1122749965520389
1414962	1393286	21676	2527	6500322	6740460	1122749973646371
929582	906782	22800	2390	6228144	5980624	1122749981018947
1036852	1014322	22530	1682	4399338	4670440	1122749986666163
1552628	1527626	25002	1631	4718588	5085836	1122749993147879
817822	679270	138552	128	1714284	1344004	1122749995891031
1401776	1378688	23088	4569	10586750	10810652	1122750008090947
1186720	1163558	23162	126	1477606	1709496	1122750010965859
1147870	1125494	22376	87	1523942	1592828	1122750013848973
1755594	1734122	21472	3824	9093900	9673696	1122750024906635
1094554	1066326	28228	3739	8621370	8843046	1122750034833497
1548060	1519106	28954	3153	7758522	8125094	1122750044350915
0	0	0	0	0	0	0
1509378	1378768	130610	2058	4427330	5896334	1122750053730139
1738546	1715540	23006	3238	7931866	8485604	1122750063615285
1556534	1533528	23006	312	1543336	2452184	1122750066929227
778258	755876	22382	3157	7766920	7363108	1122750075682881
1195786	1172888	22898	3223	7199352	7912692	1122750084292401
1191832	1168510	23322	243	1549498	1948140	1122750087244413
996932	974498	22434	467	2381706	2201952	1122750090833427
983936	961208	22728	4652	10750232	10557088	1122750102778357
1334232	1264282	69950	4695	10835472	10995424	1122750115158591
0	0	0	0	0	0	0
1039176	996994	42182	963	2218662	3234544	1122750121893449
1630592	1607202	23390	400	2224834	2702214	1122750125956833
0	0	0	0	0	0	0
1465026	1442198	22828	4682	10602494	11101352	1122750147277157
1541598	1518500	23098	1819	4859750	5451210	1122750153889673
1481620	1441774	39846	895	3345812	3543270	1122750158927645
592474	565668	26806	320	2085272	1503912	1122750161816493
1729554	1705502	24052	3966	9600494	9932094	1122750173357493
1640726	1618242	22484	714	2255642	3339946	1122750177464567
726036	702704	23332	2764	6564000	6524946	1122750184965867
1624040	1462846	161194	1471	3796970	4836374	1122750190597849
1510468	1487756	22712	1798	9902672	5376950	1122750202222161
865780	839618	26162	3201	7650494	7538088	1122750210949431
1580682	1426802	153880	1900	5251112	5650536	1122750217992267
1847220	1688220	159000	4672	10788774	11460588	1122750230838711
772986	750940	22046	153	1673746	1350244	1122750233496425
1102178	1080038	22140	3198	7908236	7769846	1122750242717597
1711164	1685512	25652	588	2622506	3157438	1122750247262553
1526840	1500318	26522	2721	6890042	7239568	1122750255890149
3085882	3063128	22754	1103	3654852	5564972	1122750262842047
1462460	1440452	22008	2384	6216270	6502260	1122750270731641
1018734	979214	39520	2908	7277076	7106880	1122750279235819
650860	628712	22148	372	2188704	1665822	1122750282283921
1478680	1455154	23526	3139	7746212	8048958	1122750291717773
0	0	0	0	0	0	0
0	0	0	0	0	0	0
899446	875852	23594	1519	4284884	4208508	1122750311154327
1583514	1560504	23010	1868	5231778	5591452	1122750318180367
1648908	1624524	24384	3472	8401842	8869462	1122750328439647
1412042	1386592	25450	4907	11268132	11497654	1122750341330693
1052730	1030776	21954	4167	9789104	9657466	1122750352383279
1474380	1452696	21684	951	3400118	3646528	1122750357468919
1778124	1724336	53788	1851	5047106	5749646	1122750364504605
936906	913470	23436	1590	4207098	4387286	1122750369859355
1693056	1599664	93392	589	2631572	3142504	1122750374395445
1185686	1162516	23170	195	1858744	1847552	1122750377648091
1490094	1466354	23740	2721	5736780	7202738	1122750385110393
1926670	1771544	155126	2067	5645130	6330884	1122750392890923
1742896	1718814	24082	2388	5796918	6789594	1122750400641089
897312	872670	24642	4887	10537964	10940816	1122750412287441
579706	556916	22790	4998	11485796	10853124	1122750424563735
1651074	1627982	23092	1048	3541578	4019338	1122750429967053
1727970	1706096	21874	388	2154542	2774260	1122750434059919
1252660	1230354	22306	4060	9238984	9642876	1122750444762519
1480866	1458216	22650	918	3284898	3588612	1122750449738735
1519536	1497160	22376	3950	9107056	9688974	1122750460579295
1696832	1673054	23778	3299	8043420	8564880	1122750470530513
1116922	1092426	24496	2518	6486108	6424256	1122750478344545
0	0	0	0	0	0	0
550418	491226	59192	2965	6829584	6751660	1122750492533911
1415392	1392406	22986	4362	10173142	10411062	1122750504332855
1730466	1707116	23350	4345	9777648	10690328	1122750516051801
613666	591888	21778	252	1534716	1388156	1122750518410979
479542	456376	23166	2260	6005168	5271044	1122750525106835
1660700	1638686	22014	3056	7567764	8042626	1122750534545945
791850	768716	23134	1249	3946632	3561108	1122750539495031
1539476	1517510	21966	3482	8531530	8773426	1122750549774589
1710872	1673220	37652	578	2598038	3135744	1122750554293923
1223396	1200566	22830	3726	8284392	8946976	1122750564012381
564190	541654	22536	432	2315464	1699068	1122750567103109
1399852	1377724	22128	1476	4396904	4622324	1122750573110793
526668	460760	65908	1578	4627324	3954076	1122750578475559
818500	794942	23558	2249	5946662	5587786	1122750585449301
1104582	1082576	22006	4532	10586714	10437838	1122750597349341
1186118	1164298	21820	38	888464	1532958	1122750599632819
1057452	1035324	22128	701	2621308	2729866	1122750603524107
1608156	1584260	23896	2883	7217882	7645772	1122750612558801
796420	773808	22612	3978	8891426	9022790	1122750622454959
0	0	0	0	0	0	0
1591704	1569348	22356	3730	8907886	9322798	1122750643380109
819368	797292	22076	4538	10319458	10165548	1122750654729647
1487710	1462176	25534	1181	3807402	4119074	1122750660235985
1526962	1426876	100086	2714	6880228	7229954	1122750668851187
1161100	1139114	21986	1225	3927660	3881716	1122750674151275
1321074	1298838	22236	2628	6704056	6851980	1122750682387189
1707710	1674958	32752	4001	9588632	9983594	1122750693894589
1250446	1227318	23128	1268	3474710	4058232	1122750698830457
1497704	1475698	22006	1116	3677018	4001800	1122750704215653
1550080	1528284	21796	4282	10027932	10392680	1122750716001905
1408836	1385778	23058	493	2440300	2666478	1122750720062639
533108	509608	23500	556	2380582	1916484	1122750723186919
1725488	1703294	22194	4864	10026586	11724792	1122750735169219
624320	599140	25180	3641	8299346	8176358	1122750744303959
1297044	1274726	22318	3694	8416496	8957334	1122750754228609
1437228	1414710	22518	3797	9048246	9306380	1122750764924733
1250826	1227408	23418	360	2167598	2242548	1122750768554301
1410512	1388752	21760	3414	8252702	8509002	1122750778425871
1664108	1628960	35148	2952	7472420	7838008	1122750787773409
1691452	1668250	23202	4922	11109044	11807340	1122750800784693
1367962	1345628	22334	998	3405992	3634152	1122750805767107
1620300	1596426	23874	2081	5608712	6052844	1122750813207413
1296564	1162892	133672	121	1062690	1809414	1122750815777693
1707296	1682616	24680	741	2934478	3459730	1122750820630339
1128538	1106700	21838	2532	6011580	6471302	1122750827981527
1932662	1771930	160732	1722	4890896	5647984	1122750835015613
962878	941188	21690	58	1566654	1350216	1122750837755809
1200638	1177568	23070	1754	4954362	4979270	1122750844121553
1607878	1584952	22926	2074	5600832	6032172	1122750851540691
664222	642098	22124	2597	6493372	6129712	1122750858911007
1072710	1051024	21686	2080	5626928	5504254	1122750865821409
0	0	0	0	0	0	0
1178906	1157160	21746	130	1344418	1709866	1122750875087539
1245162	1223024	22138	2069	5582576	5653924	1122750882123787
1607106	1472252	134854	2678	6453810	7233672	1122750890395667
648464	485946	162518	4911	13786404	10741138	1122750905040887
1594058	1571878	22180	1080	3608546	4025144	1122750910454479
1411940	1389404	22536	967	3383158	3615852	1122750915458295
0	0	0	0	0	0	0
1620054	1596942	23112	1022	3491400	3936348	1122750928230335
1192840	1169866	22974	3603	8464638	8670258	1122750938099033
1621222	1526688	94534	1355	3916262	4602664	1122750943847345
1280964	1174856	106108	3710	8773846	8972430	1122750954111019
1725624	1702482	23142	4999	10914298	11995064	1122750966959629
1600468	1576494	23974	3502	7987190	8874804	1122750976758389
1311524	1163648	147876	163	1624982	1909076	1122750979905427
1100884	1077424	23460	2809	7071446	6990504	1122750988288677
1688796	1666120	22676	1627	4706072	5217464	1122750994894579
1297158	1275178	21980	2610	6668320	6787444	1122751003070869
1744934	1721722	23212	3908	8847610	9830808	1122751013874563
707530	685156	22374	288	2036078	1554536	1122751016829075
1682056	1659374	22682	3458	8369616	8869294	1122751027091585
1980002	1932682	47320	299	1920772	2849120	1122751031203475
1663160	1639966	23194	986	2678868	3905596	1122751035756619
1338390	1315556	22834	2761	6297742	7131802	1122751043603761
1751058	1694052	57006	3415	8283030	8851820	1122751053852391
696980	674280	22700	1169	3270272	3305460	1122751058028289
1225938	1203998	21940	2529	5900080	6555406	1122751065365177
1489710	1467554	22156	2766	6978708	7291628	1122751074044879
637224	612996	24228	3818	9089352	8545120	1122751083980299
1413824	1391718	22106	1750	4470374	5185222	1122751090072843
1822926	1685422	137504	2372	6193950	6838880	1122751098297935
960006	928818	31188	1229	3806000	3694174	1122751103274979
1182918	1159600	23318	4289	10043218	10031062	1122751114711783
1535876	1407154	128722	3973	9392618	9752032	1122751125848631
1459926	1436944	22982	3125	7703062	7980258	1122751135222643
1401188	1378986	22202	1993	5432892	5657408	1122751142267841
833568	811202	22366	1045	3111666	3193882	1122751146424203
1420426	1398650	21776	4853	10711460	11396866	1122751158766939
1420960	1399110	21850	533	2512938	2758964	1122751162911441
522074	499714	22360	615	2045890	2027674	1122751165690523
1390714	1368934	21780	392	2234732	2445120	1122751169531179
738088	705038	33050	1915	5278856	4837608	1122751175756467
1874786	1713122	161664	3939	9335016	10023616	1122751187177121
919498	895730	23768	2399	5823902	5989356	1122751194131779
1409654	1386824	22830	503	2459698	2691618	1122751198211873
1692306	1636846	55460	766	2987152	3500010	1122751203102485
1189288	1160926	28362	256	1450976	1971784	1122751205951419
668474	644444	24030	2662	6556210	6263084	1122751213384563
823754	799938	23816	4682	10810710	10459418	1122751225229789
1448472	1426042	22430	2947	7339444	7613232	1122751234228407
1675974	1645096	30878	3937	9284466	9830190	1122751245399859
1677198	1653420	23778	1218	3889154	4384042	1122751251177023
1022208	999256	22952	367	2180010	2026158	1122751254589977
1596432	1572990	23442	4643	10739538	11153408	1122751267136129
1476134	1453554	22580	3985	9430680	9716850	1122751278253793
765316	742868	22448	1715	4748542	4471368	1122751283978869
1464408	1441124	23284	948	3350158	3630800	1122751289003969
1565826	1542266	23560	1741	4916892	5317568	1122751295697331
3156636	3132212	24424	3084	7633708	9595864	1122751306702143
1696692	1671252	25440	1612	4454438	5191828	1122751313064047
4416816	4414002	2814	82	1055398	4851026	1122751318744187
0	0	0	0	0	0	0
1185160	1163274	21886	1064	2423442	3584282	1122751325792421
3142836	3117516	25320	1438	4332528	6290234	1122751333476049
1455384	1430448	24936	4076	8806502	9877606	1122751343948567
1280710	1259184	21526	224	1222100	1999864	1122751346661849
1390284	1367028	23256	447	2238634	2554110	1122751350501409
946016	825346	120670	757	2978758	2730270	1122751354637105
684182	661502	22680	4618	10817088	10192346	1122751366349161
1542582	1514686	27896	436	2334966	2684720	1122751370437541
1770412	1747592	22820	3427	7558712	8895694	1122751379977283
1183804	1161956	21848	270	1464604	1994526	1122751382836665
861918	768548	93370	3861	9163352	8854938	1122751393072683
1104714	1082746	21968	2504	5978864	6384206	1122751400367437
1748302	1605966	142336	748	2940976	3515032	1122751405267065
868524	821760	46764	979	2954716	3096210	1122751409301159
609442	587528	21914	2357	5681064	5594350	1122751415802013
1180884	1159120	21764	43	1444176	1538380	1122751418637499
1431832	1406220	25612	4633	10724052	10969542	1122751431004291
1527398	1505004	22394	2468	6467548	6734474	1122751439209819
1409622	1384990	24632	1151	3745682	3980876	1122751444576025
563894	540422	23472	3447	8341104	7728442	1122751453692185
1280642	1256308	24334	3099	7641334	7748722	1122751462828861
1486874	1464350	22524	1272	3992798	4301756	1122751468519085
836096	811984	24112	4199	9764084	9505346	1122751479330247
1851916	1691016	160900	1753	4965380	5629704	1122751486357995
1501804	1342540	159264	3094	7005462	7960634	1122751495075799
1521940	1500020	21920	2978	7425362	7749526	1122751504233889
1697708	1674168	23540	4698	10457356	11364824	1122751516597579
1241916	1219814	22102	3538	7845406	8588204	1122751525895675
1628286	1601970	26316	1790	4325380	5479626	1122751532060039
1193848	1163032	30816	184	1450082	1832446	1122751534915611
1406230	1380582	25648	2449	6227230	6575290	1122751542759901
1594168	1571332	22836	4167	9776980	10198096	1122751554341737
1402610	1378360	24250	2790	7037030	7258328	1122751562992099
1181454	1159562	21892	8	1402694	1467616	1122751565784635
1602052	1580226	21826	345	1932752	2564662	1122751569527511
1129566	1108422	21144	2434	5674860	6267042	1122751576542977
1398518	1375182	23336	1518	4485594	4705534	1122751582637893
1217380	1192590	24790	3876	8832630	9245120	1122751592896641
1500850	1477852	22998	475	2403120	2722552	1122751597012131
1273522	1251698	21824	628	2609910	2799856	1122751601106711
765880	741366	24514	3792	8327564	8621302	1122751610411045
1187518	1157802	29716	2114	5117286	5684652	1122751616926623
1006592	983534	23058	2550	6548554	6377248	1122751624689633
1397832	1376888	20944	138	1729382	1945914	1122751628026853
1133750	1111710	22040	4150	9749522	9704474	1122751639118689
1639332	1617190	22142	2659	6768976	7229472	1122751647738243
1445092	1420448	24644	1973	4922500	5663368	1122751654317891
1482382	1459954	22428	3768	8991614	9293462	1122751665003123
0	0	0	0	0	0	0
7062864	7059892	2972	2066	5458848	11470062	1122751689159455
1184228	1162348	21880	157	1700710	1769206	1122751692252797
1519330	1495666	23664	3739	8803138	9272866	1122751702783821
890404	867992	22412	2993	7432008	7147824	1122751711314813
1771480	1629786	141694	728	2904330	3499320	1122751716201845
734010	710768	23242	183	1961088	1377370	1122751719108359
1076164	1054332	21832	4562	10574808	10470658	1122751730970453
1719230	1696870	22360	1618	4694862	5226234	1122751737595425
1572858	1548820	24038	970	2798560	3783636	1122751742181019
929642	905764	23878	4618	10686274	10440616	1122751754007723
1107558	1083038	24520	358	1959258	2094492	1122751757285597
910842	888994	21848	1157	3387734	3496020	1122751761792835
1248566	1226568	21998	3241	7299900	8001242	1122751770552487
1408894	1385524	23370	4692	10832546	11063092	1122751783002773
1936572	1913684	22888	411	2143918	3030044	1122751787294377
1975494	1917500	57994	546	1846618	3338694	1122751791327305
1227366	1204892	22474	3644	7987974	8785718	1122751800753087
1406196	1383394	22802	4623	10692158	10923148	1122751813061827
1681428	1657862	23566	2433	6316996	6818380	1122751821271111
780640	757194	23446	3730	8489442	8511264	1122751830752119
850218	828858	21360	3606	8669676	8331926	1122751840483639
1433752	1408956	24796	3548	8544966	8800096	1122751850673125
925224	842146	83078	901	2921488	3001586	1122751854730519
1182644	1160782	21862	193	1316036	1843788	1122751857439927
969760	948010	21750	897	3252628	3035412	1122751861872995
439820	417238	22582	687	2103814	2085334	1122751864627039
1257640	1234330	23310	4937	11300936	11402896	1122751877396779
1508916	1484350	24566	895	2829498	3569344	1122751881946009
722394	697594	24800	4204	9855648	9401324	1122751892735393
1366458	1343694	22764	1193	3301070	4031010	1122751897611433
1436508	1414396	22112	1157	3762484	4021108	1122751903023469
1820122	1796494	23628	1775	4585348	5642156	1122751909636997
1581962	1561032	20930	3359	7624428	8570620	1122751919054823
1556948	1533324	23624	2438	5951316	6704202	1122751926773733
1405930	1382098	23832	912	3272838	3501328	1122751931662641
1399162	1375508	23654	3817	9011844	9303100	1122751942287811
1754756	1731832	22924	1772	5001582	5578856	1122751949255345
1359034	1336800	22234	834	2600732	3298744	1122751953423603
1532106	1508682	23424	2446	5920232	6694182	1122751961086625
1470302	1447244	23058	3018	7392840	7777152	1122751970160733
1106080	1031382	74698	1080	3521234	3536382	1122751974998481
0	0	0	0	0	0	0
1423632	1399804	23828	2323	4963502	6339642	1122751984809997
0	0	0	0	0	0	0
1478796	1455990	22806	2089	4475692	5928152	1122751994187081
943032	920186	22846	2884	7109102	6981164	1122752002447237
1470670	1442194	28476	2153	5753544	6048074	1122752009882853
1432544	1409788	22756	2873	6676364	7450070	1122752018202643
1139542	1116348	23194	4577	10610630	10567990	1122752030163533
825868	801922	23946	2046	5542046	5194282	1122752036739801
1258182	1235478	22704	3282	8095050	8093546	1122752046304087
1716930	1695220	21710	2183	5818790	6358086	1122752054050769
1027574	1004694	22880	1024	2926160	3346830	1122752058215393
1428802	1406674	22128	3381	7573470	8460344	1122752067428553
1535856	1511752	24104	2619	6838164	7044474	1122752076013527
1667994	1584820	83174	2207	5817526	6353548	1122752083707619
1138312	986786	151526	2764	6439744	6938644	1122752091499927
1562072	1538336	23736	1235	3504936	4303150	1122752096777611
1245124	1223556	21568	4500	10450724	10516690	1122752108684549
1349918	1325974	23944	2002	5449994	5625118	1122752115695253
1701752	1633468	68284	758	2964904	3488470	1122752120577063
1198778	1173938	24840	1917	4859194	5325966	1122752126846049
1402074	1358922	43152	4866	11246220	11404554	1122752139705275
964468	941774	22694	1565	4577426	4363410	1122752145461569
1571602	1457194	114408	2710	6872908	7263388	1122752154114647
853398	831286	22112	3802	9063500	8734652	1122752164242377
1705660	1541206	164454	3889	9227744	9759246	1122752175386541
962464	938974	23490	1803	5044162	4838414	1122752181601283
1424616	1388070	36546	3098	7765084	7891680	1122752191005441
224070	202024	22046	377	2224720	1248716	1122752193664865
1525438	1502916	22522	2894	7236378	7584262	1122752202642147
3153060	3128726	24334	1815	5099560	7053704	1122752211105679
1521698	1493154	28544	697	2586214	3185852	1122752215424287
1438568	1417128	21440	2187	5458998	6083368	1122752222533129
1444170	1421318	22852	3418	8289006	8550502	1122752232474631
1427126	1404474	22652	1080	3272742	3863506	1122752237385575
1445168	1421952	23216	4588	10620228	10891160	1122752249659551
1608832	1587018	21814	1679	4801890	5235894	1122752256285153
1543464	1453200	90264	3070	7418124	7959220	1122752265457665
1690634	1667888	22746	785	3019460	3530876	1122752270378807
1054396	953954	100442	2971	6887408	7267916	1122752278528537
1568734	1546230	22504	1889	5224588	5617220	1122752285532809
1616014	1589814	26200	3379	8094098	8644600	1122752295460039
1519832	1497832	22000	1766	4447134	5321686	1122752301637747
1408734	1384692	24042	3274	7575032	8226708	1122752310838613
1721700	1698098	23602	1153	3905926	4298552	1122752316677513
875072	850698	24374	1844	4421346	4835042	1122752322184883
1141160	1119120	22040	4103	9660528	9623986	1122752333194895
1567972	1542022	25950	2491	6429722	6821250	1122752341403631
811350	788724	22626	2528	6501342	6137118	1122752348926969
1488526	1465612	22914	2361	5620566	6481274	1122752356244045
1405134	1382666	22468	3613	8674578	8906366	1122752366534645
1499084	1476390	22694	4592	10633780	10954546	1122752378878445
1742860	1599134	143726	3249	7494272	8510630	1122752388326153
1607132	1585708	21424	4848	18412394	11572958	1122752408554333
1711560	1686080	25480	965	3375972	3911628	1122752413852659
1706922	1682800	24122	2984	7411798	7944814	1122752423179985
1490056	1466950	23106	3223	7382052	8206074	1122752432263019
1486430	1464598	21832	2530	6521228	6822314	1122752440481389
1574650	1552860	21790	2681	6898378	7206706	1122752449165535
1299518	1277062	22456	1560	4668868	4690634	1122752455358343
1293588	1248174	45414	3364	7492066	8292336	1122752464354349
1483332	1460594	22738	3365	7697548	8484512	1122752473746007
730686	707306	23380	3213	7872000	7426478	1122752482559267
1719522	1696712	22810	1309	3450898	4607240	1122752487940085
1481250	1385200	96050	3605	8243722	8962996	1122752497875723
0	0	0	0	0	0	0
1566640	1542922	23718	4757	9807520	11349990	1122752512801041
0	0	0	0	0	0	0
500718	478994	21724	2001	4299784	4773308	1122752521003033
1506336	1482840	23496	3810	8912144	9396838	1122752531632561
986420	827056	159364	1020	2845502	3297116	1122752535678635
1751886	1728722	23164	3852	9150788	9726912	1122752546796005
1309744	1160194	149550	56	797962	1693618	1122752549111837
1701632	1678690	22942	4159	9884120	10290068	1122752560905693
1473236	1450738	22498	3229	7825686	8202688	1122752570415157
1179414	1157494	21920	375	1795638	2199440	1122752573601335
787316	765290	22026	1427	3150298	3912692	1122752577773227
758120	736370	21750	3318	6932102	7665496	1122752585693975
1182796	1154508	28288	88	1623274	1629812	1122752588714607
1019824	997560	22264	3309	8064964	7908204	1122752598009543
1477382	1452734	24648	4516	10483886	10780940	1122752610181063
0	0	0	0	0	0	0
1093410	1069326	24084	1821	4396688	5006776	1122752627806909
1183708	1161968	21740	52	1382998	1558962	1122752630593179
1474698	1451722	22976	4542	10407330	10828532	1122752642686111
1185572	1163412	22160	291	1568738	2043024	1122752645648945
0	0	0	0	0	0	0
1531378	1507762	23616	4029	8963584	9859684	1122752666146633
1454514	1431398	23116	4554	10370420	10832624	1122752678179687
1681194	1655152	26042	2045	5065110	6043438	1122752685136263
556704	526584	30120	2378	6159750	5582600	1122752692063729
917198	895132	22066	3803	9056000	8794138	1122752702248177
1530416	1507962	22454	2660	6778558	7132528	1122752710765339
1587408	1565204	22204	4020	9662968	9897868	1122752722226189
1688456	1666640	21816	3310	7568084	8578502	1122752731691195
1308308	1281088	27220	3669	8369078	8916168	1122752741583007
1586992	1563672	23320	3489	8426358	8835362	1122752751811565
3227268	3201494	25774	640	2598506	4778840	1122752757847843
1160270	1137048	23222	1712	4864452	4855664	1122752764082779
1464350	1441358	22992	2758	6966254	7255118	1122752772724799
1049006	1027018	21988	1168	3711150	3656452	1122752777693377
1639230	1617140	22090	780	3054370	3470352	1122752782601571
1624332	1601474	22858	278	1497972	2456382	1122752785934691
1010232	986232	24000	4858	10634836	10997418	1122752797788487
926376	903816	22560	2826	6622816	6849226	1122752805548569
1493230	1470162	23068	2268	6034634	6300842	1122752813291361
1482682	1455552	27130	3785	8932036	9322034	1122752823914733
1357938	1334918	23020	4697	10840552	11023226	1122752836321937
1613426	1591632	21794	2197	5849290	6281940	1122752843993331
1668424	1622602	45822	4071	9587734	10080760	1122752855460273
987714	956706	31008	3753	8281002	8764230	1122752864939419
801620	779062	22558	1188	3521024	3447870	1122752869473361
747822	724342	23480	1912	5542914	4841566	1122752875975487
1774568	1666384	108184	698	2983442	3445796	1122752880944179
3140900	3118858	22042	2219	5885886	7850394	1122752890182483
1075156	1050708	24448	4056	9593956	9462796	1122752901062641
1254648	1232780	21868	2425	6298580	6375090	1122752908824079
1360398	1332498	27900	2190	5830464	6011590	1122752916225753
577292	555172	22120	308	2065448	1468722	1122752919078611
1400450	1378338	22112	2187	5823746	6045388	1122752926513709
506668	485678	20990	1406	4258960	3588916	1122752931487909
1467866	1445592	22274	1209	3675150	4157276	1122752936839087
1725514	1690092	35422	2610	6741106	7215934	1122752945516673
1180822	1159208	21614	201	1617270	1852230	1122752948525943
1532464	1511400	21064	1784	5084444	5372174	1122752955353553
1612650	1586482	26168	2659	6764452	7201574	1122752963941633
1102708	1081402	21306	2130	5716272	5634218	1122752970971687
1450174	1428166	22008	1284	4082690	4289380	1122752976715065
911338	890164	21174	2430	5877586	6047598	1122752983714143
1651752	1622876	28876	4695	10766598	11312086	1122752996344521
1463616	1428808	34808	4905	11062798	11549092	1122753009082261
1536334	1514684	21650	2076	5609556	5958762	1122753016438925
1399224	1377476	21748	2692	6310666	7054576	1122753024359779
1342402	1320204	22198	3880	9207988	9374144	1122753035120883
1451946	1427100	24846	3979	9407138	9680984	1122753046188365
1385988	1363900	22088	4091	9637422	9842542	1122753057422263
1720008	1698096	21912	551	2555008	3092140	1122753061908313
1189412	1167092	22320	1069	3172910	3599190	1122753066481653
1570922	1546222	24700	3150	7747748	8143028	1122753076009073
1402386	1380178	22208	3413	8229988	8498984	1122753085850493
1402558	1380738	21820	1759	4576844	5191574	1122753092038583
1398050	1375920	22130	1770	4996876	5209180	1122753098642025
1527156	1505230	21926	4588	10232762	10979352	1122753110613057
1380794	1357976	22818	1953	4960760	5576414	1122753117162655
1555716	1533606	22110	4215	9252540	10255976	1122753128181499
1627128	1604664	22464	4713	10857014	11333708	1122753140876819
699980	678036	21944	2835	6952718	6641170	1122753148737559
1031172	1007206	23966	308	2064612	1917434	1122753152044747
694102	667038	27064	4377	10210596	9718022	1122753163157601
1753554	1731122	22432	2844	7132850	7711362	1122753172254995
1185428	1162384	23044	137	1099638	1729518	1122753174750833
742680	713782	28898	1670	4795764	4353030	1122753180500045
1024906	1002646	22260	4240	9929036	9774720	1122753191664201
1402734	1380376	22358	4037	9522184	9748724	1122753202803935
1416354	1392688	23666	3400	8250618	8487560	1122753212681513
1185986	1162132	23854	120	1696322	1698194	1122753215775127
1548426	1523724	24702	2891	7241056	7601040	1122753224775499
1293804	1263072	30732	3402	8036568	8369216	1122753234316805
1188260	1165138	23122	4914	10827894	11286632	1122753246541131
1423998	1399146	24852	4014	9473078	9722164	1122753257648827
