# Loop @ Start frequency 1800000Hz took 1182.43 cycles
# Interval [1180 ; 1185]
# Q1 : 1176 ; Q3 : 1180
# Loop @ Target frequency 3800000Hz took 709.37 cycles
# Interval [708 ; 711]
# Q1 : 706 ; Q3 : 708
# Confidence intervals do not overlap, alternatives are statistically different with selected confidence level
Change time (with write) [cycles]	Change time [cycles]	Write cost [cycles]	Wait time [us]	Time since last frequency change request [cycles]	Time since last frequency change [cycles]	Detected frequency change timestamp [cycles]
1808950	1699414	109536	3567	308206792	308948898	1122870508756463
1600254	1577020	23234	4812	10675316	11494520	1122870521229701
1129002	1107046	21956	907	2671648	3214820	1122870525220435
1608156	1584502	23654	3036	7152582	7950578	1122870534171517
1517562	1495214	22348	4996	11009722	11781128	1122870546888833
886532	862892	23640	2463	6288094	6084412	1122870554253685
1457060	1430874	26186	4156	9757350	10040330	1122870565658155
1241200	1215672	25528	3982	8962720	9474924	1122870576052205
1725744	1702124	23620	4075	9594582	10146702	1122870587562683
689858	667026	22832	3998	8967658	8956730	1122870597410739
1430032	1403674	26358	3427	8307574	8560462	1122870607338777
619018	595912	23106	2191	5753628	5276508	1122870613901783
1618000	1592550	25450	4544	10536712	10976430	1122870626246649
675718	649150	26568	3891	8950016	8726990	1122870636062289
1563528	1445390	118138	4101	9723710	10037088	1122870647540019
1210948	1189326	21622	3295	8044224	8070750	1122870656985369
1472648	1448840	23808	2535	6517190	6812590	1122870665164983
1185680	1162514	23166	27	1499050	1511606	1122870668040019
1592310	1570390	21920	2511	6494224	6886578	1122870676316589
1684666	1660984	23682	4626	10809786	11207256	1122870689000815
775202	751518	23684	4697	10849150	10439434	1122870700815261
1573918	1551648	22270	4859	10803516	11562468	1122870713385923
1770758	1746988	23770	1572	4208228	5186032	1122870719554689
1183364	1160430	22934	447	1845730	2348384	1122870722773253
1440844	1415766	25078	3556	7385396	8800670	1122870731816709
1747046	1725688	21358	4871	11226798	11759640	1122870744980781
773636	751858	21778	3275	8063096	7594798	1122870754007317
653866	592630	61236	1540	4524648	4004426	1122870759375489
1770744	1746668	24076	3078	7548068	8203364	1122870768884333
1462276	1439562	22714	1572	4104752	4876716	1122870774641797
1156406	1133014	23392	1286	3979398	3999430	1122870779967905
1548116	1524070	24046	4158	9761778	10133850	1122870791467489
1185086	1162106	22980	156	1763930	1772292	1122870794606437
1534790	1512246	22544	590	2576846	2983978	1122870798908167
970398	867458	102940	1788	5022810	4817582	1122870805091677
1049330	1026720	22610	4822	10695630	10963976	1122870817026535
445720	423246	22474	271	1987194	1258420	1122870819648939
1489398	1466226	23172	2722	6774050	7204476	1122870828102537
1721584	1656476	65108	3041	7532414	8074462	1122870837546623
1712228	1679588	32640	1519	4322662	5042344	1122870843771247
1259994	1237758	22236	1506	4271962	4541144	1122870849492983
1724850	1701884	22966	4306	9999778	10617940	1122870861407689
1479534	1457556	21978	3273	7875368	8299648	1122870870952327
1402578	1381388	21190	1904	5128454	5480492	1122870877673301
758702	736426	22276	2294	6051398	5617940	1122870884673405
1590146	1567252	22894	1597	4373574	5054206	1122870890830765
927198	904508	22690	2113	5504572	5425678	1122870897455821
471110	448960	22150	412	2282934	1574660	1122870900399693
1461822	1439598	22224	138	1707032	2009224	1122870903758361
1480424	1456540	23884	3347	8152486	8445302	1122870913580873
1207924	1159638	48286	16	1399472	1510646	1122870916378417
1530546	1502268	28278	1746	4947556	5294684	1122870923046937
487232	461204	26028	4935	11329612	10628064	1122870935053587
834164	811388	22776	3464	8370860	8032192	1122870944448397
834986	783124	51862	3745	8937528	8594646	1122870954411169
1589082	1566858	22224	2732	6913120	7323708	1122870963103193
1395686	1373536	22150	1498	3704914	4662588	1122870968393797
1405786	1375220	30566	4146	9584538	9969576	1122870979573749
720010	692140	27870	1096	3264102	3183482	1122870983747981
1202280	1168082	34198	1260	3646142	4034088	1122870988786193
1556756	1533618	23138	4117	9684130	10061586	1122871000220619
1405224	1382916	22308	2011	5433976	5696654	1122871007248997
1302796	1162286	140510	172	1420712	1916550	1122871010162529
1416778	1394794	21984	2268	5787250	6222484	1122871017556463
1188420	1165068	23352	4094	9265788	9645914	1122871028200013
1010234	860288	149946	745	2950764	2770694	1122871032351833
1245504	1223454	22050	2672	6828084	6861116	1122871040615033
1102250	1078796	23454	3355	8224380	8082352	1122871050131665
1647760	1624296	23464	1239	3929880	4397604	1122871055899125
1204734	1178526	26208	4099	9212246	9677704	1122871066506069
1605998	1583088	22910	3278	8001288	8431866	1122871076303237
921170	899192	21978	2673	6686682	6538422	1122871084100361
1060736	1037742	22994	2143	5850818	5617976	1122871091201887
1443142	1421066	22076	1737	4921316	5186528	1122871097756227
1053144	1031116	22028	1406	4499500	4135486	1122871103498229
1668588	1646466	22122	797	3039070	3533588	1122871108395599
1398780	1376318	22462	643	2585782	2955110	1122871112569733
1178210	1155288	22922	3558	8585538	8564372	1122871122523091
1405458	1383548	21910	4047	9539590	9768902	1122871133658273
1619474	1594422	25052	882	3208486	3652302	1122871138676285
572716	550112	22604	2473	6240736	5790630	1122871145683431
1694154	1665198	28956	1585	4259246	5138748	1122871151826879
1549296	1522830	26466	2540	6061934	6904414	1122871159627959
1417010	1394960	22050	4264	9984520	10215138	1122871171219549
1613486	1563254	50232	2738	6753100	7360700	1122871179775959
1597816	1571800	26016	2733	6950374	7334194	1122871188514239
856386	834228	22158	4271	10008470	9669884	1122871199568707
1596148	1573914	22234	2902	7249570	7670524	1122871208604427
1057230	1034730	22500	3628	8521406	8584116	1122871218373385
1197640	1175176	22464	3111	7728248	7691070	1122871227489725
573758	551470	22288	266	1980754	1377256	1122871230233821
1505726	1481658	24068	4833	11110038	11443470	1122871243039729
639972	616624	23348	157	1762462	1224604	1122871245631943
1233070	1210482	22588	226	1897974	1954128	1122871248953003
604870	580832	24038	1531	4508976	3939108	1122871254256791
1378932	1347466	31466	3004	7455050	7657446	1122871263280765
1545774	1387750	158024	3731	8912996	9284644	1122871273929563
1603632	1577138	26494	4131	9715924	10135938	1122871285439317
1266288	1243824	22464	3481	7914452	8498750	1122871294809909
260254	237772	22482	587	2619940	1704388	1122871297883853
1402112	1379416	22696	4252	9947748	10176478	1122871309423617
1291556	1268798	22758	3693	8827688	8952044	1122871319733009
1387776	1362898	24878	3638	8736400	8933820	1122871330047101
1090932	1068772	22160	2737	6920570	6835962	1122871338248241
1282502	1259188	23314	1854	5159292	5261584	1122871344879727
814242	791352	22890	262	1969462	1608064	1122871347853463
1458054	1436102	21952	2312	6067838	6351874	1122871355569207
1689464	1666054	23410	533	2611928	3025758	1122871360060567
1484652	1457834	26818	3593	8246816	8941048	1122871369981717
1215398	1159038	56360	99	1469334	1684694	1122871372856437
857980	834278	23702	4288	10030574	9703580	1122871383934959
1687228	1663844	23384	4109	9661838	10175390	1122871395474069
1624686	1598780	25906	2408	5674468	6710780	1122871402963489
861426	828990	32436	3027	7505042	7186694	1122871411520169
1125788	1103530	22258	4985	11054812	11366864	1122871423890469
1157158	1135444	21714	678	2812458	2782998	1122871428049777
1521494	1498758	22736	2117	5684782	6026518	1122871435446067
1238286	1216522	21764	2293	5570624	6094300	1122871442444781
1210644	1188082	22562	1789	4416216	5060814	1122871448261153
1428984	1379706	49278	914	3349164	3527878	1122871453229387
1197222	1173672	23550	4153	9757698	9778944	1122871464373581
1398776	1377406	21370	1515	4248604	4698720	1122871470211071
1702178	1669394	32784	1040	3392710	4053050	1122871475496413
1583016	1560552	22464	4496	10283716	10854002	1122871487553217
1416786	1393406	23380	3415	7794896	8517368	1122871496954899
1609470	1587652	21818	4104	9717454	10087328	1122871508471513
1127558	1104628	22930	3390	8240288	8178274	1122871518029497
927532	904094	23438	3186	7838348	7571054	1122871526985425
1084782	1061438	23344	4864	10604186	11083204	1122871538864557
933798	910236	23562	3823	9094780	8850232	1122871549083517
1652458	1627992	24466	4098	9644054	10118260	1122871560570123
1112940	1089424	23516	155	1755484	1693234	1122871563628553
1032252	1007718	24534	3875	9052682	9052468	1122871573903757
1358368	1335998	22370	4861	11169840	11351110	1122871586621793
1489438	1466960	22478	2928	7301142	7616132	1122871595602793
1179862	1156602	23260	110	1140310	1670734	1122871598113207
1545016	1455524	89492	1900	5253704	5615798	1122871605102307
1684882	1634302	50580	4545	10544512	11047248	1122871617522051
1402478	1378014	24464	3369	8157096	8411760	1122871627271599
1350248	1325376	24872	2297	5895014	6214906	1122871634707311
1477364	1452326	25038	4406	10532002	10559850	1122871646910325
906822	883510	23312	787	2606586	2752694	1122871650613745
1568514	1529924	38590	3521	8490548	8881438	1122871660863377
1330542	1306788	23754	2005	5455216	5611292	1122871667839387
1227590	1205688	21902	1318	4079248	4133522	1122871673336333
1649590	1626796	22794	4294	9455938	10510006	1122871684632261
1437640	1413952	23688	824	2564136	3356492	1122871688824311
1201648	1179956	21692	1278	3572736	4029438	1122871693792269
1303378	1208386	94992	2680	6812464	6935216	1122871702097947
1413958	1392192	21766	1094	3270318	3873848	1122871706972513
1053272	1030288	22984	3047	7561584	7419562	1122871715777741
806736	783960	22776	162	1772388	1400780	1122871718547165
1702564	1681094	21470	1420	4409032	4813744	1122871724848945
845398	649308	196090	1616	4009324	4347388	1122871729893727
1463500	1440994	22506	4621	10687710	10976660	1122871742235759
1201786	1178148	23638	1886	5229990	5243822	1122871748857987
1422326	1398290	24036	4189	9826160	10071272	1122871760296461
1396498	1374418	22080	4642	10643536	10951646	1122871772526517
1017972	995534	22438	2200	5748952	5690008	1122871779483953
1492592	1469574	23018	4100	9650266	9963440	1122871790876455
1211728	1188614	23114	3859	8791620	9202192	1122871801069537
747550	640076	107474	1704	4856754	4426780	1122871806887349
1400732	1378668	22064	4153	9688596	9976714	1122871818166407
1405186	1382960	22226	3768	8797380	9212254	1122871828558807
1498748	1474800	23948	2718	6903108	7205860	1122871837150321
1161828	1138890	22938	3756	8911172	8944308	1122871847413269
1267822	1245874	21948	1692	4836356	4930064	1122871853707283
964284	941282	23002	4481	10021792	10205358	1122871864883617
1662672	1458274	204398	1863	12187702	5660604	1122871878923887
1413526	1391506	22020	2575	6602646	6833838	1122871887130657
915028	892138	22890	1574	4596486	4333854	1122871892832127
1815456	1791916	23540	4855	10719590	11797222	1122871905560517
1184714	1160734	23980	44	1018156	1543922	1122871907953733
1402676	1380578	22098	4716	10885178	11105718	1122871920431617
1633384	1610436	22948	3488	8429282	8880076	1122871930684195
1587816	1564388	23428	2537	6043608	6931756	1122871938508621
1735514	1710622	24892	3773	9216360	9552176	1122871949650237
1179384	1158384	21000	320	1510660	2089584	1122871952530103
1472478	1448546	23932	1013	3376534	3770206	1122871957569097
1616690	1594592	22098	613	2677952	3114632	1122871962053291
835014	811564	23450	4795	10870960	10696000	1122871973949533
1738356	1714930	23426	1000	3447014	4009766	1122871979324821
1426964	1394310	32654	2181	5367806	6077332	1122871986309505
1196924	1064884	132040	4979	11460560	11426748	1122871999157229
1309260	1286614	22646	1799	5083778	5177974	1122872005739513
1401736	1377708	24028	1483	4256452	4638020	1122872011587989
1520084	1495340	24744	1306	4068054	4402922	1122872017366283
1505896	1482852	23044	1083	3616414	3946248	1122872022678069
1707078	1684770	22308	2629	6336796	7235950	1122872030915169
1624710	1601754	22956	847	3140958	3589148	1122872035870793
1403770	1380712	23058	3437	8323474	8549550	1122872045787741
1502724	1479934	22790	2324	6094466	6421418	1122872053574693
1063084	1040448	22636	2335	5675010	6002818	1122872060502939
1431562	1408730	22832	4813	11069192	11328684	1122872073193365
929800	761420	168380	4546	10447992	10292088	1122872084761523
1696254	1673722	22532	3083	7616594	8132362	1122872094267893
1471624	1449514	22110	4348	9496122	10438890	1122872105425173
1467036	1441458	25578	1639	4548152	5021106	1122872111630557
1245026	1222794	22232	4708	10866790	10931702	1122872123932417
1790440	1767910	22530	3991	9434910	10042584	1122872135347759
711828	688710	23118	895	2784172	2771548	1122872139033069
1181926	1160038	21888	130	1702102	1713504	1122872142107199
1616552	1594252	22300	3547	8644382	8981154	1122872152557697
1726062	1700214	25848	2350	5801810	6696530	1122872160275183
1426892	1402086	24806	3611	8666064	8917974	1122872170557925
1644426	1622414	22012	3071	7587264	8056786	1122872179979419
1754554	1731324	23230	3121	7189514	8269042	1122872189113493
1329374	1307270	22104	3537	7867698	8674050	1122872198500193
1514770	1492726	22044	1541	4530564	4868164	1122872204735589
1403578	1380568	23010	4851	11146744	11377070	1122872217480249
1541442	1446560	94882	3520	8662736	8852080	1122872227874093
1009592	986220	23372	3752	8584598	8784258	1122872237658143
645398	621866	23532	1926	5302366	4767902	1122872243795897
1159364	1135954	23410	4751	10948700	10930810	1122872256093789
1588160	1554740	33420	2108	5662858	6076308	1122872263534523
1415054	1391644	23410	3409	8264000	8505170	1122872273403309
1421378	1378348	43030	1582	4526934	4859878	1122872279541637
1157152	1134238	22914	1307	4056610	4040492	1122872284945313
1397862	1371828	26034	3269	7342986	8207600	1122872293875953
864846	833984	30862	1444	4343872	4024082	1122872299274917
483330	461252	22078	367	2183500	1491122	1122872302131355
1424634	1396218	28416	4526	10496694	10747582	1122872314242593
1704172	1680410	23762	1010	3480414	3994458	1122872319616133
1472994	1450622	22372	3218	7791932	8180940	1122872329070855
1730980	1707726	23254	4507	10535116	11015788	1122872341526749
1178548	1156596	21952	3592	8044686	8633796	1122872350940229
1423368	1400656	22712	4429	10303670	10552274	1122872362856947
1477884	1437604	40280	2363	6178674	6474932	1122872370703419
1630498	1607446	23052	3697	8840766	9295004	1122872381375977
642970	611560	31410	765	2345768	2444686	1122872384554419
817692	679614	138078	3037	6389644	7183322	1122872391975055
561116	539962	21154	1186	3816592	3203310	1122872396542461
1421234	1398742	22492	2722	6739264	7134092	1122872404892527
1402948	1379952	22996	2586	6632854	6847292	1122872413118183
735120	710144	24976	2562	6442908	6129872	1122872420486243
583828	560618	23210	3618	8684914	8090834	1122872429944943
1106052	1083266	22786	410	1892344	2196996	1122872433133117
1594542	1571284	23258	4858	10012836	11580968	1122872444945507
1781172	1694252	86920	1582	4615436	5215994	1122872451532105
1491306	1467284	24022	3846	8634878	9454994	1122872461848169
1396032	1374134	21898	3808	9082016	9283622	1122872472516833
1746718	1714226	32492	616	2677922	3249378	1122872477131461
590026	565352	24674	730	2811250	2320256	1122872480722721
650730	625994	24736	4975	11396612	10870970	1122872492963349
1442720	1419872	22848	3171	7786822	8056196	1122872502383267
633668	610034	23634	3263	7817244	7430178	1122872511024157
506700	484190	22510	3658	8764460	8093834	1122872520485093
1511184	1489222	21962	2970	7033388	7721614	1122872529219563
1567020	1543420	23600	1899	5068994	5635022	1122872536045343
1242956	1220334	22622	4467	10387104	10448312	1122872547865177
1506722	1482270	24452	4256	9896614	10290102	1122872559458845
1605504	1515798	89706	1769	4800816	5418766	1122872566055569
825288	804268	21020	4276	10004596	9648198	1122872577075233
523084	496618	26466	301	2048476	1395348	1122872579837049
1437394	1375100	62294	3424	8293044	8556276	1122872589757299
1708268	1684062	24206	2861	7166844	7700756	1122872598822097
817072	793200	23872	4112	9624004	9311770	1122872609456791
885100	860272	24828	4151	9756940	9462408	1122872620288761
1101576	1079560	22016	2256	5963134	5883896	1122872627543189
561340	527028	34312	4034	9516730	8899952	1122872637810863
1492108	1467946	24162	4903	11266744	11568306	1122872650759569
716772	695088	21684	1688	4823994	4363642	1122872656494157
669804	643876	25928	2109	5661522	5158354	1122872663015167
1409602	1387864	21738	1608	4664166	4896504	1122872669278923
1842044	1703918	138126	962	3380522	4041154	1122872674691303
1409018	1387308	21710	3338	7384128	8356002	1122872683678233
1470814	1446466	24348	735	2917112	3210616	1122872688255969
1215642	1191396	24246	1482	4413188	4451630	1122872694074781
1768796	1615422	153374	3071	7608302	8181544	1122872703641857
776654	752494	24160	4014	9327140	9074414	1122872713935609
1724790	1701950	22840	1443	4333174	4881810	1122872720183709
1541214	1517922	23292	1781	4413172	5374894	1122872726328113
1526620	1502694	23926	2561	6135290	6918548	1122872734179413
522268	497112	25156	2849	7041036	6490370	1122872741933033
1603150	1580928	22222	1244	3935698	4363324	1122872747661893
1762972	1740996	21976	2967	6752744	7967524	1122872756367607
710204	686524	23680	1604	4030924	4189928	1122872761298829
973454	951294	22160	39	1533436	1329588	1122872763996023
728428	705592	22836	1695	4840080	4389654	1122872769754953
1192388	1170024	22364	4374	10211170	10211588	1122872781348863
1599764	1492502	107262	3531	8513164	8936902	1122872791652183
794784	773006	21778	2513	6471474	6091200	1122872799109089
1586378	1564054	22324	2483	6413166	6824662	1122872807298633
1596572	1574460	22112	4695	10860014	11262016	1122872819944725
1208626	1185624	23002	2080	5613288	5640456	1122872826956769
1600586	1576202	24384	4985	11414964	11840338	1122872840162587
888982	859706	29276	4703	10467106	10565226	1122872851708941
1662840	1628810	34030	3532	8510470	8996870	1122872862072685
1476966	1454002	22964	2604	6501552	6956694	1122872870240735
1526664	1437742	88922	4218	9490854	10232470	1122872881448363
772800	751038	21762	596	1981608	2235296	1122872884392459
1591316	1568116	23200	4133	9713494	10128116	1122872895886941
1476434	1378952	97482	4664	10797004	11074894	1122872908349963
992368	969440	22928	3903	9257658	9070360	1122872918789843
1136530	1113728	22802	1905	4504390	5218228	1122872924623909
584862	562772	22090	3540	8319622	7934856	1122872933718145
1563100	1541732	21368	4592	10637248	11018430	1122872946108353
1710848	1685728	25120	4918	11260632	11818428	1122872959269969
1543342	1500726	42616	1158	3218884	4130082	1122872964222421
783344	761286	22058	856	3094772	2767306	1122872968290397
688738	648624	40114	3235	7394448	7430594	1122872976563753
392672	370106	22566	553	2551216	1770364	1122872979697645
1597180	1574356	22824	3179	7803220	8227302	1122872989288085
576638	551914	24724	4849	10864742	10546248	1122873000919443
1641132	1614138	26994	4083	9699156	10077244	1122873012449843
1738094	1715992	22102	4279	9816330	10566670	1122873024194735
735660	713238	22422	3894	9051778	8795674	1122873034172201
1552300	1522882	29418	1731	4465826	5285342	1122873040380801
1655648	1631170	24478	2542	5916010	7009458	1122873048142131
1497704	1475228	22476	1197	3275934	4161314	1122873053106113
1452398	1428972	23426	4572	10590318	10866976	1122873065338757
1200034	1177434	22600	4725	10915484	10941976	1122873077644239
807804	784142	23662	1616	4686070	4310088	1122873083327977
1538124	1384224	153900	2907	7260276	7627784	1122873092316243
1677594	1655146	22448	2035	5495964	6018098	1122873099679673
942654	920854	21800	251	1442872	1715912	1122873102254677
1742472	1718120	24352	4439	10323292	10890144	1122873114510413
1463012	1438158	24854	4084	9621340	9901918	1122873125784917
1402694	1380688	22006	3836	9120986	9344200	1122873136498469
1836586	1688504	148082	1843	5019682	5791488	1122873143544309
1503296	1467552	35744	2724	6829232	7222302	1122873152066977
606836	567946	38890	2228	5864392	5332892	1122873158728477
1434574	1408722	25852	4334	16029524	10374062	1122873176386073
925842	902350	23492	220	1885164	1635406	1122873179387321
1561830	1538404	23426	2469	6388898	6774540	1122873187527233
1586722	1495240	91482	4381	10138060	10623318	1122873199442033
981472	958766	22706	3324	7942732	7906584	1122873208556705
1601020	1578822	22198	1701	4454686	5273018	1122873214802221
923490	900492	22998	2389	6231558	5971366	1122873222150633
1712186	1688138	24048	1254	3954724	4491548	1122873228007311
1888496	1865732	22764	1146	3751592	4450858	1122873233837537
849654	756900	92754	1524	3963548	4173150	1122873238840673
1031798	996956	34842	2838	7126478	6978780	1122873247188759
239288	209418	29870	757	2816186	2024752	1122873250434233
359254	336728	22526	1387	3066424	3397680	1122873254072149
1565034	1495434	69600	1916	4128334	5661482	1122873259977893
1727712	1576418	151294	778	3010976	3554822	1122873264906533
870794	847408	23386	3625	8314254	8391528	1122873274281533
1730322	1705766	24556	1366	4179288	4734394	1122873280381025
756042	733918	22124	4116	9287630	9258712	1122873290614657
1602432	1579052	23380	3541	8526238	8955668	1122873300933023
1765692	1737528	28164	2343	6245556	6721418	1122873309134183
1185576	1163810	21766	138	1684262	1732640	1122873312194065
1688684	1664876	23808	3398	8204642	8756066	1122873322277077
1392684	1370582	22102	577	2482842	2817732	1122873326343085
1418400	1394108	24292	4330	9541144	10348360	1122873337492721
1397440	1375966	21474	1997	5441436	5663700	1122873344521685
1148224	1126392	21832	751	2759474	2919946	1122873348618427
1182296	1160048	22248	304	1507946	2060206	1122873351498501
1507058	1485118	21940	1683	4809626	5142138	1122873358005217
1187990	1161914	26076	24	1285474	1506284	1122873360668109
1439842	1416838	23004	4052	9558534	9814722	1122873371859903
1549352	1524480	24872	1074	3598052	3967088	1122873377197313
821188	798520	22668	192	1842530	1480374	1122873380051133
1605296	1582012	23284	1046	3534204	3966558	1122873385381191
613414	567522	45892	1820	4544978	4523044	1122873390729273
595252	552356	42896	1357	4161810	3580106	1122873395679097
333050	310230	22820	503	2452904	1609260	1122873398654845
910498	888302	22196	3001	7529740	7183910	1122873407288273
1360062	1337794	22268	4432	10317426	10499854	1122873419155733
566612	520036	46576	3206	7860066	7249636	1122873427772227
1462994	1440198	22796	901	3245672	3535308	1122873432670599
1408120	1384576	23544	4711	10673350	11101472	1122873444945639
1531320	1379598	151722	1660	4395888	5122862	1122873451062713
1478004	1447004	31000	689	2838638	3127084	1122873455569433
1082278	1060940	21338	3718	8442110	8789720	1122873465283613
1439436	1418216	21220	4450	10351940	10614642	1122873477264677
1559624	1535414	24210	3635	8722586	9105106	1122873487736755
918716	896102	22614	1159	3765278	3508138	1122873492609877
1692870	1670110	22760	4807	11056878	11576136	1122873505549913
1721274	1696020	25254	4644	10734920	11278948	1122873518196229
1623766	1600980	22786	339	1970884	2572026	1122873521980689
950172	927954	22218	3398	7915776	8016600	1122873531037013
1243962	1097338	146624	1625	4707814	4764456	1122873537178717
1080004	1057774	22230	3388	7520392	8126174	1122873545968773
1752848	1655318	97530	2588	6309962	7199708	1122873554221517
1405134	1379932	25202	4440	10335574	10555244	1122873566151693
1413594	1389766	23828	2426	6216778	6536092	1122873573972117
1630110	1607772	22338	1390	4228142	4681100	1122873580020611
1192974	1171070	21904	517	2312154	2497890	1122873583715409
1799188	1639906	159282	3612	8673272	9295364	1122873594377525
1308720	1287380	21340	3997	8792438	9573390	1122873604668999
1467390	1442362	25028	1515	4474430	4767142	1122873610803641
1634672	1612236	22436	4807	10769238	11520528	1122873623400821
600826	577938	22888	2226	5815502	5327328	1122873630006877
1504826	1448042	56784	2777	7000778	7330586	1122873638702829
1474962	1449794	25168	1518	4515896	4782140	1122873644886923
844434	820922	23512	4911	11272756	10936372	1122873657194283
1544266	1520022	24244	1246	4037956	4313474	1122873662966107
1528320	1503792	24528	3597	8558114	8992312	1122873673242113
1039542	1017638	21904	3397	8243726	8108666	1122873682715217
1115046	1093532	21514	1898	5242938	5181310	1122873689266681
1661620	1637276	24344	3990	9623190	10111464	1122873700741007
1401740	1378180	23560	1573	4596244	4817514	1122873706935259
1403022	1380528	22494	2998	7447822	7667792	1122873715976453
1121068	1098290	22778	4025	9427132	9441442	1122873726714461
1352744	1245726	107018	903	3041688	3428510	1122873731302089
1313698	1292474	21224	4058	9581524	9705782	1122873742386953
1202878	1181008	21870	2849	7216578	7171736	1122873750996037
1666064	1640598	25466	2038	5577454	6012632	1122873758429213
1195114	1170858	24256	2576	6043886	6617894	1122873765858169
1472516	1450516	22000	1794	4512964	5336910	1122873772033521
1146222	1122212	24010	3309	8091516	8035796	1122873781461215
1395568	1370520	25048	1021	2933390	3708938	1122873785980509
1460004	1437988	22016	2521	6578274	6771722	1122873794208863
1189574	1167524	22050	256	1778180	1972234	1122873797366379
1521442	1498216	23226	1647	3636166	5055496	1122873802736257
961668	832312	129356	3051	7547340	7334896	1122873811438357
1180012	1158190	21822	82	1538440	1619052	1122873814346751
592344	551588	40756	3606	8732000	8074528	1122873823860969
852998	781140	71858	1823	5091444	4769638	1122873829995603
587770	563008	24762	2797	6644966	6452432	1122873837418299
7047504	7044350	3154	2847	7156240	13018374	1122873851811953
1245928	1223416	22512	4533	10516294	10583236	1122873863764269
1635554	1520580	114974	2314	6071958	6533838	1122873871661829
600054	577664	22390	1416	4222094	3701794	1122873876674333
1405672	1383540	22132	4815	11076250	11307688	1122873889349841
873698	851958	21740	1925	5148068	4999066	1122873895561777
1651560	1612284	39276	804	3066210	3532068	1122873900469599
1023278	1001490	21788	3314	7442062	7922550	1122873909125269
1400518	1377720	22798	3590	8662690	8850004	1122873919378433
1482688	1459438	23250	4213	9487098	10179782	1122873930538553
1498396	1476198	22198	4843	11131626	11455568	1122873943358171
884652	862808	21844	2107	5405548	5370228	1122873949838333
454142	432002	22140	466	2379498	1657624	1122873952861795
1704512	1668108	36404	165	1781624	2305232	1122873956538113
859976	837320	22656	3640	8105450	8411496	1122873965693555
1410594	1388214	22380	929	3317452	3538956	1122873970612117
1647296	1617020	30276	4618	10562798	11154812	1122873983012737
1366922	1342722	24200	3585	8098312	8808704	1122873992668283
821998	798882	23116	169	1785380	1431634	1122873995469383
1516362	1493332	23030	887	3219906	3561008	1122874000395653
1088548	961828	126720	3960	9367054	9278834	1122874011041767
633440	608764	24676	1222	3715728	3348324	1122874015580593
513740	486910	26830	256	1956718	1297098	1122874018240869
1075334	964532	110802	2861	7170888	7067432	1122874026676433
1350022	1327002	23020	1736	4558926	5092062	1122874032779087
1701456	1627206	74250	747	3010116	3465750	1122874037684525
1411534	1389402	22132	4831	11108310	11344418	1122874050394463
903222	882116	21106	3066	7576924	7306352	1122874059064117
1044448	1022898	21550	3173	7794800	7662008	1122874068093233
1637876	1615912	21964	840	3125728	3588126	1122874073046637
1539356	1516466	22890	3440	7823758	8690022	1122874082600027
1752550	1728476	24074	639	2728726	3301632	1122874087271175
1605568	1583836	21732	4969	10721644	11814144	1122874099788157
1553922	1498554	55368	2874	6810366	7577912	1122874108342433
1398160	1376188	21972	2794	7038162	7257964	1122874116968619
1565554	1543332	22222	1947	5141620	5730422	1122874123865915
1026336	1004682	21654	3675	8538404	8648334	1122874133620625
1552984	1529018	23966	2683	6815512	7190582	1122874142179213
1626120	1602454	23666	2129	5517514	6154760	1122874149512289
1397816	1375588	22228	1178	3802130	4024054	1122874154901967
490938	468824	22114	4357	10062450	9476022	1122874165644997
960014	929632	30382	2768	6980702	6766398	1122874173776033
736032	712458	23574	1728	4906026	4463898	1122874179607973
1396748	1375470	21278	1345	4135916	4357846	1122874185330681
1408976	1385468	23508	2397	6275212	6483440	1122874193204829
1492274	1470124	22150	4420	10290348	10608062	1122874205178083
1653672	1630738	22934	4668	10415946	11260964	1122874217437357
1503930	1479678	24252	2509	6476840	6797002	1122874225607573
625700	603724	21976	2084	5752140	5064252	1122874232175265
1730866	1631566	99300	1008	3466282	4018856	1122874237562397
725668	702696	22972	989	3255820	2981464	1122874241733203
1684582	1662704	21878	2209	5460306	6387952	1122874249068003
1486134	1462032	24102	2132	5707598	6020086	1122874256451547
289732	265422	24310	529	2503472	1617696	1122874259435109
617492	593270	24222	1889	5242492	4670976	1122874265484805
564980	542906	22074	480	2407050	1795496	1122874268646279
1667488	1645620	21868	1836	3991908	5604228	1122874274522739
1606902	1584666	22236	3609	8034952	9108374	1122874284354115
1637822	1525012	112810	3931	8941458	9769912	1122874295122945
1464688	1442228	22460	997	2904276	3728224	1122874299681759
1185042	1162602	22440	83	1143466	1627144	1122874302200043
1267582	1243998	23584	1970	5393156	5478708	1122874309050591
1451936	1425670	26266	897	3244832	3516300	1122874313936869
1401326	1379894	21432	3170	7784310	8012360	1122874323312219
986080	963252	22828	4614	10720298	10489582	1122874335208883
1329510	1306834	22676	4075	9602390	9755494	1122874346330245
664634	633836	30798	1936	5316980	4807746	1122874352501349
1768446	1664568	103878	3810	9066926	9659576	1122874363527007
1467086	1443560	23526	4699	10647574	11141038	1122874375831581
1705468	1681204	24264	2703	6288470	7387600	1122874384015883
1183716	1159866	23850	571	1938510	2639648	1122874387328109
1499742	1476912	22830	2121	4541370	6011818	1122874393582133
1563518	1540964	22554	204	1959934	2242124	1122874397295873
1550694	1504488	46206	653	2338556	3126836	1122874401375009
1401568	1376450	25118	4899	11261216	11474298	1122874414227819
1334264	1312292	21972	1951	5452234	5506792	1122874421204393
1408572	1380144	28428	1533	4521934	4750970	1122874427324705
767340	743778	23562	875	3205292	2793236	1122874431487419
1206102	1066706	139396	1820	5157156	5116936	1122874438040497
847468	824348	23120	1624	4695508	4366444	1122874443773469
1466408	1441106	25302	4226	9897018	10189188	1122874455326287
986416	964412	22004	2530	6529656	6322012	1122874463032237
511982	489414	22568	287	2021568	1357086	1122874465755805
1559478	1536106	23372	2017	5482440	5863316	1122874472987229
1504450	1482708	21742	4637	10660314	11049314	1122874485342113
1620052	1596844	23208	3099	7645426	8091982	1122874494797663
1717964	1694854	23110	3072	7424164	8131010	1122874504133529
578226	556820	21406	4460	10368316	9768984	1122874515269649
1275358	1251658	23700	2320	6091884	6189412	1122874522826771
1618640	1593706	24934	3691	8828500	9272546	1122874533463969
1629364	1605964	23400	3515	8173376	8930696	1122874543456637
1705048	1682626	22422	1689	4646736	5360568	1122874549998249
668892	644120	24772	4036	9161110	9010728	1122874560017993
1521036	1498288	22748	3330	8106688	8452106	1122874569836079
1685248	1662854	22394	3527	8426954	9010214	1122874580138227
1606870	1583594	23276	4512	9904658	10901376	1122874591839745
1438638	1415378	23260	4272	9450716	10258362	1122874602919433
1331564	1309028	22536	2431	6311618	6464162	1122874610752297
1529658	1503846	25812	1271	3994294	4341722	1122874616470357
998188	976534	21654	270	1490972	1810248	1122874619148877
982714	960632	22082	1835	5117966	4922018	1122874625439317
718466	692956	25510	2272	5997158	5540300	1122874632345025
1410342	1387606	22736	1381	4207932	4442260	1122874638152845
1464218	1439274	24944	2583	6177770	6901562	1122874645984653
1505936	1402538	103398	4192	9834486	10160148	1122874657514289
1400822	1375144	25678	4268	9989856	10207458	1122874669095113
1459844	1437768	22076	2526	6493110	6782464	1122874677238043
934884	911392	23492	4175	9858172	9561874	1122874688221057
1441392	1419822	21570	1343	4135114	4397640	1122874693987491
1730258	1674280	55978	2034	5424280	6069362	1122874701332303
1671716	1649218	22498	894	2770056	3729678	1122874705963749
6549258	6546340	2918	3835	9122566	14489374	1122874721825153
1493028	1470510	22518	1528	4508640	4819092	1122874728016853
1413744	1389648	24096	3525	7869296	8739034	1122874737489549
800050	777616	22434	2292	5636456	5654180	1122874744115815
1047970	1025964	22006	421	1922616	2160200	1122874747275653
509674	486792	22882	1282	2864366	3343542	1122874750859333
1668676	1646888	21788	1609	4550226	5158556	1122874757268291
1646338	1622128	24210	4497	10375130	10915640	1122874769479897
1590342	1568042	22300	1542	3941860	4943762	1122874775201873
1349998	1185592	164406	1225	3414112	4071444	1122874780155483
1604426	1577274	27152	3580	8613846	9034968	1122874790563777
363606	271236	92370	371	1595324	1376730	1122874792712945
866182	835100	31082	2230	5906766	5596162	1122874799679445
1412554	1389082	23472	2381	6209978	6445832	1122874807491797
1216888	1194894	21994	2057	5545256	5600958	1122874814444079
943644	920770	22874	3524	8362814	8261714	1122874823940773
1407100	1382976	24124	2149	5822390	5974082	1122874831360163
752058	728838	23220	4944	11336628	10914148	1122874843638999
955414	933494	21920	3449	8346070	8124464	1122874853130333
1135664	1113298	22366	4539	10534966	10484310	1122874864990463
563354	541590	21764	192	1850476	1217320	1122874867594159
1460804	1438210	22594	2481	6408942	6693408	1122874875653559
1546468	1520636	25832	4389	9807280	10601374	1122874887197109
710216	687780	22436	2949	6841958	6877820	1122874894938835
772702	750586	22116	3720	8883928	8483492	1122874904785221
805484	783394	22090	4840	11125658	10755858	1122874916909919
1631352	1588116	43236	701	2848968	3304862	1122874921579761
558968	514528	44440	4793	11037120	10415068	1122874933365277
1477916	1454358	23558	2731	6989408	7213110	1122874942022169
1760680	1710698	49982	3654	8651588	9340892	1122874952624873
1682622	1540798	141824	3423	7675126	8797996	1122874962172697
985222	963068	22154	3618	8689960	8490542	1122874972037267
698772	674596	24176	937	2926944	2843430	1122874975852781
1220428	1199250	21178	2350	5589290	6196668	1122874982852349
1423464	1400544	22920	523	2489624	2739794	1122874986955403
898620	876154	22466	45	1538056	1261052	1122874989582593
1014026	991686	22340	445	2411240	2175296	1122874993197877
431590	409360	22230	445	2343670	1598550	1122874996163421
1655704	1632612	23092	4271	9989714	10468150	1122875007999443
1465570	1441332	24238	4308	10074110	10352922	1122875019729261
534118	511302	22816	4659	10782304	10122694	1122875031235673
1704268	1639072	65196	598	2645828	3175988	1122875035775847
841916	820046	21870	2719	6883296	6550022	1122875043691357
1474344	1452402	21942	2527	6113980	6804766	1122875051469785
1732144	1700114	32030	2390	6227744	6783166	1122875059619469
1211908	1189852	22056	1682	4949738	4847272	1122875065971237
1569378	1547204	22174	1631	4431688	5102136	1122875072162617
1181376	1159532	21844	128	1386114	1708094	1122875074920593
1357826	1334900	22926	4569	10688468	10764990	1122875087156979
1181012	1159366	21646	126	1016374	1704362	1122875089544141
1676626	1577224	99402	87	1629254	2122576	1122875093039707
612460	503888	108572	3824	8989512	8530758	1122875102831513
697968	674476	23492	3739	8973596	8445698	1122875112692957
1465420	1443276	22144	3153	7850692	8043166	1122875122202319
571062	435182	135880	318	2080346	1477722	1122875125043917
1605254	1574694	30560	2058	5564638	5990302	1122875132404045
1476086	1313050	163036	3238	7374470	8222402	1122875141444813
1108358	1086562	21796	312	1596100	2002834	1122875144339093
1657650	1621946	35704	3157	7613604	8243516	1122875153800299
1707848	1686046	21802	3223	7890640	8423814	1122875163588457
1192928	1168810	24118	243	1476456	1950496	1122875166447469
1575360	1552728	22632	467	2302654	2780584	1122875170515879
525260	483192	42068	4652	10751908	10100374	1122875181983693
663724	635690	28034	4695	10834392	10324898	1122875193672053
1437014	1415450	21564	762	2967968	3232070	1122875198267335
1309182	1286872	22310	963	3372500	3506322	1122875203139481
1638520	1615710	22810	400	2251340	2709186	1122875207218745
1403062	1380970	22092	3189	7833288	8060784	1122875216645253
1397884	1375410	22474	4682	10809270	11031394	1122875229045953
1590686	1513414	77272	1819	4892138	5498974	1122875235718719
737366	715316	22050	895	3205176	2797622	1122875239851397
1224280	1200078	24202	320	1664424	2139944	1122875242930283
664778	552084	112694	3966	9319524	8866142	1122875253104707
1847014	1700072	146942	714	2877462	3545996	1122875258018873
1773808	1752454	21354	2764	6613080	7572258	1122875266595649
958302	935120	23182	1471	3819894	4170096	1122875271564085
1728148	1483314	244834	1798	5051750	5595418	1122875278533893
1444388	1421358	23030	3201	7711810	8117942	1122875287880047
1366762	1208776	157986	1900	5086822	5437348	1122875294524369
1092784	1061102	31682	4672	10331718	10707050	1122875306138283
985542	964218	21324	153	1751366	1561822	1122875309065057
965892	941878	24014	3198	7846204	7633200	1122875318067293
1742180	1720998	21182	588	2634320	3188948	1122875322633541
1613854	1592474	21380	2721	6888032	7325640	1122875331329139
1232926	1209002	23924	1103	3660272	3717256	1122875336412217
1729508	1702468	27040	2384	6216980	6771360	1122875344548393
1809946	1785056	24890	2908	6700952	7895134	1122875353249087
1850334	1828464	21870	372	2035844	2863638	1122875357325477
1678654	1652014	26640	3139	7251224	8227360	1122875366445715
1807312	1784586	22726	1263	3364900	4604686	1122875371808331
567758	546746	21012	2561	5780072	5961738	1122875378346697
1554998	1531076	23922	1519	4485922	4863720	1122875384577919
785890	762662	23228	1868	5182674	4793084	1122875390736773
867296	844938	22358	3472	8392238	8082048	1122875400190087
1652220	1626444	25776	4907	11258328	11737512	1122875413290953
976548	954538	22010	4167	9926176	9587214	1122875424383169
1735248	1656686	78562	951	3009686	3908794	1122875429317819
496034	472740	23294	1851	10492938	4469790	1122875440496529
1426480	1404524	21956	1590	4630202	4876966	1122875446742919
2103948	1813244	290704	589	2626458	3551850	1122875451666369
673854	651344	22510	195	1252012	1334038	1122875453782217
1532394	1509098	23296	2721	6888404	7245094	1122875462392733
801888	752978	48910	2067	5579222	5206654	1122875468964189
1397364	1375492	21872	2388	6224138	6444362	1122875476775587
1524412	1502310	22102	4887	11137016	11568646	1122875489630525
1120722	1097226	23496	4998	11379830	11386914	1122875502320737
1789300	1766634	22666	1048	3543798	4155880	1122875507843313
190232	166472	23760	388	2180524	1236376	1122875510404177
1130200	1107340	22860	4060	9565982	9520428	1122875521290091
1516814	1494690	22124	918	2782224	3624128	1122875525778683
1421736	1378484	43252	3950	9347020	9593128	1122875536737497
1380258	1358298	21960	3299	7498714	8248416	1122875545809997
1225390	1202356	23034	2518	6481806	6532162	1122875553707045
1501796	1473298	28498	1972	5390860	5716458	1122875560789419
1029902	1004726	25176	2965	7386572	7231756	1122875569399447
1539566	1512574	26992	4362	10179904	10541974	1122875581309057
1235608	1133440	102168	4345	10140736	10200600	1122875592874953
1189858	1168048	21810	252	1545772	1965530	1122875595801189
1474008	1449544	24464	2260	6199800	6265928	1122875603665267
571888	539896	31992	3056	7555984	6954786	1122875611983081
1619984	1598042	21942	1249	3960320	4388584	1122875617753177
958382	933456	24926	3482	7942358	8196684	1122875626843487
1435480	1412906	22574	578	2615624	2864096	1122875631084579
1589744	1565804	23940	3726	8902552	9312850	1122875641766753
875890	852514	23376	432	2004156	2010696	1122875644836875
1701444	1673092	28352	1476	4400262	4924888	1122875651128357
1668520	1646832	21688	1578	3988392	5096010	1122875656975401
561508	537462	24046	2249	5810660	5329980	1122875663538293
1674114	1650038	24076	4532	10508182	11008620	1122875675910893
1184504	1159734	24770	38	1520042	1530106	1122875678805249
726624	704032	22592	701	2767962	2400044	1122875682493313
1604334	1580202	24132	2883	6865692	7641734	1122875691152947
1784156	1761236	22920	3978	9011868	10010798	1122875702138687
1638324	1615764	22560	3495	8436044	8900006	1122875712402789
1281366	1259230	22136	3730	8467140	9011048	1122875722341743
1665762	1642984	22778	4538	10520900	11011078	1122875734718063
1621538	1599698	21840	1181	3808458	4253698	1122875740341797
1756242	1213032	543210	2714	6215002	7453720	1122875748502433
1061688	1039970	21718	1225	3763234	3781926	1122875753517837
1374094	1350450	23644	2628	6704254	6901652	1122875761786191
1408648	1386108	22540	4001	9251314	9681228	1122875772636683
851320	829168	22152	1268	3985208	3659078	1122875777666179
1948906	1785974	162932	1116	3679040	4452848	1122875783484817
955978	931458	24520	4282	9552830	9790234	1122875794183793
1554796	1416994	137802	493	2432236	2810856	1122875798360617
1407624	1384112	23512	556	2562864	2790614	1122875802521393
1350140	1326836	23304	4864	11094234	11349492	1122875815155831
1178920	1155354	23566	3641	8047782	8732124	1122875824572553
1675170	1569150	106020	3694	8833154	9333978	1122875835270693
543830	519244	24586	3797	9056674	8414724	1122875845061303
488982	466512	22470	360	2175038	1479608	1122875847932441
1411732	1387214	24518	3414	8274768	8510934	1122875857809107
1566878	1544968	21910	2952	12166122	7741286	1122875871732149
674382	650084	24298	4922	10698996	10789412	1122875883295583
1642008	1538950	103058	998	3447270	3914120	1122875888575179
1656644	1633294	23350	2081	5613666	6090090	1122875896035729
1178888	1154106	24782	121	1693254	1693482	1122875899097947
411402	389066	22336	741	2924964	2163824	1122875902624435
1831854	1696022	135832	2532	6510548	7167048	1122875911160827
1598212	1576140	22072	1722	4518116	5313098	1122875917467141
1185214	1163240	21974	58	1031964	1571420	1122875919874159
1400256	1379246	21010	1754	4958734	5178226	1122875926423097
1465782	1440652	25130	2074	5747794	5885388	1122875933826577
1399092	1376926	22166	2597	6650436	6863032	1122875942065825
1622094	1599602	22492	2080	5606814	6053332	1122875949484777
920698	898248	22450	1836	4671602	4864700	1122875955267353
771720	736158	35562	130	1711404	1307066	1122875957940325
1880154	1744232	135922	2069	5666034	6288352	1122875965676693
1402750	1374010	28740	2678	6925836	7029150	1122875974195281
537986	514170	23816	4911	11279150	10630596	1122875986202391
1652184	1543748	108436	1080	3608290	4083842	1122875991652583
602424	580726	21698	967	3193986	2807980	1122875995638769
1481236	1459422	21814	2463	6127844	6682636	1122876003437497
1663288	1638904	24384	1022	3496612	3983508	1122876008787533
1141790	1105224	36566	3603	8148564	8619846	1122876018271969
1652274	1628954	23320	1355	3860350	4633454	1122876023974373
951632	928850	22782	3710	8675686	8642960	1122876033791681
1486544	1462380	24164	4999	11444958	11753930	1122876046912463
1652940	1630230	22710	3502	8453540	8928744	1122876057208795
1192020	1162538	29482	163	1399414	1788558	1122876059989899
1564972	1543064	21908	2809	7074326	7454558	1122876068818763
873128	849180	23948	1627	4721004	4398600	1122876074602893
1750464	1727858	22606	2610	6670354	7241274	1122876083214137
1546142	1511128	35014	3908	9269542	9637158	1122876094219747
1973224	1949960	23264	288	1992268	2820814	1122876098374763
1183244	1160756	22488	3458	8368924	8370272	1122876108116737
1131052	1109222	21830	299	1471306	2000622	1122876110908543
1749432	1723810	25622	986	3418898	3991282	1122876116266855
1045276	1022762	22514	2761	7074392	6837578	1122876124576597
1010880	986978	23902	3415	8276434	8112716	1122876134054185
1405284	1380382	24902	1169	3784586	4015184	1122876139434575
1591786	1569840	21946	2529	6464978	6924620	1122876147680949
1659970	1516134	143836	2766	6842342	7463560	1122876156373069
1510860	1488750	22110	3818	9038072	9417830	1122876167111891
1066136	1042646	23490	1750	4949358	4836718	1122876173317117
1443562	1421640	21922	2372	6192058	6462094	1122876181142499
928736	905544	23192	1229	3862788	3657690	1122876186123605
1744142	1718268	25874	4289	10027462	10593856	1122876198084973
1454462	1431782	22680	3973	9391814	9670578	1122876209121201
1054004	1022932	31072	3125	7702178	7576084	1122876218066677
935302	913514	21788	1993	5431502	5192372	1122876224623913
1609032	1586144	22888	1045	3535506	3969704	1122876229961603
1706996	1677904	29092	4853	10752796	11685108	1122876242611457
1181152	1157628	23524	533	1877246	2517760	1122876245859591
1185400	1161694	23706	615	1502244	2663100	1122876248759853
1444622	1422926	21696	392	2081902	2499792	1122876252479037
1532724	1480032	52692	1915	5255308	5633310	1122876259457093
927690	893132	34558	3939	8809938	9075932	1122876269383973
1402756	1380050	22706	2399	6250340	6475818	1122876277226949
1463326	1442058	21268	503	2425290	2745664	1122876281305477
947648	925632	22016	766	2606768	2749932	1122876285049791
1178692	1157624	21068	256	1530402	1960660	1122876287948825
1515976	1375350	140626	2662	6807962	7110084	1122876296462095
538192	516818	21374	4682	10679950	10172042	1122876307870207
1009874	987404	22470	2947	7341712	7175108	1122876316411823
1575676	1549558	26118	3937	9319762	9720630	1122876327497529
869154	847234	21920	1218	3814170	3580912	1122876332370983
1181378	1159578	21800	367	1601048	2185466	1122876335343141
1439142	1414156	24986	4643	10638754	11000240	1122876347610861
1848662	1712392	136270	3985	9070610	10093332	1122876358720257
1534786	1510954	23832	1715	4875766	5234982	1122876365324347
1020656	872708	147948	948	2894614	3188116	1122876369430157
1488886	1465468	23418	1741	4820998	5246544	1122876375930387
832200	809600	22600	3084	7616958	7271688	1122876384569603
1645166	1620934	24232	1612	4673918	5140574	1122876391078537
967722	945938	21784	82	1609030	1401614	1122876393845047
693808	671600	22208	541	2526484	2045372	1122876397255163
1612508	1589866	22642	1064	3578694	4013042	1122876402635767
1501518	1385734	115784	1438	4118128	4647682	1122876408448763
1683536	1582468	101068	4076	9206572	10106124	1122876419528677
1183118	1162254	20864	224	1782094	1907058	1122876422684281
1532952	1511008	21944	447	2175756	2697684	1122876426586057
1474768	1449976	24792	757	2441242	3258740	1122876430691829
1651284	1628062	23222	4618	10212116	11158514	1122876442748285
1447018	1423750	23268	436	2323340	2588870	1122876446712009
1015890	992332	23558	3427	7905124	8141800	1122876455825651
1001554	979304	22250	270	1985374	1813122	1122876459002363
1333170	1311244	21926	3861	9012680	9325988	1122876469537929
1136898	1113802	23096	2504	6460470	6416550	1122876477325571
1403600	1380770	22830	748	2945234	3174826	1122876481864309
1093614	1071584	22030	979	3326202	3322704	1122876486474263
1464350	1441040	23310	2357	6012788	6448126	1122876494140983
983308	961088	22220	43	1531720	1339500	1122876496845879
1455954	1430848	25106	4633	10709048	10991880	1122876509200459
1637622	1612982	24640	2468	6384174	6848660	1122876517412081
1398312	1376518	21794	1151	3316054	3971062	1122876522316651
1421684	1399684	22000	3447	8191060	8586782	1122876532119983
1589796	1567648	22148	3099	7274190	8059962	1122876541174039
906524	884700	21824	1272	3488282	3721460	1122876545758719
1600694	1579532	21162	4199	9327614	10273018	1122876556876817
6617070	6614134	2936	1753	4585510	10394594	1122876568269113
1665284	1638154	27130	3094	7573234	8124964	1122876577697243
1219044	1195608	23436	2978	7401068	7445566	1122876586506917
1569758	1547636	22122	4698	10440414	11235772	1122876598707577
1635214	1612770	22444	3538	8022368	8981818	1122876608558973
1491350	1457388	33962	1790	4454816	5341942	1122876614695051
1183334	1161574	21760	184	1294818	1821944	1122876617367067
675852	654072	21780	2449	6356778	5849974	1122876624589463
1512060	1433904	78156	4167	9285962	10116232	1122876635577575
1722142	1689600	32542	2790	7033896	7574378	1122876644523603
1183100	1159728	23372	8	1395252	1471150	1122876647292289
1028260	1004924	23336	345	2149210	1994820	1122876650659655
1721244	1699444	21800	2434	6335742	6860916	1122876658910605
1403956	1382078	21878	1518	4092916	4710514	1122876664597299
982618	960758	21860	3876	9090266	9005788	1122876674859879
1525238	1502988	22250	475	2395190	2744732	1122876678970443
1760084	1738464	21620	628	2702644	3287586	1122876683623285
1656836	1632278	24558	3792	8394086	9511774	1122876693863917
1557084	1535464	21620	2114	5673234	6055246	1122876701284087
1425088	1403412	21676	2550	6357036	6796360	1122876709256081
1015742	994652	21090	138	1728652	1568074	1122876712190695
1312644	1291002	21642	4150	9747948	9882762	1122876723441527
1403692	1380366	23326	2659	6613226	6997082	1122876731648527
1400670	1378014	22656	1973	5394846	5616922	1122876738633403
1023044	1000056	22988	3768	8750424	8830266	1122876748609705
1121532	1098082	23450	4173	9795084	9739754	1122876759716137
1577516	1555494	22022	2066	5600366	5980656	1122876767084035
1183282	1159834	23448	157	1692942	1767662	1122876770149793
1399162	1377030	22132	3739	8942186	9148762	1122876780681593
1011790	988290	23500	2993	7051192	7268874	1122876788938179
1399992	1377594	22398	728	2902162	3127236	1122876793430347
1180238	1157752	22486	183	1688182	1821150	1122876796488573
1445576	1424374	21202	4562	10414014	10841016	1122876808537795
1701510	1678910	22600	1618	4736614	5208760	1122876815165681
1675002	1651734	23268	970	3106662	3885684	1122876820137105
1839310	1815264	24046	4618	10687046	11346742	1122876832853333
1453526	1431896	21630	358	2080354	2440994	1122876836577577
1395372	1373052	22320	1157	3394776	3981094	1122876841557353
866728	844078	22650	3241	7932798	7619190	1122876850546611
1396934	1373408	23526	4692	10907694	11051182	1122876863040793
415662	392546	23116	411	2267176	1509826	1122876865913467
594996	569044	25952	546	2536042	1956766	1122876869234795
1648682	1624180	24502	3644	8740576	9211798	1122876879814343
1412306	1379748	32558	4623	10757344	10930382	1122876892173907
858536	835986	22550	2433	6359392	5996466	1122876899582077
1551808	1492944	58864	3730	8907818	9281812	1122876910231283
1145804	1124282	21522	3606	8642574	8628404	1122876920209223
1753918	1731508	22410	3548	8014010	9120002	1122876930167213
1429394	1408296	21098	901	2822316	3503296	1122876934608669
875876	851640	24236	193	1852506	1533098	1122876937527111
1454724	1432204	22520	897	3238278	3519174	1122876942409977
1591708	1569554	22154	687	2686900	3236234	1122876946878893
1487248	1461344	25904	4937	11205956	11632340	1122876959762349
1559424	1537984	21440	895	2744844	3623942	1122876964256483
1503952	1481964	21988	4204	9868580	10181726	1122876975818957
1400508	1377984	22524	1193	3832040	4057924	1122876981241433
1450196	1427376	22820	1157	3693520	4038642	1122876986575057
943648	921674	21974	1775	5003736	4763926	1122876992712457
1156396	1132474	23922	3359	8166812	8146924	1122877002229165
1790594	1683816	106778	2438	6323796	6938390	1122877010533315
704772	682528	22244	912	3291380	2801042	1122877014719453
882664	860684	21980	3817	8834252	8788836	1122877024629265
1665784	1405924	259860	1772	5124786	5480484	1122877031612357
447036	423208	23828	834	3172440	2386556	1122877035421597
1658394	1634164	24230	2446	5980888	6820902	1122877043250877
1608670	1586562	22108	3018	7263252	7914744	1122877052313083
1037512	1014680	22832	1080	3611256	3469948	1122877057151867
1088004	1066236	21768	326	1874664	2012416	1122877060304317
808672	780852	27820	2323	6094244	5726768	1122877067396993
1181210	1159408	21802	168	1397546	1788866	1122877070165509
1314954	1293642	21312	2089	5654290	5763834	1122877077325133
813272	791392	21880	2884	7334412	6851886	1122877085663437
645698	622892	22806	2153	5346370	5228548	1122877091845777
1724994	1625270	99724	2873	7190182	7741278	1122877100951033
1603362	1578716	24646	4577	10568694	11029416	1122877113313327
1543916	1521092	22824	2046	5168200	5905900	1122877120215801
1741572	1716848	24724	3282	7946050	8576154	1122877130093407
449470	426932	22538	2183	5099858	5091450	1122877135833265
1357092	1332182	24910	1024	3457764	3676180	1122877140836801
640824	618906	21918	3381	8210428	7674000	1122877149878469
1698600	1673198	25402	2619	6233334	7211628	1122877158000173
1697114	1675348	21766	2207	5857834	6381210	1122877165744669
1517904	1416538	101366	2764	6542776	7321768	1122877173995417
1207058	1185126	21932	1235	3926800	3947808	1122877179318517
991564	967568	23996	4500	10534848	10267496	1122877191034947
1106364	1030170	76194	2002	5278512	5381046	1122877197609699
1528964	1505514	23450	758	2816028	3316698	1122877202144257
1406190	1382510	23680	1917	5282914	5510416	1122877209023409
1439250	1416750	22500	4866	11051418	11440910	1122877221704363
1415512	1393422	22090	1565	4584820	4816188	1122877227894577
1644434	1610312	34122	2710	6876468	7335828	1122877236605467
1478408	1456608	21800	3802	9065406	9354204	1122877247339343
1330426	1308082	22344	3889	8795704	9379086	1122877257655285
1322610	1299272	23338	1803	5107762	5199228	1122877264275413
1556220	1533386	22834	3098	7691240	8023612	1122877273712981
1264974	1242634	22340	377	2195870	2290816	1122877277363705
1596822	1572676	24146	2894	6805150	7656174	1122877285955497
1397576	1373374	24202	1815	5035110	5298374	1122877292578187
1133430	1076350	57080	697	2444524	2798662	1122877296346015
473876	450452	23424	2187	5856434	5120294	1122877302866377
1650718	1508492	142226	3418	8377922	8758112	1122877313085141
1130588	1109644	20944	1080	3551348	3562518	1122877317956977
1230490	1207930	22560	4588	10625490	10676664	1122877330002789
721798	699938	21860	1679	4917498	4350898	1122877335832057
1412666	1388376	24290	3070	7112178	7830260	1122877344546845
1691858	1669832	22026	785	2655322	3533754	1122877349084017
1486886	1465252	21634	2971	7386278	7700958	1122877358146973
2041182	1743474	297708	1889	5227132	6091198	1122877365605243
1486916	1464046	22870	3379	12770076	8516102	1122877380052837
1081120	1057824	23296	1766	4823770	4882546	1122877386146995
1477934	1453888	24046	3274	7996654	8297510	1122877395811733
1182850	1160220	22630	1153	3892252	3759696	1122877401076659
1720478	1697898	22580	1844	4714990	5679408	1122877407702249
1484892	1460468	24424	4103	8967066	9962262	1122877418344567
1374236	1353196	21040	2491	6313288	6626086	1122877426221865
459614	426080	33534	2528	5957674	5786320	1122877432829153
1490526	1466976	23550	2361	6168010	6484588	1122877440678049
1513994	1491808	22186	3613	8544174	9010250	1122877450929413
1409938	1387744	22194	4592	10627956	10864560	1122877463157263
1698324	1676528	21796	3249	8018098	8472234	1122877473063547
1789590	1654288	135302	4848	10419782	11757344	1122877485462743
696276	674454	21822	965	3338640	2902566	1122877489687377
1398942	1376302	22640	2984	7046108	7661050	1122877498321975
864050	841054	22996	3223	7977346	7581430	1122877507353025
1547904	1525532	22372	2530	6515374	6887206	1122877515606785
1672374	1650710	21664	2681	6727826	7304196	1122877524197245
1739450	1714434	25016	1560	4209974	5131506	1122877530336307
1395650	1371474	24176	3364	7510798	8394052	1122877539432293
1572762	1548894	23868	3365	8180510	8572738	1122877549375447
1534192	1417436	116756	3213	7431558	8231662	1122877558530797
701466	667360	34106	1309	4073634	3590834	1122877563496025
1025534	1003950	21584	3605	8658414	8505624	1122877573370023
1145010	1122406	22604	360	1760448	2135222	1122877576465433
1691962	1668608	23354	4757	11071062	11584112	1122877589417633
1070730	1049324	21406	142	1738140	1630700	1122877592417105
819640	798342	21298	2001	5447172	5091992	1122877598873933
1476522	1454514	22008	3810	9070280	9367186	1122877609610737
888872	866042	22830	1020	3493770	3200044	1122877614183037
1118126	1095126	23000	3852	8547822	9094008	1122877624038249
1011674	989900	21774	56	1525956	1394930	1122877626765729
1238048	1212794	25254	4159	9764364	9826214	1122877637962069
901014	876718	24296	3229	7903958	7629452	1122877646956973
558956	456416	102540	375	2198974	1579526	1122877649904875
1618722	1594534	24188	1427	4302666	4743676	1122877656016597
950776	926266	24510	3318	7915904	7857002	1122877665072577
807882	782998	24884	88	1625492	1254742	1122877667695683
1440570	1418502	22068	3309	8066196	8329210	1122877677392261
1711810	1689050	22760	4516	10141912	11012726	1122877689435411
1281374	1255502	25872	4325	10031992	10207056	1122877700938915
853976	831088	22888	1821	5088398	4767586	1122877707071437
1061758	1035264	26494	52	1650266	1441348	1122877709973189
1166188	1144098	22090	4542	10532158	10520446	1122877721861551
567120	545388	21732	291	2031528	1421110	1122877724650511
1267376	1234568	32808	3259	7974744	8056880	1122877734086649
1441740	1419848	21892	4029	9501948	9770538	1122877745220953
1420256	1396338	23918	4554	10643808	10802800	1122877757475349
1720250	1697402	22848	2045	5537598	6081646	1122877764923281
1693638	1657284	36354	2378	6007352	6719990	1122877772814609
1452912	1431560	21352	3803	9048160	9328682	1122877783505813
1728476	1694914	33562	2660	6679444	7362938	1122877792103347
578952	553094	25858	4020	9063536	8891052	1122877801935757
1188612	1167028	21584	3310	8066754	8079678	1122877811381301
1721472	1696322	25150	3669	8791506	9334688	1122877822084133
1709352	1685802	23550	3489	8422008	8957402	1122877832405901
1731580	1709920	21660	640	2225050	3281408	1122877836552113
1413658	1388388	25270	1712	4242618	5107980	1122877842398121
1524696	1502166	22530	2758	6950350	7312188	1122877851063109
986388	963912	22476	1168	3793782	3593094	1122877856032733
1669504	1597068	72436	780	3020152	3499864	1122877860911847
1191676	1162734	28942	278	1958530	2019596	1122877864252015
1360868	1334578	26290	4858	9986086	11321274	1122877875809077
994046	972400	21646	2826	7099330	6917524	1122877884092185
1232192	1210162	22030	2268	5984324	6037756	1122877891498281
1929076	1907652	21424	3785	9013786	9770598	1122877902631117
1502788	1480398	22390	4697	10304794	11167332	1122877914632723
723762	699666	24096	2197	5350148	5387898	1122877920899661
1429056	1406454	22602	4071	9588322	9840866	1122877932106847
1493366	1469916	23450	3753	8948696	9269602	1122877942739095
1769966	1719856	50110	1188	3825384	4418490	1122877948527715
1735218	1701466	33752	1912	4769954	5830984	1122877955222857
633644	612036	21608	698	2194748	2300896	1122877958241217
1555618	1533408	22210	2219	5886712	6264544	1122877965873189
765128	725922	39206	4056	9700980	9149164	1122877976528637
1572508	1545384	27124	2425	6296840	6692584	1122877984587923
1401054	1378178	22876	2190	5793404	6052702	1122877991972379
1179982	1158070	21912	308	1688726	2065828	1122877995031281
1501832	1480768	21064	2187	5899862	6146530	1122878002623081
1027104	1004362	22742	1406	4267022	4110496	1122878008110347
723630	701904	21726	1209	3865130	3413650	1122878012888843
637282	585734	51548	2610	6664352	6127578	1122878020380457
493828	470578	23250	201	1852894	1167206	1122878022916943
1316128	1294902	21226	1784	5014564	5155394	1122878029437217
1631862	1610066	21796	2659	6765790	7219998	1122878038024837
1708282	1686302	21980	2130	5504050	6239702	1122878045427217
1633152	1611802	21350	1284	3592088	4472200	1122878050842085
1496580	1472694	23886	2430	6134914	6627602	1122878058663413
865474	842720	22754	4695	10851548	10527982	1122878070574203
1237344	1215648	21696	4905	11258690	11318956	1122878083260005
1398918	1376120	22798	2076	5604220	5826560	1122878090453499
1668940	1647042	21898	2692	6706660	7324546	1122878099019501
1802676	1769784	32892	3880	9055346	9832762	1122878110067177
1162814	1138692	24122	3979	9404746	9392234	1122878120825197
1122652	1099298	23354	4091	9447040	9575090	1122878131584933
1401092	1379408	21684	551	2562890	2773806	1122878135739367
730796	707628	23168	1069	3590846	3139158	1122878140251007
8617194	8614184	3010	3150	7182816	15188270	1122878156241353
1407672	1386148	21524	3413	8276822	8504646	1122878166115731
1936832	1690688	246144	1759	4782704	5725008	1122878173024807
1584302	1561100	23202	1770	4801484	5394414	1122878179600275
1400462	1378022	22440	4588	10637322	10848742	1122878191828343
1454500	1429684	24816	1953	5359120	5632294	1122878198832293
1540906	1515032	25874	4215	9883422	10241708	1122878210446617
1194044	1160596	33448	4713	10874842	10890064	1122878222705647
1222650	1200360	22290	2835	7182898	7162478	1122878231304221
799816	776758	23058	308	2065248	1692018	1122878234359357
1494342	1470478	23864	4377	10390430	10519684	1122878246433803
688622	667272	21350	2844	6595354	6647844	1122878253907993
774598	750088	24510	137	1721366	1319972	1122878256593933
1234626	1212346	22280	1670	4847862	4845730	1122878262865945
1435602	1411754	23848	4240	9923538	10186108	1122878274414829
1428564	1402314	26250	4037	9144518	9772394	1122878285177693
1483972	1383802	100170	3400	8265420	8576274	1122878295117041
1180184	1159246	20938	120	1696520	1691540	1122878298183249
1492540	1426654	65886	2891	7192028	7544694	1122878307057533
1397666	1375702	21964	3402	8259538	8472832	1122878316904615
534342	493262	41080	4914	11304590	10631612	1122878328933157
1402532	1378482	24050	4014	9475432	9700828	1122878340001291
