# Loop @ Start frequency 1800000Hz took 1181.86 cycles
# Interval [1180 ; 1183]
# Q1 : 1176 ; Q3 : 1180
# Loop @ Target frequency 1700000Hz took 1250.96 cycles
# Interval [1249 ; 1252]
# Q1 : 1246 ; Q3 : 1248
# Confidence intervals do not overlap, alternatives are statistically different with selected confidence level
Change time (with write) [cycles]	Change time [cycles]	Write cost [cycles]	Wait time [us]	Time since last frequency change request [cycles]	Time since last frequency change [cycles]	Detected frequency change timestamp [cycles]
1277214	1242808	34406	3567	309365470	309178774	1122676805922473
1084116	1060800	23316	4812	11080800	10978846	1122676818373269
1216152	1171742	44410	907	3043102	3302154	1122676822917283
1023634	1001084	22550	3036	7528160	7367458	1122676831752663
1188902	1166758	22144	4996	11440856	11451608	1122676844665815
1442800	1175196	267604	2463	6408744	6659686	1122676852801701
431952	409544	22408	4156	9778224	9026664	1122676863294745
914880	892332	22548	3982	9190294	9149736	1122676873683545
1187870	1165620	22250	4075	9623076	9609016	1122676884778489
1182342	1158962	23380	3998	9452262	9453242	1122676895696861
984110	942810	41300	3427	8315090	8109998	1122676905280549
1052410	1000232	52178	2191	5838492	5706058	1122676912454811
434454	411864	22590	4544	10543090	9793336	1122676923716809
1178586	1156756	21830	3891	8992480	9231792	1122676934172875
767714	745206	22508	4101	9659598	9240282	1122676944889895
558438	536048	22390	3295	8043902	7419792	1122676953776537
1180076	1156778	23298	2535	6273476	6520236	1122676961514129
1180026	1158332	21694	27	1513446	1505936	1122676964492087
558398	536502	21896	2511	6499940	5851394	1122676971834375
1183000	1161540	21460	4626	10621058	10705736	1122676983922881
1110524	1089488	21036	4697	10702510	10775982	1122676996020357
741886	716968	24918	4859	11178814	10730238	1122677008231557
719502	696004	23498	1572	4607340	4135682	1122677013847163
1056350	1034422	21928	447	2352604	2221274	1122677017539963
478142	455360	22782	3556	8663606	7861558	1122677026965681
449646	315482	134164	4871	11190400	10462652	1122677038889135
683576	661190	22386	3275	7914808	7509904	1122677047770985
1179672	1156228	23444	1540	4530750	4530134	1122677053765033
1180362	1157806	22556	3078	7479766	7607900	1122677062709681
370014	348246	21768	1572	4330266	3784874	1122677067695287
789414	708948	80466	1286	4031126	3633316	1122677072800609
1183034	1160062	22972	4158	9520158	9770196	1122677083788145
1178170	1156148	22022	156	1634858	1761024	1122677086885269
843760	821064	22696	590	2354122	2300310	1122677090366843
238886	215088	23798	1788	5034152	4085510	1122677095923921
1186462	1155590	30872	4822	10969058	11101392	1122677108363451
1104908	1082952	21956	271	1777976	1917802	1122677111529847
937202	915118	22084	2722	6899736	6652568	1122677119652083
1179886	1157822	22064	3041	7536566	7533382	1122677128652681
1185030	1161486	23544	1519	4480524	4498896	1122677134601815
506378	482880	23498	1506	4480668	3796660	1122677139873121
511992	487352	24640	4306	10066976	9395308	1122677150736611
1179072	1155800	23272	3273	8006174	8001302	1122677160205643
1178476	1156362	22114	1904	5258346	5255678	1122677166930971
318772	277240	41532	2294	5849854	5181744	1122677173383243
1177652	1154732	22920	1597	4422494	4643418	1122677179268077
596390	574526	21864	2113	5686902	5091898	1122677185834789
1005714	979186	26528	412	2037598	2099568	1122677189162081
1182506	1159956	22550	138	1732986	1729230	1122677192360869
1180582	1158720	21862	3347	7885422	8144696	1122677201710835
1182406	1160828	21578	16	1461984	1484552	1122677204638647
1190262	1165964	24298	1746	4694040	4952254	1122677210806475
1064274	1042232	22042	4935	11339862	11208918	1122677223494393
323320	299604	23716	3464	8208450	7521718	1122677232311313
1002326	978296	24030	3745	8941296	8762164	1122677242538305
888678	866016	22662	2732	7017658	6628900	1122677250728551
1181730	1157376	24354	1498	4459476	4453832	1122677256653561
1194606	1171476	23130	4146	9756198	9761242	1122677267888357
615990	593994	21996	1096	3650088	3079034	1122677272437713
1179500	1156294	23206	1260	3969486	3969322	1122677277871215
1187088	1164700	22388	4117	9586148	9692034	1122677288928689
1255960	1234962	20998	2011	5480108	5549146	1122677295949505
1302766	1281032	21734	172	1626372	1917118	1122677299162321
268886	246736	22150	2268	6023460	5075460	1122677305738401
1178344	1155962	22382	4094	9557140	9636494	1122677316757757
499312	477432	21880	745	2861310	2269402	1122677320402691
208730	186188	22542	2672	6545238	5823432	1122677327440043
1203814	1179104	24710	3355	8165818	8185154	1122677337093083
336116	313056	23060	1239	3714190	3086240	1122677341427335
296274	272236	24038	4099	9654518	8764560	1122677351663375
1181474	1158486	22988	3278	8015740	8009318	1122677361144567
795864	771276	24588	2673	6626390	6413580	1122677368850869
1180120	1157338	22782	2143	5740140	5737796	1122677376055089
1183958	1161464	22494	1737	4927376	4929508	1122677382454849
1177300	1155284	22016	1406	4256560	4259896	1122677388172195
1181700	1159268	22432	797	3138092	3046580	1122677392780509
1093604	1070406	23198	643	2752938	2654326	1122677396910437
754456	731736	22720	3558	8571854	8139638	1122677406521197
847420	826096	21324	4047	9547210	9212646	1122677417200041
1044692	1022276	22416	882	3170970	3080200	1122677421699295
1178588	1155674	22914	2473	6397780	6395670	1122677429559153
1183180	1161194	21986	1585	4560002	4623672	1122677435585673
1188808	1166712	22096	2540	6512992	6539464	1122677443571273
628474	607064	21410	4264	9980214	9426452	1122677454462825
1193796	1171038	22758	2738	6653984	6941018	1122677462594117
0	0	0	0	0	0	0
858368	825904	32464	4271	10003894	9670872	1122677480994543
1030276	1007756	22520	2902	7029928	7107782	1122677489338367
567882	545602	22280	3628	8482598	8095628	1122677498671917
1181624	1156298	25326	3111	7680092	7678038	1122677507817589
1181554	1157504	24050	266	1870526	1985576	1122677511153505
822262	798206	24056	4833	10954670	10759424	1122677523214127
1168972	1143056	25916	157	1767594	1753664	1122677526434795
1180988	1158542	22446	226	1922512	1904766	1122677529822801
1177056	1154772	22284	1531	4500904	4509382	1122677535784797
1176994	1154468	22526	3004	7189018	7455630	1122677544434689
1178304	1156126	22178	3731	8720824	8910558	1122677554617937
385692	363832	21860	4131	9718010	8924820	1122677565005225
1202462	1178970	23492	3481	8262172	8435034	1122677574753943
1177842	1155848	21994	587	2634050	2631020	1122677578849281
1183908	1161512	22396	4252	9962706	9959458	1122677590279277
1179676	1156066	23610	3693	8857210	8838022	1122677600608935
1200050	1166852	33198	3638	8762150	8751372	1122677610855241
461952	439900	22052	2737	6600620	6207140	1122677618201081
486478	462992	23486	1854	5161024	4465444	1122677624143557
525808	503406	22402	262	1976558	1320996	1122677626934875
1178010	1155344	22666	2312	6080272	6073704	1122677634477025
984070	960750	23320	533	2523068	2320010	1122677638269069
205930	173140	32790	3593	8381664	7662070	1122677647144889
1178882	1155502	23380	99	1649696	1646888	1122677650257763
1178684	1156270	22414	4288	9858860	10024652	1122677661583475
1178124	1155434	22690	4109	9371574	9667386	1122677672416875
479412	457570	21842	2408	6280162	5566694	1122677679460055
1008582	986330	22252	3027	7276968	7334552	1122677688029197
866640	842242	24398	4985	11362918	11108526	1122677700547135
1182550	1160926	21624	678	2811636	2808516	1122677704825029
1041492	1019072	22420	2117	5699734	5546996	1122677711849935
1183630	1160280	23350	2293	6038106	6041672	1122677719355993
1218430	1156096	62334	1789	4885866	5068828	1122677725744789
600610	533784	66826	914	3355420	2700028	1122677729984869
1188394	1161700	26694	4153	9616492	9764728	1122677741072623
1304186	1279718	24468	1515	4478854	4605150	1122677747140381
0	0	0	0	0	0	0
1179026	1156748	22278	4496	10186010	10442164	1122677766455047
1185164	1161214	23950	3415	8297114	8285752	1122677776221103
1181998	1160980	21018	4104	9456820	9661010	1122677787151869
604936	554058	50878	3390	8183736	7655826	1122677796224727
666422	644016	22406	3186	7566594	7308578	1122677804746121
1181970	1159836	22134	4864	11195794	11185464	1122677817407615
990616	968620	21996	3823	9030428	8908070	1122677827712201
1180870	1156344	24526	4098	9427326	9649032	1122677838604385
1180640	1158936	21704	155	1701036	1760858	1122677841770131
869074	846230	22844	3875	8926788	8890408	1122677851850423
1188554	1163464	25090	4861	11146742	11180862	1122677864469833
1187890	1165974	21916	2928	7249784	7316654	1122677873191115
1180856	1158150	22706	110	1500798	1672832	1122677876156105
834874	812796	22078	1900	5109846	4906594	1122677882389989
224852	199090	25762	4545	10445600	9585398	1122677893343935
1180066	1158540	21526	3369	8189492	8188818	1122677902997081
490374	467842	22532	2297	5862672	5359774	1122677909633335
1278546	1156228	122318	4406	10262616	10360558	1122677921457423
233242	208734	24508	787	2867508	2077752	1122677924842113
1183556	1162162	21394	3521	8609718	8496916	1122677934918335
372580	337408	35172	2005	5477874	4654510	1122677941053301
1040078	1016772	23306	1318	4094254	3947460	1122677946470761
1467496	1169280	298216	4294	9946410	10325092	1122677958168121
524220	501004	23216	824	3103986	2441354	1122677962084763
1183614	1161910	21704	1278	4005532	4010430	1122677967562129
1291046	1164222	126824	2680	6823432	6921638	1122677975959535
773736	750196	23540	1094	3711182	3232364	1122677980730159
1199436	1174864	24572	3047	7550022	7567642	1122677989763775
1308058	1283866	24192	162	1714878	1902204	1122677993070369
1176040	1153614	22426	1420	4132092	4285682	1122677998662353
1167768	1143060	24708	1616	4542574	4670398	1122678004656033
647352	625482	21870	4621	10607322	10163854	1122678016195515
253894	229020	24874	1886	5223620	4295416	1122678021962009
1182576	1160836	21740	4189	9576338	9831720	1122678033004635
854338	830542	23796	4642	10740314	10409192	1122678044884303
1179556	1156852	22704	2200	5772112	5855080	1122678052119451
1182320	1159538	22782	4100	9663880	9652890	1122678063254149
1040932	1016754	24178	3859	9169842	9029958	1122678073748673
1049482	1026722	22760	1704	4901182	4728362	1122678079983155
1283296	1161318	121978	4153	9758240	9860622	1122678091308897
204278	170754	33524	3768	8996148	8012366	1122678100793789
1180168	1157440	22728	2718	6897922	6891796	1122678109155625
938934	917812	21122	3756	8905108	8722132	1122678119284343
921838	900208	21630	1692	4587750	4577244	1122678125077169
414422	391836	22586	4481	10320776	9647322	1122678136095661
1250822	1158258	92564	1863	5180844	5248446	1122678142818061
997406	974546	22860	2575	6640868	6459062	1122678150740561
1176902	1155644	21258	1574	4351192	4595914	1122678156552023
922812	899076	23736	4855	11295848	10908030	1122678169053815
1183528	1159898	23630	44	1549422	1540892	1122678172070531
1107970	1085086	22884	4716	10728130	10811294	1122678184196855
1185914	1163914	22000	3488	8190894	8431690	1122678193866709
1105066	1082386	22680	2537	6528548	6450378	1122678201783847
1182404	1159094	23310	3773	9005228	8999614	1122678212255113
428942	406882	22060	320	2164386	1338646	1122678215151641
1189860	1156522	33338	1013	3476766	3485922	1122678220102461
520684	498256	22428	613	2422652	2018594	1122678223335297
931938	910052	21886	4795	10790502	10792886	1122678235342469
1202840	1168496	34344	1000	3453124	3473196	1122678240283361
1180404	1158424	21980	2181	11318610	5813230	1122678253070809
945290	914876	30414	4979	11216162	11175246	1122678265515581
807810	783754	24056	1799	5143176	4676056	1122678271750075
1192102	1169012	23090	1483	4418016	4429522	1122678277644315
1180030	1155410	24620	1306	4068544	4061936	1122678283176195
1184174	1161692	22482	1083	3336732	3621282	1122678287980335
815700	792418	23282	2629	6717832	6344852	1122678295797761
1186860	1164790	22070	847	3144052	3151588	1122678300412901
1182432	1148742	33690	3437	8055310	8327130	1122678309934415
594788	572050	22738	2324	6112430	5513874	1122678316924709
1180158	1158220	21938	2335	6127658	6120190	1122678324516015
1183170	1161156	22014	4813	11087828	11079406	1122678337070935
1102430	1077980	24450	4546	10547954	10465800	1122678349004089
653076	630292	22784	3083	7615764	7090034	1122678357556655
711108	688670	22438	4348	10147006	9679224	1122678368698629
1092914	929708	163206	1639	4739930	4647122	1122678374816407
1182500	1158076	24424	4708	10684386	10874426	1122678386965869
1197040	1174810	22230	3991	9403826	9449314	1122678397850349
908606	884634	23972	895	3100924	2968650	1122678402143915
1225968	1156062	69906	130	1459178	1757896	1122678405117241
603762	581160	22602	3547	8532798	7968692	1122678414536961
1020994	998628	22366	2350	6156428	5991600	1122678421998149
366912	343560	23352	3611	8676894	7859988	1122678431326001
1180804	1157874	22930	3071	7592402	7593036	1122678440383795
1180796	1158896	21900	3121	7713424	7693398	1122678449561721
1197348	1163876	33472	3537	8525776	8542422	1122678459568229
1262044	1158576	103468	1541	4536912	4614490	1122678465650865
1055576	1033966	21610	4851	10873980	11028674	1122678477864257
1381814	1237710	144104	3520	8240254	8693808	1122678487770429
1180074	1156704	23370	3752	8954500	8955622	1122678498188635
640612	609974	30638	1926	5167140	4763992	1122678504285127
352120	328602	23518	4751	10954504	10124580	1122678515880515
997686	973078	24608	2108	5667994	5483856	1122678522830069
0	0	0	0	0	0	0
261782	236952	24830	1582	4618420	3695888	1122678537308051
1180250	1155436	24814	1307	4072838	4063386	1122678542844465
455600	432370	23230	3269	7779760	7305750	1122678551363761
1183920	1161844	22076	1444	4412554	4341566	1122678557244009
1192226	1169166	23060	367	1888158	2196654	1122678560608297
494860	472806	22054	4526	10250850	9816742	1122678571638855
265356	241906	23450	1010	3495254	2555244	1122678575683305
1180176	1158286	21890	3218	7891340	7885736	1122678585038097
888234	865808	22426	4507	10291894	10172786	1122678596502049
1178978	1157094	21884	3592	8648720	8632538	1122678606612709
825270	803342	21928	4429	10339358	9958892	1122678618060941
1178810	1156386	22424	2363	6181640	6175350	1122678625716389
757556	732216	25340	3697	8659706	8422550	1122678635417065
1226322	1205412	20910	765	2983270	3026980	1122678639911801
451764	429842	21922	3037	7523918	6796592	1122678648171203
1187470	1159050	28420	1186	3826236	3830068	1122678653472889
1186050	1161868	24182	2722	6793722	6899422	1122678661735423
1204428	1182810	21618	2586	6477650	6646848	1122678669701681
1181930	1159214	22716	2562	6579884	6576510	1122678677747149
885532	861628	23904	3618	8710078	8392784	1122678687626691
412372	389282	23090	410	2274176	1502898	1122678690597501
1192932	1154592	38340	4858	11173672	11185632	1122678703247961
1179444	1156510	22934	1582	4308742	4614480	1122678709020423
0	0	0	0	0	0	0
1182810	1158508	24302	3808	9071072	9069714	1122678729933643
718580	696190	22390	616	2443782	2222740	1122678733379401
668466	645638	22828	730	2915316	2398182	1122678737247257
1088492	1065736	22756	4975	11408164	11310584	1122678750027177
1181330	1158230	23100	3171	7798988	7795290	1122678759295921
1201234	1176428	24806	3263	7981264	7998738	1122678768763749
1177214	1155798	21416	3658	8785958	8769996	1122678779011677
1249318	1169170	80148	2970	7402776	7459574	1122678787947709
1072736	1048794	23942	1899	5252524	5142206	1122678794557097
1194156	1158796	35360	4467	10389212	10403060	1122678806424397
1178126	1156794	21332	4256	9968750	9961862	1122678817854305
1178390	1156346	22044	1769	4743894	4988036	1122678824060535
620888	592230	28658	4276	9916414	9445228	1122678834886909
637032	615300	21732	301	2055946	1509458	1122678837865061
285808	264722	21086	3424	8390386	7405192	1122678846825731
1158984	1120704	38280	2861	7197038	7164526	1122678855465949
494842	472812	22030	4112	9906238	8988420	1122678866150661
1177476	1155440	22036	4151	9788438	9750000	1122678877405175
568634	546246	22388	2256	5811266	5350980	1122678884068315
1180804	1157654	23150	4034	9418772	9518432	1122678894956375
1114974	1092986	21988	4903	11145168	11190538	1122678907500437
946068	920682	25386	1688	4831112	4593146	1122678913563521
1177924	1155664	22260	2109	5680208	5666502	1122678920705343
351560	330450	21110	1608	4671422	3841512	1122678926012895
663066	641410	21656	962	3119694	2857440	1122678930084409
1182852	1159552	23300	3338	8131890	8130588	1122678939688103
1212856	1156178	56678	735	2635044	2952648	1122678943820063
1178772	1156286	22486	1482	4369748	4413830	1122678949651945
1177332	1155666	21666	3071	7569840	7589556	1122678958682441
1182234	1159502	22732	4014	9327620	9481486	1122678969477275
1183990	1161518	22472	1443	4345350	4340524	1122678975290963
580878	559172	21706	1781	4920436	4412962	1122678981075771
1305590	1158914	146676	2561	6576658	6697828	1122678989242489
1249932	1161484	88448	2849	7161924	7219008	1122678997938743
894116	871186	22930	1244	3939548	3653838	1122679003056921
874252	845840	28412	2967	7399492	7078616	1122679011614955
1189932	1164474	25458	1604	4391308	4671646	1122679017479275
1175790	1153954	21836	39	1529838	1524352	1122679020470425
926870	904284	22586	1695	4818588	4587200	1122679026499435
851918	828620	23298	4374	9950740	9870694	1122679037586473
1184176	1159098	25078	3531	8515912	8516448	1122679047570597
285648	264504	21144	2513	6478584	5581372	1122679054618033
1182746	1158030	24716	2483	6423240	6424934	1122679062507095
1191640	1169290	22350	4695	10856948	10853684	1122679074839869
1057636	1036410	21226	2080	5628308	5488246	1122679081809835
218396	173064	45332	4985	11196036	10459304	1122679093508495
922934	900022	22912	4703	10858894	10598564	1122679105574915
300356	277052	23304	3532	8521196	7635586	1122679114680321
1234450	1158280	76170	2604	6497618	6712150	1122679122696349
1180742	1158454	22288	4218	9899786	9891690	1122679134060503
1183910	1158320	25590	596	2646904	2645768	1122679138179689
918502	893636	24866	4133	9528024	9454448	1122679148914217
643736	612788	30948	4664	10783386	10243306	1122679160625289
1180788	1158908	21880	3903	9264292	9262916	1122679171354321
501488	478178	23310	1905	5275520	4581914	1122679177414969
231606	207962	23644	3540	8414690	7581358	1122679186344977
1182878	1159254	23624	4592	10410766	10636958	1122679198222197
1193282	1155656	37626	4918	11079732	11300238	1122679210784501
1103610	1080132	23478	1158	3490002	3690198	1122679215662789
1187164	1165084	22080	856	3174550	3170150	1122679220308349
1183044	1158876	24168	3235	7944952	7923194	1122679229720149
701188	678878	22310	553	2450380	2077268	1122679233156237
537754	515842	21912	3179	7557264	7166090	1122679241534775
1112536	1089600	22936	4849	11152384	11080374	1122679254083415
1185534	1161502	24032	4083	9626726	9622696	1122679265184335
1184996	1154456	30540	4279	10016542	10013810	1122679276669761
1178736	1156512	22224	3894	9243160	9240416	1122679287375425
1180854	1158986	21868	1731	4919312	4913770	1122679293759435
649478	627810	21668	2542	6299522	6003598	1122679300992001
618844	597556	21288	1197	3843370	3283528	1122679305739335
891860	869566	22294	4572	10600968	10305996	1122679317516269
293974	266954	27020	4725	10900480	10013396	1122679328994287
1178862	1156988	21874	1616	4686742	4681058	1122679335143171
1180770	1159048	21722	2907	7173546	7265828	1122679343781011
1183608	1160448	23160	2035	5496084	5524236	1122679350743789
1171434	1140416	31018	251	1924734	1951764	1122679354123595
1182168	1160344	21824	4439	10333956	10331222	1122679365928193
1184406	1160476	23930	4084	9357008	9624496	1122679376754375
1004702	983734	20968	3836	9102090	8951650	1122679387144633
995904	838916	156988	1843	4919110	4952476	1122679393343735
524236	500770	23466	2724	6664956	6252906	1122679400816501
1175610	1153648	21962	2228	5919414	5902958	1122679408195361
1188144	1162086	26058	4334	9826030	10127126	1122679419501815
1189234	1167164	22070	220	2024074	1899640	1122679422998863
330472	307892	22580	2469	6223744	5539724	1122679429836063
1178222	1155646	22576	4381	10132872	10210374	1122679441431735
707688	685672	22016	3324	8168096	7626240	1122679450591113
901336	878510	22826	1701	4766818	4573240	1122679456542735
1180012	1156026	23986	2389	6229504	6227962	1122679464235305
1194938	1161482	33456	1254	3966004	3972750	1122679469684223
329468	307868	21600	1146	3760954	2892158	1122679474058669
1183364	1161144	22220	1524	4240558	4502480	1122679479770585
516064	493166	22898	2838	6995076	6462866	1122679487565237
1178380	1156864	21516	757	3017210	2961990	1122679492045505
1179754	1157562	22192	1387	4168478	4225032	1122679497734801
851050	827568	23482	1916	5046752	4953576	1122679503916077
1184090	1161530	22560	778	2797088	3010648	1122679508181109
1250566	1160950	89616	3625	8715280	8770556	1122679518435509
1182496	1158722	23774	1366	7753686	4185220	1122679527655345
1182394	1160570	21824	4116	9497766	9684744	1122679538619135
1181134	1158262	22872	3541	8464664	8538170	1122679548547823
668544	597572	70972	2343	5924482	5624776	1122679555425215
1179716	1157730	21986	138	1523872	1771556	1122679558412357
949550	925700	23850	3398	8236370	8015788	1122679567882091
378366	356036	22330	577	2614958	1802456	1122679571158891
1186364	1163908	22456	4330	10064174	10117158	1122679582692767
440820	417180	23640	1997	5404160	4710178	1122679588821221
1188102	1163918	24184	751	3593202	3117818	1122679593886481
1187164	1164646	22518	304	2127566	2067528	1122679597485501
396332	282818	113514	1683	4565380	4034116	1122679602732617
1188458	1166654	21804	24	1502840	1512898	1122679605708709
1198496	1176362	22134	4052	9557308	9574998	1122679616748669
1185084	1164174	20910	1074	3288288	3605646	1122679621505215
956248	921618	34630	192	1840810	1610984	1122679624586349
1181200	1159238	21962	1046	3571146	3548382	1122679629623281
1193400	1164752	28648	1820	4946298	5104392	1122679636047441
1195306	1172828	22478	1357	3909160	4179696	1122679641441327
1037496	1015808	21688	503	2320364	2314934	1122679645083497
1111878	1088118	23760	3001	7455530	7383728	1122679653935801
1183194	1159022	24172	4432	10317352	10316776	1122679665720975
1276848	1166638	110210	3206	7756552	7959576	1122679675038569
1311950	1161636	150314	901	3267192	3385044	1122679679901669
1067682	1044044	23638	4711	10884208	10760650	1122679692137323
759858	736830	23028	1660	4775716	4351126	1122679697965429
1317850	1295500	22350	689	2831102	2967416	1122679702399415
637492	615160	22332	3718	8744542	8344258	1122679712066971
1108782	1085578	23204	4450	10233474	10280918	1122679723698161
531790	508370	23420	3635	8471334	8072462	1122679732985121
341116	239282	101834	1159	3772240	2931092	1122679737382421
207576	183166	24410	4807	11066638	10092888	1122679748940767
497746	475906	21840	4644	10740638	10056606	1122679760462847
446088	422232	23856	339	2133436	1395000	1122679763325193
1180312	1156032	24280	3398	8383906	8247548	1122679773173313
1185952	1163432	22520	1625	4688356	4707570	1122679779330891
1182298	1158398	23900	3388	8234402	8229570	1122679789031149
923658	899268	24390	2588	6573948	6370522	1122679796812481
730232	708522	21710	4440	10380362	9882432	1122679808206995
1267210	1159208	108002	2426	6307084	6390044	1122679816069923
1183106	1160690	22416	1390	4241814	4233852	1122679821783761
786190	764504	21686	517	2491112	2092012	1122679825344823
1182502	1159228	23274	3612	8677810	8677194	1122679835489043
367870	346154	21716	3997	9454610	8632732	1122679845596315
1186300	1160600	25700	1515	4255686	4487316	1122679851322761
649842	627754	22088	4807	11035106	10534090	1122679863292155
7992246	7989004	3242	2226	5913820	12715050	1122679877482535
944688	917268	27420	2777	6909254	6770858	1122679885620887
1155270	1133238	22032	1518	4489210	4462530	1122679891549415
1186338	1161438	24900	4911	11289178	11280506	1122679904308331
1041430	1000908	40522	1246	3675592	3804652	1122679909309431
1318538	1159204	159334	3597	8643004	8784404	1122679919556469
1243616	1155678	87938	3397	8251126	8307826	1122679929335511
767738	746014	21724	1898	5170402	4834780	1122679935557569
1184738	1157876	26862	3990	9544114	9434976	1122679946570461
1182984	1160764	22220	1573	4609178	4604118	1122679952646697
1183986	1161950	22036	2998	7548512	7456224	1122679961663595
358988	335918	23070	4025	9222112	8679358	1122679971528497
715082	691638	23444	903	3261458	2791636	1122679975788597
0	0	0	0	0	0	0
1260874	1156850	104024	2849	7152038	7231124	1122679995522193
1177822	1154970	22852	2038	5533142	5524768	1122680002517113
536032	513828	22204	2576	6666350	5962758	1122680010003243
1181376	1158662	22714	1794	5047778	5040056	1122680016520547
341536	310436	31100	3309	8096436	7235308	1122680025242681
1132252	1110448	21804	1021	3490310	3445258	1122680030149383
1194732	1172040	22692	2521	6495182	6508062	1122680038127731
1184614	1160766	23848	256	1975760	1967664	1122680041577655
886670	863866	22804	1647	4617290	4451122	1122680047365601
1172196	1145014	27182	3051	7559404	7546284	1122680056381095
973570	951256	22314	82	1620652	1407544	1122680059260425
1187758	1165812	21946	3606	8664620	8670708	1122680069396509
1191578	1169566	22012	1823	4784214	5108416	1122680075656341
1184704	1162134	22570	2797	7019736	7050206	1122680084145375
358142	221372	136770	2847	7018190	6322458	1122680091814753
1182322	1159234	23088	4533	10518160	10518714	1122680103800883
656638	634684	21954	2314	6086490	5554228	1122680110829103
1188898	1160714	28184	1416	4064474	4296072	1122680116367357
1178748	1157754	20994	4815	10888324	11079628	1122680128717083
1179264	1158304	20960	1925	5305270	5305002	1122680135485563
610776	586308	24468	804	2833150	2490018	1122680139213049
734992	711720	23272	3314	7913268	7633300	1122680148145223
1184150	1161534	22616	3590	8638654	8635894	1122680158256293
331728	274724	57004	4213	9875740	9027660	1122680168751803
761498	739918	21580	4843	11140878	10722066	1122680180977457
473274	449968	23306	2107	5668342	4957474	1122680187403177
793876	771836	22040	466	2262278	1997456	1122680190743755
1040940	1019068	21872	165	1792112	1647320	1122680193860801
293970	269726	24244	3640	8602066	7844090	1122680203039749
1194698	1172572	22126	929	3160278	3323584	1122680207678463
1197158	1161438	35720	4618	10607300	10703058	1122680219766841
327112	305062	22050	3585	8474696	7767118	1122680228852721
1191868	1167018	24850	169	1808732	1799940	1122680232137469
273244	249228	24016	887	3307428	2317854	1122680236006753
333574	310108	23466	3960	9381218	8525294	1122680246011033
1132346	1110532	21814	1222	3900008	3846756	1122680251331755
762046	739244	22802	256	1969708	1545462	1122680254347435
1175452	1153316	22136	2861	7308454	7168796	1122680263114815
1178056	1155662	22394	1736	4675474	4921790	1122680269251371
585540	563214	22326	747	2697632	2350468	1122680272818797
195350	173470	21880	4831	11252436	10127860	1122680284550521
1185166	1162076	23090	3066	7590992	7591942	1122680293610241
1306952	1282428	24524	3173	7805300	7924446	1122680303005961
589226	567196	22030	840	3113130	2539950	1122680306992251
1181912	1160650	21262	3440	8253046	8332394	1122680316710855
1186624	1163856	22768	639	2590350	2740396	1122680320771555
1181178	1158782	22396	4969	11402114	11394998	1122680333637997
1228510	1155946	72564	2874	7076300	7246156	1122680342227265
1187954	1161956	25998	2794	7103606	7045816	1122680350806655
1180742	1158324	22418	1947	5087822	5349808	1122680357359407
1178546	1156884	21662	3675	8801298	8800500	1122680367623089
1182654	1159300	23354	2683	6936576	6819870	1122680376025175
1167144	1139918	27226	2129	5713422	5696424	1122680383193603
333970	310378	23592	1178	3575344	2961152	1122680387386401
185450	163090	22360	4357	10165656	9171986	1122680398021771
1050964	1027866	23098	2768	6989810	6858418	1122680406351237
403976	381642	22334	1728	4909310	4130048	1122680411948241
1180716	1159108	21608	1345	4142178	4142044	1122680417554917
317790	203506	114284	2397	6011330	5381600	1122680424167921
1179190	1156550	22640	4420	10076122	10289444	1122680435711273
1110650	1087850	22800	4668	10703344	10717580	1122680447808641
1181058	1159378	21680	2509	6521030	6469296	1122680455794957
1180086	1155846	24240	2084	5690168	5619216	1122680462949927
1183430	1158988	24442	1008	3357344	3470804	1122680467775269
1110660	1087150	23510	989	3454354	3359158	1122680472624429
1204050	1181726	22324	2209	5875784	5897246	1122680479987757
997408	975746	21662	2132	5625832	5532668	1122680486895087
443626	419636	23990	529	2511276	1771302	1122680490133247
348202	325808	22394	1889	5236160	4396904	1122680496005777
481536	457736	23800	480	2419194	1712432	1122680499195137
1183136	1161480	21656	1836	5128370	5126604	1122680505790689
1178442	1156064	22378	3609	8668444	8666564	1122680515921915
255818	229010	26808	3931	9321776	8387936	1122680525783195
1291844	1161128	130716	997	3496220	3555216	1122680530855207
1181196	1159578	21618	83	1624868	1617896	1122680533944527
1146368	1122874	23494	1970	5399306	5356912	1122680540773633
881452	857276	24176	897	3019764	2950234	1122680544958745
421794	399300	22494	3170	7810792	7032138	1122680553474983
307340	284172	23168	4614	10454070	9805242	1122680564520403
1232004	1209196	22808	4075	9352306	9652358	1122680575389007
1176200	1148956	27244	1936	5308298	5319470	1122680582157161
1177604	1155600	22004	3810	8828564	9068580	1122680592452509
1320534	1298284	22250	4699	10880364	10988972	1122680604937295
938708	909314	29394	2703	6946060	6615524	1122680613105469
570938	494900	76038	571	2381762	1984512	1122680616341641
433080	411108	21972	2121	5500372	4946734	1122680622559753
1063902	1042102	21800	204	1868950	1746838	1122680625776561
321692	277674	44018	653	2781610	1898364	1122680629164285
1062554	1039160	23394	4899	11251914	11131124	1122680641763083
1184304	1160610	23694	1951	5483878	5357724	1122680648714743
1287802	1160686	127116	1533	4554130	4630356	1122680654840241
448960	427102	21858	875	3209724	2470680	1122680658783321
747024	725578	21446	1820	5101338	4663296	1122680664915349
1088446	1066456	21990	1624	4700286	4607484	1122680670988767
1202862	1166602	36260	4226	9900756	9925368	1122680682377091
215492	180900	34592	2530	6512658	5546730	1122680689389611
519228	497558	21670	287	2300362	1364516	1122680692493357
274510	244414	30096	2017	5490612	4579666	1122680698542635
1209178	1186124	23054	4637	10736998	10758858	1122680710773209
1199098	1159366	39732	3099	7662874	7672572	1122680719919001
1184962	1161330	23632	3072	7601196	7599462	1122680728988823
1180838	1158418	22420	4460	10317076	10371274	1122680740770617
1189130	1164648	24482	2320	6095310	6105578	1122680748338841
259790	236744	23046	3691	8686276	7911462	1122680757569435
731524	709496	22028	3515	8482060	8032704	1122680767067129
740988	714436	26552	1689	4843378	4390602	1122680772934561
1185222	1162136	23086	4036	9528584	9528214	1122680783932675
1178610	1155256	23354	3330	7840774	8108070	1122680793235955
1175264	1153400	21864	3527	8299418	8499340	1122680802994603
848566	824622	23944	4512	10595122	10238312	1122680814721761
1184158	1161970	22188	4272	10001668	10004106	1122680826191289
1178564	1156862	21702	2431	6507324	6312112	1122680834165623
192756	162942	29814	1271	3996834	3004738	1122680838643801
495232	473624	21608	270	2047242	1310782	1122680841470255
1330910	1197012	133898	1835	5130954	5273078	1122680848215913
1174772	1153172	21600	2272	5998632	5989480	1122680855677681
1186480	1163532	22948	1381	4151870	4219648	1122680861299323
7382992	7376426	6566	2583	6488856	12820692	1122680875455831
1122290	1100008	22282	4192	9851188	9777870	1122680886712969
563764	541612	22152	4268	9993104	9374882	1122680897554383
605494	584400	21094	2526	6500794	5928012	1122680904944055
1263600	1241226	22374	4175	9909020	9884656	1122680916400041
822482	800668	21814	1343	4140594	3778692	1122680921646871
492884	470086	22798	2034	5500366	4831172	1122680927923265
697094	673506	23588	894	3343280	2755466	1122680932247407
1179636	1155312	24324	3835	9126180	9120824	1122680942981897
1180564	1157740	22824	1528	4660284	4508856	1122680949106769
920022	896632	23390	3525	8444290	8241274	1122680958756145
783182	762146	21036	2292	5825452	5643116	1122680965649295
632172	604504	27668	421	2293082	1745354	1122680968858235
1177350	1156184	21166	1282	4019932	4011198	1122680974339409
1180478	1158376	22102	1609	4520146	4669654	1122680980324489
1200618	1160328	40290	4497	10484838	10464786	1122680992294497
719620	696792	22828	1542	4545452	4075096	1122680997843461
812138	789102	23036	1225	3898844	3532316	1122681002837971
354518	330334	24184	3580	8615362	7786078	1122681012092269
593622	571902	21720	371	2197270	1606326	1122681015181355
482464	460428	22036	2230	5882096	5214114	1122681021830129
1258650	1235476	23174	2381	6210098	6291362	1122681029582261
1184030	1160898	23132	2057	5570010	5568590	1122681036619601
1048362	1026728	21634	3524	8464806	8371668	1122681046415873
993832	960766	33066	2149	5751344	5563618	1122681053445257
1183348	1158262	25086	4944	11337336	11342652	1122681066250653
1177928	1156198	21730	3449	8231450	8347120	1122681075949233
1177896	1156018	21878	4539	10391686	10526804	1122681087803087
1177652	1154798	22854	192	1564702	1831956	1122681090828797
841280	818058	23222	2481	6157048	6077578	1122681098110361
568676	546506	22170	4389	10231672	9617014	1122681109199709
1145162	1112416	32746	2949	7356040	7315018	1122681117984091
1179762	1156528	23234	3720	8889678	8889778	1122681128342643
1184710	1162730	21980	4840	11004276	11136266	1122681140815475
530352	507904	22448	701	2814788	2208472	1122681144445117
1270496	1227824	42672	4793	10817850	11128180	1122681156817175
757042	734210	22832	2731	6917718	6490998	1122681164775661
563294	541378	21916	3654	8568418	8160838	1122681174191793
340126	318294	21832	3423	8300164	7457194	1122681183120567
1194836	1170702	24134	3618	8472104	8701014	1122681193071237
1186624	1164084	22540	937	3410924	3331360	1122681197952945
995888	854164	141724	2350	6036072	5970268	1122681205268917
1184670	1160956	23714	523	2500148	2502514	1122681209236949
1014806	991906	22900	45	1255806	1375986	1122681211791081
0	0	0	0	0	0	0
273670	249496	24174	445	2372326	1440584	1122681217631869
1177918	1155310	22608	4271	9770402	9991494	1122681228864055
1180212	1156594	23618	4308	9825790	10070952	1122681240154251
1177802	1154330	23472	4659	10610470	10766458	1122681252231781
1027368	1004258	23110	598	2393880	2495302	1122681255941263
1189836	1167066	22770	2719	6798298	6897656	1122681264213655
535208	513222	21986	2527	6496264	5859148	1122681271537007
1183044	1160862	22182	2390	6352370	6234064	1122681279356763
558042	535720	22322	1682	4593130	4192646	1122681284791721
1316042	1289880	26162	1631	4724058	4852906	1122681291115715
881390	858972	22418	128	1709846	1407256	1122681293991017
1156580	1126020	30560	4569	10592192	10564844	1122681306028155
842588	797738	44850	126	1824984	1365478	1122681308984087
1188770	1166614	22156	87	1627358	1632950	1122681312084269
455436	429768	25668	3824	9104736	8373336	1122681321932861
609136	587192	21944	3739	8928904	8356606	1122681331754455
356666	317962	38704	3153	7768836	6933872	1122681340163931
750702	729290	21412	318	1903638	1657560	1122681343106001
1189366	1161534	27832	2058	5567440	5576140	1122681350146589
565628	541854	23774	3238	7892232	7312586	1122681358898797
608100	587182	20918	312	2076628	1503474	1122681361867223
222526	198436	24090	3157	7769980	6807914	1122681370143575
1205370	1184078	21292	3223	7902218	7923404	1122681379554389
1183398	1158822	24576	243	1653348	1939862	1122681382674401
951140	927660	23480	467	2146984	2156702	1122681386056061
1180150	1156882	23268	4652	10519506	10754694	1122681398049033
624134	521626	102508	4695	10870760	10283946	1122681409832935
1276914	1154850	122064	762	2895988	3072546	1122681414289669
1202284	1166200	36084	963	3377516	3400896	1122681419152949
1036158	1013720	22438	400	2281148	2107538	1122681422754821
677866	653352	24514	3189	7832456	7332066	1122681431548497
885330	861792	23538	4682	10581448	10520842	1122681443299841
1124826	1101116	23710	1819	4846102	5033802	1122681449555281
1180458	1158748	21710	895	3245398	3241446	1122681454264937
1188984	1167214	21770	320	2100908	2099750	1122681457845395
1178636	1154536	24100	3966	9070964	9380746	1122681468378935
1191198	1168778	22420	714	2879878	2889554	1122681472733537
1184548	1161686	22862	2764	6986684	6988210	1122681481188809
1451804	1430094	21710	1471	4233064	4665610	1122681487158029
1183652	1161708	21944	1798	5058010	5051456	1122681493683767
1179792	1158106	21686	3201	7866286	7852918	1122681503013857
1170486	1148878	21608	1900	5153964	5240638	1122681509622497
625994	602482	23512	4672	10801428	10241732	1122681521333917
1179752	1157910	21842	153	1569668	1756100	1122681524367655
1181154	1159084	22070	3198	7731140	7847374	1122681533563023
798120	775296	22824	588	2486820	2245672	1122681537131921
1183654	1158920	24734	2721	6806092	6896262	1122681545405415
1246566	1224066	22500	1103	3633286	3723754	1122681550568277
1108044	1084846	23198	2384	6357742	6154772	1122681558317675
1171320	1148170	23150	2908	7273602	7258656	1122681567046915
1031256	1009276	21980	372	2206958	2045352	1122681570568847
561904	538766	23138	3139	7734730	7115714	1122681579149423
1188278	1164582	23696	1263	3977896	3984838	1122681584599697
313738	288198	25540	2561	6402082	5815388	1122681591599261
1174678	1153198	21480	1519	4497740	4482844	1122681597556073
1177336	1154676	22660	1868	5271158	5184712	1122681604288695
1184156	1158536	25620	3472	8098524	8398956	1122681613855375
996600	974972	21628	4907	11201932	11081662	1122681626337775
658664	636882	21782	4167	9555372	9263946	1122681636835723
1183004	1158944	24060	951	3352436	3355686	1122681641654007
885690	861666	24024	1851	5046980	4860340	1122681647870665
1104310	1075322	28988	1590	4635862	4555908	1122681653895261
323162	279918	43244	589	2840226	1771962	1122681657342043
625176	597680	27496	195	1842776	1285950	1122681660094055
950662	927776	22886	2721	6891992	6663790	1122681668227521
1184734	1160572	24162	2067	5594032	5589910	1122681675295483
554330	531560	22770	2388	6254334	5600836	1122681682387039
1106450	1084902	21548	4887	10989118	11151344	1122681694767095
1232440	1204704	27736	4998	11555658	11499264	1122681707838961
1284878	1161202	123676	1048	3519144	3651976	1122681712927371
1185790	1163934	21856	388	7295090	2231310	1122681721692255
1007642	985688	21954	4060	9576136	9397828	1122681732560007
1124660	1095424	29236	918	3410470	3236606	1122681737378985
1246718	1163380	83338	3950	9399518	9417774	1122681748308993
1186382	1163970	22412	3299	8058410	8056386	1122681757836521
762504	739252	23252	2518	6265534	6069672	1122681765148623
1194472	1171984	22488	1972	5399296	5408904	1122681772026523
414996	384364	30632	2965	7381630	6615030	1122681780114995
523282	500582	22700	4362	10079862	9517100	1122681791007241
1177622	1155330	22292	4345	10139724	10138466	1122681802609441
1177284	1155758	21526	252	1890498	1957990	1122681805961109
492670	470070	22600	2260	5874598	5283774	1122681812612429
1182580	1160494	22086	3056	7343516	7565210	1122681821422273
1181006	1158652	22354	1249	3957680	3949682	1122681826844615
482744	460482	22262	3482	8426094	7717372	1122681836038287
0	0	0	0	0	0	0
805928	778026	27902	3726	8955128	8527578	1122681849157417
1188948	1165836	23112	432	2316064	2324272	1122681852946361
1179864	1157820	22044	1476	4404050	4401840	1122681858813275
1183862	1161496	22366	1578	4609750	4612142	1122681864891241
1185884	1164248	21636	2249	5946658	5954884	1122681872307207
1181208	1159614	21594	4532	10383904	10516014	1122681884156443
1177402	1155722	21680	38	1345688	1522844	1122681886968635
1103448	1081100	22348	701	2576760	2797476	1122681890932601
1190032	1164574	25458	2883	7220616	7227074	1122681899627117
629108	599810	29298	3978	9329884	8855890	1122681909870153
576236	554312	21924	3495	8444850	7836754	1122681919175215
1245086	1163678	81408	3730	8913688	8975806	1122681929617957
1186364	1164070	22294	4538	10526356	10532324	1122681941615149
1150504	1126660	23844	1181	3813446	3782892	1122681946863273
553034	531042	21992	2714	6629280	6256702	1122681954329743
380476	358740	21736	1225	3905082	3100982	1122681958899101
1178712	1155856	22856	2628	6735676	6705466	1122681967097315
455522	432480	23042	4001	9237224	8729088	1122681977074001
409156	386730	22426	1268	3992848	3217424	1122681981759629
1243404	1220942	22462	1116	3685242	3746464	1122681986971895
608572	585220	23352	4282	9750192	9449226	1122681997614921
1195680	1172044	23636	493	2510608	2453188	1122682001604043
1178698	1156132	22566	556	2514284	2562410	1122682005580971
1162782	1138654	24128	4864	10915178	11161726	1122682017942997
904736	793356	111380	3641	8499598	8458456	1122682027630877
1184252	1161680	22572	3694	8732586	8842722	1122682037832343
1177590	1155880	21710	3797	9046048	9043112	1122682048339555
1188070	1161194	26876	360	1880168	2179936	1122682051692049
1184122	1150824	33298	3414	8131814	8282744	1122682061292033
1182234	1156406	25828	2952	7356214	7357032	1122682070114057
1181106	1158488	22618	4922	11272216	11296150	1122682082856809
411512	389668	21844	998	3345392	2736112	1122682086897223
1177976	1156174	21802	2081	5614758	5609870	1122682093973615
1183024	1159892	23132	121	1589802	1696520	1122682097030655
1182116	1161138	20978	741	2963238	2934664	1122682101459709
1180514	1156178	24336	2532	6261890	6515962	1122682109186037
1181534	1158952	22582	1722	4915560	4896116	1122682115567007
853142	831390	21752	58	1436608	1239528	1122682118140583
1180682	1158252	22430	1754	4959824	4958990	1122682124572095
552150	394816	157334	2074	5609414	4973832	1122682131017495
1416486	1392224	24262	2597	6408302	6886508	1122682139125797
531616	508510	23106	2080	5619992	4963460	1122682145560889
322464	300108	22356	1836	5122036	4264246	1122682151289649
1049830	1026964	22866	130	1847934	1581064	1122682154471033
1181538	1159538	22000	2069	5596556	5589206	1122682161532697
1107568	1085270	22298	2678	6803380	6732920	1122682169726649
1180356	1154480	25876	4911	11274790	11272276	1122682182465335
653526	630744	22782	1080	3717532	3087762	1122682187120447
1181124	1159346	21778	967	3389680	3386206	1122682191974077
998704	976024	22680	2463	6357008	6196726	1122682199613569
1181450	1160462	20988	1022	3492150	3495696	1122682204570241
418590	396792	21798	3603	8570276	7895526	1122682213843361
1294910	1156364	138546	1355	4163806	4275110	1122682219585589
264772	241758	23014	3710	8598988	7956710	1122682228733401
1373090	1351178	21912	4999	11461782	11653220	1122682241851669
1181854	1159048	22806	3502	8456534	8457288	1122682251774357
1179758	1156774	22984	163	1505430	1776770	1122682254744189
1193050	1167240	25810	2809	7084110	7085456	1122682263305415
746966	717036	29930	1627	4666436	4273014	1122682269003291
1186780	1163578	23202	2610	6825512	6677416	1122682277299021
596424	574696	21728	3908	8949212	8682862	1122682287128625
1000140	977480	22660	288	2151754	1847870	1122682290564309
382750	360910	21840	3458	8379694	7575102	1122682299610833
724346	699744	24602	299	2049154	1592836	1122682302668449
1188420	1166664	21756	986	3429518	3435318	1122682307570443
1181140	1159396	21744	2761	6818122	6974162	1122682315853135
1182874	1158876	23998	3415	8281566	8283174	1122682325600775
988242	965136	23106	1169	3893268	3596880	1122682330766135
690262	668524	21738	2529	6518136	6024252	1122682338258063
1178694	1155118	23576	2766	6981738	6981062	1122682346710457
669874	646516	23358	3818	9001552	8580712	1122682356665531
1182716	1160884	21832	1750	4957122	4958524	1122682363090329
1184024	1155456	28568	2372	6215558	6198396	1122682370773597
1196908	1168648	28260	1229	3600396	3926652	1122682375854441
1182802	1161218	21584	4289	10041372	10032442	1122682387362207
205940	183410	22530	3973	9403478	8421594	1122682397255295
1176932	1154948	21984	3125	7704614	7698438	1122682406420277
1184012	1158476	25536	1993	5437082	5440170	1122682413325305
416128	393986	22142	1045	3450032	2776530	1122682417475341
850358	828336	22022	4853	11161962	10827842	1122682429771491
502350	480516	21834	533	2523996	1838926	1122682433081449
817474	784806	32668	615	2433470	2319060	1122682436616555
987784	869106	118678	392	2242350	2047636	1122682440130869
213716	191102	22614	1915	5027198	4315560	1122682445660735
1185850	1161386	24464	3939	9078232	9335558	1122682456208811
1101966	1079868	22098	2399	6035900	6171356	1122682463634841
423868	402020	21848	503	2467610	1700990	1122682466810689
260450	224564	35886	766	2746346	2094470	1122682470101309
421832	399282	22550	256	1965860	1204236	1122682472840681
1185254	1161202	24052	2662	6786502	6780836	1122682481096037
242698	217976	24722	4682	10799174	9877620	1122682492421355
510578	487222	23356	2947	7355422	6675114	1122682500571143
1180322	1158476	21846	3937	9338126	9333388	1122682511374833
1251976	1229196	22780	1218	3891704	3959870	1122682516802475
354900	333184	21716	367	2189840	1359820	1122682519631395
237428	214340	23088	4643	10828898	9795516	1122682530981775
1106118	1084068	22050	3985	9167314	9351470	1122682541538401
822788	798424	24364	1715	4881358	4523294	1122682547527009
1180442	1158604	21838	948	3441456	3347434	1122682552432647
1179978	1157748	22230	1741	4942156	4932298	1122682558838149
1177988	1155982	22006	3084	7403946	7622876	1122682567704137
1186620	1160938	25682	1612	4423752	4680592	1122682573598713
1203768	1180632	23136	82	1575708	1638304	1122682576661803
1102662	1079286	23376	541	2546162	2460872	1122682580594707
599948	561958	37990	1064	3359944	2998618	1122682584837949
203762	173140	30622	1438	4329958	3350312	1122682589655691
1112924	1090016	22908	4076	9605664	9535506	1122682600658755
883396	861610	21786	224	1913594	1605902	1122682603739211
1183560	1161586	21974	447	2347166	2348882	1122682607553355
1193456	1171700	21756	757	2964606	2977682	1122682611995255
942652	919934	22718	4618	10755814	10448728	1122682623982367
537866	516100	21766	436	2091588	1680990	1122682626901535
1177834	1154900	22934	3427	8326072	8303430	1122682636689451
370298	346218	24080	270	1999866	1185628	1122682639343869
1180526	1159546	20980	3861	9175634	9172688	1122682649984007
8755300	8752318	2982	2504	6294100	14034550	1122682665322713
1296140	1273564	22576	748	2953484	3062470	1122682669855465
1217502	1155592	61910	979	3412212	3446254	1122682674768823
1185390	1163032	22358	2357	6114436	6185254	1122682682352625
1113932	1092044	21888	43	1538464	1470410	1122682685289145
261822	236734	25088	4633	10714258	9797978	1122682696548957
1194664	1166030	28634	2468	6396670	6407266	1122682704423735
1113016	1090044	22972	1151	3759802	3685516	1122682709580029
1182670	1159244	23426	3447	8345982	8347432	1122682719391615
1190286	1168446	21840	3099	7554674	7658398	1122682728421237
1177374	1155698	21676	1272	3746026	3993568	1122682733628247
1177662	1155722	21940	4199	9865450	9845178	1122682744954421
1180242	1158284	21958	1753	4962174	4955818	1122682751380957
1196960	1166746	30214	3094	7510398	7655860	1122682760371615
1180376	1158422	21954	2978	7419148	7407780	1122682769254975
316918	203616	113302	4698	10738068	9984362	1122682780593441
0	0	0	0	0	0	0
815102	790886	24216	1790	5030618	4666288	1122682795899521
779170	756460	22710	184	1817032	1417164	1122682798779543
477528	454816	22712	2449	6354520	5649998	1122682805895857
1195422	1156030	39392	4167	9797278	9800710	1122682817171681
546334	524438	21896	2790	6871898	6397472	1122682824874487
1287352	1264878	22474	8	1568132	1574358	1122682828013255
389392	365996	23396	345	2144142	1350990	1122682830839495
1016780	994686	22094	2434	6323686	6155486	1122682838462881
1197950	1173996	23954	1518	4487604	4503344	1122682844431975
1180050	1157284	22766	3876	9208564	9203404	1122682855104009
949146	918850	30296	475	2232480	2169174	1122682858569075
489810	467882	21928	628	2740656	2021556	1122682862083735
1179644	1157932	21712	3792	8791136	9034084	1122682872343495
1180080	1141378	38702	2114	5611118	5678602	1122682879417841
1182984	1158770	24214	2550	6566024	6553022	1122682887450695
724216	701638	22578	138	1426398	1271904	1122682889885909
904142	879938	24204	4150	9751874	9475510	1122682900825771
1183176	1161100	22076	2659	6771122	6771126	1122682909064681
442444	416954	25490	1973	5286176	4660416	1122682915077915
1181502	1158830	22672	3768	9033756	8988180	1122682925576921
246502	206106	40396	4173	9800324	8862486	1122682935907855
401238	379266	21972	2066	5583706	4803878	1122682942176521
681386	613144	68242	157	1770006	1265632	1122682944916687
1177346	1155586	21760	3739	8933490	8925806	1122682955310549
1179846	1155546	24300	2993	7436842	7435012	1122682964210971
1177842	1155974	21868	728	2911376	2905792	1122682968588953
1178544	1155940	22604	183	1886750	1821362	1122682971937655
1183204	1159220	23984	4562	10493424	10578578	1122682983898229
1242576	1219946	22630	1618	4455176	4749120	1122682989879545
767172	744836	22336	970	3163336	2977096	1122682994094091
1186438	1164664	21774	4618	10694588	10693278	1122683006263269
1180208	1159030	21178	358	2041078	2166402	1122683009769021
1309360	1159660	149700	1157	3821942	3894682	1122683015184135
542354	518620	23734	3241	7938558	7295208	1122683023949021
1198638	1165818	32820	4692	10835550	10853956	1122683036267229
319688	295514	24174	411	2277472	1412180	1122683039148289
1183650	1160918	22732	546	2546498	2547482	1122683043162203
511344	482440	28904	3644	8648386	8069896	1122683052605843
1181110	1158498	22612	4623	10571382	10697840	1122683064641529
863976	841178	22798	2433	6368824	6015678	1122683072158337
851026	826968	24058	3730	9034160	8581352	1122683082331251
1202710	1166942	35768	3606	8583840	8687406	1122683092400921
1182810	1161056	21754	3548	8548220	8549030	1122683102414921
1190814	1165166	25648	901	3113258	3263132	1122683107002875
870438	841846	28592	193	1843052	1527512	1122683110000491
1007412	985314	22098	897	3245976	3073254	1122683114545403
232746	208688	24058	687	2834186	1881146	1122683117896709
631786	609852	21934	4937	11329248	10777962	1122683130141681
1174148	1153160	20988	895	3249452	3236594	1122683134853989
1188048	1163914	24134	4204	9864512	9867032	1122683146189857
1228952	1207208	21744	1193	3748866	3886554	1122683151494683
357406	333658	23748	1157	3774422	2942824	1122683155911069
1179132	1156294	22838	1775	4832964	5000148	1122683162206777
1046702	1024236	22466	3359	8180652	8035636	1122683171722315
1186366	1163392	22974	2438	6077526	6332838	1122683179269881
802052	777900	24152	912	3064422	2897290	1122683183419561
1261856	1240200	21656	3817	8896388	9167814	1122683193861309
1182986	1161020	21966	1772	4998600	4998606	1122683200326375
989804	967346	22458	834	2995594	2928214	1122683204595129
1281218	1253202	28016	2446	6222792	6443642	1122683212382497
795994	774510	21484	3018	7494890	7102160	1122683220957175
839672	817920	21752	1080	3664556	3269466	1122683225744881
817078	794726	22352	326	2107314	1740646	1122683228952247
1191820	1160060	31760	2323	6102968	6109222	1122683236530905
1189936	1158982	30954	168	1802130	1802278	1122683239807001
737318	714164	23154	2089	5447730	5185654	1122683246276377
1179746	1158152	21594	2884	7221828	7218934	1122683254962745
1107060	1085022	22038	2153	5486672	5692358	1122683261839993
397268	373890	23378	2873	7197332	6414524	1122683269718069
259432	236848	22584	4577	10605296	9684522	1122683280866163
301902	279858	22044	2046	5296482	4668908	1122683286748617
682372	660658	21714	3282	7763472	7515954	1122683295477047
1177728	1155306	22422	2183	5821770	5815048	1122683302760369
893606	871760	21846	1024	3513704	3217328	1122683307452161
601388	578714	22674	3381	8236658	7633962	1122683316573887
308288	285070	23218	2619	6804624	5822042	1122683323970721
1325196	1303080	22116	2207	5864974	6010734	1122683331449595
1188810	1166760	22050	2764	6920666	6986760	1122683339843131
1177904	1155828	22076	1235	3767230	3918354	1122683345072229
1178444	1155960	22484	4500	10200508	10488090	1122683356734633
906152	881966	24186	2002	5408710	5185932	1122683363332291
1187114	1161096	26018	758	2966300	2972978	1122683367769209
1193504	1171064	22440	1917	5105720	5297044	1122683374351555
1247262	1156796	90466	4866	11190142	11249112	1122683387073265
1185840	1162636	23204	1565	4590420	4585860	1122683393133781
1181188	1158544	22644	2710	6968352	6871666	1122683401567049
995888	973062	22826	3802	8937908	8871312	1122683411783673
1183404	1159396	24008	3889	9229776	9231910	1122683422481069
912830	888102	24728	1803	4947362	4789734	1122683428624455
1185558	1163784	21774	3098	7657176	7657546	1122683437751149
985522	948082	37440	377	2208552	2010720	1122683441229081
1178472	1156532	21940	2894	7239856	7237680	1122683449931991
1177446	1155640	21806	1815	4783374	5078428	1122683456176921
348364	325296	23068	697	2661522	2013588	1122683459475835
243052	219404	23648	2187	5827748	4889282	1122683465830443
872748	828570	44178	3418	8124674	7979414	1122683475112043
662896	546518	116378	1080	3359672	3093486	1122683479418157
1182904	1159484	23420	4588	10625394	10630586	1122683491510095
917234	892120	25114	1679	4784422	4545284	1122683497496345
823756	800296	23460	3070	7598570	7235976	1122683506202829
557948	536160	21788	785	3024886	2398986	1122683510075011
1178264	1155544	22720	2971	7395488	7391916	1122683518937275
875722	852104	23618	1889	5237964	4924952	1122683525334647
1179096	1155692	23404	3379	8222986	8208584	1122683535019955
676734	653654	23080	1766	5090794	4479494	1122683541071553
510014	485550	24464	3274	7999800	7328094	1122683549864775
595598	573594	22004	1153	3754512	3171928	1122683554498327
1184804	1163064	21740	1844	5141826	5143864	1122683561109477
262128	239238	22890	4103	9656542	8738422	1122683571312703
1176256	1154348	21908	2491	6436892	6428740	1122683579208809
357696	335812	21884	2528	6324078	5683340	1122683586174175
1181406	1158672	22734	2361	6013510	6174606	1122683593657865
1186126	1161316	24810	3613	8680222	8682762	1122683603808461
1176524	1153172	23352	4592	10587474	10630886	1122683615856795
1171624	1144830	26794	3249	7774830	7940122	1122683625087843
343200	320246	22954	4848	11065372	10308922	1122683636799281
1183124	1158404	24720	965	3381036	3383684	1122683641647175
1177954	1155588	22366	2984	7431754	7417358	1122683650539989
1178854	1156572	22282	3223	7909880	7901584	1122683659912783
1184182	1158806	25376	2530	6678782	6515864	1122683668060025
509924	488180	21744	2681	6657948	6143254	1122683675519709
1197070	1174442	22628	1560	4570448	4588880	1122683681570855
854716	820486	34230	3364	8034790	7853010	1122683690744415
1326076	1301202	24874	3365	8190928	8331358	1122683700545721
1181714	1159138	22576	3213	7890380	7884168	1122683709901297
338642	315442	23200	1309	4072464	3228700	1122683714596121
1183108	1161024	22084	3605	8504614	8664288	1122683724568523
421614	399792	21822	360	2211378	1435086	1122683727485055
747720	724482	23238	4757	11070766	10533326	1122683739587021
792304	770156	22148	142	1869234	1347794	1122683742531615
7853570	7848606	4964	2001	5836762	12510904	1122683756505415
1181922	1158462	23460	3810	9076864	9074162	1122683767049081
632852	610188	22664	1020	3502094	2943484	1122683771467927
1183402	1161768	21634	3852	8901448	9157452	1122683781836421
1225718	1158330	67388	56	1570312	1609018	1122683784916731
1198492	1164022	34470	4159	9878482	9786828	1122683796277383
1188188	1164342	23846	3229	7913792	7916534	1122683805663063
1186210	1163600	22610	375	2186172	2207686	1122683809319069
1179862	1157138	22724	1427	4315306	4303720	1122683815098601
1178490	1155864	22626	3318	8102074	8086414	1122683824677189
755412	726880	28532	88	1637854	1210642	1122683827354083
1298572	1162332	136240	3309	8193070	8187690	1122683837129211
1194554	1166044	28510	4516	10429406	10497214	1122683849037055
1177138	1154388	22750	4325	10101952	10096778	1122683860599563
856560	834018	22542	1821	4861480	4769678	1122683866600961
1180176	1158410	21766	52	1331708	1555048	1122683869396561
1249538	1155318	94220	4542	10468176	10605508	1122683881397823
633076	610004	23072	291	1846902	1486014	1122683884161315
221028	178214	42814	3259	7971212	7010806	1122683892643189
1178544	1156230	22314	4029	9514730	9511760	1122683903620655
1078182	934824	143358	4554	10575346	10456844	1122683915558223
612604	590620	21984	2045	5293886	4974370	1122683921748603
605916	582428	23488	2378	6116242	5633218	1122683928753841
931482	909088	22394	3803	8972440	8812128	1122683938941337
964216	941810	22406	2660	6958120	6555324	1122683947148025
1179352	1156398	22954	4020	9587586	9488968	1122683958199051
558490	536760	21730	3310	7889010	7450716	1122683966934101
1326588	1302838	23750	3669	8791634	8935292	1122683977336103
990102	967842	22260	3489	8439236	8239298	1122683987049593
391416	368822	22594	640	2515558	1941520	1122683990240863
496030	432630	63400	1712	4876682	4191544	1122683995905415
1181374	1158742	22632	2758	6715934	6968404	1122684004086715
1183152	1158332	24820	1168	3621924	3790504	1122684009182483
1188674	1166312	22362	780	2857306	3021044	1122684013511963
0	0	0	0	0	0	0
495532	472812	22720	4858	11243232	10480756	1122684028988691
1180678	1156526	24152	2826	7105358	7104378	1122684037557771
809486	787320	22166	2268	5888880	5615274	1122684044540549
1152424	1119860	32564	3785	8769066	8993212	1122684054745425
782578	759072	23506	4697	10859536	10452362	1122684066671441
1182064	1159292	22772	2197	5853842	5852990	1122684073990895
1182714	1156648	26066	4071	9691080	9595820	1122684085153449
391260	368516	22744	3753	8883832	8168372	1122684094711941
1186908	1162356	24552	1188	3832754	3837430	1122684100015549
405528	381244	24284	1912	5111044	4500444	1122684105820157
1193112	1171354	21758	698	2850260	2860788	1122684110147691
1185968	1159176	26792	2219	5891374	5894398	1122684117512509
233944	210860	23084	4056	9492654	8617522	1122684127522353
1063208	1041018	22190	2425	6302966	6182524	1122684135171607
333686	311134	22552	2190	5628430	4985004	1122684141417999
573222	551196	22026	308	2068870	1460136	1122684144343527
1300502	1158942	141560	2187	5827230	5945342	1122684151754721
1182492	1159356	23136	1406	4269102	4265366	1122684157490695
783180	760362	22818	1209	3750638	3472746	1122684162307345
859350	836934	22416	2610	6673450	6349548	1122684170123469
1182234	1158392	23842	201	1754220	1856126	1122684173348295
1186376	1165354	21022	1784	4826858	5024266	1122684179644417
1184018	1161514	22504	2659	6645876	6771642	1122684187758003
272612	249592	23020	2130	5713612	4802994	1122684194028553
1303292	1153504	149788	1284	3789196	4142464	1122684199409229
629760	607876	21884	2430	6324100	5760920	1122684206645575
497936	475402	22534	4695	10854350	10166858	1122684218281701
693442	671378	22064	4905	11326014	10774974	1122684230585097
0	0	0	0	0	0	0
1306706	1254438	52268	2692	6611492	6966368	1122684245122247
1190656	1166586	24070	3880	9217218	9221672	1122684255814117
1187860	1163876	23984	3979	9411836	9416328	1122684266697249
383264	358526	24738	4091	9648858	8840326	1122684277012537
0	0	0	0	0	0	0
1176810	1154566	22244	1069	3590154	3584372	1122684286100065
1183874	1161094	22780	3150	7738440	7752706	1122684295311035
712788	688928	23860	3413	8183936	7810520	1122684304491913
1059736	1037514	22222	1759	4753398	4849646	1122684310588775
876056	795152	80904	1770	4993776	4690888	1122684316743081
787746	765712	22034	4588	10423124	10238456	1122684328236691
1062700	1040928	21772	1953	5453580	5238320	1122684335041549
1179600	1158334	21266	4215	9883102	9880612	1122684346388425
1181996	1159168	22828	4713	10710456	10878376	1122684358564699
1234272	1156074	78198	2835	7097588	7179020	1122684367180943
1111906	1089880	22026	308	2205998	1999706	1122684370782521
712170	689520	22650	4377	10210838	9737640	1122684381988705
1002388	976070	26318	2844	7141914	6960872	1122684390422843
1176566	1154736	21830	137	1505464	1721684	1122684393389015
1181562	1159474	22088	1670	4807510	4793696	1122684399661975
1186658	1163652	23006	4240	10038320	9938030	1122684411170971
1210678	1189220	21458	4037	9390786	9555796	1122684422056941
898976	876892	22084	3400	8332332	7970286	1122684431581137
851860	828264	23596	120	1691220	1362620	1122684434408015
907616	885478	22138	2891	7352498	6965614	1122684442951657
1226300	1168100	58200	3402	8255700	8301380	1122684452718281
1185310	1163260	22050	4914	11291002	11292674	1122684465479225
321182	297722	23460	4014	9636618	8620342	1122684475720961
