# Loop @ Start frequency 1900000Hz took 1120.27 cycles
# Interval [1118 ; 1122]
# Q1 : 1114 ; Q3 : 1118
# Loop @ Target frequency 3000000Hz took 708.61 cycles
# Interval [707 ; 710]
# Q1 : 706 ; Q3 : 708
# Confidence intervals do not overlap, alternatives are statistically different with selected confidence level
Change time (with write) [cycles]	Change time [cycles]	Write cost [cycles]	Wait time [us]	Time since last frequency change request [cycles]	Time since last frequency change [cycles]	Detected frequency change timestamp [cycles]
1247120	1212460	34660	3567	296768834	297260954	1123072397459139
1500688	1478396	22292	4812	11061336	11384592	1123072410214579
1583942	1562176	21766	907	2812666	3662710	1123072414801777
539194	516700	22494	3036	7508426	6871238	1123072423041021
1149100	1126038	23062	4996	11038332	11402202	1123072435418767
855650	834222	21428	2463	5992902	6042198	1123072442457289
1578336	1555036	23300	4156	9599846	10151668	1123072453825899
1671872	1560876	110996	3982	8911016	9896400	1123072464599357
1243836	1222706	21130	4075	9587576	9653652	1123072475621137
1385598	1320190	65408	3998	9501654	9641262	1123072486698905
1401326	1378488	22838	3427	8289856	8515044	1123072496580587
1398336	1376676	21660	2191	5865424	6041000	1123072504035521
748410	725810	22600	4544	10647674	10096122	1123072515621485
1670274	1648658	21616	3891	9221410	9712034	1123072526703293
1017764	995810	21954	4101	9012110	9479682	1123072536922703
1282148	1260450	21698	3295	8094024	8131722	1123072546488997
1680712	1659256	21456	2535	6511720	7011142	1123072554871537
1274718	1251258	23460	27	1499432	1590094	1123072557835493
1620286	1597166	23120	2511	6481230	6921956	1123072566126997
1529296	1377302	151994	4626	10648670	11041048	1123072578495957
511848	489898	21950	4697	10838928	10164610	1123072590036413
1399098	1376934	22164	4859	11152274	11377424	1123072602777533
983856	962470	21386	1572	4582630	4386598	1123072608534247
1121590	1098168	23422	447	2348496	2276966	1123072612193945
1280830	1255486	25344	3556	8090288	8657598	1123072621755137
1558936	1529492	29444	4871	10673386	11560536	1123072634177153
1411846	1390486	21360	3275	7895162	8221498	1123072643673983
1461116	1434146	26970	1540	4513320	4801252	1123072649839217
1693928	1672620	21308	3078	7612688	8115408	1123072659335963
1502778	1480500	22278	1572	4040116	4906176	1123072665068737
1646734	1620742	25992	1286	3937504	4479670	1123072670842647
1673922	1652684	21238	4158	9749196	10249798	1123072682455763
1181114	1159012	22102	156	1222248	1757688	1123072685048963
1456906	1434668	22238	590	2705282	2896466	1123072689400697
1284978	1264246	20732	1788	5067312	5119910	1123072695942745
1327052	1303692	23360	4822	10641988	11230982	1123072708102733
1179828	1158990	20838	271	1436896	1982320	1123072710909457
1731532	1710014	21518	2722	6792822	7435076	1123072719623095
1487546	1465412	22134	3041	7360584	7829056	1123072728707067
1444988	1423094	21894	1519	4506186	4742366	1123072734848483
1439914	1416812	23102	1506	4456956	4710996	1123072740935297
1218314	1194678	23636	4306	9676226	10090464	1123072752019669
1284788	1263592	21196	3273	7989762	8091664	1123072761484031
1535912	1513580	22332	1904	5244046	5604430	1123072768455113
1583596	1559946	23650	2294	6022306	6431438	1123072776250761
1068062	1045734	22328	1597	4556414	4523036	1123072782065137
1402634	1378698	23936	2113	5804462	5889340	1123072789461681
1761728	1739068	22660	412	2263060	2844086	1123072793676713
1184652	1161382	23270	138	1222370	1721690	1123072796273657
1696414	1674596	21818	3347	8139702	8650662	1123072806299333
1182572	1158940	23632	16	809818	1474008	1123072808481469
1622418	1599802	22616	1746	4962558	5374950	1123072815257273
1413572	1391040	22532	4935	11131304	11543292	1123072827996323
1319460	1297402	22058	3464	8350544	8506936	1123072837856105
1805310	1782628	22682	3745	8928656	9560330	1123072848779867
1246982	1224318	22664	2732	6797102	6970294	1123072857013533
1524468	1503298	21170	1498	3903330	4780752	1123072862630949
1590586	1561642	28944	4146	9735562	10143136	1123072874146965
1546848	1525510	21338	1096	3627164	3998558	1123072879511213
658342	634918	23424	1260	3745740	3438262	1123072884106687
1537922	1497146	40776	4117	9261944	10031198	1123072895096149
1492292	1468924	23368	2011	5458292	5774518	1123072902236485
1182948	1160558	22390	172	1763632	1786842	1123072905373149
1451462	1386974	64488	2268	5987206	6248816	1123072913001593
1311104	1288652	22452	4094	9634980	9758290	1123072924137155
242492	221182	21310	745	2598930	1997114	1123072927168493
1401200	1379754	21446	2672	6646412	7005056	1123072935409165
1440334	1417924	22410	3355	8145424	8410438	1123072945186223
1431096	1409962	21134	1239	3780640	4168180	1123072950590917
846028	824732	21296	4099	9654960	9304252	1123072961281743
1662046	1638418	23628	3278	7994578	8477038	1123072971131767
1799988	1765170	34818	2673	6155744	7405962	1123072979277609
1639808	1614876	24932	2143	5158654	6186008	1123072986269399
1638416	1596552	41864	1737	4864470	5372408	1123072992961923
1119860	1098182	21678	1406	3835486	4191312	1123072998107349
1622746	1592940	29806	797	3027134	3476774	1123073002948177
1587160	1565292	21868	643	2349436	3132338	1123073007074597
935542	914822	20720	3558	8354878	8311172	1123073016554873
1699664	1676502	23162	4047	9532210	10052746	1123073027976923
1228110	1204364	23746	882	3122672	3261930	1123073032517333
881412	860822	20590	2473	5902080	6086742	1123073039490573
1489636	1392880	96756	1585	4620590	4919754	1123073045790741
650342	626882	23460	2540	6648662	5995292	1123073053279419
1397046	1374488	22558	4264	9967124	10186022	1123073064837987
1591438	1563510	27928	2738	6911396	7328054	1123073073530377
629300	607232	22068	2733	6526664	6355032	1123073080876149
1579498	1510546	68952	4271	9741372	10381366	1123073092386265
856822	770522	86300	2902	7202444	6921308	1123073100635483
1456832	1435638	21194	3628	8693340	8972986	1123073110975461
1711462	1689510	21952	3111	7469552	8193396	1123073120346017
1562696	1541232	21464	266	1900620	2354398	1123073123999217
1847508	1686242	161266	4833	11100436	11772926	1123073137137953
946560	925364	21196	157	1124954	1520368	1123073139400943
1292584	1270714	21870	226	1887464	2004674	1123073142770963
1127792	1105572	22220	1531	4595208	4450540	1123073148684157
1399404	1377356	22048	3004	7440644	7667040	1123073157713681
1761124	1672842	88282	3731	8898770	9486684	1123073168563291
1640810	1616080	24730	4131	9702640	10162858	1123073180096919
1408888	1380972	27916	3481	8345200	8630008	1123073190040927
1408704	1384564	24140	587	2615874	2842554	1123073194256709
753018	731604	21414	4252	9791190	9516636	1123073204990933
1688018	1666760	21258	3693	8823116	9334840	1123073215691827
1359734	1336854	22880	3638	8724074	8900060	1123073225965473
1569284	1436900	132384	2737	6914116	7304016	1123073234639001
1404246	1378482	25764	1854	5084664	5373356	1123073241317887
1542918	1521414	21504	262	1966216	2326388	1123073245020563
1512486	1481210	31276	2312	6093684	6396822	1123073252816033
1182466	1160350	22116	533	1882890	2507686	1123073256072009
1380154	1351442	28712	3593	7494194	8810850	1123073265155633
941688	919006	22682	99	1630282	1399090	1123073267921155
1411900	1383104	28796	4288	10016168	10251808	1123073279539269
1506826	1485534	21292	4109	9480092	9984582	1123073290716109
1408292	1384410	23882	2408	6281418	6485042	1123073298595509
934550	912202	22348	3027	7101524	7248658	1123073306821705
1259876	1237678	22198	4985	11405490	11489214	1123073319676941
1538520	1516346	22174	678	2793290	3154244	1123073324199521
1584412	1562532	21880	2117	5677076	6078880	1123073331651367
1239132	1217950	21182	2293	6029584	6085598	1123073339110067
1459428	1435746	23682	1789	4705006	5297880	1123073345464283
530898	509610	21288	914	3324418	2619114	1123073349509693
1254784	1231126	23658	4153	9683136	9820604	1123073360637505
673758	653112	20646	1515	4467302	3963794	1123073365968489
1252434	991156	261278	1040	3537672	3591340	1123073370949077
1139052	1115348	23704	4496	10427052	10390258	1123073382705609
1426892	1396274	30618	3415	7939394	8517296	1123073392261403
1507302	1388500	118802	4104	9489198	9974354	1123073403447725
1423460	1401968	21492	3390	7838512	8463226	1123073412899845
1156996	1129618	27378	3186	7702456	7790278	1123073421949253
1404248	1383698	20550	4864	11197046	11392122	1123073434740443
1470454	1449136	21318	3823	9229468	9376318	1123073445630579
998586	976050	22536	4098	9611146	9456106	1123073456430593
800088	775862	24226	155	1748506	1370354	1123073459170089
1450218	1387626	62592	3875	9186946	9461606	1123073470000133
1418474	1395154	23320	4861	11156268	11399006	1123073482764277
681532	655874	25658	2928	7303998	6797458	1123073490939279
1192576	1170996	21580	110	1666472	1672770	1123073493988313
1418896	1394150	24746	1900	5243884	5477678	1123073500840585
1675962	1652948	23014	4545	10451640	11026286	1123073513157557
1189260	1168562	20698	3369	7671048	8186234	1123073522210813
1575868	1552790	23078	2297	5558016	6433268	1123073529535369
1873488	1718982	154506	4406	10248444	10946190	1123073541846865
1930888	1905252	25636	787	3094564	3769424	1123073547062213
1456468	1432732	23736	3521	8533514	8757466	1123073557241703
1307582	1284718	22864	2005	5079884	5578546	1123073563822777
1529436	1505132	24304	1318	4084406	4430038	1123073569626593
1731634	1709640	21994	4294	9697112	10580806	1123073581244755
1047274	1024348	22926	824	2530994	2954862	1123073585016323
1242488	1219822	22666	1278	10125354	4068952	1123073596575483
770310	690088	80222	2680	6796642	6391840	1123073604333217
1523172	1397556	125616	1094	3622070	3970992	1123073609670067
1498232	1476546	21686	3047	7358704	7852842	1123073618717033
1239846	1163182	76664	162	1317626	1824808	1123073621464629
1523080	1502540	20540	1420	4292340	4623590	1123073627469841
1283182	1258292	24890	1616	4769034	4774956	1123073633711873
1400672	1378184	22488	4621	10680420	10906302	1123073645983253
1512160	1482526	29634	1886	5212028	5545062	1123073652898703
1403956	1378446	25510	4189	9811472	10041340	1123073664304447
1514478	1492272	22206	4642	10663994	11059150	1123073676672849
1604908	1582544	22364	2200	5157196	6264232	1123073683625213
1666568	1645042	21526	4100	9244764	10126506	1123073694726803
1385946	1364692	21254	3859	8601466	9364330	1123073704904109
1500466	1479182	21284	1704	4916072	5167910	1123073711510573
1689036	1660268	28768	4153	9677028	10255184	1123073723067055
1448972	1427686	21286	3768	9100430	9243708	1123073733806887
481564	460422	21142	2718	6654972	6177056	1123073741133413
656262	629196	27066	3756	8951550	8429216	1123073750934079
1246490	1225162	21328	1692	4819564	4891132	1123073757190239
1596962	1568138	28824	4481	10505792	10818844	1123073769486653
1413480	1390446	23034	1863	5021434	5399474	1123073776113081
552588	531102	21486	2575	6218458	5967452	1123073783074117
1766982	1648924	118058	1574	4145760	5175238	1123073789176553
1492444	1468668	23776	4855	11108534	11462398	1123073801971899
1178328	1012232	166096	44	1029380	1527686	1123073804369753
502458	479562	22896	4716	10867276	10194582	1123073815929759
1692350	1664324	28026	3488	8049300	8926550	1123073825861575
489462	468622	20840	2537	5843742	5824118	1123073832384637
1490954	1435088	55866	3773	9052400	9296850	1123073843118099
313728	291778	21950	320	2084946	1213262	1123073845706783
1538118	1516996	21122	1013	3468250	3829318	1123073850903153
1374154	1350546	23608	613	2508960	2859402	1123073854977203
1671178	1647810	23368	4795	10883946	11522164	1123073867722105
1392024	1370566	21458	1000	3508866	3661614	1123073872812933
1784848	1762240	22608	2181	5795990	6406318	1123073880583717
1455016	1406450	48566	4979	10799192	11673164	1123073893027777
1612154	1590814	21340	1799	5148662	5471212	1123073899978853
790562	769240	21322	1483	4385898	4018042	1123073905345177
1285948	1264322	21626	1306	4045504	4158678	1123073910866553
1509750	1421504	88246	1083	3603678	3936918	1123073916170301
1405306	1382450	22856	2629	6700074	6922092	1123073924465829
1605388	1582596	22792	847	3127018	3560256	1123073929387847
1454298	1401068	53230	3437	8310510	8589406	1123073939342693
1575562	1553654	21908	2324	6083050	6482874	1123073947191863
1367610	1337456	30154	2335	5931700	6297194	1123073954683891
1072820	1052132	20688	4813	11156234	10958414	1123073967102969
1585874	1561582	24292	4546	10167372	10938650	1123073979045965
1285506	1264272	21234	3083	7191466	7711704	1123073987713507
1208824	1186634	22190	4348	10142624	10172670	1123073999254745
1460478	1438450	22028	1639	4093244	4998824	1123074005002387
780238	759082	21156	4708	10861544	10456394	1123074016834037
1405942	1383902	22040	3991	9545664	9646872	1123074027975653
659758	636948	22810	895	3370426	2710334	1123074032195425
1180540	1160090	20450	130	1214276	1704582	1123074034780165
985220	963972	21248	3547	8661450	8338274	1123074044616821
1403542	1380346	23196	2350	6245624	6364212	1123074052457063
1518544	1490640	27904	3611	8658856	8999988	1123074062824029
533682	512054	21628	3071	7465472	6935250	1123074071013109
1544282	1522122	22160	3121	7728370	8045870	1123074080475597
1708254	1670856	37398	3537	8051956	9041866	1123074090425515
652868	628068	24800	1541	4517634	3995410	1123074095786063
1400452	1379020	21432	4851	11143644	11366628	1123074108519577
1446648	1380508	66140	3520	8359862	8746458	1123074118515679
1531742	1510490	21252	3752	8948486	9296172	1123074129186727
1475984	1454546	21438	1926	5300376	5589216	1123074136166885
1611344	1588788	22556	4751	10852306	11372700	1123074148820167
1188182	1166094	22088	2108	5092860	5663666	1123074155290911
1451570	1430304	21266	3409	7859956	8529048	1123074164796249
1372924	1350318	22606	1582	4598508	4796104	1123074170957593
1610056	1589292	20764	1307	4049772	4484456	1123074176806653
1428930	1402902	26028	3269	7201844	8226866	1123074185627481
1629482	1607982	21500	1444	3900254	4777448	1123074191348003
1180588	1159246	21342	367	1632380	2173844	1123074194351031
1606958	1584966	21992	4526	10495366	10918826	1123074206643333
1036562	1015306	21256	1010	3348750	3316018	1123074211218877
568038	543942	24096	3218	7136566	7262486	1123074219116349
1209520	1186482	23038	4507	10454258	10484378	1123074230969709
1516464	1493818	22646	3592	8620188	8959418	1123074241296603
1431900	1406720	25180	4429	10292262	10550562	1123074253213969
983144	957844	25300	2363	5783004	5969848	1123074260175099
792544	770128	22416	3697	8830878	8445854	1123074269988443
497362	475252	22110	765	2577400	2287600	1123074273253223
1464214	1441646	22568	3037	7655988	7799492	1123074282620049
1014490	991488	23002	1186	3271954	3647480	1123074287096251
1457042	1435020	22022	2722	6935490	7161716	1123074295678763
1296132	1209984	86148	2586	6227056	6728212	1123074303391803
1595852	1572342	23510	2562	6018120	6979078	1123074311195437
1030098	1009612	20486	3618	8673134	8524808	1123074321093593
437040	413980	23060	410	2254228	1516790	1123074323974519
1459010	1428626	30384	4858	11158118	11435874	1123074336781341
1422060	1392906	29154	1582	4609876	4846812	1123074343003401
1397700	1375852	21848	3846	9176222	9348998	1123074353766935
1419562	1395812	23750	3808	9206592	9301362	1123074364582689
710362	688956	21406	616	2306512	2202864	1123074367789507
1182878	1161968	20910	730	1740270	2899722	1123074370922037
1649240	1627260	21980	4975	11499912	11859030	1123074384262269
1617454	1595898	21556	3171	7713104	8326658	1123074393782439
1702650	1645908	56742	3263	7964554	8492812	1123074403639553
1711338	1689978	21360	3658	8759428	9288232	1123074414300173
1458816	1435538	23278	2970	6800788	7664268	1123074422749599
1589972	1567314	22658	1899	5239324	5647374	1123074429768683
2812770	2809366	3404	4467	9963710	12005422	1123074442735373
923928	901662	22266	4256	9955200	9696684	1123074453804473
1408464	1385808	22656	1769	4980850	5210160	1123074460384899
520148	494850	25298	4276	9959308	9333458	1123074471054551
889940	868128	21812	301	2035978	1752224	1123074474170335
677902	655400	22502	3424	8289760	7787196	1123074483328147
769164	684384	84780	2861	7046526	6750912	1123074491333403
1172438	1149626	22812	4112	9730692	9656664	1123074502426581
1531190	1508784	22406	4151	9735528	10093752	1123074513883239
1400344	1377096	23248	2256	5828940	6176098	1123074521302373
558392	522242	36150	4034	9507240	8886794	1123074531562297
1794544	1771682	22862	4903	11243596	11861250	1123074544790365
725060	702422	22638	1688	4829504	4361744	1123074550534823
893256	870976	22280	2109	5654624	5371560	1123074557272959
1551278	1528060	23218	1608	4796640	5027208	1123074563814937
1559450	1537878	21572	962	2788514	3743136	1123074568353113
748576	725472	23104	3338	8112768	7684214	1123074577404173
1827558	1539806	287752	735	2903128	3557624	1123074582325103
1348884	1326952	21932	1482	3832974	4577424	1123074587698359
744006	722080	21926	3071	7580942	7150736	1123074596213457
1541654	1516044	25610	4014	8953930	9834062	1123074606899033
1279098	1256762	22336	1443	4328398	4424918	1123074612696413
569590	548236	21354	1781	4994650	4391138	1123074618450845
673826	651064	22762	2561	6160298	6056324	1123074625475049
887268	865618	21650	2849	7136044	6845816	1123074633688433
1563688	1542168	21520	1244	3928864	4316188	1123074639370789
1453502	1432106	21396	2967	7373474	7648868	1123074648388537
1520328	1490238	30090	1604	4652776	4989266	1123074654751357
904762	883498	21264	39	1443490	1242074	1123074657289733
1241748	1220562	21186	1695	6663540	4892172	1123074665388637
1640316	1481328	158988	4374	10013986	10647980	1123074677233135
1591152	1569344	21808	3531	8507888	8913584	1123074687525939
1530670	1410060	120610	2513	6075306	6818146	1123074695321391
1588456	1481530	106926	2483	6419160	6814466	1123074703519073
1332124	1310482	21642	4695	10322518	10981188	1123074715364629
1567234	1530562	36672	2080	5596008	5988144	1123074722717739
878378	855222	23156	4985	11438418	11109224	1123074735224753
758524	737058	21466	4703	10844294	10424824	1123074747020813
1579050	1556864	22186	3532	7933690	8902308	1123074756723325
1778234	1681634	96600	2604	6230960	7246212	1123074764922395
1419872	1385980	33892	4218	9798132	10116788	1123074776329967
1619530	1532692	86838	596	2626228	3072204	1123074780765547
1351876	1327744	24132	4133	9505710	9877034	1123074791813843
1445102	1423676	21426	4664	10766286	11038286	1123074804214973
1448686	1424710	23976	3903	9248774	9513240	1123074815102497
940024	838854	101170	1905	5383392	5010520	1123074821615781
1209640	1188536	21104	3540	8514488	8548876	1123074831529337
987452	965818	21634	4592	10618262	10430676	1123074843325013
1273230	1249498	23732	4918	11272438	11369518	1123074856060747
1790552	1767814	22738	1158	3757164	4367630	1123074861798021
1459222	1437764	21458	856	2542512	3432324	1123074865990599
1556970	1535442	21528	3235	7914574	8287894	1123074875652289
1521636	1499908	21728	553	2088882	2888396	1123074879452965
1638742	1616072	22670	3179	7868650	8257076	1123074889149953
1542490	1456148	86342	4849	11018222	11500940	1123074901903637
622804	599326	23478	4083	16893362	9049846	1123074919609825
1836240	1693064	143176	4279	10001056	10654210	1123074931637181
1171558	1148216	23342	3894	9245308	9220238	1123074942244367
1454750	1430848	23902	1731	4900072	5177436	1123074948789573
1536966	1514320	22646	2542	6517590	6881626	1123074957033701
983150	961540	21610	1197	3839132	3636838	1123074962045817
1113210	1092350	20860	4572	10578298	10516542	1123074973927805
627940	606596	21344	4725	11133152	10337662	1123074985878439
1644676	1623422	21254	1616	4672446	5141728	1123074992385127
1581940	1558186	23754	2907	6900158	7655008	1123075001056299
1535026	1512916	22110	2035	4929784	5866060	1123075007711347
1496506	1474076	22430	251	1948592	2263228	1123075011346853
1477394	1455846	21548	4439	10267320	10615318	1123075023281633
851190	812346	38844	4084	9616902	9279414	1123075033943297
587686	560884	26802	3836	9108740	8522980	1123075043829741
1250362	1227834	22528	1843	5128092	5200602	1123075050398363
659748	633540	26208	2724	6889640	6367456	1123075058137705
1707664	1686154	21510	2228	5892744	6425074	1123075065927563
1727282	1705234	22048	4334	9558436	10656790	1123075077403117
679424	658324	21100	220	1875436	1378512	1123075080149213
1738478	1715318	23160	2469	6372774	6936828	1123075088450229
1501986	1390048	111938	4381	10157606	10522978	1123075100299629
674986	642828	32158	3324	8083966	7583878	1123075109248567
1503634	1481638	21996	1701	4837074	5166020	1123075115783141
1465158	1432540	32618	2389	6218502	6508020	1123075123656669
1556198	1535400	20798	1254	3977022	4329074	1123075129379635
1511820	1490100	21720	1146	3263778	4065000	1123075134345249
606484	566796	39688	1524	4483332	3915132	1123075139625847
1657324	1636124	21200	2838	7261560	7597018	1123075148734583
1610960	1587302	23658	757	2284992	3384554	1123075152820209
1077066	1055638	21428	1387	4032922	4111614	1123075158120261
1223504	1202460	21044	1916	5270602	5315492	1123075164804651
1773006	1645246	127760	778	2998692	3588914	1123075169766129
1517686	1496434	21252	3625	8511004	9026740	1123075179984759
1411386	1389642	21744	1366	3472346	4402746	1123075185058373
429626	403180	26446	4116	9642218	8922398	1123075195320589
836732	815284	21448	3541	8640382	8177908	1123075204987583
1688628	1665154	23474	2343	6205206	6634370	1123075213071429
1183534	1161424	22110	138	1515854	1718712	1123075215960291
1742314	1720570	21744	3398	8200560	8888942	1123075226093005
1415582	1392346	23236	577	2603748	2829882	1123075230302243
1587390	1449496	137894	4330	10104404	10506848	1123075242183951
1726220	1703996	22224	1997	5436790	5981290	1123075249536771
474994	451134	23860	751	2257156	2237116	1123075252459479
1412082	1390750	21332	304	2167264	2279456	1123075256228541
1578334	1441566	136768	1683	4808040	5204398	1123075262804769
1210306	1159566	50740	24	1453768	1517838	1123075265658727
1426482	1403532	22950	4052	9548184	9792194	1123075276822837
1387682	1352730	34952	1074	3378062	3795178	1123075281777997
709472	687994	21478	192	1824456	1357128	1123075284501733
1684656	1663310	21346	1046	3606370	4036588	1123075289982879
1836024	1738264	97760	1820	4624508	5736310	1123075296634219
1490804	1469764	21040	1357	4019504	4466104	1123075302334941
1471038	1448638	22400	503	2442976	2736794	1123075306439153
555198	531382	23816	3001	7022894	6815918	1123075314207233
1513354	1490466	22888	4432	10111046	10636788	1123075326021277
1696906	1672796	24110	3206	7706910	8372806	1123075335614801
1318754	1297534	21220	901	2593310	3379254	1123075339716609
1424130	1402690	21440	4711	10369268	11106884	1123075351699867
1829704	1595384	234320	1660	4598840	5410204	1123075358319429
496216	474092	22124	689	2374240	2138468	1123075361379911
1105612	1080538	25074	3718	8753928	8801806	1123075371429241
540350	518220	22130	4450	10332404	9699384	1123075382491839
1684698	1662490	22208	3635	8803926	9213220	1123075393170159
1571954	1505794	66160	1159	3266090	4149046	1123075398201353
1066158	1042534	23624	4807	11187960	10939140	1123075410645459
1069090	1047672	21418	4644	10723946	10616990	1123075422628317
1195238	1160210	35028	339	1590422	2133422	1123075425604441
1247406	1223288	24118	3398	8302978	8302864	1123075435344533
1723706	1696024	27682	1625	4324774	5234582	1123075441582813
1184798	1161998	22800	3388	7974448	8220268	1123075450931799
632082	597046	35036	2588	6481096	6067298	1123075458235023
1629498	1500272	129226	4440	10401876	10768934	1123075470456369
1050620	1029626	20994	2426	5788400	6163072	1123075477485437
899404	878322	21082	1390	4297666	3939728	1123075482872183
1405112	1383856	21256	517	2473604	2699408	1123075486941877
1496248	1474204	22044	3612	8659340	8980908	1123075497286883
1456884	1435534	21350	3997	9296620	9711074	1123075508233449
1198982	1101164	97818	1515	4430942	4488958	1123075514053537
1598284	1572516	25768	4807	11047108	11472402	1123075526888693
1640014	1590624	49390	2226	5887364	6352334	1123075534606375
1333200	1311238	21962	2777	7100898	7147904	1123075543229499
1141162	1119332	21830	1518	4475142	4437776	1123075549039433
1268834	1247476	21358	4911	10569770	11351272	1123075561069013
1316390	1294742	21648	1246	3377054	4068572	1123075565952505
998082	975660	22422	3597	8631598	8452074	1123075575772189
1402318	1380198	22120	3397	8234162	8460484	1123075585598325
1493438	1467994	25444	1898	5313446	5549412	1123075592595369
1402378	1379936	22442	3990	9236870	9642278	1123075603424207
1853786	1830158	23628	1573	4649166	5260572	1123075610117601
1701380	1677662	23718	2998	7430068	7956986	1123075619439143
1408944	1375948	32996	4025	9483322	9718600	1123075630522583
592244	570874	21370	903	3346408	2658054	1123075634651869
994928	973508	21420	4058	9503522	9370390	1123075645340477
1018008	993388	24620	2849	6572940	6976372	1123075653121477
1644350	1622892	21458	2038	5670386	5981364	1123075660629773
1519904	1497424	22480	2576	6531784	6930848	1123075668871309
1491136	1467432	23704	1794	5030552	5338688	1123075675582433
1609058	1525422	83636	3309	7958552	8487226	1123075685340301
1347700	1205360	142340	1021	2959954	3648790	1123075689838909
558048	536042	22006	2521	5860202	5859238	1123075696447223
1658014	1634680	23334	256	2037970	2430474	1123075700333181
1591024	1569106	21918	1647	4740212	5144644	1123075706854101
1785736	1622590	163146	3051	7320870	8148290	1123075716150771
1304594	1284050	20544	82	1160366	1733676	1123075718805597
1548308	1525592	22716	3606	8652102	9019684	1123075729195239
1560900	1536894	24006	1823	4456788	5467798	1123075735405761
1138966	1117198	21768	2797	6506058	6993130	1123075743241793
1685820	1662924	22896	2847	7128798	7640050	1123075752250535
1217868	1097624	120244	4533	10501852	10544406	1123075764160525
1403882	1381718	22164	2314	5712246	6297670	1123075771466513
1290516	1262406	28110	1416	4268190	4382810	1123075777215099
1503572	1478578	24994	4815	10617140	11392724	1123075789530053
733040	711584	21456	1925	5392646	4842840	1123075795845443
1317250	1296118	21132	804	2650912	3185232	1123075800003609
1476980	1452182	24798	3314	7421174	8364374	1123075809091345
647208	621850	25358	3590	8614592	8087062	1123075818543457
604656	582008	22648	4213	14440290	9290428	1123075833778763
1002358	980362	21996	4843	10727598	10948534	1123075845698393
1107422	1084692	22730	2107	5369744	5581510	1123075852365427
514482	492210	22272	466	2366406	1706406	1123075855436437
1613926	1589188	24738	165	1767616	2203690	1123075859007847
970412	949146	21266	3640	8284068	8510826	1123075868452267
1227168	1190718	36450	929	3187424	3395516	1123075873057013
638868	614140	24728	4618	10673666	10135298	1123075884568597
1048924	1027522	21402	3585	8607772	8477662	1123075894416563
680472	658092	22380	169	1773198	1278392	1123075897060093
1668418	1642874	25544	887	3332262	3702072	1123075902250013
844668	821976	22692	3960	9287536	9024582	1123075912572203
978298	955428	22870	1222	3889894	3681554	1123075917629797
900320	876192	24128	256	2013960	1677434	1123075920733779
1773900	1749404	24496	2861	6007182	7757464	1123075928727305
667832	639206	28626	1736	4910210	4399358	1123075934495227
1768036	1630914	137122	747	2965908	3521682	1123075939419353
1040822	1017520	23302	4831	11083738	10963514	1123075951734065
948370	847302	101068	3066	7585308	7344120	1123075960457525
1472458	1432938	39520	3173	7367598	8078860	1123075969487557
954650	822798	131852	840	2915790	2894588	1123075973547729
914538	893270	21268	3440	7953556	8054796	1123075982605535
584086	562878	21208	639	2063488	2122394	1123075985443101
1254154	1232340	21814	4969	11378354	11451780	1123075998265075
1441488	1419296	22192	2874	6641984	7452882	1123076006538337
1010482	987684	22798	2794	7032470	6857220	1123076014771285
1432830	1410888	21942	1947	5329472	5586944	1123076021723527
1795914	1774078	21836	3675	8791120	9409870	1123076032500517
578360	555602	22758	2683	6184362	6209312	1123076039452957
1124902	1102882	22020	2129	5245758	5643370	1123076046013433
1017798	994850	22948	1178	3788982	3633216	1123076051010307
1734228	1709494	24734	4357	10152320	10709516	1123076063086643
1785692	1623382	162310	2768	6292336	7582118	1123076071354013
1324908	1303628	21280	1728	4294668	5041468	1123076077163229
1080722	1057094	23628	1345	4127660	4032218	1123076082564997
1138878	1117072	21806	2397	6125698	6192744	1123076090019081
1418538	1394426	24112	4420	9627418	10518690	1123076101254653
867678	846668	21010	4668	10772186	10463142	1123076113087673
1562124	1537654	24470	2509	6450160	6839374	1123076121290093
1227258	1205518	21740	2084	5600750	5655454	1123076128311173
1596386	1571488	24898	1008	3456884	3871892	1123076133554229
518174	496422	21752	989	3373582	2755034	1123076137636041
939900	916588	23312	2209	5771704	5617150	1123076144537677
1050512	1029338	21174	2132	5698350	5575282	1123076151476227
1226652	1203664	22988	529	2289502	2545434	1123076155182349
1494342	1471162	23180	1889	5289906	5532098	1123076162160005
645010	623620	21390	480	2391392	1864120	1123076165386667
852692	829858	22834	1836	3966150	4784450	1123076170416277
1405404	1382758	22646	3609	8661564	8883448	1123076180672889
1432668	1410926	21742	3931	9487170	9555298	1123076191782083
1427248	1404630	22618	997	3419274	3687390	1123076196818635
1027610	1003604	24006	83	1598820	1453478	1123076199634959
1447338	1425982	21356	1970	5372690	5646520	1123076206644639
1574716	1552416	22300	897	3234736	3630086	1123076211644017
1604914	1583902	21012	3170	7262982	8204134	1123076220702109
1440310	1377942	62368	4614	10335114	10928822	1123076232667405
1791874	1623320	168554	4075	9591898	10201824	1123076244240909
1632258	1462968	169290	1936	5304688	5764728	1123076251367273
1771068	1748688	22380	3810	8868016	9650382	1123076262195969
1585606	1562688	22918	4699	10174908	11242310	1123076274146407
1564054	1542394	21660	2703	6852540	7229954	1123076282752795
1488366	1466828	21538	571	2130010	2889036	1123076286561097
1141070	1120286	20784	2121	5689198	5642746	1123076293581773
784866	763786	21080	204	1844980	1451986	1123076296401517
842380	818260	24120	653	2773306	2408310	1123076300206967
1400570	1379336	21234	4899	11261472	11458866	1123076313059091
1026228	944212	82016	1951	5439976	5188324	1123076319714729
1460390	1437764	22626	1533	4553748	4791526	1123076325918851
1512958	1469708	43250	875	3189902	3526030	1123076330811337
1402336	1379742	22594	1820	5075432	5302452	1123076337478687
1703488	1682068	21420	1624	4687998	5211412	1123076344059817
784424	760994	23430	4226	9898888	9497436	1123076354932621
1702100	1679834	22266	2530	6029608	7021936	1123076362854265
1462518	1441146	21372	287	1906170	2296906	1123076366412653
1413686	1380868	32818	2017	5453580	5707086	1123076373469773
951602	929398	22204	4637	10296364	10486278	1123076384907607
906558	885066	21492	3099	7630498	7363694	1123076393634457
913214	890762	22452	3072	7511702	7318078	1123076402249033
892244	870240	22004	4460	10354400	10072264	1123076413686005
812292	779866	32426	2320	5507704	5711210	1123076420196017
953920	931446	22474	3691	8377608	8601266	1123076429717563
1772520	1748040	24480	3515	8402988	9061716	1123076440082121
1570912	1495946	74966	1689	4277652	5209032	1123076446120433
938864	916054	22810	4036	9475048	9269830	1123076456724275
1538328	1514884	23444	3330	8100976	8457970	1123076466553705
1431810	1405874	25936	3527	8011384	8746522	1123076476187137
1616704	1595208	21496	4512	10459848	10900766	1123076488453929
976182	953290	22892	4272	9805758	9780700	1123076499425285
1754016	1565990	188026	2431	6312268	6876342	1123076507681065
1060834	1031668	29166	1271	7412472	3864894	1123076516343831
615948	592596	23352	270	1973498	1415686	1123076519122913
1730462	1708116	22346	1835	5106554	5659914	1123076526153397
1645442	1623202	22240	2272	5991686	6448846	1123076533980273
1468834	1406588	62246	1381	3640968	4491656	1123076539279643
1405682	1378774	26908	2583	6601770	6830474	1123076547480457
1600200	1578676	21524	4192	9826030	10243830	1123076559096857
1554590	1533232	21358	4268	9975818	10350710	1123076570817169
675148	653142	22006	2526	6109656	5987230	1123076577791689
1661250	1640552	20698	4175	9698854	10279146	1123076589341691
1536406	1513336	23070	1343	4141064	4481530	1123076595208807
1558374	1442804	115570	2034	5504680	5885214	1123076602464741
1103878	1082574	21304	894	3227990	3151644	1123076606986161
1441388	1417592	23796	3835	9133952	9371010	1123076617751593
1585746	1551728	34018	1528	4498692	4907306	1123076624025907
1141210	1118986	22224	3525	8484632	8451416	1123076633841317
1691000	1668954	22046	2292	6022852	6539920	1123076641745065
1051084	1029272	21812	421	1723384	2153848	1123076644709079
1626826	1475530	151296	1282	3842534	4451106	1123076650368829
635634	597262	38372	1609	4155194	4155262	1123076655349589
890180	868684	21496	4497	10430264	10143822	1123076666860045
1022232	1000812	21420	1542	4519978	4365354	1123076672592017
1422584	1400728	21856	1225	3882020	4131846	1123076678086353
737790	714924	22866	3580	8171688	8158036	1123076687185507
1694102	1629244	64858	371	2178632	2696996	1123076691251769
1437224	1414182	23042	2230	5902832	6158422	1123076698784841
1398180	1278536	119644	2381	5765492	6420672	1123076706137767
960498	938890	21608	2057	4941736	5334832	1123076712230035
812176	788194	23982	3524	8481332	8118882	1123076721713647
981194	960688	20506	2149	5881220	5544678	1123076728766589
1690366	1669346	21020	4944	10725302	11837150	1123076741371641
1439840	1416050	23790	3449	8201864	8598614	1123076751203049
1679450	1643184	36266	4539	10528428	11017330	1123076763604613
752362	722460	29902	192	1864214	1395470	1123076766411445
1729104	1707712	21392	2481	6448102	6951056	1123076774778141
584688	558736	25952	4389	10026838	9622030	1123076785579673
1497900	1476414	21486	2949	7339488	7654402	1123076794606821
1642138	1620362	21776	3720	8464004	9341840	1123076804902967
1414748	1389756	24992	4840	10723746	11354168	1123076817231425
468048	447542	20506	701	2444248	2129424	1123076820336725
1237424	1216138	21286	4793	11145844	11083708	1123076832910013
1706264	1679530	26734	2731	7116232	7428626	1123076841922835
1568000	1540658	27342	3654	8597850	9146994	1123076852278463
767434	745810	21624	3423	7805570	7877172	1123076861041837
650812	628724	22088	3618	8538606	8147230	1123076870421155
734990	712382	22608	937	2876656	2869078	1123076874223299
1930248	1707372	222876	2350	6134682	6891218	1123076882478533
1467648	1445048	22600	523	2494066	2775870	1123076886629889
1180890	1158986	21904	45	1428208	1530536	1123076889429085
1408110	1385876	22234	445	2325046	2557716	1123076893352255
345598	323562	22036	445	2250176	1496020	1123076896137723
1422002	1398696	23306	4271	9980176	10223484	1123076907730073
1678216	1655802	22414	4308	9986212	10554252	1123076919584153
1511046	1488604	22442	4659	10763204	11090380	1123076932048929
1590886	1568796	22090	598	2631408	3046508	1123076936460743
1693118	1665112	28006	2719	6873468	7391350	1123076945216921
561416	514734	46682	2527	5811018	5874702	1123076951783133
699478	677796	21682	2390	6058304	5738672	1123076958731133
757984	733200	24784	1682	4798296	4381920	1123076964477565
1659818	1637670	22148	1631	4700218	5181016	1123076971027405
1195020	1159134	35886	128	1108704	1710476	1123076973520537
1676066	1654006	22060	4569	10494194	11074658	1123076985881521
699516	675480	24036	126	1618004	1216648	1123076988388945
1024006	1000964	23042	87	1682700	1459254	1123076991285411
1728280	1705882	22398	3824	9080276	9634878	1123077002287599
1716212	1691982	24230	3739	8325412	9462570	1123077012519517
1136912	1115716	21196	3153	7314232	7701802	1123077021160103
321542	299608	21934	318	2073180	1217152	1123077023748743
1148074	1126226	21848	2058	5565840	5528826	1123077030653211
1401004	1378358	22646	3238	11935666	8136148	1123077044180033
825308	802656	22652	312	2060694	1710700	1123077047256277
1701942	1673910	28032	3157	7746640	8274798	1123077056898899
1017412	899972	117440	3223	7881796	7722642	1123077065988249
1181326	1159404	21922	243	1800556	1932050	1123077069160161
1181558	1160826	20732	467	1261090	2375974	1123077071816329
1488290	1464974	23316	4652	10602284	11056254	1123077084096999
604894	582318	22576	4695	10673840	10254924	1123077095565519
1343754	1224544	119210	762	2958714	3127118	1123077100058377
1685294	1663382	21912	963	3426452	3871048	1123077105359857
1251762	1161336	90426	400	1650818	2311330	1123077108452317
1434078	1408798	25280	3189	7640866	8072576	1123077117716513
453152	430796	22356	4682	10828140	10099692	1123077129187507
1410094	1388548	21546	1819	5072184	5308474	1123077135862383
1512340	1489062	23278	895	2837966	3561880	1123077140402617
1188716	1165946	22770	320	1589960	2093198	1123077143370981
1628122	1605674	22448	3966	9279026	9821010	1123077154468269
1666146	1642772	23374	714	2894026	3354442	1123077159218317
1154450	1133036	21414	2764	6891360	6942646	1123077167456531
1179272	1157234	22038	1471	4381512	4382338	1123077173207333
1606042	1583584	22458	1798	4737468	5461236	1123077179744065
1482002	1460606	21396	3201	7435870	8143852	1123077188851909
1335500	1312926	22574	1900	5085992	5395650	1123077195463407
1112372	1085152	27220	4672	10778408	10715118	1123077207544149
816048	792538	23510	153	1739444	1381800	1123077210289823
1630606	1470106	160500	3198	7835486	8286050	1123077219946341
938590	917328	21262	588	2613308	2374548	1123077223688237
1547920	1512756	35164	2721	6377548	7249862	1123077231803545
1517786	1496490	21296	1103	3649922	3988610	1123077237161373
1328268	1305632	22636	2384	5986362	6356412	1123077244669747
1211790	1189310	22480	2908	6981742	7287294	1123077253053231
459162	437074	22088	372	2186374	1463424	1123077255888561
1101448	1078760	22688	3139	7718816	7644592	1123077264898817
832292	810540	21752	1263	3896610	3618264	1123077269817609
1505366	1483892	21474	2561	6559722	6891628	1123077278072633
1579756	1480998	98758	1519	4346640	4878208	1123077284188957
804342	772718	31624	1868	4747656	4803652	1123077289931469
1694138	1664410	29728	3472	8386078	8899330	1123077300201261
808684	785100	23584	4907	11249596	10882830	1123077312449679
1093926	1070816	23110	4167	9795396	9687172	1123077323528853
928788	905848	22940	951	3349902	3091168	1123077327997657
1632436	1609378	23058	1851	5237830	5594360	1123077335057267
1122134	1101138	20996	1590	3943842	4561776	1123077340312939
1686916	1664724	22192	589	2612190	3124502	1123077344801661
1185638	1160830	24808	195	1709408	1835016	1123077347886353
1368244	1346940	21304	2721	6882464	7075590	1123077356326929
810350	788336	22014	2067	5567906	5203266	1123077362894993
1135784	1114398	21386	2388	5676110	6171098	1123077369896363
749656	726494	23162	4887	11222248	10790782	1123077382058105
1399814	1378396	21418	4998	11430664	11656238	1123077395078223
1320688	1298728	21960	1048	3530236	3677134	1123077400119035
1368924	1347608	21316	388	2141266	2404290	1123077403819193
1032650	1010670	21980	4060	9566910	9416854	1123077414608905
1115806	1095290	20516	918	3271276	3212392	1123077419185989
1407664	1386126	21538	3950	9334738	9567192	1123077430121753
1530416	1506980	23436	3299	7676182	8392340	1123077439518483
1717398	1696680	20718	2518	5915374	7012924	1123077447341409
1571872	1424184	147688	1972	4810790	5775298	1123077453913795
1692952	1669772	23180	2965	7150016	7886984	1123077462946841
625618	602126	23492	4362	9709520	9609464	1123077473471423
838436	814320	24116	4345	9660820	9788702	1123077484160107
876836	853576	23260	252	1937858	1639814	1123077487164535
842348	819468	22880	2260	5957558	5621862	1123077494157983
1672544	1644656	27888	3056	7547924	8044896	1123077503568093
1554196	1530198	23998	1249	3261664	4312480	1123077508573747
1606668	1581668	25000	3482	8406064	8830198	1123077518776103
1658240	1557614	100626	578	2257602	3074150	1123077522881649
1233910	1213414	20496	3726	8485584	8945890	1123077532791219
213038	184348	28690	432	2310462	1336288	1123077535504329
1698812	1567470	131342	1476	4389284	4910830	1123077541782097
709482	675802	33680	1578	4053522	4126850	1123077546734717
573804	552350	21454	2249	5498102	5331134	1123077552996971
1562312	1540158	22154	4532	10499964	10885414	1123077565249449
1302482	1161826	140656	38	1062256	1638898	1123077567807533
1487226	1465172	22054	701	2769628	3154668	1123077572254255
1475808	1442154	33654	2883	7003064	7502202	1123077580922769
3480650	3477500	3150	3978	9508614	11696094	1123077594101569
1545676	1522956	22720	3495	8425496	8795554	1123077604262477
1525772	1500172	25600	3730	8895854	9246838	1123077614874487
445952	424056	21896	4538	10494064	9781738	1123077626004563
1376690	1354520	22170	1181	3799872	3999222	1123077631371261
1492936	1471080	21856	2714	6865068	7180980	1123077639919491
1408126	1378346	29780	1225	3491550	4117558	1123077645008633
1626636	1602882	23754	2628	6692186	7143330	1123077653517053
1475304	1388234	87070	4001	9435310	9737332	1123077664617641
1104620	1083258	21362	1268	4192994	3901018	1123077670104941
1500554	1479328	21226	1116	3679594	3993464	1123077675474833
1104210	1083016	21194	4282	9797756	9928136	1123077686566421
899194	877546	21648	493	2033578	2145520	1123077689689357
881186	859204	21982	556	2426976	2254430	1123077693187341
1785468	1710574	74894	4864	10797198	11773748	1123077705963519
751850	730304	21546	3641	8579050	8299318	1123077715483809
1215970	1090068	125902	3694	8824008	8863394	1123077725713871
1404184	1378674	25510	3797	9033542	9262364	1123077736341999
1393398	1372870	20528	360	2157254	2374078	1123077740083177
947408	925158	22250	3414	7890226	8040458	1123077749111093
1048124	936084	112040	2952	7380690	7212550	1123077757733765
1529230	1506136	23094	4922	11119946	11633980	1123077770572765
1803284	1781836	21448	998	3430126	4058822	1123077775996807
1481466	1459924	21542	2081	5607944	5903412	1123077783276895
1377132	1299852	77280	121	1207328	1879562	1123077786054597
1732666	1708902	23764	741	2926500	3475560	1123077790904047
499248	458150	41098	2532	5855042	5823046	1123077797448577
1486058	1464614	21444	1722	4878838	5190476	1123077804003339
1180380	1159164	21216	58	957454	1556754	1123077806331683
1684068	1559712	124356	1754	4885644	5453144	1123077813091329
1768614	1746690	21924	2074	5489812	6177698	1123077820539801
1023890	1002306	21584	2597	5861640	6483914	1123077827615035
1180044	1157588	22456	2080	5604516	5601352	1123077834589143
1624384	1601348	23036	1836	4721714	5555728	1123077841125383
1179714	1158246	21468	130	1068134	1699854	1123077843566693
1748348	1725964	22384	2069	5482298	6145042	1123077850987267
733200	708138	25062	2678	6055550	6350510	1123077857966075
1670284	1646008	24276	4911	11256824	11753196	1123077871083053
588872	564880	23992	1080	3414018	3008904	1123077875275643
1610400	1588606	21794	967	3051508	3805190	1123077880131107
1709780	1687088	22692	2463	6360042	6894916	1123077888390443
1266678	1205608	61070	1022	3024194	3571880	1123077892871305
1505754	1475494	30260	3603	8915306	8973664	1123077903482305
975268	944654	30614	1355	4161346	3946166	1123077908807811
1705960	1678768	27192	3710	9186760	9385570	1123077919890397
1589214	1567202	22012	4999	11510014	11847056	1123077933179553
1654030	1628724	25306	3502	8435238	8916416	1123077943462281
1186008	1161934	24074	163	1580056	1773864	1123077946418229
1521226	1498232	22994	2809	7060556	7398144	1123077955189403
1687472	1664622	22850	1627	4651444	5200674	1123077961721617
1421570	1393626	27944	2610	6660628	6904928	1123077969993577
1219154	1179254	39900	3908	9300470	9294492	1123077980703099
847790	812244	35546	288	2026840	1683806	1123077983767731
1137672	1114238	23434	3458	8355876	8318898	1123077993451583
989284	966990	22294	299	2036642	1848298	1123077996667135
1269064	1159830	109234	986	2259294	3494232	1123078000406873
1013542	992182	21360	2761	5807154	6796254	1123078007437311
1014118	992658	21460	3415	8266520	8105370	1123078016907819
1722494	1699188	23306	1169	3778206	4321234	1123078022598139
892920	870400	22520	2529	6387468	6212078	1123078030068547
1165856	1144308	21548	2766	6998914	6958416	1123078038423377
1760920	1739266	21654	3818	9068440	9656186	1123078049442355
1448868	1422688	26180	1750	4915306	5208284	1123078055996259
641420	531286	110134	2372	6189134	5645942	1123078063016769
1704978	1682094	22884	1229	3446056	4423090	1123078068358315
1753198	1731040	22158	4289	9546906	10596294	1123078079848449
1510688	1486352	24336	3973	8652252	9717074	1123078090201841
1585786	1564348	21438	3125	7671420	8095222	1123078099648897
1502924	1481330	21594	1993	5003972	5749866	1123078106345947
1243112	1221978	21134	1045	3459390	3594022	1123078111238077
1709378	1687692	21686	4853	11143276	11674842	1123078124284267
688030	666056	21974	533	2108376	2018124	1123078127270887
666700	644324	22376	615	2742474	2156726	1123078130873529
1321738	1160546	161192	392	1682958	2365104	1123078134068553
1497934	1474764	23170	1915	5398446	5587902	1123078141174719
1584612	1563298	21314	3939	9321126	9722402	1123078152273249
1083272	1060684	22588	2399	5673524	6145222	1123078159219881
756274	734612	21662	503	2125424	2022508	1123078162294853
1411698	1317332	94366	766	2811688	3204656	1123078166708273
1180954	1159144	21810	256	1314404	1953584	1123078169393483
1067552	1045260	22292	2662	6573354	6651538	1123078177224067
1680422	1656788	23634	4682	10799338	11303450	1123078189896845
1602010	1532336	69674	2947	6885516	7756660	1123078198574331
1586518	1560488	26030	3937	9419958	9720226	1123078209770753
1026844	1005328	21516	1218	3890894	3729642	1123078214879065
477408	455358	22050	367	2167380	1470650	1123078217713613
1405486	1382314	23172	4643	10728886	10957364	1123078230037567
409074	387744	21330	3985	9544224	8639004	1123078240181065
1531204	1508990	22214	1715	4867210	5220188	1123078246769195
1792472	1604934	187538	948	2923192	3947668	1123078251674409
1402984	1382452	20532	1741	4923614	5149300	1123078258190871
7059710	7056494	3216	3084	7605090	13487914	1123078273045553
1304668	1283388	21280	1612	4660114	4789346	1123078279200383
1187542	1166402	21140	82	1683960	1610646	1123078282265217
817118	791236	25882	541	2520582	2158528	1123078285792765
1638336	1616232	22104	1064	3573402	4031758	1123078291193963
1281182	1259120	22062	1438	4242990	4417166	1123078296910807
1404272	1383474	20798	4076	9584688	9815834	1123078308089813
1187946	1166716	21230	224	1723964	1895342	1123078311191425
1381160	1359952	21208	447	2350666	2535028	1123078315116611
1369536	1214952	154584	757	2953420	3143802	1123078319632957
708770	665758	43012	4618	10670710	10205622	1123078331202109
1183970	1159726	24244	436	1809640	2314122	1123078334389253
1496344	1461948	34396	3427	8360020	8611572	1123078344435579
1183608	1160830	22778	270	1583412	1983202	1123078347392797
1514376	1491020	23356	3861	9282926	9496442	1123078358379503
1526228	1496422	29806	2504	6446280	6794548	1123078366541379
1497590	1473974	23616	748	2931864	3254172	1123078371160593
838160	805868	32292	979	3501210	3055328	1123078375693163
1065290	1044150	21140	2357	5781446	6039818	1123078382730233
1182854	1159986	22868	43	988504	1529936	1123078385091771
1459652	1437600	22052	4633	10712838	10984978	1123078397454487
1686998	1663180	23818	2468	6323694	6883626	1123078405655737
1413506	1390258	23248	1151	3073162	3975808	1123078410332213
521568	497986	23582	3447	8330834	7675660	1123078419374257
1607790	1586382	21408	3099	7238612	8066094	1123078428410405
1586970	1564980	21990	1272	3525820	4391882	1123078433713553
1461442	1440794	20648	4199	9836786	10123154	1123078445201905
1482490	1461066	21424	1753	4990728	5247682	1123078451868933
1404438	1377144	27294	3094	7063614	7852882	1123078460526767
1501188	1477782	23406	2978	7369636	7716732	1123078469587509
865248	777122	88126	4698	10777186	10522408	1123078481419465
1555512	1533184	22328	3538	8518842	8891638	1123078491683643
783114	760094	23020	1790	4454516	4623646	1123078497111175
1006342	984552	21790	184	1805668	1633566	1123078500126401
1856142	1574862	281280	2449	6331550	7014216	1123078508504137
1087880	1066294	21586	4167	9408266	9681248	1123078519189805
1398776	1376822	21954	2790	7013076	7237858	1123078527794617
1182828	1159708	23120	8	1335780	1462244	1123078530502433
1700958	1605158	95800	345	2135464	2650660	1123078534528763
1462398	1440086	22312	2434	5751644	6589798	1123078541932163
1194264	1172110	22154	1518	4311586	4494404	1123078547627935
1353302	1330172	23130	3876	9225920	9369158	1123078558396941
294714	270992	23722	475	2480958	1505258	1123078561362303
1181450	1159622	21828	628	2719364	2698132	1123078565453031
1448144	1423476	24668	3792	8628396	9291994	1123078575719621
694398	673046	21352	2114	5302178	5181460	1123078581905861
1399978	1379280	20698	2550	6143794	6761110	1123078589639361
893312	870730	22582	138	1716104	1429002	1123078592438677
1434418	1410252	24166	4150	9737016	9993490	1123078603799693
1610414	1589194	21220	2659	6369260	7188252	1123078611969637
1420296	1395296	25000	1973	5296146	5631206	1123078618875467
1095138	934182	160956	3768	9039538	8892364	1123078629200241
1417000	1394228	22772	4173	9605512	10024244	1123078640415969
826398	805148	21250	2066	5567054	5218186	1123078646999377
915828	887950	27878	157	1752162	1489294	1123078649856755
1577234	1553842	23392	3739	9020600	9314144	1123078660644083
1312038	1288456	23582	2993	7537094	7557154	1123078669682843
1457584	1431114	26470	728	2893828	3178162	1123078674224333
608238	586648	21590	183	1350510	1239252	1123078676372993
1288770	1265714	23056	4562	10563594	10672370	1123078688415373
1214242	1187056	27186	1618	4673580	4710362	1123078694492845
2094546	1957376	137170	970	3376006	4294036	1123078700153097
972444	948510	23934	4618	9953416	10469560	1123078711268949
962274	941736	20538	358	2158340	1938412	1123078714582683
1163874	1142090	21784	1157	4153476	3738744	1123078720110249
1270154	1248502	21652	3241	7918456	8012890	1123078729488455
807132	786574	20558	4692	10818428	10448938	1123078741303375
1590004	1567532	22472	411	2332056	2671308	1123078745414199
1191344	1169768	21576	546	1878154	2542536	1123078748673549
1297338	1274108	23230	3644	7557664	8831558	1123078757737479
1437724	1414964	22760	4623	10809194	10951946	1123078770173755
1761312	1618658	142654	2433	6302520	6888330	1123078778427269
1594562	1570416	24146	3730	8862884	9314682	1123078789074423
1566760	1543612	23148	3606	8544864	9038010	1123078799376593
1070182	1044682	25500	3548	8183592	8427006	1123078808819903
1362640	1336134	26506	901	3375932	3426156	1123078813748357
588810	565358	23452	193	1825506	1240032	1123078816352513
1590314	1566966	23348	897	3234718	3644048	1123078821367953
1633974	1613586	20388	687	2643726	3267366	1123078825835587
1398270	1375948	22322	4937	10744396	11531962	1123078838167805
1107304	1000946	106358	895	3191654	3158592	1123078842656797
699244	675668	23576	4204	9424574	9367188	1123078852984673
1101266	1078456	22810	1193	3202518	3748110	1123078857478653
1457168	1434728	22440	1157	3749064	4032162	1123078862874503
1546166	1524944	21222	1775	4860238	5356310	1123078869471481
1035076	1012114	22962	3359	7585644	8012932	1123078878282277
903998	818806	85192	2438	6320754	6039978	1123078885697153
1552328	1530186	22142	912	3262138	3641286	1123078890701437
1675196	1652088	23108	3817	8991720	9569178	1123078901558237
1416312	1395922	20390	1772	4528372	5220254	1123078907693289
1595926	1573804	22122	834	8161296	3523080	1123078917640871
1686308	1633456	52852	2446	6332222	6839154	1123078925849155
1014108	990658	23450	3018	7474498	7315362	1123078934526923
1038644	1016646	21998	1080	3628124	3458676	1123078939383423
303246	281990	21256	326	2045204	1216482	1123078941921969
1617784	1592522	25262	2323	6082758	6522702	1123078949812463
1186470	1162202	24268	168	1637850	1788200	1123078952827117
1533946	1510602	23344	2089	5619330	5971240	1123078960170531
1400896	1379238	21658	2884	7190026	7536598	1123078968951413
923104	901974	21130	2153	5905326	5489406	1123078975969575
1505836	1484496	21340	2873	6988610	7515546	1123078984654267
545934	524040	21894	4577	10598366	9960812	1123078995988237
938990	795092	143898	2046	5525924	5291504	1123079002643275
1753698	1669534	84164	3282	7795698	8577128	1123079012381917
1488708	1467578	21130	2183	5354250	6114862	1123079019414877
1600400	1578302	22098	1024	3490246	3907746	1123079024704497
645700	623548	22152	3381	8215328	7666028	1123079033755703
1811796	1787904	23892	2619	6694174	7317638	1123079042451807
1060938	1039622	21316	2207	5211764	5739712	1123079048914853
1535060	1381380	153680	2764	6962816	7321518	1123079057602929
1616134	1476948	139186	1235	3919350	4347186	1123079063327933
820786	798508	22278	4500	10437664	10080706	1123079074776547
1170710	1137538	33172	2002	4799140	5434202	1123079080936419
1742890	1651682	91208	758	2951472	3518148	1123079085820527
1520910	1499824	21086	1917	5397570	5615260	1123079092928481
1699036	1655386	43650	4866	11166814	11690798	1123079105984573
1507710	1470616	37094	1565	4569012	4898318	1123079112251133
739260	717144	22116	2710	6866568	6419284	1123079120046669
1091042	1058918	32124	3802	9040460	8954354	1123079130368363
1593326	1569872	23454	3889	9212902	9630968	1123079141364587
1547282	1479568	67714	1803	4916408	5413562	1123079148018491
1707602	1686188	21414	3098	7144158	8162696	1123079157060697
1179994	1158876	21118	377	1626606	2193506	1123079160057085
1477144	1455824	21320	2894	7234530	7524262	1123079168958161
926672	905630	21042	1815	5064802	4815450	1123079175139659
1513198	1487788	25410	697	2830234	3167220	1123079179676137
1722608	1700188	22420	2187	5442442	6356082	1123079187031477
1660518	1637706	22812	3418	8139432	8757240	1123079197021341
1191498	933932	257566	1080	3105166	3611202	1123079201508309
1440642	1419218	21424	4588	10700082	10877196	1123079213839321
1662884	1638076	24808	1679	4799288	5284806	1123079220491521
1678982	1655230	23752	3070	7486980	8079050	1123079229847537
1829708	1808562	21146	785	3015638	3663490	1123079234882227
1476404	1455038	21366	2971	7018542	7677754	1123079243566885
1629572	1607652	21920	1889	5017626	5667778	1123079250403973
1146770	1124730	22040	3379	8020280	8163540	1123079259761087
1403266	1377218	26048	1766	4969658	5199856	1123079266323577
1022262	1000224	22038	3274	7980650	7830418	1123079275516465
1508524	1487362	21162	1153	3739874	4072980	1123079280954667
1019598	998316	21282	1844	4977672	4966616	1123079287141733
834888	812248	22640	4103	9638954	9300792	1123079297808923
1616904	1594998	21906	2491	6419042	6862240	1123079306034895
1401552	1378828	22724	2528	6427658	6717432	1123079314053503
1453668	1420358	33310	2361	6154438	6435400	1123079321851537
1051066	1028554	22512	3613	8672046	8540936	1123079331764901
1528006	1503826	24180	4592	10626780	10977162	1123079344109797
1562314	1540276	22038	3249	7766126	8319716	1123079353627957
1694500	1563764	130736	4848	11301384	11654682	1123079366814009
685438	658448	26990	965	3233656	2875088	1123079370922923
1649824	1627492	22332	2984	7210814	7877534	1123079379973283
864168	841928	22240	3223	7742356	7576146	1123079388769523
1531200	1504596	26604	2530	6495892	6851588	1123079396986537
989846	966886	22960	2681	6605112	6613116	1123079404771127
1402842	1378484	24358	1560	4143944	4783926	1123079410508013
1647704	1625002	22702	3364	8031050	8635568	1123079420376819
1554766	1532768	21998	3365	8088574	8543652	1123079430209857
1476572	1453698	22874	3213	7787962	8163046	1123079439663533
1281298	1260052	21246	1309	3975224	4159718	1123079445110223
1405372	1378416	26956	3605	8723582	8874852	1123079455432253
218484	194364	24120	360	2155256	1197358	1123079457995333
1473450	1444386	29064	4757	10955274	11248546	1123079470614231
1192598	1170578	22020	142	1726212	1735710	1123079473723359
1487222	1464620	22602	2001	5455586	5753350	1123079480855917
605650	569156	36494	3810	9052874	8484786	1123079490704237
927826	904858	22968	1020	3481216	3228278	1123079495302387
1373270	1349344	23926	3852	9142438	9337830	1123079506007771
1193278	1169766	23512	56	1548514	1566164	1123079508939773
1030322	1007518	22804	4159	9770432	9607558	1123079519930709
1632902	1584016	48886	3229	7959226	8351672	1123079529713213
1712278	1691852	20426	375	2196324	2726056	1123079533812541
845706	823910	21796	1427	4315630	3964498	1123079539163933
1570700	1548140	22560	3318	8072880	8466838	1123079549000861
1567914	1545210	22704	88	1523362	2003478	1123079552282033
1547636	1525422	22214	3309	6887386	8401788	1123079560927697
1686890	1664552	22338	4516	10046190	10978288	1123079572850873
667470	646068	21402	4325	9859730	9578142	1123079583567385
1615808	1592906	22902	1821	4718380	5518046	1123079590091649
1232196	1161708	70488	52	1395342	1596554	1123079592910015
1561316	1537272	24044	4542	10520406	10906866	1123079605181057
1544520	1489564	54956	291	1933606	2385324	1123079608852235
1725842	1701608	24234	3259	7547926	8504998	1123079618315513
1164526	1142350	22176	4029	8978418	9485904	1123079628648113
1098560	1077744	20816	4554	10541458	10466414	1123079640478015
1167838	1144856	22982	2045	5639550	5517664	1123079647475253
1508476	1468640	39836	2378	6192364	6523920	1123079655365857
685062	663514	21548	3803	9005102	8551266	1123079665246369
1223066	1200970	22096	2660	6359234	6802382	1123079673022321
1467338	1377678	89660	4020	9478870	9767880	1123079684158509
1633762	1609206	24556	3310	8062926	8514336	1123079694044837
1631656	1603508	28148	3669	8820030	9230258	1123079704686665
1337572	1317244	20328	3489	8345796	8575092	1123079714560473
4498930	4495872	3058	640	2716756	6040474	1123079721965853
1414542	1392780	21762	1712	4336918	5098192	1123079727907337
1121238	1099762	21476	2758	6543226	6897900	1123079735761989
1400308	1377436	22872	1168	3774168	4002234	1123079741127003
1767992	1664846	103146	780	2947472	3588234	1123079746036673
1192472	1158762	33710	278	1446408	2007988	1123079748865117
1431508	1407172	24336	4858	11199618	11407454	1123079761686053
1331300	1308890	22410	2826	7104236	7246814	1123079770311789
1622858	1601410	21448	2268	5984590	6419216	1123079778109297
736978	714492	22486	3785	8830776	8566722	1123079787867319
1431742	1409842	21900	4697	10276530	11085318	1123079799766047
874398	853898	20500	2197	5842288	5533068	1123079806672645
1432290	1376710	55580	4071	9392070	9834434	1123079817686405
1119268	1097096	22172	3753	8951954	8890216	1123079827947303
1378266	1356968	21298	1188	3236540	4014776	1123079832752297
1554256	1532116	22140	1912	5257800	5638436	1123079839754197
1458688	1435084	23604	698	2813624	3118838	1123079844216635
1698136	1674570	23566	2219	5575216	6395724	1123079851680053
1459408	1433250	26158	4056	9035984	9830212	1123079862365221
1733524	1647656	85868	2425	6282976	6842520	1123079870571281
1118762	1096864	21898	2190	5238680	5758362	1123079877118465
1181432	1158984	22448	308	1644018	2058074	1123079880137079
939484	917588	21896	2187	5646800	5573548	1123079886913085
1686718	1665686	21032	1406	4248426	4758898	1123079893038309
1379930	1358490	21440	1209	3313640	4057138	1123079897921469
1719450	1698182	21268	2610	6658244	7200502	1123079906488893
1202016	1159318	42698	201	1200046	1868778	1123079909081457
1674126	1650602	23524	1784	5016416	5502908	1123079915961503
1197244	1176532	20712	2659	6388290	6775764	1123079923736589
1545996	1523256	22740	2130	5201504	6065478	1123079930673325
1507012	1484244	22768	1284	4035746	4336286	1123079936406263
1011220	988106	23114	2430	6189190	6131454	1123079943796401
1667150	1507342	159808	4695	10912858	11321088	1123079956566233
1774708	1702932	71776	4905	11118970	11845092	1123079969649743
1663040	1641210	21830	2076	5600964	6079270	1123079977103977
1405640	1384176	21464	2692	6641606	7049704	1123079985344541
1461106	1439626	21480	3880	9196124	9481028	1123079996191897
1459458	1437966	21492	3979	9387494	9676266	1123080007228207
1534842	1510038	24804	4091	9621046	9977258	1123080018577457
993392	944308	49084	551	2065186	2356558	1123080021825983
1448676	1427502	21174	1069	2456320	3825330	1123080025941217
1173730	1122798	50932	3150	7281182	7734364	1123080034586221
1673790	1652702	21088	3413	8261976	8760060	1123080044712237
1396578	1375058	21520	1759	4954664	5175998	1123080051252937
1400744	1378562	22182	1770	4983374	5200404	1123080057865069
1514552	1491858	22694	4588	10631000	10954612	1123080070200793
1402744	1381838	20906	1953	5345518	5568740	1123080077138947
1426064	1403844	22220	4215	9866260	10116514	1123080088624141
1638238	1616004	22234	4713	10882206	11324738	1123080101334229
1396780	1375322	21458	2835	7121668	7326066	1123080110042717
387376	320756	66620	308	2054824	1263610	1123080112675297
1378414	1356352	22062	4377	10194686	10393194	1123080124438237
1504988	1483650	21338	2844	7125808	7452924	1123080133258765
805026	781518	23508	137	1711736	1338858	1123080135968741
1788528	1700864	87664	1670	4777438	5389466	1123080142724243
1765374	1637376	127998	4240	9913652	10504412	1123080154593011
1395720	1373922	21798	4037	9514686	9730000	1123080165693265
1461082	1437900	23182	3400	8238198	8524478	1123080175582541
797912	775246	22666	120	1676820	1298444	1123080178247347
1451430	1430018	21412	2891	7217448	7493516	1123080187106781
1812436	1788616	23820	3402	8335382	8875570	1123080197447737
1690804	1667752	23052	4914	11263170	11778598	1123080210591969
1470700	1448444	22256	4014	9389280	9758530	1123080221641805
