# Loop @ Start frequency 1900000Hz took 1119.85 cycles
# Interval [1118 ; 1122]
# Q1 : 1114 ; Q3 : 1118
# Loop @ Target frequency 3600000Hz took 708.32 cycles
# Interval [707 ; 709]
# Q1 : 706 ; Q3 : 708
# Confidence intervals do not overlap, alternatives are statistically different with selected confidence level
Change time (with write) [cycles]	Change time [cycles]	Write cost [cycles]	Wait time [us]	Time since last frequency change request [cycles]	Time since last frequency change [cycles]	Detected frequency change timestamp [cycles]
1416126	1375166	40960	3567	297763064	297693880	1123128126386527
1652078	1628392	23686	4812	11202344	11537370	1123128139434387
1807504	1767886	39618	907	3280080	3886494	1123128144711789
885918	863350	22568	3036	7588330	7216760	1123128153376103
1139866	1116486	23380	4996	11319592	11392970	1123128166026011
1089886	1068428	21458	2463	6190112	6275920	1123128173495963
2062032	2040084	21948	4156	9759352	10647432	1123128185507993
796182	771114	25068	3982	8867214	9019290	1123128195362065
1230306	1202036	28270	4075	8847372	9640842	1123128205630087
1536284	1513160	23124	3998	9429832	9792730	1123128216786021
1632768	1486806	145962	3427	8095726	8746576	1123128226708465
1398046	1376436	21610	2191	5412898	6040086	1123128233709637
1407348	1384610	22738	4544	10321508	10759452	1123128245628849
1151184	1129744	21440	3891	9224494	9193148	1123128256194619
1398416	1376626	21790	4101	9822922	9860568	1123128267605783
976434	953728	22706	3295	7925048	7833942	1123128276697703
1463736	1442446	21290	2535	6507310	6794422	1123128284858933
1186374	1163692	22682	27	1495058	1500398	1123128287733593
1563112	1538562	24550	2511	6469720	6846922	1123128295956233
1058922	1037254	21668	4626	10719464	10571900	1123128307923991
939720	915314	24406	4697	11078898	10594196	1123128320132665
664296	639246	25050	4859	11152286	10641852	1123128332139157
1506934	1466710	40224	1572	4577562	4910534	1123128338413793
1606316	1580006	26310	447	2297026	2759336	1123128342507107
1265372	1242384	22988	3556	8439404	8636830	1123128352402089
1075464	1054712	20752	4871	10648582	11076860	1123128364316077
1594054	1572738	21316	3275	7986316	8404692	1123128374086629
1554952	1531800	23152	1540	4105998	4894350	1123128379937461
505762	470516	35246	3078	7550758	6922258	1123128388184213
1538838	1428980	109858	1572	4722948	4941928	1123128394635235
1552782	1531466	21316	1286	4015282	4385202	1123128400393117
1572576	1527496	45080	4158	9751196	10147668	1123128411906857
1184476	1161836	22640	156	1349714	1799508	1123128414630695
1480746	1456640	24106	590	2623834	2920886	1123128418924989
1507520	1486186	21334	1788	4919368	5344338	1123128425541669
1404018	1382336	21682	4822	10758818	11307402	1123128437894087
1186368	1162946	23422	271	1858478	1989262	1123128441128373
1686358	1664462	21896	2722	6882784	7390852	1123128449906343
549102	526268	22834	3041	7097900	6894576	1123128457742991
1398638	1257908	140730	1519	4580276	4695584	1123128463912553
1579836	1557522	22314	1506	4057348	4948666	1123128469739633
1740322	1718970	21352	4306	9924410	10610874	1123128481594041
1672874	1562710	110164	3273	7980242	8477826	1123128491436575
628908	594628	34280	1904	5247558	4701078	1123128497502519
1679088	1657366	21722	2294	6035350	6531870	1123128505406647
1669998	1647676	22322	1597	4687862	5132992	1123128511953533
1592030	1567414	24616	2113	5726136	6076482	1123128519461479
1484598	1458708	25890	412	2053728	2569752	1123128523190063
1182574	1159002	23572	138	1719438	1717620	1123128526281985
1398694	1376404	22290	3347	8147294	8351624	1123128536018045
1215738	1166474	49264	16	1471026	1507858	1123128538895033
1028458	1007984	20474	1746	5019532	4780074	1123128545135755
1557686	1533202	24484	4935	10915362	11688244	1123128557798847
1593668	1570058	23610	3464	8372336	8781046	1123128567954773
1060142	1039104	21038	3745	8516700	8808568	1123128577721151
1481886	1460062	21824	2732	6951308	7206220	1123128586344831
1728424	1611476	116948	1498	4388382	4985306	1123128592651523
1490902	1467128	23774	4146	9807416	10042932	1123128604139723
638896	616720	22176	1096	3633032	3089738	1123128608601697
1095786	1072974	22812	1260	4041116	3875812	1123128613928557
1607664	1584998	22666	4117	9670076	10101024	1123128625396313
1556776	1534034	22742	2011	4852922	5839220	1123128631995385
980776	958616	22160	172	1345146	1584348	1123128634511351
1505536	1483398	22138	2268	5970644	6300622	1123128642178057
1654210	1619436	34774	4094	9252456	10101986	1123128653274637
1756948	1622174	134774	745	2927610	3506528	1123128658149379
702852	679762	23090	2672	6428164	6306386	1123128665471197
1449234	1425780	23454	3355	8185214	8423508	1123128675295557
1336082	1313350	22732	1239	3832618	4073896	1123128680654317
1611472	1588696	22776	4099	9716170	10069082	1123128692171633
1150116	1125904	24212	3278	7658614	7965524	1123128701170181
1704946	1683640	21306	2673	6785058	7311330	1123128709850965
1234524	1213436	21088	2143	5266508	5784250	1123128716542493
1590920	1568782	22138	1737	4721526	5324954	1123128723044829
1339158	1315544	23614	1406	4194648	4409738	1123128728769053
1652344	1628262	24082	797	3095084	3505384	1123128733710189
1541928	1520590	21338	643	2337216	3091462	1123128737779733
1491938	1470246	21692	3558	8067594	8873896	1123128747529657
1778162	1671826	106336	4047	9547456	10131158	1123128759045817
1484218	1461304	22914	882	3200462	3506958	1123128763921881
787300	765634	21666	2473	6003774	5997456	1123128770902863
1779296	1718676	60620	1585	4245210	5209198	1123128777120827
1418268	1394116	24152	2540	6534352	6759412	1123128785263733
1763464	1635744	127720	4264	9967760	10552264	1123128797184865
1290600	1269254	21346	2738	6770580	7026486	1123128805435881
1474650	1452298	22352	2733	6485640	7202512	1123128813585919
905430	882764	22666	4271	9978992	9707786	1123128824660587
789486	765894	23592	2902	7239942	6853826	1123128832880557
677474	656214	21260	3628	8713274	8192696	1123128842474523
1500466	1476520	23946	3111	7048168	7982772	1123128851213407
1526876	1503630	23246	266	1999996	2319340	1123128854929817
1574390	1551034	23356	4833	10935126	11499262	1123128867629201
772642	751264	21378	157	1151994	1346504	1123128869743433
1192408	1168620	23788	226	1889718	1906254	1123128873015203
1278378	1256304	22074	1531	4635658	4600856	1123128879119093
1487754	1466890	20864	3004	6889252	7755020	1123128887686457
1732910	1615006	117904	3731	8841966	9455452	1123128898451537
1265380	1242138	23242	4131	9703108	9786794	1123128909609879
883776	862122	21654	3481	8448500	8105390	1123128919132213
1405336	1384028	21308	587	2610526	2838922	1123128923337757
1473776	1447466	26310	4252	10080810	10242470	1123128935082085
1319552	1186064	133488	3693	8373976	8965168	1123128944965793
1510038	1488696	21342	3638	8114796	9045688	1123128954780233
1054570	1030236	24334	2737	6910612	6787782	1123128962938717
1663430	1642362	21068	1854	5141456	5631226	1123128969933489
550756	528940	21816	262	1966638	1334828	1123128972640777
879826	841514	38312	2312	6067044	5764342	1123128979777803
1184616	1163012	21604	533	1838156	2511386	1123128982990583
1414158	1392844	21314	3593	7454972	8846576	1123128992070039
1312802	1161318	151484	99	1648410	1770876	1123128995220697
738050	714854	23196	4288	9920854	9574362	1123129006069839
1612108	1587658	24450	4109	9655572	10089596	1123129017527837
1499750	1478410	21340	2408	6133334	6579926	1123129025351407
1161208	1139722	21486	3027	7301890	7474962	1123129034004777
1117622	1095436	22186	4985	11406822	11348130	1123129046719133
1568900	1501524	67376	678	2794732	3185632	1123129051276309
1634172	1605636	28536	2117	5225224	6128318	1123129058325573
1825284	1803426	21858	2293	5579966	6672266	1123129065920603
1390084	1366768	23316	1789	4909062	5227244	1123129072409393
1521122	1499690	21432	914	3267316	3609624	1123129077388371
1530442	1506340	24102	4153	9746758	10101428	1123129088855589
1614096	1591592	22504	1515	4306750	4903722	1123129094971237
1581906	1559602	22304	1040	3153900	3921252	1123129099896971
1407134	1383970	23164	4496	9958054	10665328	1123129111452113
1183452	1159840	23612	3415	7816892	8273626	1123129120642369
1671110	1646882	24228	4104	9696766	10138180	1123129132199949
1112336	1092014	20322	3390	8213628	8151338	1123129141715137
1437906	1416614	21292	3186	7809156	8069522	1123129151152631
1031658	887168	144490	4864	10693770	11018546	1123129163068283
1052710	1029648	23062	3823	8690204	8958796	1123129173001239
722954	699930	23024	4098	9728830	9180736	1123129183642597
810396	787302	23094	155	1797434	1380084	1123129186440791
1942416	1778902	163514	3875	9183822	9952182	1123129197756743
1404174	1348114	56060	4861	11247564	11386304	1123129210598409
1528730	1506178	22552	2928	7289790	7645246	1123129219606885
1285408	1161982	123426	110	1105286	1765418	1123129222187603
1496374	1475060	21314	1900	5250254	5556048	1123129229124517
1110980	1086500	24480	4545	10531546	10460234	1123129240956985
1519938	1497970	21968	3369	8293094	8518562	1123129250959897
906436	884448	21988	2297	5694106	5761286	1123129257750307
806722	784536	22186	4406	9661964	9879834	1123129268408517
1788752	1677342	111410	787	3005802	3622324	1123129273392529
1529834	1506568	23266	3521	13159622	8833800	1123129288271541
1648368	1627148	21220	2005	5497770	5918378	1123129295607999
707690	673168	34522	1318	3642044	3602970	1123129300147271
1495584	1472944	22640	4294	9522274	10343674	1123129311355049
1476620	1455044	21576	824	3316712	3511404	1123129316338103
1496116	1472750	23366	1278	3599552	4311898	1123129321623533
1719496	1696726	22770	2680	6791946	7337696	1123129330324883
760236	739120	21116	1094	3190258	3208824	1123129334465527
1643586	1620948	22638	3047	6881956	7998708	1123129343180815
807860	786948	20912	162	1207962	1390646	1123129345387103
1590664	1569604	21060	1420	4278238	4692924	1123129351445827
773178	751344	21834	1616	4609420	4268318	1123129357018279
1105722	1030352	75370	4621	10675636	10608384	1123129368988819
1786564	1759828	26736	1886	5152504	5818188	1123129376117593
1697866	1662356	35510	4189	9108614	10340426	1123129387114805
1029452	1007044	22408	4642	10742676	10573014	1123129399076273
1813744	1689080	124664	2200	5474388	6472414	1123129406554541
1701964	1680116	21848	4100	9381618	10161416	1123129417828643
1524886	1503588	21298	3859	8946556	9501836	1123129428489487
1407730	1383642	24088	1704	4877332	5075202	1123129434964283
1587850	1555880	31970	4153	9743968	10153816	1123129446486331
1577360	1550532	26828	3768	8468072	9374462	1123129456721785
1601394	1565654	35740	2718	6861810	7298758	1123129465387689
1244658	1223714	20944	3756	8952930	9021494	1123129475774917
814164	792152	22012	1692	4819908	4459104	1123129481598393
563946	543418	20528	4481	10405964	9786572	1123129492758071
1530424	1509210	21214	1863	5159748	5517104	1123129499642485
1077780	1056360	21420	2575	6563404	6486400	1123129507473769
761118	739176	21942	1574	4058114	4168768	1123129512483083
1493858	1457342	36516	4855	11142758	11463038	1123129525309733
1183188	1161530	21658	44	1536542	1535162	1123129528219073
1770110	1632194	137916	4716	10872462	11460640	1123129541051857
1754696	1669526	85170	3488	7938356	8991052	1123129550934401
1632130	1608618	23512	2537	6007000	6966276	1123129558763753
761764	734340	27424	3773	8872682	8568344	1123129568591319
723404	699300	24104	320	2074416	1622618	1123129571578909
1547344	1526128	21216	1013	3496828	3832842	1123129576812849
1631534	1406752	224782	613	2661766	3116904	1123129581299001
1450994	1379560	71434	4795	11464956	11806196	1123129594404743
873588	852008	21580	1000	3444024	3133554	1123129598912869
967860	945710	22150	2181	5404310	5588500	1123129605475147
914808	890202	24606	4979	11244618	11141054	1123129617825205
1746288	1720656	25632	1799	5044226	5603846	1123129624805437
947712	794510	153202	1483	3819350	4173112	1123129629766819
1412194	1375296	36898	1306	4107420	4283592	1123129635477277
823162	801910	21252	1083	3451674	3253020	1123129639942193
1049480	1027428	22052	2629	6145098	6571048	1123129647326469
267208	227698	39510	847	2353922	2221634	1123129650138123
1380132	1358858	21274	3437	8322602	8514068	1123129660030997
1242602	1220542	22060	2324	5586996	6155814	1123129667051453
1123158	1099848	23310	2335	6127242	6052344	1123129674491933
1381278	1359390	21888	4813	11126510	11266042	1123129687189957
814562	789950	24612	4546	10526324	10166316	1123129698721117
1467822	1446382	21440	3083	7510096	7893982	1123129707894303
1426522	1403404	23118	4348	9749790	10387776	1123129719260947
929512	900018	29494	1639	4717532	4466012	1123129725097853
782342	760658	21684	4708	10852258	10458270	1123129736922637
1489768	1466468	23300	3991	9452966	9731666	1123129748055953
1059888	939836	120052	895	3005968	3109624	1123129752312067
1180682	1159272	21410	130	1146726	1700872	1123129754828843
1420492	1399966	20526	3547	8532000	8774862	1123129764974589
1038268	1015360	22908	2350	6145276	5997228	1123129772348269
959266	934204	25062	3611	8367978	8441640	1123129781865249
1700936	1667912	33024	3071	7168516	8106874	1123129790924837
932252	909534	22718	3121	6983128	7435014	1123129799030077
869104	780400	88704	3537	8509500	8202644	1123129808598925
649148	628682	20466	1541	4518836	3990300	1123129813956819
1486486	1460418	26068	4851	11135072	11447636	1123129826768093
1264790	1243800	20990	3520	8386238	8565340	1123129836612289
753132	731872	21260	3752	8939240	8518056	1123129846494587
1523632	1502516	21116	1926	5388578	5635704	1123129853597043
1730202	1706808	23394	4751	10942060	11493568	1123129866459523
1643594	1622534	21060	2108	5204386	6118344	1123129873496869
1756848	1735718	21130	3409	7672126	8834874	1123129883116043
1480690	1381532	99158	1582	4499026	4906012	1123129889285867
1074808	1053946	20862	1307	4060832	3953400	1123129894611905
1382888	1361880	21008	3269	7973274	8180006	1123129904157937
1247666	1226542	21124	1444	4325302	4397022	1123129909920697
320732	298064	22668	367	2169108	1314028	1123129912599669
1659704	1598574	61130	4526	10403298	10971872	1123129924852555
1611944	1589404	22540	1010	3115550	3891734	1123129929772809
684700	663358	21342	3218	7871524	7380516	1123129938519481
1638392	1605046	33346	4507	10449150	10912138	1123129950797047
1647296	1625374	21922	3592	8425712	9091234	1123129961063897
1462946	1438780	24166	4429	9725052	10580228	1123129972441463
1344074	1316462	27612	2363	6265186	6329522	1123129980240563
611570	588184	23386	3697	11251936	8265612	1123129992293937
1323102	1198464	124638	765	2964306	3114654	1123129996771433
1678310	1654552	23758	3037	7509886	8011804	1123130006152581
1437746	1415620	22126	1186	3811522	4070726	1123130011591987
1448988	1424662	24326	2722	6790380	7159492	1123130020021147
1400162	1378536	21626	2586	6610790	6832750	1123130028222293
1912418	1750568	161850	2562	6569980	7297228	1123130036894453
1403138	1377030	26108	3618	8671624	8898758	1123130047163087
1717082	1695786	21296	410	2254990	2796592	1123130051324989
569782	547508	22274	4858	11175298	10550100	1123130063259625
1006954	985724	21230	1582	4600350	4429740	1123130069056749
1400334	1379028	21306	3846	9126040	9352184	1123130079773993
1554634	1487040	67594	3808	8985930	9430478	1123130090504241
422994	401226	21768	616	2599338	1915786	1123130093716577
1180900	1159584	21316	730	1742932	2899844	1123130096850443
713492	571848	141644	4975	11393558	10924312	1123130109150963
1509504	1486844	22660	3171	7468800	8111170	1123130118318925
1487144	1464132	23012	3263	7816836	8273292	1123130127812529
1720038	1697680	22358	3658	8809172	9354752	1123130138531319
1500420	1478600	21820	2970	7374140	7699304	1123130147595595
1403614	1381264	22350	1899	4615728	5461062	1123130153804785
1491526	1467346	24180	4467	10262654	10686750	1123130165748621
952604	932004	20600	4256	9946514	9724114	1123130176837599
1670612	1646686	23926	1769	5115842	5467542	1123130183817549
1768750	1747356	21394	4276	9565220	10585516	1123130195341607
358164	218362	139802	301	1607222	1219358	1123130197496987
1335484	1315124	20360	3424	8289810	8447270	1123130207312213
1219398	1195026	24372	2861	7224494	7205952	1123130215946109
1665750	1641746	24004	4112	9804590	10149926	1123130227606345
1660894	1628772	32122	4151	9576116	10227814	1123130239033369
1630316	1609274	21042	2256	5945240	6402430	1123130246798777
1174440	1151686	22754	4034	8870004	9502568	1123130257036777
1621802	1600642	21160	4903	11363656	11688298	1123130270212087
1626200	1604130	22070	1688	4802176	5261862	1123130276830389
1203450	1180852	22598	2109	5278922	5681136	1123130283505641
1537758	1516854	20904	1608	4058086	5012638	1123130289291879
1490952	1470436	20516	962	3236210	3674422	1123130294209027
716252	592402	123850	3338	8109228	7652144	1123130303224269
1810298	1681682	128616	735	3000022	3543652	1123130308224293
831516	809780	21736	1482	8897686	4054558	1123130318143403
1660658	1639900	20758	3071	7580620	8063578	1123130327574489
1559812	1533622	26190	4014	9003354	9846660	1123130338327567
844580	821452	23128	1443	3738270	3990484	1123130343100315
1027216	970234	56982	1781	4997058	4849498	1123130349314859
1409146	1387130	22016	2561	6190636	6792140	1123130357104775
1478872	1457840	21032	2849	7132978	7436354	1123130365906403
1678682	1656828	21854	1244	3924622	4426738	1123130371700213
931904	909946	21958	2967	7499332	7126794	1123130380321341
1754598	1718224	36374	1604	4645920	5222656	1123130386911967
921306	899576	21730	39	1517254	1260354	1123130389540691
1003940	982362	21578	1695	4826518	4654326	1123130395561267
1706782	1685396	21386	4374	9591576	10715946	1123130407050033
846996	822494	24502	3531	8042988	8168964	1123130416130199
1417522	1395734	21788	2513	6460854	6703348	1123130424198593
864262	839018	25244	2483	5880506	6091328	1123130431133319
1628166	1606836	21330	4695	10905790	11278172	1123130443857111
1612654	1591576	21078	2080	5227562	6036886	1123130450887601
873416	817854	55562	4985	11304272	11103538	1123130463258241
1431340	1408826	22514	4703	10772650	11096804	1123130475652043
1786668	1764896	21772	3532	8070494	9110236	1123130485699345
1029726	1008288	21438	2604	5949572	6497172	1123130492868311
563022	541294	21728	4218	9879378	9259616	1123130503505537
364388	340956	23432	596	2664874	1816562	1123130506724847
1076042	1053774	22268	4133	8528656	9581336	1123130516548479
1354956	1333142	21814	4664	10765570	10943082	1123130528859277
1128980	1107466	21514	3903	8907272	9195590	1123130539089221
1620466	1592522	27944	1905	5245128	5690368	1123130546144693
1516536	1488246	28290	3540	8516826	8856766	1123130556368645
419464	397226	22238	4592	10619458	9862360	1123130567597483
1528294	1505290	23004	4918	11270998	11624340	1123130580586253
1721052	1697694	23358	1158	3432060	4297048	1123130585928993
1524078	1501816	22262	856	3146610	3496988	1123130590789913
1423754	1402482	21272	3235	7444456	8153196	1123130599851533
1547266	1522720	24546	553	2496090	2913116	1123130604085041
1542762	1383144	159618	3179	7264456	8160684	1123130613082487
1942672	1852060	90612	4849	11142192	11901748	1123130626358257
1088266	1066264	22002	4083	9495674	9513910	1123130637131797
1691198	1667928	23270	4279	9995318	10509886	1123130649008617
1604582	1583446	21136	3894	9232814	9653894	1123130660035943
1037194	1015428	21766	1731	4899560	4759404	1123130666162469
1776646	1618340	158306	2542	6334800	7120508	1123130674463883
1364912	1342828	22084	1197	3829472	4019134	1123130679848117
1784012	1763178	20834	4572	10415010	11187716	1123130692237133
1397754	1375536	22218	4725	10183532	11108458	1123130704008765
782878	760046	22832	1616	4360472	4273968	1123130709341809
877266	854652	22614	2907	7251044	6954856	1123130717660187
1746018	1724998	21020	2035	5508406	6075692	1123130725104849
601040	577930	23110	251	1820176	1362392	1123130727715855
1271466	1248656	22810	4439	10314832	10409206	1123130739492207
1749122	1567242	181880	4084	9528478	10181978	1123130750959745
1398910	1376664	22246	3836	9240758	9331212	1123130761789479
1473810	1386326	87484	1843	5302970	5418284	1123130768756349
986446	965836	20610	2724	6690568	6694268	1123130776626893
605868	583164	22704	2228	5327822	5322404	1123130782750269
1300156	1276408	23748	4334	9590626	10228092	1123130793834473
726560	705330	21230	220	1875436	1426736	1123130796626845
1491246	1466528	24718	2469	6501580	6689756	1123130804809493
1473068	1450934	22134	4381	10203946	10494132	1123130816687213
1638012	1616598	21414	3324	8081076	8545858	1123130826596109
1176944	1154232	22712	1701	4356016	4837842	1123130832319013
1403402	1380912	22490	2389	6210766	6441096	1123130840123393
842612	821324	21288	1254	3952906	3611326	1123130845108567
1509016	1487388	21628	1146	3743942	4060986	1123130850550957
1495906	1474944	20962	1524	4490356	4804574	1123130856727763
1397388	1376274	21114	2838	7120656	7333104	1123130865439179
760858	733652	27206	757	2792812	2539390	1123130869182579
493412	458146	35266	1387	4181452	3526752	1123130874047169
1582772	1560946	21826	1916	5266078	5675518	1123130881086423
1460388	1439776	20612	778	2595410	3275690	1123130885331999
1480450	1458158	22292	3625	8645272	8995554	1123130895647993
1717158	1606610	110548	1366	3851770	4714874	1123130901406685
1024056	1002956	21100	4116	9480910	9514524	1123130912101507
1290124	1266902	23222	3541	8025750	8631852	1123130921607459
642008	620722	21286	2343	6185846	5588322	1123130928625327
1128874	1099614	29260	138	1788148	1665480	1123130931732159
1547808	1525000	22808	3398	8239506	8604440	1123130941731037
187034	165080	21954	577	2605786	1599626	1123130944714221
1468656	1445286	23370	4330	10233910	10388414	1123130956609735
1013558	979270	34288	1997	5427550	5268700	1123130963240589
248876	211636	37240	751	2588812	2009756	1123130966267917
1283554	1261686	21868	304	2043346	2152212	1123130969784533
1145358	1122036	23322	1683	4801966	4771214	1123130975922323
1210152	1162084	48068	24	1108480	1517758	1123130978431087
1730120	1709206	20914	4052	9555392	10092660	1123130989906961
1637586	1615638	21948	1074	3587670	4045666	1123130995322393
1188446	1163896	24550	192	1236474	1832894	1123130997937225
1422738	1400500	22238	1046	3539296	3775264	1123131003089483
849500	828038	21462	1820	5167050	4749820	1123131009296215
1400742	1377872	22870	1357	4156452	4379986	1123131015043441
1513112	1490518	22594	503	2420924	2779258	1123131019167741
1689098	1664282	24816	3001	7263138	7951258	1123131028309693
772926	727344	45582	4432	9788398	9898186	1123131039061421
1420292	1396034	24258	3206	7436648	8092382	1123131048132697
1301008	1218554	82454	901	2963736	3362282	1123131052587397
830484	807662	22822	4711	10862738	10512600	1123131064470729
1243204	1221142	22062	1660	4757984	4822592	1123131070661393
709714	663268	46446	689	2813096	2348246	1123131074373893
1253988	1232378	21610	3718	8466194	8950340	1123131084284109
1460866	1440410	20456	4450	9879890	10621268	1123131095814917
1281232	1258462	22770	3635	8645356	8810736	1123131105931177
1406344	1383502	22842	1159	3756454	3984156	1123131111284303
1575754	1553584	22170	4807	10635134	11448742	1123131123685613
1415506	1393510	21996	4644	10723912	10962188	1123131136015253
704390	596722	107668	339	2114368	1642824	1123131139024105
1242486	1221486	21000	3398	13685734	8297638	1123131154142077
1395738	1373302	22436	1625	4701962	4904922	1123131160429285
1418420	1397792	20628	3388	7769896	8454212	1123131169807917
1431752	1410654	21098	2588	6587744	6867732	1123131178017173
1066490	1045208	21282	4440	10321770	10207484	1123131189595809
1518888	1498514	20374	2426	5657984	6630464	1123131196962173
693228	558500	134728	1390	4059488	3732462	1123131201904449
315518	260278	55240	517	2469242	1609416	1123131204878753
964546	936386	28160	3612	8665462	8447482	1123131214701685
1402544	1379074	23470	3997	9456576	9654552	1123131225789621
1781876	1760362	21514	1515	4589294	5072838	1123131232350901
1169686	1147932	21754	4807	10908302	11044078	1123131244618581
1401658	1378296	23362	2226	5886530	6112828	1123131252096533
542224	519468	22756	2777	7108066	6355780	1123131259937049
1519936	1497888	22048	1518	4474234	4815836	1123131266120691
1240590	1218410	22180	4911	11215904	11320856	1123131278767295
1564264	1542250	22014	1246	4001822	4316630	1123131284526909
1395262	1372774	22488	3597	8611824	8847778	1123131294723773
1256060	1218022	38038	3397	8505560	8310576	1123131304678541
1227722	1189348	38374	1898	4963620	5283482	1123131311060167
631268	607736	23532	3990	9013992	8870608	1123131320895597
1362150	1339976	22174	1573	4580928	4767368	1123131327028493
1727658	1706042	21616	2998	7433776	7983036	1123131336379883
804620	780248	24372	4025	8884768	9115012	1123131346258793
1498230	1477900	20330	903	3241500	3565046	1123131351188361
1400516	1376570	23946	4058	9607386	9776488	1123131362386537
1432054	1409786	22268	2849	7043360	7389238	1123131371052009
1676060	1653516	22544	2038	5109970	6011978	1123131378027997
966354	945130	21224	2576	6595990	6378820	1123131385780255
1167602	1145442	22160	1794	4552080	5020274	1123131391689443
1292522	1271206	21316	3309	8050910	8170164	1123131401222305
1603266	1577392	25874	1021	3479958	3906354	1123131406495449
1547532	1525576	21956	2521	6394052	6850896	1123131414627171
1183328	1159680	23648	256	1504374	1955248	1123131417504939
1661748	1640716	21032	1647	4680360	5222594	1123131424037303
1500876	1479656	21220	3051	7422218	7863446	1123131433150403
1180778	1159450	21328	82	1606970	1605684	1123131436128241
1438772	1391276	47496	3606	8567308	8909962	1123131446324197
1918854	1776524	142330	1823	4869374	5825678	1123131453302213
1375782	1353216	22566	2797	6577222	7229560	1123131461445097
1298074	1276702	21372	2847	7132680	7257490	1123131470065297
1413172	1391562	21610	4533	9965936	10739500	1123131481634317
1600022	1577190	22832	2314	6078616	6487060	1123131489503093
1600064	1573808	26256	1416	4400242	4692254	1123131495693129
1499400	1473382	26018	4815	10573608	11390026	1123131507956377
1300912	1277118	23794	1925	5421926	5410316	1123131514869803
1260452	1239356	21096	804	3118018	3129356	1123131519441337
720162	697514	22648	3314	8067484	7612580	1123131528418985
1595108	1573630	21478	3590	8443592	9035716	1123131538647865
1432696	1410550	22146	4213	9864496	10118742	1123131550135297
1436148	1414016	22132	4843	10701458	11382200	1123131562462703
721400	699720	21680	2107	5723988	5194910	1123131569097909
665582	644178	21404	466	2368518	1856886	1123131572322025
18708	1844	16864	165	612050	607522	1123131573162893
1024216	1003342	20874	3640	8007562	8563422	1123131582384623
982730	958174	24556	929	3292114	3100870	1123131586849057
962806	863612	99194	4618	10678996	10459354	1123131598685087
1174218	1153266	20952	3585	8046982	8604386	1123131608096423
967336	926604	40732	169	1774012	1565470	1123131611027513
1346520	1325090	21430	887	3045946	3380076	1123131615620657
1493874	1469702	24172	3960	9391504	9672028	1123131626695923
982402	959650	22752	1222	3769000	3686444	1123131631640409
1199178	1158888	40290	256	1304012	1971160	1123131634333179
1491214	1469420	21794	2861	7166940	7472474	1123131643181155
1491518	1470142	21376	1736	4961202	5222870	1123131649823377
1412464	1391266	21198	747	2918716	3167112	1123131654344289
757496	735446	22050	4831	10433312	10677608	1123131665725277
882696	861418	21278	3066	7684068	7275118	1123131674482405
1567424	1542122	25302	3173	7753194	8173318	1123131683992987
1263450	1242356	21094	840	3046790	3203382	1123131688493033
1511634	1490614	21020	3440	8100564	8651052	1123131698295161
1390516	1367442	23074	639	2850670	2928170	1123131702725987
1671692	1634778	36914	4969	11373834	11868050	1123131715965077
1675106	1643736	31370	2874	7204316	7682576	1123131725034457
882966	860478	22488	2794	7026796	6730868	1123131733134203
1522548	1500766	21782	1947	5333536	5675446	1123131740179749
580324	556128	24196	3675	8785438	8190268	1123131749735423
1709892	1688594	21298	2683	6719578	7334602	1123131758354971
1723562	1625420	98142	2129	5565830	6241640	1123131765834577
1681490	1655634	25856	1178	3778630	4298214	1123131771484461
1399596	1375188	24408	4357	10172332	10378302	1123131783246447
1441364	1419166	22198	2768	6972222	7236530	1123131791850169
1562912	1531530	31382	1728	4822622	5370776	1123131798425679
1443434	1422020	21414	1345	3622390	4393602	1123131803682137
1391994	1370022	21972	2397	5772232	6445990	1123131811036673
1474134	1445242	28892	4420	9836126	10573952	1123131822536723
1635274	1611510	23764	4668	10777738	11231628	1123131835139753
1264348	1241800	22548	2509	5976920	6542604	1123131842570785
1611182	1581912	29270	2084	5603426	6039146	1123131849975577
1308080	1286310	21770	1008	3452676	3583780	1123131854926421
1770948	1748222	22726	989	3413776	4009342	1123131860301277
1584204	1563934	20270	2209	5203016	6262350	1123131867278437
756918	732334	24584	2132	5621894	5280372	1123131873847117
1021040	998160	22880	529	2553158	2340728	1123131877611215
940370	900502	39868	1889	5071278	4985716	1123131883812441
1507948	1485700	22248	480	2397422	2727580	1123131887908011
1650628	1628398	22230	1836	5150302	5582560	1123131894898689
1534188	1512066	22122	3609	8245472	9012730	1123131904868167
1527518	1506134	21384	3931	9314980	9650400	1123131915903369
1692536	1654662	37874	997	7574646	3947682	1123131925360367
1051958	1027288	24670	83	1607620	1482374	1123131928209743
1439406	1418050	21356	1970	5372384	5638798	1123131935211113
1531676	1509440	22236	897	3228678	3584692	1123131940161347
1105062	1083626	21436	3170	7777146	7703712	1123131949232723
1416110	1394364	21746	4614	9951584	10904638	1123131960789639
1708338	1687008	21330	4075	9136396	10118320	1123131971827795
1197286	1176326	20960	1936	5308274	5330046	1123131978522681
1563328	1541390	21938	3810	9056426	9444820	1123131989332689
1403906	1382084	21822	4699	10452840	11062566	1123132001379151
1405176	1383960	21216	2703	6715930	7071860	1123132009690357
1082734	1061418	21316	571	2762924	2484678	1123132013725837
1470058	1446976	23082	2121	5063416	5970878	1123132020449179
1180992	1158972	22020	204	1813908	1849774	1123132023634061
1319074	1162798	156276	653	1653244	2855772	1123132026812099
1207608	1181634	25974	4899	11235046	11265986	1123132039448573
1603264	1582094	21170	1951	5350706	5770550	1123132046592169
1399316	1377312	22004	1533	4545006	4724926	1123132052726197
1713796	1692188	21608	875	3183390	3724318	1123132057816583
953734	931308	22426	1820	5052510	4853052	1123132064012513
892982	861090	31892	1624	4686438	4402104	1123132069781739
1417216	1395754	21462	4226	9503640	10132838	1123132080891861
1473428	1450252	23176	2530	6496476	6792260	1123132089051989
930240	907732	22508	287	2008522	1764384	1123132092180801
1563934	1542656	21278	2017	5469846	5858318	1123132099404473
1609750	1457910	151840	4637	10128026	11144462	1123132111332147
928260	904892	23368	3099	7426484	7385866	1123132119876621
644200	623564	20636	3072	7579714	7048818	1123132128290493
684586	661854	22732	4460	10225710	9864416	1123132139390797
1472830	1451576	21254	2320	6083652	6378542	1123132147136951
1422150	1400856	21294	3691	8823408	9063520	1123132157572237
1019934	998796	21138	3515	8334258	8314078	1123132167115953
1826516	1806322	20194	1689	4622046	5464866	1123132173754461
1430360	1408046	22314	4036	8808102	9762930	1123132184182195
1397308	1376058	21250	3330	7509396	8318022	1123132193279093
1526660	1505660	21000	3527	8090376	8840192	1123132203086397
1634686	1612134	22552	4512	10119570	10918362	1123132215030321
1361332	1336788	24544	4272	9583454	10165206	1123132226164887
1636626	1589274	47352	2431	6330028	6757814	1123132234322109
1526294	1501274	25020	1271	3587806	4327640	1123132239625757
605804	584842	20962	270	1975786	1406150	1123132242397219
886488	866008	20480	1835	5102252	4815734	1123132248575825
740462	716556	23906	2272	5979282	5543510	1123132255485739
629990	606932	23058	1381	4201746	3658666	1123132260507249
1503574	1480820	22754	2583	6610130	6929154	1123132268810829
1424398	1392202	32196	4192	9867082	10069584	1123132280295549
1372866	1350878	21988	4268	9980218	10168154	1123132291837897
1543298	1519846	23452	2526	6487274	6856034	1123132300058291
1330112	1273922	56190	4175	9886202	9940506	1123132311465023
1416316	1394682	21634	1343	4124172	4366254	1123132317195185
1264082	1242262	21820	2034	5543416	5591438	1123132324192913
1634146	1612608	21538	894	3056070	3682478	1123132329072937
1455454	1377556	77898	3835	9099882	9386158	1123132339818129
1189032	1167728	21304	1528	4370626	4504488	1123132345567667
841198	814300	26898	3525	8484480	8150204	1123132355083743
917066	895168	21898	2292	6023088	5761326	1123132362213603
219764	198942	20822	421	2274648	1320488	1123132364898233
1408456	1386010	22446	1282	3998120	4231470	1123132370494911
1008528	985748	22780	1609	4587946	4486688	1123132376280907
1399064	1376340	22724	4497	10429636	10651244	1123132388299369
700918	661022	39896	1542	4525030	4044584	1123132393715183
1443732	1421842	21890	1225	4023134	4154372	1123132399371991
1441618	1396748	44870	3580	8604224	8865596	1123132409607775
1041222	1018984	22238	371	2440304	2043850	1123132413279377
1411636	1388734	22902	2230	5902410	6135860	1123132420783701
1760344	1659496	100848	2381	6215848	6782058	1123132428954351
1612818	1590514	22304	2057	5557382	5987710	1123132436314793
1436862	1415134	21728	3524	7884964	8744486	1123132445826757
1504548	1474244	30304	2149	5660562	6061948	1123132453182383
1685630	1664436	21194	4944	10929042	11834234	1123132465987345
1312414	1290334	22080	3449	8246218	8470022	1123132475736097
1729162	1635296	93866	4539	9961286	11068076	1123132487616713
1181934	1159190	22744	192	1654582	1830936	1123132490643453
635818	588054	47764	2481	6407926	5857646	1123132497877309
1236666	1215706	20960	4389	10150124	10274654	1123132509454045
1253210	1232074	21136	2949	7335482	7415972	1123132518232557
1191406	1169212	22194	3720	8878712	8891742	1123132528492687
1630422	1608662	21760	4840	10782650	11571874	1123132541095577
1206776	1186318	20458	701	2681678	2868806	1123132545173903
1558312	1537268	21044	4793	10863128	11402954	1123132557785393
1485550	1462338	23212	2731	6977342	7207698	1123132566438557
1848820	1825378	23442	3654	8662458	9416404	1123132577139707
1663342	1641726	21616	3423	7524948	8769064	1123132586518201
870594	849078	21516	3618	8415058	8367278	1123132595993365
1060188	1037684	22504	937	3319186	3193404	1123132600562919
692108	669818	22290	2350	6137306	5651570	1123132607582803
220190	196732	23458	523	2673882	1525916	1123132610666827
1736476	1715464	21012	45	1661832	2085242	1123132614255081
535924	513058	22866	445	2327234	1684392	1123132617308513
1179660	1160100	19560	445	1173070	2328584	1123132619870021
1416762	1376716	40046	4271	9915046	10219492	1123132631391277
882576	858398	24178	4308	10059034	9763930	1123132642522973
1800946	1779096	21850	4659	10753006	11379844	1123132655267287
1054550	1032060	22490	598	1936876	2511440	1123132658448835
1412588	1391052	21536	2719	7106320	7111292	1123132667176795
1439166	1418154	21012	2527	6607304	6758036	1123132675413295
996848	973482	23366	2390	5858394	6037368	1123132682458943
1569160	1547940	21220	1682	4796576	5192826	1123132689015195
1403420	1380638	22782	1631	4144812	4925038	1123132694753469
1600338	1562596	37742	128	1873402	2115294	1123132698420309
1076412	1032164	44248	4569	10553810	10473628	1123132710240307
667562	645858	21704	126	1685510	1180166	1123132712783407
1418118	1396844	21274	87	1613040	1852392	1123132716007959
1759004	1710416	48588	3824	9081668	9665422	1123132727038765
1510846	1486662	24184	3739	8918268	9248014	1123132737658517
1590526	1569050	21476	3153	7743272	8157400	1123132747182157
511296	490376	20920	318	2069536	1406646	1123132749952891
511728	490048	21680	2058	5604734	4887328	1123132756259287
1689600	1667280	22320	3238	7506808	8426860	1123132765645069
689898	668774	21124	312	1330364	1573662	1123132767855383
1014750	934398	80352	3157	7804188	7588038	1123132776864153
1781418	1737782	43636	3223	7485762	8488150	1123132786324733
1590650	1568200	22450	243	1930160	2337214	1123132790035967
1591596	1570462	21134	467	2381320	2786876	1123132794198847
1647526	1626004	21522	4652	10156368	11211308	1123132806192727
846914	822766	24148	4695	10876186	10495932	1123132818106013
1658946	1506044	152902	762	3095384	3443496	1123132823049999
617802	596572	21230	963	3369070	2803722	1123132827226781
1325386	1303272	22114	400	2157990	2384780	1123132830900381
1552502	1531190	21312	3189	7652642	8191586	1123132840295437
1116726	1094618	22108	4682	10807082	10741322	1123132852409561
1653676	1630812	22864	1819	5085334	5551316	1123132859338419
1351582	1330142	21440	895	3356756	3409482	1123132864236339
1730604	1709608	20996	320	2141994	2631478	1123132868299313
1238716	1214962	23754	3966	9367470	9430890	1123132879095337
1452252	1424026	28226	714	2863654	3140860	1123132883600843
945740	922666	23074	2764	6996266	6733240	1123132891732283
1522240	1500628	21612	1471	4520194	4724758	1123132897964737
1962540	1791874	170666	1798	4571268	5821812	1123132904688949
1545876	1521116	24760	3201	7257584	8208718	1123132913686241
1504296	1377562	126734	1900	5234086	5565226	1123132920614637
1492546	1471164	21382	4672	10795388	11096620	1123132933092787
661518	640622	20896	153	1565422	1227498	1123132935509717
757438	731826	25612	3198	7840274	7412312	1123132944297557
317258	293740	23518	588	2610488	1753406	1123132947415345
1500612	1478788	21824	2721	6756682	7206068	1123132955862655
1436468	1415522	20946	1103	3643012	3901180	1123132961132437
936544	902878	33666	2384	6204960	5963222	1123132968464485
1704938	1590702	114236	2908	7251490	7780584	1123132977610807
1526752	1503442	23310	372	2380754	2530152	1123132981708571
1157006	1135878	21128	3139	7213434	7695530	1123132990268801
1584292	1560226	24066	1263	3506936	4370450	1123132995550029
1107030	1085498	21532	2561	6166086	6489578	1123133003012693
1707504	1686562	20942	1519	3779708	5005612	1123133008689173
1594134	1572380	21754	1868	4722482	5589740	1123133015199721
1286314	1260342	25972	3472	8382058	8490554	1123133025057817
875662	855170	20492	4907	11253652	10949374	1123133037377117
1644952	1613490	31462	4167	9774480	10243232	1123133048986315
1426326	1404178	22148	951	3333104	3586576	1123133053935655
1669806	1630808	38998	1851	4741234	5632286	1123133060537093
689070	666976	22094	1590	4059694	4128186	1123133065476257
420618	399364	21254	589	2055168	1858076	1123133068141839
1516666	1491936	24730	195	1823746	2165192	1123133071671847
845040	823198	21842	2721	6491612	6551792	1123133079198187
1537918	1502968	34950	2067	5575146	5931912	1123133086500983
755330	733728	21602	2388	6218230	5791178	1123133093664349
1542670	1521368	21302	4887	11260882	11577666	1123133106657589
1595474	1573986	21488	4998	10903488	11851690	1123133119346269
1294170	1271882	22288	1048	3458414	3654252	1123133124288953
608250	587040	21210	388	2211812	1645028	1123133127298971
1637324	1616032	21292	4060	9559412	10021102	1123133138686027
1774430	1598494	175936	918	2931224	3868672	1123133143585089
1550508	1526038	24470	3950	9333608	9711140	1123133154659049
1563296	1542072	21224	3299	7605268	8422010	1123133164017765
1600596	1579138	21458	2518	6486744	6896048	1123133172294997
1519224	1495988	23236	1972	5333136	5722178	1123133179337585
618552	596642	21910	2965	7250870	6809082	1123133187396847
989554	965420	24134	4362	10287946	9972286	1123133198863765
1290536	1268428	22108	4345	10132598	10240838	1123133210480647
1179212	1158642	20570	252	1577474	1942874	1123133213427293
726024	701762	24262	2260	6012818	5511494	1123133220356093
1592210	1570944	21266	3056	7547426	7964564	1123133229686151
2001944	1945852	56092	1249	3531814	4763302	1123133235409927
1356682	1334420	22262	3482	8333966	8585276	1123133245290517
1389272	1334758	54514	578	2597538	2809964	1123133249467133
1475614	1383014	92600	3726	8894902	9191862	1123133260027361
1687370	1608452	78918	432	2298462	2812000	1123133264203057
1338514	1316914	21600	1476	4304838	4548850	1123133270036213
762226	741194	21032	1578	4681472	4179508	1123133275669883
901554	876080	25474	2249	5932172	5659176	1123133282693131
707920	675518	32402	4532	9844386	10031046	1123133293439417
1164930	1123220	41710	38	1620496	1501194	1123133296414431
1402128	1379226	22902	701	2850836	3064354	1123133300857597
1133640	1108924	24716	2883	6810914	7159596	1123133308995003
815798	792824	22974	3978	8891760	9031930	1123133318893119
1735924	1713978	21946	3495	8504384	8987052	1123133329323127
951814	929654	22160	3730	8372344	8670508	1123133338836985
1701588	1680292	21296	4538	10512794	11036778	1123133351244653
892870	864890	27980	1181	3098498	3513886	1123133355425889
1534424	1497166	37258	2714	6872960	7228330	1123133364023393
856110	834304	21806	1225	3891626	3566296	1123133368961049
1113348	1090372	22976	2628	6183464	6628680	1123133376448237
598078	575392	22686	4001	9438560	8859954	1123133386674903
1490678	1468608	22070	1268	4091682	4286460	1123133392447405
1402516	1380504	22012	1116	3667486	3894874	1123133397707213
1642898	1621560	21338	4282	9655392	10475544	1123133409195507
430504	406652	23852	493	2540780	1680302	1123133412357087
1180130	1159016	21114	556	1395992	2550748	1123133415142737
1220238	1197448	22790	4864	11195940	11208078	1123133427748719
1294914	1271778	23136	3641	8717646	8835862	1123133437951341
1296332	1275246	21086	3694	8368350	8949340	1123133447806689
1632314	1609354	22960	3797	8577904	9491024	1123133458206533
505124	469298	35826	360	2156424	1485444	1123133461057369
926936	904714	22222	3414	8344714	8015140	1123133470519131
1417290	1394370	22920	2952	6649038	7579766	1123133478775373
872408	850884	21524	4922	11166642	10975244	1123133491008399
1581256	1559538	21718	998	3547712	3836866	1123133496327205
1639890	1618326	21564	2081	5164642	6060936	1123133503321813
1186878	1164542	22336	121	1221152	1688608	1123133505920739
1603914	1582158	21756	741	2925622	3346038	1123133510639741
1401438	1378850	22588	2532	5837784	6726180	1123133518069205
1017198	996004	21194	1722	4954590	4722584	1123133524230985
886804	863504	23300	58	1556616	1262458	1123133526864565
1690616	1668840	21776	1754	4941928	5458800	1123133533690285
848534	824944	23590	2074	5589618	5257498	1123133540318169
1742796	1720348	22448	2597	6707942	7197706	1123133548958383
1582006	1559802	22204	2080	4900978	6001780	1123133555631561
1343058	1320190	22868	1836	5105744	5275380	1123133562270549
1183238	1161578	21660	130	1046770	1702180	1123133564690723
1314500	1292322	22178	2069	5579190	5712124	1123133571777923
1642212	1621110	21102	2678	6435916	7265588	1123133580045573
1208058	1185702	22356	4911	11256148	11289538	1123133592699293
1595956	1573882	22074	1080	3596120	4016758	1123133598085177
1381662	1231624	150038	967	3368032	3574914	1123133603024829
1579562	1557582	21980	2463	6358008	6764664	1123133611152683
569612	456466	113146	1022	2986668	2873938	1123133614898709
1574542	1442948	131594	3603	8581980	9039948	1123133625245547
921660	898494	23166	1355	3527298	3890724	1123133629884605
1542518	1520638	21880	3710	8948564	9222760	1123133640565387
1654516	1629040	25476	4999	11465962	11912796	1123133653875291
1610488	1589664	20824	3502	8442016	8874934	1123133664117199
792052	768278	23774	163	1125548	1384438	1123133666224717
1631994	1610536	21458	2809	7192020	7511248	1123133675238623
1787564	1676488	111076	1627	4255580	5302434	1123133681472159
555184	530976	24208	2610	6666628	6038982	1123133688883719
1248826	1227434	21392	3908	9280818	9324840	1123133699603153
749928	727172	22756	288	2069310	1585496	1123133702612377
1397632	1376402	21230	3458	8207818	8574180	1123133712407979
1308200	1286854	21346	299	1598086	2167380	1123133715504535
885746	864120	21626	986	3339980	3122426	1123133719920007
1581994	1442250	139744	2761	6959894	7364312	1123133728652213
1617112	1591686	25426	3415	8062122	8707212	1123133738521283
1816534	1792378	24156	1169	3780616	4415702	1123133744308645
1572292	1548706	23586	2529	6493962	6890502	1123133752564329
1213802	1191318	22484	2766	6927676	7005906	1123133760895777
976712	953412	23300	3818	9186018	8873892	1123133771248613
1476876	1456338	20538	1750	4937272	5240362	1123133777852705
1591380	1569294	22086	2372	6181156	6595722	1123133785815157
1332078	1310774	21304	1229	3774210	4050116	1123133791111823
1162266	1137588	24678	4289	10547904	10396240	1123133803011921
1566718	1446676	120042	3973	9429366	9772036	1123133814198333
1496272	1378572	117700	3125	7691162	8006264	1123133823575753
1403804	1381812	21992	1993	5437838	5648598	1123133830607247
803928	782602	21326	1045	3502290	3153582	1123133835103373
1431538	1388648	42890	4853	10649786	11397584	1123133847374875
1533984	1511384	22600	533	2513038	2864856	1123133851611267
745388	724772	20616	615	2677980	2234658	1123133855224649
626256	597164	29092	392	2122734	1669494	1123133858163501
1157596	1135550	22046	1915	5132044	5246536	1123133864642785
1103302	1080430	22872	3939	9316380	9242410	1123133875252387
1829298	1548354	280944	2399	6246556	6891130	1123133883518349
1686452	1664998	21454	503	2360826	2957200	1123133887755487
944158	870820	73338	766	2433740	2736158	1123133891323177
1177410	1157060	20350	256	1559838	1949054	1123133894250399
1728870	1571572	157298	2662	6596254	7312402	1123133902765789
1619582	1596910	22672	4682	10963140	11242574	1123133915542389
1530428	1508594	21834	2947	7328230	7683800	1123133924591137
1617660	1595640	22020	3937	9307758	9751874	1123133935706363
1053544	1032526	21018	1218	3747872	3748754	1123133940698185
496936	475130	21806	367	2167276	1490822	1123133943555533
1486266	1451168	35098	4643	10726710	11032946	1123133955958793
1156866	1135524	21342	3985	8993818	9385538	1123133966299313
1398426	1376788	21638	1715	4272838	5088772	1123133972160791
757756	736594	21162	948	3175564	2914704	1123133976284093
1397372	1376336	21036	1741	4554420	5138908	1123133982425677
1643044	1553700	89344	3084	7610472	8071486	1123133991869289
1399476	1378536	20940	1612	4553366	4882182	1123133998011685
898822	878478	20344	82	1598924	1322714	1123134000698997
764314	742222	22092	541	2515458	2105920	1123134004172423
1672648	1391056	281592	1064	3563814	4059912	1123134009598763
1237268	1214802	22466	1438	4317182	4372240	1123134015343337
1413578	1388070	25508	4076	9594990	9829794	1123134026541533
1185798	1164030	21768	224	1576846	1893550	1123134029493753
1402172	1377776	24396	447	2186384	2576286	1123134033272121
793776	694776	99000	757	3106004	2587550	1123134037361651
1728742	1706612	22130	4618	10526640	11224648	1123134049806517
1186096	1161202	24894	436	1641420	2317750	1123134052823901
1689560	1666800	22760	3427	8296296	8804654	1123134063003281
1182722	1160880	21842	270	1597844	1983444	1123134065974387
971712	949030	22682	3861	9097776	8955118	1123134076233309
1319658	1298156	21502	2504	6284222	6587022	1123134084027233
1742574	1617050	125524	748	3044330	3497886	1123134089004077
596136	574486	21650	979	3391538	2814326	1123134093181591
1356688	1335590	21098	2357	5785854	6331144	1123134100514131
1183772	1158862	24910	43	1081468	1529758	1123134102969157
1532374	1510416	21958	4633	10849966	11058848	1123134115541663
1191858	1169122	22736	2468	5963236	6386174	1123134122887103
1047678	1026662	21016	1151	3812176	3608890	1123134127936913
1647138	1623464	23674	3447	8330512	8800720	1123134138104259
1612684	1589106	23578	3099	7221060	8070398	1123134147127793
879842	858568	21274	1272	3988980	3684060	1123134152186857
1561330	1538782	22548	4199	9832118	10220202	1123134163770249
7925372	7922548	2824	1753	4748780	11690970	1123134176634293
690826	666134	24692	3094	6940748	7138214	1123134184455609
1464804	1442842	21962	2978	6863214	7680434	1123134192973553
757152	641846	115306	4698	10849424	10412526	1123134204769817
885172	864008	21164	3538	8391482	8221406	1123134214239729
973972	950914	23058	1790	5017286	4814486	1123134220420509
1185630	1163956	21674	184	1801678	1812546	1123134223598117
1695946	1674708	21238	2449	5182152	6854570	1123134230688377
968026	942226	25800	4167	9108042	9560726	1123134240958369
1635956	1612910	23046	2790	6408096	7475810	1123134249192245
941578	911868	29710	8	1409894	1216036	1123134251733617
814122	790106	24016	345	2126516	1764422	1123134254864367
1674348	1534342	140006	2434	6303842	6802882	1123134263036557
1033838	1013290	20548	1518	4525844	4330036	1123134268785999
1709482	1686368	23114	3876	9184338	9720860	1123134279873549
1182002	1160512	21490	475	1830906	2399272	1123134283076077
1182300	1161414	20886	628	1518168	2674122	1123134285986317
1436390	1414382	22008	3792	9027960	9280492	1123134296640339
1315428	1226338	89090	2114	5581710	5803718	1123134303727313
1042622	1015962	26660	2550	5999132	6402446	1123134310958437
1182788	1160948	21840	138	1011598	1718492	1123134313342631
748210	726968	21242	4150	9763286	9315748	1123134324043945
1671810	1650742	21068	2659	6755718	7249718	1123134332661517
1448914	1427398	21516	1973	4884420	5654910	1123134339184555
1199586	1178552	21034	3768	8910836	8994996	1123134349485097
862452	839170	23282	4173	9206534	9469282	1123134359744417
1613892	1579058	34834	2066	5566904	6006906	1123134367115327
1206218	1159966	46252	157	1734208	1780888	1123134370245625
1459350	1437350	22000	3739	8929952	9197342	1123134380824687
1484954	1463498	21456	2993	7296914	7731216	1123134389800203
1844580	1823450	21130	728	2892810	3561128	1123134394727795
1180294	1158642	21652	183	1401494	1807340	1123134397503501
1522548	1500958	21590	4562	10569852	10906848	1123134409785637
1761954	1738764	23190	1618	4681270	5257412	1123134416418999
1770426	1724814	45612	970	3379772	3970754	1123134421759421
1404568	1381538	23030	4618	10129484	10899682	1123134433483487
1411640	1389812	21828	358	2137392	2391986	1123134437222527
1372998	1350398	22600	1157	3698106	3945762	1123134442483869
978794	956974	21820	3241	7917080	7720276	1123134451569595
1653004	1630300	22704	4692	10824902	11297704	1123134464237681
520914	499762	21152	411	2266630	1603284	1123134467215581
939964	919254	20710	546	2511016	2291386	1123134470856565
960968	937032	23936	3644	8722754	8509362	1123134480733537
1115328	1009088	106240	4623	10679416	10621840	1123134492721809
1428334	1403724	24610	2433	5749190	6553260	1123134500092765
1443894	1421090	22804	3730	8891498	9162326	1123134510618217
1432664	1411018	21646	3606	8647852	8905788	1123134520888929
1618758	1597210	21548	3548	8345042	8975768	1123134531042925
215312	194286	21026	901	2721166	2277014	1123134534169449
27920	1838	26082	193	669706	674290	1123134535077835
1143034	1122502	20532	897	2353814	3196046	1123134538765161
680726	659656	21070	687	2242350	2313680	1123134541880835
1431964	1411328	20636	4937	11414974	11565192	1123134554917973
656090	553454	102636	895	2986394	2705970	1123134558750085
886830	863078	23752	4204	9486294	9554312	1123134569316713
1397716	1376722	20994	1193	3826984	4049034	1123134574731591
1409770	1387240	22530	1157	3742258	3983728	1123134580077597
1399462	1377314	22148	1775	4994234	5209754	1123134586661245
1052506	1030100	22406	3359	8157910	8030510	1123134596062205
1504614	1482838	21776	2438	6312924	6641790	1123134604070259
1251806	1228240	23566	912	2779384	3336826	1123134608291387
1411018	1389072	21946	3817	8606284	9305202	1123134618498517
1397744	1375774	21970	1772	5105830	5202570	1123134625191193
1703002	1608442	94560	834	3182452	3634932	1123134630266421
1473828	1452458	21370	2446	6338650	6626068	1123134638269223
1444908	1393722	51186	3018	6977924	7742284	1123134646882223
1077796	1056642	21154	1080	3601140	3498100	1123134651751087
1016138	993726	22412	326	2097848	1927510	1123134655055377
1479842	1457572	22270	2323	4903820	6360790	1123134661649047
1329722	1169494	160228	168	1414366	1929898	1123134664582897
640640	618606	22034	2089	5692120	5078730	1123134671105721
1640562	1619610	20952	2884	6809512	7669046	1123134679745629
1372486	1348756	23730	2153	5399446	5958186	1123134686707477
1589642	1566776	22866	2873	7183696	7595378	1123134695674597
1681010	1659668	21342	4577	10483886	11096034	1123134708029857
1768440	1745504	22936	2046	5529060	6120686	1123134715517211
1732750	1711214	21536	3282	8009824	8555768	1123134725449471
1027294	965970	61324	2183	5337404	5654244	1123134732003953
1746770	1640550	106220	1024	2953120	4059164	1123134736893413
1526304	1504414	21890	3381	7800926	8548260	1123134746410841
1028632	1007224	21408	2619	6136128	6526604	1123134753765129
1264940	1243986	20954	2207	5901046	5938702	1123134761121397
1085344	1063064	22280	2764	6962998	6874152	1123134769359727
1398554	1377492	21062	1235	3340910	4128866	1123134774288909
497714	465924	31790	4500	10509022	9757720	1123134785485989
1008384	986308	22076	2002	5449806	5278004	1123134792134605
430188	408894	21294	758	2375398	2206018	1123134795130343
1654546	1631368	23178	1917	5419428	5757926	1123134802394663
1529382	1507298	22084	4866	10577414	11522776	1123134814691417
804970	782776	22194	1565	4020620	4198298	1123134819710387
1523732	1502800	20932	2710	6853556	7202440	1123134828277685
1096212	1059466	36746	3802	8895974	8960942	1123134838460103
1056822	1035386	21436	3889	8719416	9094584	1123134848426633
1398618	1376558	22060	1803	5117090	5264350	1123134855132367
1536070	1515504	20566	3098	7261170	7991580	1123134864119725
1188290	1164432	23858	377	1792342	2202020	1123134867289909
1691900	1670702	21198	2894	6147828	7740122	1123134875341527
1581256	1559260	21996	1815	4376684	5469808	1123134881488777
1662062	1640828	21234	697	2668726	3318988	1123134886009569
801050	779364	21686	2187	5154442	5439214	1123134892154521
1131168	1107506	23662	3418	7747470	8227942	1123134901222583
977592	915254	62338	1080	3001234	3397088	1123134905390977
1407342	1386106	21236	4588	10630984	10863402	1123134917618633
1213682	1192050	21632	1679	4794966	4831600	1123134923816887
1575770	1552332	23438	3070	7574252	7974536	1123134933156893
1690758	1627388	63370	785	3006020	3522268	1123134938043879
1686502	1530616	155886	2971	7195140	7889466	1123134947115563
1533990	1394356	139634	1889	5197288	5573108	1123134954036979
1510198	1486152	24046	3379	8200004	8528422	1123134963937143
657322	636162	21160	1766	4975678	4449284	1123134969760165
1629420	1593816	35604	3274	7982896	8437284	1123134979562227
1724968	1702812	22156	1153	3796998	4290478	1123134985273717
950476	927002	23474	1844	4707496	4898980	1123134991121197
1462042	1440128	21914	4103	9641250	9928260	1123135002414685
835900	813654	22246	2491	6323264	6078222	1123135009764437
1377866	1350986	26880	2528	6536404	6693540	1123135017868383
1742372	1602352	140020	2361	6244260	6723392	1123135026044813
1265418	1240924	24494	3613	8547732	8751748	1123135036047803
1275840	1247064	28776	4592	10620544	10719420	1123135048134141
1446602	1425444	21158	3249	7930064	8203722	1123135057700829
1628120	1577100	51020	4848	10953464	11584222	1123135070472217
562678	536388	26290	965	3358078	2751686	1123135074582753
949448	841042	108406	2984	7009188	7176396	1123135082731487
1412330	1390992	21338	3223	7884866	8118476	1123135092222261
7108634	7105768	2866	2530	6500022	12428526	1123135106020517
1646042	1620878	25164	2681	6803474	7268238	1123135114659833
1012242	990358	21884	1560	4432056	4390960	1123135120293997
645050	621508	23542	3364	8161566	7631642	1123135129290717
770036	748674	21362	3365	8170918	7765434	1123135138421591
1580072	1500598	79474	3213	7860572	8265450	1123135148051633
1356356	1333986	22370	1309	3863888	4233506	1123135153461861
1122062	1098666	23396	3605	8659952	8595404	1123135163433489
448590	413518	35072	360	2205736	1432972	1123135166277979
1256594	1234714	21880	4757	10959574	11028698	1123135178683941
1204296	1181176	23120	142	1717736	1748576	1123135181799577
1550696	1529650	21046	2001	5525760	5812146	1123135189065933
1630142	1608924	21218	3810	8467686	9511290	1123135199353301
1660222	1636070	24152	1020	3472152	3963074	1123135204675359
1451720	1430112	21608	3852	9048898	9416098	1123135215368755
1180648	1159622	21026	56	1620302	1557740	1123135218359631
1585054	1562436	22618	4159	9761686	10163560	1123135229895997
1770526	1686470	84056	3229	7891156	8488046	1123135239747351
363070	182298	180772	375	1773532	1382218	1123135242073899
1715608	1692370	23238	1427	4389522	4829042	1123135248368371
1494034	1467816	26218	3318	7770570	8391132	1123135257822713
1276788	1163596	113192	88	1615842	1712370	1123135260905467
1025072	1002812	22260	3309	7967926	7901588	1123135270087717
950702	928656	22046	4516	10464718	10242396	1123135281693185
1652462	1381180	271282	4325	10147922	10561166	1123135293682929
1467114	1381170	85944	1821	5027922	5367628	1123135300367485
1184286	1163694	20592	52	1563374	1547294	1123135303304645
1233560	1210566	22994	4542	10525774	10582914	1123135315253801
1200238	1179190	21048	291	1316928	2042330	1123135317960473
1526856	1505942	20914	3259	7951800	8305406	1123135327629053
1545420	1522662	22758	4029	9340998	9866504	1123135338705489
1232758	1208044	24714	4554	10543564	10600122	1123135350674751
1468188	1447236	20952	2045	5007672	5818342	1123135357344157
1388260	1089954	298306	2378	6189910	6407440	1123135365112145
1546050	1522250	23800	3803	8927666	9412098	1123135375775881
1313558	1290966	22592	2660	6757990	6892838	1123135384037333
753858	731366	22492	4020	9310594	9052174	1123135394291515
1571088	1546594	24494	3310	8056650	8450712	1123135404108683
548870	435214	113656	3669	8375010	8146842	1123135413222385
1321066	1290744	30322	3489	8021150	8559206	1123135422754553
239824	205932	33892	640	2715462	1779076	1123135425903231
1594502	1570296	24206	1712	4858820	5278794	1123135432545893
1609188	1586572	22616	2758	6411972	7385236	1123135440756517
1408268	1386292	21976	1168	3775164	4005040	1123135446133537
1415016	1219822	195194	780	2992882	3235242	1123135450730257
518000	496412	21588	278	2128154	1333142	1123135453569205
572552	550490	22062	4858	11156134	10548324	1123135465499707
1400846	1375228	25618	2826	7086160	7312738	1123135474175905
1216658	1194772	21886	2268	5979364	6013590	1123135481561687
692148	669204	22944	3785	8525674	8521416	1123135490969079
1031446	1010474	20972	4697	10829958	10685742	1123135503020303
1102214	1079068	23146	2197	5687070	5755688	1123135509999003
1418774	1396480	22294	4071	9422182	9820134	1123135521029513
1442144	1417658	24486	3753	8941042	9208898	1123135531602787
1342170	1320740	21430	1188	3820304	3977308	1123135536954789
1453632	1431276	22356	1912	5263604	5538044	1123135543924187
1598134	1576128	22006	698	2700766	3254872	1123135548412689
881250	797544	83706	2219	5480040	5579662	1123135554963679
1595132	1571642	23490	4056	9288782	9966194	1123135566037539
1455942	1340974	114968	2425	5762600	6565852	1123135573446293
1402160	1378488	23672	2190	5380108	6043064	1123135580418443
754322	618550	135772	308	2050092	1629878	1123135583412593
1164092	1141574	22518	2187	5899272	5798142	1123135590666273
1246446	1223668	22778	1406	4250188	4318180	1123135596356571
1404346	1382036	22310	1209	3855372	4083408	1123135601806475
628936	606680	22256	2610	6621390	6108160	1123135609247001
1179158	1158630	20528	201	1334552	1841910	1123135611951193
1429820	1406124	23696	1784	4784848	5257302	1123135618355785
1246290	1206278	40012	2659	6700128	6824442	1123135626492247
1412210	1390942	21268	2130	5307990	5930968	1123135633402057
821388	800018	21370	1284	4011496	3654166	1123135638425229
1529784	1507944	21840	2430	6292680	6649868	1123135646437589
960828	840736	120092	4695	10290060	10611058	1123135657878533
1718666	1696020	22646	4905	11377364	11789108	1123135671164267
736818	588542	148276	2076	5585712	5149314	1123135677676339
1717368	1692730	24638	2692	6814968	7359972	1123135686398859
1122364	1099568	22796	3880	8546396	9141918	1123135696257785
568156	546086	22070	3979	9023580	8784988	1123135706039497
1596810	1573244	23566	4091	9223690	10038860	1123135717050045
1411142	1387836	23306	551	2558626	2773860	1123135721210377
1159418	1137662	21756	1069	3576506	3557922	1123135726136573
1451374	1426350	25024	3150	7738354	8012218	1123135735516465
1439644	1417564	22080	3413	7844504	8525352	1123135744990673
1434770	1414456	20314	1759	4264544	5212348	1123135750879765
803164	780202	22962	1770	4850960	4604422	1123135756724079
1159380	1138014	21366	4588	10609902	10594714	1123135768686275
1442866	1420866	22000	1953	5341080	5610160	1123135775663677
1406652	1384892	21760	4215	9808966	10095620	1123135787069373
546658	523980	22678	4713	10871180	10232992	1123135798677289
1078908	1057066	21842	2835	7102770	7008748	1123135807051449
1158044	1129156	28888	308	1892624	2033364	1123135810292567
938466	914892	23574	4377	9194302	9924862	1123135820634953
1746772	1725632	21140	2844	7119306	7694464	1123135829691139
1186072	1164362	21710	137	1336752	1724714	1123135832404419
1480678	1378568	102110	1670	4664296	5080440	1123135838739049
1426138	1404250	21888	4240	9926106	10167988	1123135850284879
1466162	1444588	21574	4037	9509294	9799502	1123135861450313
1467332	1444804	22528	3400	8215488	8533724	1123135871323419
1184250	1163146	21104	120	1312652	1683440	1123135874010307
1412492	1389362	23130	2891	7233364	7455910	1123135882846493
1204412	1183124	21288	3402	8160344	8269328	1123135892404359
1423906	1402868	21038	4914	11261446	11511460	1123135905279727
601500	580066	21434	4014	8934542	8889934	1123135915005229
