# Loop @ Start frequency 2000000Hz took 1062.88 cycles
# Interval [1061 ; 1064]
# Q1 : 1060 ; Q3 : 1062
# Loop @ Target frequency 1100000Hz took 1936.60 cycles
# Interval [1933 ; 1940]
# Q1 : 1926 ; Q3 : 1930
# Confidence intervals do not overlap, alternatives are statistically different with selected confidence level
Change time (with write) [cycles]	Change time [cycles]	Write cost [cycles]	Wait time [us]	Time since last frequency change request [cycles]	Time since last frequency change [cycles]	Detected frequency change timestamp [cycles]
1191390	1157938	33452	3567	288240514	286955232	1123186984304357
1189340	1168858	20482	4812	12073166	11064166	1123186997982169
1234308	1181806	52502	907	4066070	3306270	1123187003687133
1249834	1168256	81578	3036	8310998	7571546	1123187013650587
1181274	1159114	22160	4996	12127620	11424294	1123187027363903
802516	779346	23170	2463	6917480	5979384	1123187035487071
382666	360228	22438	4156	10783048	8947102	1123187047055155
560224	536374	23850	3982	10235246	8775984	1123187058254631
944214	922854	21360	4075	10359386	9344514	1123187069966547
529016	505706	23310	3998	10490606	8778306	1123187081389227
1201968	1180168	21800	3427	9020576	8304538	1123187092014117
1193224	1171986	21238	2191	6652500	5828822	1123187100263299
1121986	1093666	28320	4544	10284858	10461924	1123187112079995
599682	579248	20434	3891	10062226	8633198	1123187123151583
1179928	1158442	21486	4101	10181180	9632572	1123187134915739
764366	742630	21736	3295	8902136	7606124	1123187144986103
1184704	1164072	20632	2535	7280350	6506470	1123187153854401
1394236	1168960	225276	27	2516594	1703506	1123187158167871
512500	491178	21322	2511	6394130	5794696	1123187165486107
242966	208068	34898	4626	10698466	9749264	1123187176830427
455196	433778	21418	4697	11498840	10100324	1123187189186619
221918	182228	39690	4859	11798540	10190926	1123187201609215
622312	601112	21200	1572	5623848	4024278	1123187208257601
724714	703456	21258	447	2331646	1872382	1123187211721951
1182606	1161096	21510	3556	9380136	8545820	1123187222687801
1182060	1160752	21308	4871	12124086	11174788	1123187236397133
1023314	1001022	22292	3275	8735446	7824202	1123187246564293
967966	946412	21554	1540	5407266	4299112	1123187253342885
577270	557220	20050	3078	7738360	6986574	1123187262060151
920436	899804	20632	1572	5324586	4321344	1123187268707231
1184608	1161358	23250	1286	3689254	4010444	1123187273983391
991274	969666	21608	4158	10261980	9558274	1123187285639969
274942	252888	22054	156	2586614	836686	1123187288903619
456988	435778	21210	590	2276130	1885714	1123187292039613
1094962	1072684	22278	1788	5116628	4921330	1123187298653547
713700	645780	67920	4822	11166220	10615710	1123187310936213
1147584	1126250	21334	271	2900438	1940208	1123187315386077
1184306	1161394	22912	2722	8229672	6884924	1123187325202721
1185958	1163602	22356	3041	8517676	7517712	1123187335308257
702724	682570	20154	1519	5182894	3989762	1123187341596997
1189796	1168142	21654	1506	4128810	4455384	1123187347318019
1180632	1159208	21424	4306	10757124	10042522	1123187359658743
1270844	1247844	23000	3273	8283560	8066676	1123187369616885
1242884	1162560	80324	1904	5960990	5301294	1123187377222871
1181964	1160574	21390	2294	6025170	6021788	1123187384831889
1181928	1160118	21810	1597	5437200	4626900	1123187391853849
1191400	1168932	22468	2113	5434970	5669764	1123187398883245
887566	734864	152702	412	2622624	1961786	1123187402797395
754088	732764	21324	138	2683840	1282206	1123187406637853
531644	459506	72138	3347	8138424	7485508	1123187415711361
1067322	1044488	22834	16	1887428	1350030	1123187419068995
515552	494784	20768	1746	4949358	4257936	1123187424937225
1185162	1161414	23748	4935	11448248	11308854	1123187437972695
1179948	1157542	22406	3464	9245910	8365228	1123187448801423
422234	400654	21580	3745	10026500	8162924	1123187459651627
1182040	1160350	21690	2732	7749504	6895776	1123187468985339
1191424	1170732	20692	1498	4895398	4437176	1123187475474675
566238	544452	21786	4146	9616470	9111430	1123187486059379
389314	368172	21142	1096	4554996	2831172	1123187491406417
598238	576844	21394	1260	4796126	3367348	1123187497203289
1195102	1173274	21828	4117	10437948	9680278	1123187509240121
493770	472216	21554	2011	6122252	4766810	1123187516258681
1184504	1160884	23620	172	1386924	1779898	1123187519239419
1181308	1159794	21514	2268	6999558	5966838	1123187527824129
290378	268208	22170	4094	10714742	8730384	1123187539231147
1447206	1424746	22460	745	3677092	3187682	1123187544757957
1200808	1178610	22198	2672	7382620	6794012	1123187553743499
1181384	1160758	20626	3355	9236362	8146350	1123187564563969
1181954	1160948	21006	1239	4642316	3909018	1123187570792493
1229550	1207272	22278	4099	10274910	9678432	1123187582700015
235978	214092	21886	3278	8730502	7042810	1123187592070365
285198	263912	21286	2673	7667944	5882382	1123187600435507
404208	381308	22900	2143	5344872	4943096	1123187606594459
376444	237596	138848	1737	5630948	4102668	1123187613004641
1293642	1262250	31392	1406	4054236	4366030	1123187618755813
881010	850932	30078	797	3683168	2726294	1123187623723143
1195310	1174784	20526	643	3375072	2734410	1123187628697401
284720	264176	20544	3558	9178926	7654146	1123187638564721
641878	621172	20706	4047	10078466	8986724	1123187649687855
792014	770618	21396	882	3956808	2807466	1123187654839903
1196592	1171260	25332	2473	7333984	6392006	1123187663772435
910834	886640	24194	1585	5883442	4334046	1123187670970597
1193476	1160418	33058	2540	7254542	6523810	1123187679821223
7853658	7846992	6666	4264	10920848	16640024	1123187698999263
1181272	1159530	21742	2738	7286452	6909018	1123187707870779
1186120	1164900	21220	2733	7378982	6903516	1123187716837569
1204164	1171734	32430	4271	10761282	9997002	1123187729205521
1181982	1161224	20758	2902	7866098	7237240	1123187738657249
735022	711736	23286	3628	9678862	8242160	1123187749474195
453286	431302	21984	3111	8422808	6926536	1123187758754437
1234544	1200232	34312	266	2833642	2017762	1123187763225613
1180322	1158478	21844	4833	12418238	11099072	1123187777227293
1188400	1167914	20486	157	2542968	1753778	1123187781361347
1163534	1130448	33086	226	3472242	1868518	1123187786400471
953584	931504	22080	1531	5543304	4269000	1123187793306441
666188	645164	21024	3004	8127202	6924406	1123187802502973
1313546	1291984	21562	3731	9822886	9026106	1123187814042267
672942	650460	22482	4131	10495786	9189308	1123187825613551
1421398	1265854	155544	3481	9116948	8633410	1123187836553955
1192920	1172364	20556	587	3464804	2616368	1123187841615449
915332	893694	21638	4252	10735480	9672098	1123187853669755
1190066	1166858	23208	3693	9466458	8826636	1123187864728405
1196190	1174972	21218	3638	9413202	8723820	1123187875740423
1181054	1159384	21670	2737	7694072	6905482	1123187885017215
1477550	1193344	284206	1854	5691908	5436110	1123187892589689
730728	708604	22124	262	1960820	1507676	1123187895684779
1194582	1173650	20932	2312	6684056	6069264	1123187903966595
1180960	1159640	21320	533	3666510	2499762	1123187909216937
1182130	1160836	21294	3593	9712084	8620406	1123187920514005
1282338	1168822	113516	99	2425586	1730002	1123187924624187
1052352	1031422	20930	4288	11198986	9880408	1123187937278143
1023276	1002320	20956	4109	10562146	9492222	1123187949266951
1193746	1171572	22174	2408	7045828	6260612	1123187957909383
482744	461826	20918	3027	8628788	6789580	1123187967424275
1187012	1165984	21028	4985	12178560	11408244	1123187981194471
935846	913330	22516	678	3648238	2542878	1123187986181227
1204742	1181378	23364	2117	6493392	5694748	1123187994286099
808788	785432	23356	2293	6443762	5649960	1123188001948085
1189200	1167082	22118	1789	4652684	5026544	1123188008192423
1189734	1167392	22342	914	3226714	3271112	1123188013018943
621464	600330	21134	4153	10546794	9177084	1123188024590565
1253650	1180364	73286	1515	5098374	4534538	1123188031344699
451812	335362	116450	1040	3140316	2784668	1123188035338827
997664	975172	22492	4496	11315968	10238862	1123188048054627
1197676	1176090	21586	3415	9119214	8277910	1123188058774561
1209556	1171632	37924	4104	10317316	9667352	1123188070704335
1326266	1169830	156436	3390	8979530	8356698	1123188081412947
726356	704066	22290	3186	8126634	7347586	1123188090668947
419320	397168	22152	4864	12141430	10396776	1123188103631845
1190348	1168024	22324	3823	9903426	9086846	1123188115128775
1255148	1233618	21530	4098	10445314	9701884	1123188127231493
1182960	1162286	20674	155	2427890	1742846	1123188131245259
1182438	1161934	20504	3875	9167948	9192770	1123188141998663
1012678	991338	21340	4861	11968534	10987810	1123188155382795
756708	735678	21030	2928	7978688	6862546	1123188164520769
804390	783916	20474	110	2686352	1276676	1123188168414431
1065960	1044590	21370	1900	4860060	5119328	1123188174749955
873654	850244	23410	4545	11217552	10213506	1123188187243539
1153680	1114126	39554	3369	8810302	8141400	1123188197609525
552128	531348	20780	2297	6609068	5396614	1123188205173895
1195594	1172206	23388	4406	10251598	10261234	1123188217023267
735996	712990	23006	787	3893694	2561478	1123188222055641
1181534	1160548	20986	3521	9241166	8480208	1123188232907055
1187818	1163976	23842	2005	6036404	5447796	1123188240535333
1198426	1177408	21018	1318	3804668	4087076	1123188245941863
1187016	1165150	21866	4294	10918228	10029742	1123188258448379
348570	325120	23450	824	3877190	2246272	1123188263083921
1182120	1160658	21462	1278	4688870	3990646	1123188269357391
435378	414550	20828	2680	7451274	6046822	1123188277646595
371652	348436	23216	1094	4660206	2817252	1123188283080827
666902	645568	21334	3047	8543526	7011450	1123188292693983
1118194	1097558	20636	162	2633728	1691986	1123188296849255
938128	917712	20416	1420	4293598	4042352	1123188302483139
737844	716472	21372	1616	5854730	4222834	1123188309478855
1182700	1161606	21094	4621	11079574	10674716	1123188322143569
1018584	998050	20534	1886	6033988	5041242	1123188329621373
394224	371344	22880	4189	9894246	9024944	1123188340312995
448122	426278	21844	4642	11455830	9983292	1123188352626779
1202130	1181648	20482	2200	6565190	5851868	1123188360796725
1229178	1205118	24060	4100	11008814	9680956	1123188373437667
1198578	1172626	25952	3859	9768636	9167296	1123188384807005
574330	552586	21744	1704	5510350	4232726	1123188391294695
1198964	1164028	34936	4153	9745422	9758022	1123188402641249
1183288	1162510	20778	3768	9635544	8970598	1123188413863487
1184740	1162608	22132	2718	7506230	6872428	1123188422956881
878100	855944	22156	3756	9947304	8639226	1123188434184151
201034	173760	27274	1692	5845562	3836692	1123188440654987
704836	681014	23822	4481	11133810	9917444	1123188452896757
1188176	1166126	22050	1863	6124442	5164752	1123188460612019
1090912	1068852	22060	2575	6596296	6498026	1123188468702667
990740	969180	21560	1574	5362926	4388316	1123188475458445
1194588	1173750	20838	4855	11023060	11156600	1123188488078173
1173150	1152006	21144	44	2361060	1510718	1123188492036735
770480	749592	20888	4716	10895360	10452766	1123188504104001
1279372	1170216	109156	3488	9486290	8507162	1123188515292819
764052	743536	20516	2537	7311516	6087870	1123188523771391
1186250	1165632	20618	3773	10323262	8985576	1123188535683521
609346	588746	20600	320	2598920	1499922	1123188539294613
1317338	1296486	20852	1013	3463456	3593132	1123188544478573
396278	375746	20532	613	3490098	1871746	1123188548767431
929356	908666	20690	4795	10686316	10768274	1123188560786427
1319004	1297038	21966	1000	4089962	3569256	1123188566598041
940902	918910	21992	2181	6513054	5553890	1123188574453907
1203738	1169984	33754	4979	11398348	11414500	1123188587468615
1419246	1173578	245668	1799	5832020	5267528	1123188595122067
1287640	1161406	126234	1483	4026196	4511182	1123188600838405
1187770	1166778	20992	1306	4709718	4050666	1123188607136485
295998	275122	20876	1083	3615038	2714360	1123188611450735
1432052	1178112	253940	2629	7021960	6941152	1123188620306653
1170136	1132802	37334	847	3785322	3115454	1123188625714757
1185620	1163426	22194	3437	9017832	8310350	1123188636320129
1234524	1214494	20030	2324	6893306	6132606	1123188644868965
1328988	1307390	21598	2335	6906512	6251232	1123188653505395
492424	471294	21130	4813	11892206	10369700	1123188666292729
408984	384256	24728	4546	11272674	9751942	1123188678383187
1191562	1171008	20554	3083	8578940	7608634	1123188688565663
1185442	1162712	22730	4348	10889714	10131324	1123188701043477
784102	763028	21074	1639	5633232	4313256	1123188707864045
4415656	4413094	2562	4708	10497944	14083212	1123188723179521
1216574	1193358	23216	3991	9975164	9449200	1123188734774339
755736	733746	21990	895	4033864	2796150	1123188739965489
0	0	0	0	0	0	0
1181598	1159852	21746	3547	8531584	8525640	1123188753495241
931536	909486	22050	2350	6784922	5880950	1123188761615077
1197194	1175244	21950	3611	9766220	8688404	1123188772980659
0	0	0	0	0	0	0
1190862	1168816	22046	3121	8612072	7682250	1123188792908183
1181840	1159480	22360	3537	9209866	8506148	1123188803703111
1191250	1168126	23124	1541	5480576	4527412	1123188810778423
303034	275120	27914	4851	11082934	10261246	1123188822568129
1188596	1167328	21268	3520	9420456	8478862	1123188833579591
915122	892360	22762	3752	8568950	8671378	1123188843466067
968108	946634	21474	1926	6363692	5071728	1123188851201005
1189746	1165328	24418	4751	10941588	10944048	1123188863734539
1021218	999876	21342	2108	6350946	5487380	1123188871509979
1183904	1159946	23958	3409	8261130	8255390	1123188881356591
1180236	1159524	20712	1582	5298740	4594336	1123188888238847
764000	741894	22106	1307	4060586	3631178	1123188893472551
1187534	1161666	25868	3269	8621026	7976022	1123188903684001
1192390	1170346	22044	1444	4971680	4331188	1123188910250809
1316744	1296328	20416	367	2037590	2302460	1123188914019147
1200524	1179786	20738	4526	11102488	10505784	1123188926724853
1303672	1281568	22104	1010	4176536	3573826	1123188932607969
1189334	1168596	20738	3218	8488418	7876966	1123188942689565
1195716	1173234	22482	4507	10861414	10460718	1123188955149801
882260	858576	23684	3592	9391402	8317596	1123188965826281
923890	903394	20496	4429	11126034	10036614	1123188978279835
1196666	1174616	22050	2363	6811040	6174500	1123188986696547
1239868	1216942	22926	3697	9818374	8885946	1123188998157655
1192400	1169444	22956	765	3608472	2976396	1123189003368161
722788	701604	21184	3037	8324292	7047910	1123189012818481
1226812	1204956	21856	1186	4669668	3849548	1123189019118459
1193772	1171134	22638	2722	6886856	6889356	1123189027601321
494486	473320	21166	2586	7525844	5917714	1123189036024001
1196352	1175102	21250	2562	7358514	6577508	1123189044979769
1188112	1167386	20726	3618	9352964	8674758	1123189055923449
1191148	1169568	21580	410	2933612	2261858	1123189060450499
458620	436982	21638	4858	12223518	10427856	1123189073541805
870906	849980	20926	1582	5362944	4284768	1123189080180055
407322	381726	25596	3846	8887522	8351794	1123189089884379
1188130	1166656	21474	3808	9469642	9053710	1123189100945173
928414	872464	55950	616	3488362	2410354	1123189105765391
759836	739104	20732	730	3870902	2477150	1123189110798779
1329986	1305376	24610	4975	12277548	11533028	1123189124808855
1191072	1169554	21518	3171	8757136	7782618	1123189135159845
1194366	1173660	20706	3263	8849918	7970424	1123189145607023
1181164	1160174	20990	3658	8754128	8749492	1123189155943791
1206102	1159928	46174	2970	8067024	7404468	1123189165620613
1178450	1158626	19824	1899	6100216	5228214	1123189173300889
1182390	1160506	21884	4467	10320174	10376678	1123189185206791
1182390	1160336	22054	4256	10347898	9945286	1123189197138677
503212	480248	22964	1769	5949514	4291168	1123189203993459
1192794	1171996	20798	4276	9990926	9997296	1123189215578935
324698	286128	38570	301	3026022	1177816	1123189219332791
573596	551288	22308	3424	8285870	7673274	1123189228595671
1193208	1172466	20742	2861	8221696	7168484	1123189238413157
584036	561794	22242	4112	10297230	9058716	1123189249707907
1186862	1164126	22736	4151	10633894	9738546	1123189261930631
4104856	4102216	2640	2256	6981334	8866918	1123189273420591
1189306	1166966	22340	4034	10456614	9506846	1123189285468907
500538	479744	20794	4903	12156080	10556442	1123189298528027
1108574	1087738	20836	1688	5710292	4734312	1123189305750027
1195962	1174754	21208	2109	5657038	5666198	1123189313005347
1179820	1157742	22078	1608	5478448	4647326	1123189320067201
731202	709022	22180	962	3285278	2907536	1123189324492499
1306758	1285152	21606	3338	8898454	8233778	1123189335100027
556016	534734	21282	735	3820402	2275362	1123189339879191
1201756	1177406	24350	1482	5485596	4418840	1123189346968921
1342762	1257720	85042	3071	8253644	7734896	1123189356967823
683236	661868	21368	4014	10411986	8961628	1123189368466205
344980	320652	24328	1443	4952358	3481408	1123189374165899
193702	172792	20910	1781	5661784	4010208	1123189380430615
1299770	1164338	135432	2561	7246130	6672726	1123189389390595
1190772	1169490	21282	2849	8207344	7142290	1123189399191539
1180292	1159372	20920	1244	4707794	3918906	1123189405483019
1195316	1167426	27890	2967	8025100	7380004	1123189415105951
1190400	1169860	20540	1604	5495550	4649926	1123189422194973
1186766	1163936	22830	39	1100754	1517016	1123189424951307
1182766	1162102	20664	1695	5567958	4822720	1123189432105263
1176670	1156138	20532	4374	10095250	10177258	1123189443789121
1191524	1168950	22574	3531	9477880	8509310	1123189454861831
1184526	1163872	20654	2513	7145744	6460840	1123189463594813
1037570	1014580	22990	2483	7105718	6256790	1123189472141751
1301532	1273814	27718	4695	11449314	10941428	1123189485441615
1188636	1164466	24170	2080	6314342	5598656	1123189493346677
1074818	1054058	20760	4985	11369466	11297914	1123189506192791
805068	671594	133474	4703	11749376	10460480	1123189519158939
1248402	1225462	22940	3532	9258156	8563432	1123189530068173
1019218	998862	20356	2604	7659188	6477384	1123189539154917
1478984	1300426	178558	4218	10504520	10168690	1123189551540615
1168132	1145924	22208	596	3166416	2611278	1123189556277743
1187404	1164050	23354	4133	10408524	9706478	1123189568282893
865622	843956	21666	4664	11430286	10443812	1123189581013015
1181532	1158766	22766	3903	10122730	9238582	1123189592718823
4876190	4873622	2568	1905	5647248	8936800	1123189603645395
1186706	1165792	20914	3540	9270784	8517006	1123189614505841
463970	441678	22292	4592	11372932	9941318	1123189626745041
1185908	1163564	22344	4918	12042262	11271840	1123189640376815
1181218	1159110	22108	1158	4113768	3752092	1123189646082133
662874	641646	21228	856	3522486	2623942	1123189650675761
432242	412194	20048	3235	8667858	7155296	1123189660179013
834060	812910	21150	553	3245106	2190268	1123189664680801
1182774	1160840	21934	3179	8987144	7794190	1123189675253475
453116	429422	23694	4849	11741754	10400738	1123189687851733
999828	977744	22084	4083	10426364	9419348	1123189699680285
1179252	1158420	20832	4279	10895282	9987902	1123189712157655
592096	571112	20984	3894	10187228	8630340	1123189723346387
1289850	1167456	122394	1731	5661614	5003120	1123189730700135
467050	446176	20874	2542	6536612	5807982	1123189738105249
1196396	1176398	19998	1197	4755406	3840920	1123189744466575
722172	700024	22148	4572	11322982	10115932	1123189756914209
927752	906898	20854	4725	11854678	10628026	1123189770099693
1185820	1164498	21322	1616	5209496	4672984	1123189776903729
1189132	1167174	21958	2907	7265636	7254870	1123189785760983
486494	465742	20752	2035	6433040	4811318	1123189793082255
1157646	1135346	22300	251	1569822	1913180	1123189796211379
1178750	1158544	20206	4439	9910792	10306892	1123189807724437
584714	562566	22148	4084	10010362	9002640	1123189818722307
1190722	1168436	22286	3836	9761746	9112412	1123189830076207
1300440	1165336	135104	1843	5609028	5236750	1123189837411921
1184350	1163778	20572	2724	7048592	6884874	1123189846047715
1188666	1166502	22164	2228	6520520	5899344	1123189854163965
1206098	1184416	21682	4334	11252360	10127406	1123189867031351
1205982	1162192	43790	220	2873582	1895262	1123189871515201
1193368	1173510	19858	2469	7486100	6389218	1123189880596529
1091194	1069448	21746	4381	10938842	10103556	1123189893028241
819444	797638	21806	3324	8660704	7717828	1123189902910429
393508	372780	20728	1701	5777034	4045424	1123189909484405
1196018	1172536	23482	2389	5975268	6225378	1123189917058899
234158	189080	45078	1254	4708702	2993642	1123189922404975
1184254	1163408	20846	1146	4524302	3727590	1123189928525041
1282952	1259972	22980	1524	4175096	4581642	1123189934385693
990558	969240	21318	2838	6938482	6919950	1123189942725231
747940	617970	129970	757	3629210	2512204	1123189947504565
512864	491912	20952	1387	5044962	3539116	1123189953465449
1189286	1165660	23626	1916	6250240	5270972	1123189961307841
858238	837314	20924	778	3920256	2667606	1123189966488747
1337292	1314986	22306	3625	9845024	8840590	1123189978073685
825844	802342	23502	1366	4924850	3813116	1123189984232179
1142594	1121506	21088	4116	10381298	9625754	1123189996178867
1184126	1163282	20844	3541	9231518	8515216	1123190007020293
5137716	5135046	2670	2343	7085198	10072992	1123190019645813
1260828	1239736	21092	138	2428440	1786122	1123190023736881
710882	686750	24132	3398	8241736	7767168	1123190033092849
355756	307742	48014	577	3440316	1760142	1123190037291707
632660	611746	20914	4330	11207136	9545302	1123190049534503
1192930	1171920	21010	1997	6185142	5437564	1123190057314685
533306	512262	21044	751	2652466	2287582	1123190060903067
1278974	1178202	100772	304	3010218	2136692	1123190065592721
1179680	1157660	22020	1683	6031812	4801548	1123190073207347
1188596	1167392	21204	24	2123302	1487794	1123190076922241
933778	912232	21546	4052	9394712	9292640	1123190087653361
1182996	1162070	20926	1074	4289488	3581852	1123190093528525
893868	871788	22080	192	2416670	1527374	1123190097241383
1407848	1387236	20612	1046	3531754	3750424	1123190102583293
1175158	1153668	21490	1820	5755336	5065028	1123190109916529
1317464	1227834	89630	1357	4068064	4283934	1123190115704849
585386	564664	20722	503	3654808	1842806	1123190120346689
536568	515318	21250	3001	8469672	6790730	1123190129765801
1199224	1177756	21468	4432	10586300	10313854	1123190141954405
854412	832794	21618	3206	8270290	7516580	1123190151481511
1181736	1160608	21128	901	3947294	3235128	1123190157012795
1186314	1163654	22660	4711	11381992	10858308	1123190169983289
1235162	1161264	73898	1660	5728216	4804908	1123190177348045
1155662	1131482	24180	689	2840350	2788198	1123190181746493
510684	480518	30166	3718	9250220	8197756	1123190191909495
1179716	1159516	20200	4450	10943538	10329866	1123190204436387
1177542	1152622	24920	3635	9162968	8698418	1123190215188133
500750	478222	22528	1159	4667832	3069166	1123190220759339
714004	691082	22922	4807	11758498	10578278	1123190233634489
1006848	962948	43900	4644	11645396	10544504	1123190246689219
495112	471894	23218	339	2770812	1423596	1123190250399463
1090774	1063488	27286	3398	8255142	8138144	1123190260153041
741808	720878	20930	1625	5433604	4242850	1123190266741991
776576	755178	21398	3388	8032512	7804984	1123190275954715
1182280	1161498	20782	2588	7218772	6608452	1123190284758373
1190230	1169516	20714	4440	11242766	10324104	1123190297594219
1055330	1034274	21056	2426	7309026	6162468	1123190306361259
1185600	1164346	21254	1390	5555408	4217682	1123190313515449
1012468	991754	20714	517	3206498	2297316	1123190318138277
1182642	1161460	21182	3612	9699826	8660528	1123190329430383
207120	186554	20566	3997	10448306	8452386	1123190340488787
1046164	1025344	20820	1515	5148124	4326988	1123190347085809
962758	941386	21372	4807	11058650	10829986	1123190359510293
946078	924902	21176	2226	6670392	5647542	1123190367529529
1140726	1119934	20792	2777	7010566	6946992	1123190376084107
600438	579522	20916	1518	5268032	3887648	1123190382361755
1259712	1166596	93116	4911	11970220	11331778	1123190396000973
839990	818798	21192	1246	4630476	3587140	1123190401875205
1183720	1163082	20638	3597	8997054	8627694	1123190412458863
350688	329598	21090	3397	9327066	7395724	1123190422539729
1226300	1161382	64918	1898	6164190	5273758	1123190430333321
883798	861280	22518	3990	9393006	9116740	1123190441032711
1188860	1166388	22472	1573	5530672	4584136	1123190448155711
1185044	1163738	21306	2998	7399906	7433184	1123190457249853
1182522	1159090	23432	4025	10234340	9482362	1123190469069223
1328940	1161164	167776	903	4190470	3384942	1123190474991565
1187684	1165656	22028	4058	10369200	9555336	1123190486950259
1204664	1183396	21268	2849	7535688	7153362	1123190496093179
796068	774284	21784	2038	5420354	5125390	1123190502736485
1201184	1171710	29474	2576	7290446	6603244	1123190511629551
268990	246562	22428	1794	5886330	4107936	1123190518189285
1014368	988282	26086	3309	7826660	7885324	1123190527446641
1184510	1162580	21930	1021	4464126	3477334	1123190533498735
0	0	0	0	0	0	0
699698	678418	21280	256	1958848	1472878	1123190544489871
1256838	1235946	20892	1647	4791966	4800916	1123190550940925
693722	672600	21122	3051	7542468	7049182	1123190559579711
894504	741714	152790	82	2555360	1310104	1123190563432495
1181132	1158886	22246	3606	8421094	8642626	1123190573437053
986652	824344	162308	1823	5769032	4882462	1123190580594507
798366	778550	19816	2797	6679128	6645094	1123190588476147
1191960	1169776	22184	2847	8078510	7136980	1123190598149685
1183246	1160136	23110	4533	11353628	10499004	1123190611098867
1182150	1161338	20812	2314	7062602	6059710	1123190619745725
1194940	1170334	24606	1416	5521750	4281068	1123190626864481
1190584	1168952	21632	4815	11684790	11070028	1123190640141979
1277408	1177528	99880	1925	6218812	5377610	1123190648046775
407544	386292	21252	804	3055808	2269986	1123190651918859
357880	335354	22526	3314	8693786	7236254	1123190661373129
455692	434338	21354	3590	9312366	7885046	1123190671542841
1430924	1160652	270272	4213	10182802	10106934	1123190683560001
914068	892124	21944	4843	18075350	10851902	1123190702951001
604696	582396	22300	2107	6404856	5068756	1123190710363547
475902	450576	25326	466	2372960	1660280	1123190713620761
340590	319592	20998	165	2458160	920388	1123190716821391
1400156	1256472	143684	3640	8813022	8929958	1123190727436867
722918	568082	154836	929	3989256	2832978	1123190732551615
1085630	1063750	21880	4618	11733602	10572038	1123190745774255
1179586	1159160	20426	3585	9282404	8600662	1123190756638093
1209074	1165838	43236	169	2658104	1796562	1123190760907561
668358	647204	21154	887	4300340	2695698	1123190766278813
1239714	1158578	81136	3960	10471886	9411410	1123190778402085
1188838	1164422	24416	1222	4440196	3883672	1123190784439151
1189070	1165630	23440	256	2206958	1955298	1123190788257379
1234904	1168164	66740	2861	8126478	7209420	1123190798027103
1189324	1165840	23484	1736	5621258	4916450	1123190805239475
1035438	1014784	20654	747	2560518	2783020	1123190809237551
1138710	1117388	21322	4831	11811402	11051846	1123190822590757
445878	423386	22492	3066	8591910	6828400	1123190832031841
832964	811646	21318	3173	8808654	7431288	1123190842076813
960696	930924	29772	840	3979180	2890870	1123190847428551
411270	387860	23410	3440	9273762	7542050	1123190857517023
1184506	1163026	21480	639	3572690	2713558	1123190862676231
1178682	1157388	21294	4969	12356970	11367230	1123190876614329
1185584	1163784	21800	2874	7830514	7182924	1123190886033143
1195540	1169680	25860	2794	7676048	7037516	1123190895307041
674588	653068	21520	1947	6152626	4819896	1123190902538019
1185346	1164812	20534	3675	8600084	8788198	1123190912726689
1355202	1242146	113056	2683	7441860	6971332	1123190921926515
1186256	1161904	24352	2129	6634246	5694664	1123190930149463
1183488	1162944	20544	1178	3359894	3792642	1123190935104663
1188194	1164874	23320	4357	10993930	10153294	1123190947689315
1178158	1157528	20630	2768	7859070	6965120	1123190957129201
856720	834606	22114	1728	5536008	4562410	1123190963923675
1277138	1169516	107622	1345	3784210	4220562	1123190969388063
1032408	1011734	20674	2397	6976806	6077834	1123190977801263
1196108	1175696	20412	4420	11601326	10287664	1123190991000893
1197624	1175278	22346	4668	11601000	10784804	1123191004202255
336672	314046	22626	2509	7195710	5605150	1123191012145275
599176	578166	21010	2084	5237058	5020576	1123191018401715
1176508	1155662	20846	1008	4422482	3442626	1123191024409049
627288	603562	23726	989	4035444	2855470	1123191029537733
554708	534148	20560	2209	6673778	5223142	1123191037169095
242268	219872	22396	2132	5702656	4759274	1123191043516623
537640	515624	22016	529	2951648	1845776	1123191047408009
1191662	1170710	20952	1889	6294738	5223240	1123191055295915
1188302	1166824	21478	480	3101960	2397940	1123191059988543
1169760	1144664	25096	1836	5995666	5094908	1123191067555921
1183120	1161132	21988	3609	9347862	8652544	1123191078489249
661838	640836	21002	3931	9807166	8774484	1123191089361867
1180860	1159942	20918	997	4162172	3425774	1123191095124823
1314024	1161464	152560	83	2407204	1729920	1123191099247957
1263354	1165724	97630	1970	6561038	5455528	1123191107475237
1182568	1162654	19914	897	3993982	3227382	1123191113054431
968698	948506	20192	3170	8784982	7558824	1123191123210481
586460	561302	25158	4614	11415980	10064038	1123191135616143
1058694	1037226	21468	4075	10328670	9459348	1123191147406285
1200736	1166346	34390	1936	6259834	5322408	1123191155270281
820790	794392	26398	3810	8916004	8693584	1123191165410227
1134920	978860	156060	4699	11953128	10782842	1123191178900271
1186792	1162302	24490	2703	7678008	6842222	1123191188168063
1209546	1187712	21834	571	3425782	2601428	1123191193226769
1187902	1165588	22314	2121	6422390	5682932	1123191201239093
1181850	1160514	21336	204	2388932	1840604	1123191205212973
717066	695816	21250	653	2489254	2282470	1123191208822155
1285050	1261892	23158	4899	10883932	11332952	1123191221394067
1132280	1110224	22056	1951	6174058	5286014	1123191229103223
1184350	1162360	21990	1533	4346980	4503536	1123191235037259
1436192	1175962	260230	875	4259648	3436632	1123191241137095
736214	715076	21138	1820	5845928	4626130	1123191248121059
1016578	995544	21034	1624	4314378	4518090	1123191253877357
1209674	1171184	38490	4226	10840584	9916474	1123191266330351
1135204	1113640	21564	2530	7499802	6447014	1123191275379815
1215982	1195400	20582	287	3483622	2046980	1123191280480569
1185358	1163340	22018	2017	6512526	5472728	1123191288783867
1185180	1163768	21412	4637	11382050	10710548	1123191301753573
1188176	1165178	22998	3099	8505846	7641504	1123191311850551
1193352	1172934	20418	3072	8287640	7587458	1123191321733619
1188658	1166184	22474	4460	13726036	10359568	1123191337052849
1031554	1010542	21012	2320	6644056	5921740	1123191345131655
311168	288856	22312	3691	10034954	7946882	1123191355881157
590964	566640	24324	3515	9196934	7875530	1123191366072881
366742	337320	29422	1689	5691960	3995042	1123191372540623
643258	483754	159504	4036	9515916	8969380	1123191383103045
451394	429070	22324	3330	8548542	7361646	1123191392505115
1188288	1167354	20934	3527	9189978	8492368	1123191403285951
823172	801524	21648	4512	11087144	10098200	1123191415598721
1208656	1186612	22044	4272	10678850	10002406	1123191427888155
1196154	1175122	21032	2431	6960900	6308026	1123191436447535
1274090	1174310	99780	1271	5073090	4069564	1123191443197475
494224	472034	22190	270	2865540	1284774	1123191446961543
509822	488744	21078	1835	5107462	4430894	1123191452981089
471480	449954	21526	2272	5763540	5272672	1123191459618675
887920	864426	23494	1381	5205686	3904214	1123191466115121
1085574	947498	138076	2583	7264258	6523308	1123191474872659
1187490	1164002	23488	4192	10806820	9824866	1123191487268511
496162	474936	21226	4268	10566014	9282964	1123191498733093
1155482	1133256	22226	2526	7124482	6458274	1123191507416355
1186354	1164918	21436	4175	10864522	9789616	1123191519869121
1417528	1393638	23890	1343	4788286	4354536	1123191526476255
1173932	1150306	23626	2034	5306166	5494816	1123191533358605
1182054	1161322	20732	894	3854894	3220162	1123191538798695
1185832	1164778	21054	3835	10069702	9106552	1123191550456379
797912	777954	19958	1528	5367216	4104620	1123191557024395
1284958	1264514	20444	3525	8496500	8587944	1123191567207373
471378	450518	20860	2292	6591672	5305862	1123191574673761
1047056	832402	214654	421	2145816	2141976	1123191578269393
1417194	1413836	3358	1282	4948174	4260740	1123191585043569
1187112	1166270	20842	1609	4413042	4662594	1123191591047355
1051050	1030160	20890	4497	11374102	10297294	1123191603875201
877988	857866	20122	1542	5023914	4212512	1123191610180089
1195346	1174618	20728	1225	3568386	3897592	1123191615365413
371784	349302	22482	3580	9492870	7783790	1123191625633779
767660	745130	22530	371	2677994	1760134	1123191629481623
402594	380854	21740	2230	7096450	5119878	1123191637384463
1188114	1165282	22832	2381	6893904	6201574	1123191645869965
1188354	1166378	21976	2057	6716904	5555030	1123191654178151
1116928	1095696	21232	3524	15442848	8417650	1123191671152589
1233628	1212734	20894	2149	6846976	5782582	1123191679635223
1078950	1057908	21042	4944	11337838	11226026	1123191692454401
1436256	1274354	161902	3449	9192880	8596026	1123191703485671
1190938	1166852	24086	4539	11510974	10519434	1123191716590259
1178204	1157780	20424	192	2506750	1811906	1123191720677475
1181562	1157656	23906	2481	7509588	6395178	1123191729770773
1180820	1159402	21418	4389	10756668	10208886	1123191742111915
1269714	1164404	105310	2949	8280168	7418704	1123191752070775
479404	459048	20356	3720	9669312	8168690	1123191762626365
1303746	1162020	141726	4840	11990042	11233626	1123191776322561
1206478	1184018	22460	701	3390252	2858498	1123191781817281
756906	735856	21050	4793	11939454	10603776	1123191794915619
1182764	1162042	20722	2731	7848906	6894538	1123191804349413
373400	351050	22350	3654	9317604	7931990	1123191814453973
1193930	1159284	34646	3423	8923214	8290620	1123191824974415
740690	715990	24700	3618	8688546	8236264	1123191834807111
884644	861590	23054	937	4200124	3009196	1123191840295013
819690	796564	23126	2350	6867916	5770080	1123191848392001
1101910	1081320	20590	523	3715654	2402134	1123191853618195
1197344	1173618	23726	45	2919180	1539546	1123191858137543
1452748	1432214	20534	445	2338066	2595248	1123191862354929
0	0	0	0	0	0	0
581978	561076	20902	4271	11241360	9375628	1123191879186037
501776	480956	20820	4308	10936048	9368916	1123191891025735
728452	706928	21524	4659	11619210	10296826	1123191903776347
1333120	1310648	22472	598	3124640	2780014	1123191908636995
1309294	1160150	149144	2719	7893756	6998960	1123191918243055
1200886	1172046	28840	2527	7395384	6504460	1123191927248591
354776	331378	23398	2390	7528874	5387418	1123191935534441
813654	736992	76662	1682	5585826	4427208	1123191942337241
1182062	1160766	21296	1631	4580450	4697638	1123191948509627
1183804	1162126	21678	128	2265224	1690332	1123191952361299
1202370	1165784	36586	4569	10265516	10590296	1123191964237769
1179612	1158616	20996	126	2692460	1682566	1123191968518987
910426	889134	21292	87	2803530	1337860	1123191972635775
1083812	1062170	21642	3824	8802024	8985400	1123191982923135
1244982	1163692	81290	3739	9883440	8974126	1123191994454155
1191380	1170488	20892	3153	8810246	7748238	1123192004858511
729988	709252	20736	318	2962760	1616422	1123192008955063
532414	511934	20480	2058	5449990	4900214	1123192015339427
1087180	1065194	21986	3238	7561372	7815996	1123192024390183
534886	510848	24038	312	2762108	1408702	1123192028095795
1195848	1173208	22640	3157	7432940	7760640	1123192037132735
1181104	1159898	21206	3223	8729122	7877996	1123192047445907
1149178	1127722	21456	243	2726494	1885416	1123192051723965
936700	913060	23640	467	1984526	2121094	1123192055047467
906510	884814	21696	4652	11446426	10462466	1123192067803155
712556	690894	21662	4695	11543136	10353382	1123192080461129
1197668	1176944	20724	762	3774130	2972530	1123192085836179
1204418	1181214	23204	963	3876560	3380874	1123192091318921
1184656	1163956	20700	400	2940806	2235978	1123192095847077
796354	775420	20934	3189	8988456	7428328	1123192106034725
1171272	1148084	23188	4682	11807022	10786224	1123192119421561
746272	725010	21262	1819	5449110	4635318	1123192126018463
1185118	1164242	20876	895	2941502	3227114	1123192130547315
0	0	0	0	0	0	0
1190126	1169494	20632	3966	10129056	9375746	1123192146978195
1187254	1166462	20792	714	3498550	2865896	1123192152067281
1319060	1171252	147808	2764	7868446	7098986	1123192161662991
1156534	1132304	24230	1471	5187394	4348364	1123192168408413
634680	614476	20204	1798	4797942	4482928	1123192174250503
387100	364730	22370	3201	8761716	7040286	1123192183808875
333434	307284	26150	1900	6055830	4388320	1123192190601179
1184156	1162136	22020	4672	10533970	10780986	1123192202721761
1181680	1161654	20026	153	2725858	1739174	1123192207033267
1150132	984504	165628	3198	8921566	7799376	1123192217507637
1120732	1100148	20584	588	3558778	2548244	1123192222590245
1186096	1163682	22414	2721	8062324	6882492	1123192232241495
1354164	1200124	154040	1103	4590378	3811848	1123192238595503
0	0	0	0	0	0	0
1006054	984506	21548	2908	8240564	7075198	1123192256785307
698970	675864	23106	372	3028098	1694606	1123192260914161
1106950	1086208	20742	3139	7727854	7643916	1123192270152085
1297700	1271494	26206	1263	4655278	4089492	1123192276514761
1187276	1167372	19904	2561	6565072	6563168	1123192284670303
672010	650254	21756	1519	5410184	3959856	1123192291154995
1327586	1195506	132080	1868	5182654	5316560	1123192298068481
663826	642160	21666	3472	15399272	7859890	1123192314542641
1191650	1159318	32332	4907	12105100	11255240	1123192328242329
953408	932638	20770	4167	10122040	9542570	1123192339727995
743228	722678	20550	951	3973642	2895562	1123192344847751
758984	737526	21458	1851	5560532	4712408	1123192351569507
1180022	1159230	20792	1590	4304768	4613346	1123192357456485
1204912	1183910	21002	589	3271568	2633962	1123192362335333
1226424	1161092	65332	195	3035194	1869502	1123192367006831
1190018	1169162	20856	2721	7940582	6885120	1123192376540321
659154	638356	20798	2067	6604402	5043124	1123192384207419
856742	830760	25982	2388	6045658	5884598	1123192391530951
1182240	1161678	20562	4887	12185388	11207148	1123192405302375
1187356	1165160	22196	4998	11975212	11434024	1123192418867373
674858	654706	20152	1048	4396128	3021316	1123192424340827
1304012	1282792	21220	388	2941712	2329966	1123192428995929
1185068	1163458	21610	4060	10657960	9557928	1123192441242895
456634	435600	21034	918	4004228	2543296	1123192446106445
1189590	1169786	19804	3950	10144450	9342488	1123192457849289
1003238	982772	20466	3299	8994428	7856102	1123192468250903
0	0	0	0	0	0	0
1246198	1167120	79078	1972	6079254	5443360	1123192484799747
1180668	1159194	21474	2965	7832944	7360586	1123192494216107
1185848	1164480	21368	4362	10691268	10164560	1123192506507201
219096	197206	21890	4345	11058252	9158448	1123192518188361
1561602	1265258	296344	252	2736824	2315244	1123192522894813
588700	568616	20084	2260	6610740	5362586	1123192530495859
945240	924402	20838	3056	8284342	7308266	1123192540128347
1162816	1141166	21650	1249	4419438	3916690	1123192546125835
1269708	1246302	23406	3482	8177158	8486474	1123192555984685
1184088	1162560	21528	578	3282332	2599000	1123192560852989
1218438	1161632	56806	3726	9704646	8923286	1123192572177299
1214130	1158024	56106	432	2945190	2332414	1123192576744947
1134436	1112196	22240	1476	5540332	4338738	1123192583823213
545184	523816	21368	1578	5258638	3951726	1123192590029921
492040	471388	20652	2249	5689194	5243274	1123192596620715
424532	399526	25006	4532	11543170	9738444	1123192608991111
1185626	1160682	24944	38	1948538	1511320	1123192612528169
332942	310956	21986	701	2645078	1984592	1123192615909475
428822	409120	19702	2883	8196814	6444078	1123192624937281
1194326	1173152	21174	3978	10437496	9403344	1123192636972663
1191214	1165768	25446	3495	9286734	8431812	1123192647853535
640944	484964	155980	3730	9570682	8350278	1123192658467147
1180488	1159518	20970	4538	10519970	10509394	1123192670570619
1289952	1269462	20490	1181	4794768	3901314	1123192677058035
1008134	987336	20798	2714	7587656	6687020	1123192686056111
607510	586748	20762	1225	5132494	3309382	1123192692221445
1257978	1236244	21734	2628	7569762	6763566	1123192701457815
1190194	1166192	24002	4001	10402894	9442260	1123192713453995
1182412	1158694	23718	1268	4789552	3969612	1123192719828161
523818	502956	20862	1116	4363952	3006018	1123192725117499
1235808	1214344	21464	4282	10780646	10050210	1123192737537423
315828	295224	20604	493	3195220	1552238	1123192741451413
492502	469510	22992	556	2342242	1855264	1123192744688037
269538	248098	21440	4864	11186694	10261922	1123192756546947
1132252	1111432	20820	3641	9291508	8664026	1123192767373601
1052376	1031442	20934	3694	9702442	8691410	1123192778531693
693810	673804	20006	3797	9575860	8539392	1123192789205013
1190590	1169726	20864	360	2939156	2161404	1123192793737769
0	0	0	0	0	0	0
852484	830078	22406	2952	8113440	7010014	1123192813413515
1200292	1172212	28080	4922	12178192	11295154	1123192827195253
1202404	1167306	35098	998	4147294	3448880	1123192832947311
1269634	1166700	102934	2081	6278788	5682868	1123192840898449
1011364	990750	20614	121	2712802	1505306	1123192845026179
1183670	1163728	19942	741	3019228	2925662	1123192849630401
1136536	1110262	26274	2532	6522916	6460904	1123192857693213
939538	919014	20524	1722	6025168	4640582	1123192865060199
229890	207436	22454	58	2300102	596744	1123192867992495
304846	282196	22650	1754	5109456	4062732	1123192873809423
366624	207774	158850	2074	5384154	4766672	1123192879963121
1331362	1307422	23940	2597	7146680	6774980	1123192888843855
677446	657714	19732	2080	6362678	5090274	1123192896285831
1186768	1163754	23014	1836	5976888	5109100	1123192903883115
1183920	1161482	22438	130	1649766	1696472	1123192907120219
1188264	1165276	22988	2069	6383548	5576768	1123192915094533
1189960	1167744	22216	2678	6527550	6803202	1123192923214151
652148	629428	22720	4911	11941844	10724866	1123192936210269
1123950	1102586	21364	1080	4394574	3535634	1123192942143991
1222462	1167658	54804	967	4150800	3528462	1123192947926463
664262	554950	109312	2463	7083784	5846488	1123192956078215
1196438	1168896	27542	1022	4560196	3492486	1123192962244315
1168928	1142860	26068	3603	9305180	8625414	1123192973126743
478808	458328	20480	1355	5005970	3438548	1123192979014601
1122346	1100128	22218	3710	9134962	8793148	1123192989674059
627372	599058	28314	4999	12204200	10875654	1123193002908973
2801436	2798860	2576	3502	8935560	10056540	1123193015048961
237530	217172	20358	163	2673650	814802	1123193018362995
631740	610150	21590	2809	6666940	6499852	1123193026073161
195612	172974	22638	1627	6134914	3702466	1123193032812975
576910	556234	20676	2610	7479162	6047408	1123193041272223
578842	558332	20510	3908	10276478	8646746	1123193052530093
385222	364132	21090	288	2637342	1210716	1123193055954431
870484	846242	24242	3458	8002626	8036588	1123193065229613
502862	482170	20692	299	2718538	1352168	1123193068853969
871258	850150	21108	986	3022542	3093862	1123193073150343
664238	592800	71438	2761	6959894	6436218	1123193081177213
1187304	1165212	22092	3415	9187704	8269688	1123193091954253
1182798	1160706	22092	1169	4511850	3775360	1123193098051667
533804	512350	21454	2529	7235472	5846516	1123193106232653
641136	618390	22746	2766	8213086	6425598	1123193115497871
1082404	1060462	21942	3818	10042472	8968052	1123193127025071
876660	855354	21306	1750	5434228	4626700	1123193133739303
863884	843142	20742	2372	5872694	5859922	1123193140878471
782148	650768	131380	1229	4529808	3490154	1123193146592689
1189816	1167588	22228	4289	10830104	10017820	1123193159014263
1191912	1169454	22458	3973	10235328	9388764	1123193170844281
1181246	1160916	20330	3125	8432074	7682438	1123193180861515
1190908	1167716	23192	1993	6067656	5427642	1123193188521271
740538	718748	21790	1045	3313200	3084132	1123193192976721
1195172	1174288	20884	4853	12067438	11150354	1123193206641213
878596	857792	20804	533	3313888	2195994	1123193211236609
525514	505144	20370	615	3764748	2007418	1123193215929499
982546	962088	20458	392	3633818	2019624	1123193220948511
1194154	1172920	21234	1915	6527598	5277724	1123193229074045
264582	239324	25258	3939	10270206	8392830	1123193240010383
1187548	1164412	23136	2399	7018608	6238806	1123193248619321
1193866	1169698	24168	503	3405494	2452354	1123193253621551
997928	977076	20852	766	3751276	2782988	1123193258773605
1191590	1168946	22644	256	2877762	1953184	1123193263245267
1186338	1163724	22614	2662	7803732	6763452	1123193272637911
510194	488636	21558	4682	11440720	10124978	1123193284991653
1200412	1178176	22236	2947	8306314	7344396	1123193294899779
0	0	0	0	0	0	0
3513990	3511504	2486	1218	4514610	6200126	1123193315151227
1130374	1107480	22894	367	1814818	2128080	1123193318499645
1182222	1160542	21680	4643	10571058	10718526	1123193330655361
956908	935128	21780	3985	10118842	9177444	1123193342133973
1166806	1144780	22026	1715	5283256	4846968	1123193349003801
957654	927610	30044	948	3139278	3109370	1123193353502591
1185446	1160534	24912	1741	5578348	4918400	1123193360668329
1193608	1171036	22572	3084	7545878	7619730	1123193369920459
934858	911958	22900	1612	5438692	4422140	1123193376695653
1181904	1162168	19736	82	1430860	1597630	1123193379710627
462544	439924	22620	541	3028078	1793596	1123193383603281
1162992	1136886	26106	1064	4704462	3547700	1123193389871663
1191988	1168704	23284	1438	4850326	4318258	1123193396316613
1208042	1186534	21508	4076	9284116	9612940	1123193407226613
1182884	1161674	21210	224	2734822	1881106	1123193411547405
1189266	1166830	22436	447	2119738	2343248	1123193415257849
838102	811710	26392	757	2738328	2602134	1123193419236551
0	0	0	0	0	0	0
1308404	1168198	140206	436	2994490	2430428	1123193436876703
926516	901420	25096	3427	9223102	8033782	1123193447428783
448706	427578	21128	270	2958868	1239168	1123193451238929
1192280	1171844	20436	3861	8811142	9165304	1123193461644445
979834	959038	20796	2504	7257294	6237240	1123193470283903
1191694	1167742	23952	748	4172898	2940186	1123193476071725
1211274	1177628	33646	979	4331810	3420388	1123193482023231
1102874	1080592	22282	2357	7109016	6066906	1123193490642823
643088	622622	20466	43	2650396	982890	1123193494338961
1204992	1165994	38998	4633	10453598	10723252	1123193506408765
1178432	1157674	20758	2468	6991342	6364484	1123193514988205
571834	503648	68186	1151	4483876	3127148	1123193520447499
1187778	1165668	22110	3447	8953398	8331690	1123193530991373
1182434	1160952	21482	3099	7985466	7631436	1123193540561955
1183592	1161594	21998	1272	4661020	3977044	1123193546809115
1191662	1170076	21586	4199	10564858	9841006	1123193558969103
1016596	996114	20482	1753	5373964	4772244	1123193565761943
653566	629508	24058	3094	7319802	7094728	1123193574136849
3955756	3952418	3338	2978	8387214	10288414	1123193586902495
1087304	1066166	21138	4698	11162870	10733816	1123193599556415
1184434	1162560	21874	3538	9472652	8511004	1123193610617469
1186520	1165640	20880	1790	5622756	5016792	1123193617829489
1207330	1176306	31024	184	1826932	1828550	1123193621266271
567460	546142	21318	2449	6662278	5716202	1123193628898315
1197236	1175130	22106	4167	9784478	9791692	1123193640282013
1306158	1161230	144928	2790	7686112	7138000	1123193649688845
1193722	1169082	24640	8	1678428	1460832	1123193652964231
1179292	1158782	20510	345	1915374	2124786	1123193656461969
1135120	1110018	25102	2434	7171626	6254408	1123193665171707
1190356	1168076	22280	1518	5733850	4478572	1123193672498921
1318664	1177652	141012	3876	10244344	9321240	1123193684465147
1186668	1165562	21106	475	3266864	2387490	1123193689321115
422902	264492	158410	628	3657642	1930954	1123193693805265
460894	437994	22900	3792	8639808	8297220	1123193703309183
1192000	1169866	22134	2114	6344768	5671252	1123193711248271
1255280	1234218	21062	2550	7628826	6608642	1123193720535471
1194360	1163258	31102	138	2659122	1719686	1123193724792497
1234600	1213424	21176	4150	10881058	9786730	1123193737310655
1183098	1160254	22844	2659	7689404	6752216	1123193746587093
1197460	1176748	20712	1973	6056970	5396254	1123193754245395
1017226	974624	42602	3768	9744144	8802998	1123193765415041
1201630	1177616	24014	4173	10528348	9798376	1123193777547397
1194326	1171868	22458	2066	6534394	5576018	1123193785680027
1263468	1163948	99520	157	2795052	1837442	1123193790141111
941886	921312	20574	3739	10378140	8671408	1123193801871435
1189850	1166956	22894	2993	8287478	7429332	1123193811751319
1203140	1178910	24230	728	3782302	2917302	1123193817140583
1181166	1158650	22516	183	2667850	1797616	1123193821392635
438852	414060	24792	4562	10364574	9822502	1123193832598183
1243656	1223660	19996	1618	5324012	4730330	1123193839568979
1187386	1165158	22228	970	3379702	3380790	1123193844538623
1200442	1175734	24708	4618	11342954	10686062	1123193857485579
972826	952350	20476	358	2722542	1939468	1123193861583951
1179180	1157278	21902	1157	3409012	3743302	1123193866574245
415524	393312	22212	3241	8550956	7148778	1123193875944565
295796	273636	22160	4692	10822814	9933844	1123193887466695
275438	252634	22804	411	2936686	1348282	1123193891082343
909640	888908	20732	546	2170316	2256796	1123193894564481
1202982	1182000	20982	3644	9391132	8741838	1123193905561795
580892	558706	22186	4623	11416028	10077576	1123193917961615
1185794	1162898	22896	2433	7004668	6306042	1123193926554423
1319940	1298018	21922	3730	9688006	9032324	1123193937964489
1195578	1172728	22850	3606	9005830	8658088	1123193948568031
1192500	1170068	22432	3548	8942476	8539406	1123193959104871
574922	554132	20790	901	3919378	2628178	1123193964001275
270682	249396	21286	193	2933800	908760	1123193967608975
477278	456772	20506	897	2859460	2524940	1123193971349591
365804	344564	21240	687	3151288	1991048	1123193975270053
1190210	1168010	22200	4937	12247070	11318760	1123193989110375
6181360	6178600	2760	895	3912950	8221792	1123193999607493
1183966	1158654	25312	4204	10875768	9847508	1123194012069975
202628	181272	21356	1193	4756178	2838634	1123194017440539
194572	171810	22762	1157	4680270	2758100	1123194022718471
370262	349362	20900	1775	5485298	4171344	1123194028976099
1186172	1162008	24164	3359	8156382	8155104	1123194038721973
415962	395500	20462	2438	6915550	5542102	1123194046455703
860294	839186	21108	912	3188274	2937320	1123194050907987
1191418	1170630	20788	3817	9849840	9075034	1123194062353107
472252	451562	20690	1772	5876188	4267274	1123194069113827
368446	345622	22824	834	2770780	2294726	1123194072655995
1200462	1176720	23742	2446	7229768	6342978	1123194081489925
1195244	1170084	25160	3018	8175774	7483698	1123194091262627
1184806	1163734	21072	1080	4277612	3594426	1123194097128151
1096256	1074020	22236	326	2842664	1998692	1123194101469533
1182092	1160672	21420	2323	7402870	6084254	1123194110457321
1124448	1101826	22622	168	2736006	1710546	1123194114719655
383912	342574	41338	2089	5638804	4827834	1123194121145055
1320992	1298598	22394	2884	7123204	7342212	1123194129992103
381326	360686	20640	2153	6431778	4940948	1123194137208357
1186658	1162856	23802	2873	6827512	7186000	1123194145625651
1192312	1170900	21412	4577	11584804	10600000	1123194158805165
312962	290426	22536	2046	6101166	4655398	1123194165621765
684954	663382	21572	3282	7916006	7500890	1123194174625721
822880	800912	21968	2183	6485800	5439776	1123194182337613
981124	960202	20922	1024	3488188	3281510	1123194187219783
860788	839804	20984	3381	8937956	7873392	1123194197421375
1179674	1158848	20826	2619	6988588	6668196	1123194205990197
1192750	1168562	24188	2207	6527268	5863206	1123194214113237
1116826	1096288	20538	2764	7756504	6894942	1123194223411201
773034	750880	22154	1235	4972384	3495520	1123194229559361
1191916	1169092	22824	4500	11067142	10441786	1123194242222179
1188720	1168598	20122	2002	6100268	5442610	1123194249922935
238114	213216	24898	758	2625040	2007614	1123194253188259
0	0	0	0	0	0	0
351842	330308	21534	4866	11181094	10346986	1123194272657835
596346	575276	21070	1565	5605142	3975918	1123194279262293
1210412	1178356	32056	2710	6790656	6884542	1123194287666295
909252	888142	21110	3802	9911104	8763298	1123194298889071
625296	603546	21750	3889	10001104	8654674	1123194309919027
267658	245980	21678	1803	5943898	4128910	1123194316533375
925564	903214	22350	3098	7635836	7374648	1123194325497201
1184986	1163694	21292	377	3044082	2188668	1123194330128561
1182886	1161382	21504	2894	8364442	7223866	1123194340090413
1053818	1030938	22880	1815	5699078	4944454	1123194347253309
225138	203534	21604	697	2465218	1870884	1123194350346569
1192564	1171640	20924	2187	6433914	5816376	1123194358385955
1178502	1157966	20536	3418	9507798	8266434	1123194369483795
1192516	1171996	20520	1080	4031128	3603702	1123194375109787
1182534	1160628	21906	4588	11235364	10608904	1123194387929711
1201570	1176932	24638	1679	5768664	4808864	1123194395302663
1184894	1163922	20972	3070	7588608	7577336	1123194404477925
1193720	1172454	21266	785	3936378	3014764	1123194410010743
1180318	1159874	20444	2971	8170216	7378338	1123194419771259
372230	313442	58788	1889	6533860	4400154	1123194427081095
662534	640754	21780	3379	7889152	7678142	1123194436035361
420788	325630	95158	1766	5646430	4212770	1123194442511543
830026	808926	21100	3274	7759446	7630274	1123194451502703
1306404	1163670	142734	1153	4202730	3863668	1123194457415023
1080208	1059848	20360	1844	5997850	5018884	1123194464894773
1176360	1152592	23768	4103	10726760	9634494	1123194477200867
671110	586290	84820	2491	7307864	5903974	1123194485583535
1194518	1173970	20548	2528	6306852	6509768	1123194493486859
245198	220960	24238	2361	7198356	5219602	1123194501333493
719486	697124	22362	3613	9304434	8195520	1123194511759685
527030	506330	20700	4592	11701124	9962310	1123194524391155
1185988	1163600	22388	3249	8618644	7935054	1123194534606059
1249582	1160978	88604	4848	11863836	11195986	1123194548123557
1053322	1019544	33778	965	4167256	3234854	1123194553753351
790518	768570	21948	2984	8274076	7012498	1123194563220349
1228550	1165370	63180	3223	8700748	7925986	1123194573552333
819620	799130	20490	2530	6806490	6129552	1123194581581293
1182930	1161260	21670	2681	7768136	6798462	1123194590934573
3141584	3139788	1796	1560	5216498	6511812	1123194599695157
509468	488474	20994	3364	9127736	7493708	1123194609734961
1106466	1084988	21478	3365	9010914	8090872	1123194620255855
972676	950216	22460	3213	8468366	7648654	1123194630108017
1186134	1164204	21930	1309	4822256	4054656	1123194636525431
365630	344196	21434	3605	9751744	7825842	1123194647044849
917762	896928	20834	360	2617398	1888090	1123194650982943
906474	777796	128678	4757	12007846	10673416	1123194664299521
243390	184724	58666	142	2379330	778222	1123194667330405
1186888	1166536	20352	2001	5442778	5440434	1123194674363893
1181992	1160822	21170	3810	8905182	9056432	1123194684864983
1193024	1168816	24208	1020	4122634	3483462	1123194690583889
606180	585222	20958	3852	9889428	8560172	1123194701480987
1192558	1171446	21112	56	2549162	1553664	1123194705625351
1198920	1175764	23156	4159	9762226	9775848	1123194716989613
898726	873292	25434	3229	8708664	7606772	1123194726999333
441854	419550	22304	375	2884284	1442636	1123194730728405
1188908	1168348	20560	1427	4296914	4300028	1123194736617477
1188724	1167038	21686	3318	7741680	8077214	1123194745951205
1182748	1162822	19926	88	1833728	1608386	1123194749371169
1185158	1163756	21402	3309	7724224	8053758	1123194758683507
449684	426942	22742	4516	11145880	9732054	1123194770681983
798674	511582	287092	4325	10813990	9700374	1123194782698855
1066310	1044666	21644	1821	5730778	4958770	1123194789898409
1182164	1160212	21952	52	1191400	1540330	1123194792674293
445522	424730	20792	4542	11677756	9782742	1123194805199555
1066596	1045594	21002	291	2988618	1900260	1123194809658575
1184466	1162600	21866	3259	9005046	7960252	1123194820250387
1203232	1182612	20620	4029	10306724	9511208	1123194832169049
1184220	1163364	20856	4554	11445786	10543874	1123194845253935
773348	748640	24708	2045	6153608	5114334	1123194852583001
1238266	1206510	31756	2378	6025178	6248720	1123194860249899
1268852	1162196	106656	3803	9672762	9124900	1123194871600383
452042	431060	20982	2660	7226358	6023434	1123194879681467
672360	651696	20664	4020	10442410	8967526	1123194891199739
791974	770552	21422	3310	8926060	7662972	1123194901321275
1197440	1176522	20918	3669	9692586	8785740	1123194912614675
874358	853218	21140	3489	8785370	8103276	1123194922677489
624330	602234	22096	640	3603046	2155464	1123194927307395
1180548	1159502	21046	1712	6036492	4856352	1123194934927575
1191282	1170100	21182	2758	7926016	6958282	1123194944448267
1184324	1162722	21602	1168	4287570	3770682	1123194950321267
400008	377810	22198	780	3810540	2210450	1123194954942979
908894	888818	20076	278	3199050	1719084	1123194959453775
479240	457110	22130	4858	11170546	10455364	1123194971506031
1183224	1162064	21160	2826	7871348	7085852	1123194980963933
519438	497636	21802	2268	6068656	5308432	1123194987954067
1005526	970632	34894	3785	9849936	8829868	1123194999212089
1193218	1171572	21646	4697	11758212	10838528	1123195012565649
890754	869216	21538	2197	6488712	5535200	1123195020349121
1245538	1157700	87838	4071	9608236	9641982	1123195031611841
0	0	0	0	0	0	0
287816	267606	20210	1188	4667398	2914388	1123195047782009
900808	878652	22156	1912	5647970	4975332	1123195054732903
1189470	1168236	21234	698	2845454	2842700	1123195059171609
848908	827238	21670	2219	6461742	5537040	1123195066884921
703124	682348	20776	4056	9550922	9068010	1123195077543059
1180626	1159370	21256	2425	7165652	6280452	1123195086292533
1186146	1165398	20748	2190	6585152	5819674	1123195094471975
1248404	1227178	21226	308	2934534	2114858	1123195099058219
1186384	1161440	24944	2187	7066808	5813500	1123195107714103
1263090	1159324	103766	1406	4720088	4324910	1123195114100779
1188056	1166118	21938	1209	3713676	3858682	1123195119425711
287546	265034	22512	2610	7390852	5757730	1123195127507155
1188018	1164000	24018	201	1462342	1841854	1123195130559591
1196512	1174104	22408	1784	5634234	5014168	1123195137794037
541390	519380	22010	2659	6757076	6112522	1123195145494853
1104944	1084286	20658	2130	6658884	5616268	1123195153660333
411608	389416	22192	1284	5779802	3232552	1123195160254961
488528	467546	20982	2430	7290196	5600350	1123195168441809
648338	627196	21142	4695	10831788	10290604	1123195180325495
1051150	1030586	20564	4905	11936454	11111892	1123195193736267
1185700	1164486	21214	2076	6298140	5588772	1123195201622721
1179274	1159026	20248	2692	6712114	6815870	1123195209916219
1183124	1162400	20724	3880	10133266	9193524	1123195221634005
668596	648252	20344	3979	10123654	8876186	1123195232829361
374322	351882	22440	4091	10640762	8810396	1123195244247013
3663666	3661234	2432	551	3307020	5015906	1123195251626357
979470	948038	31432	1069	3575504	3370580	1123195256584107
241200	202172	39028	3150	8530884	6792250	1123195265757707
1314142	1160600	153542	3413	9323648	8394198	1123195276798613
1188288	1164766	23522	1759	4933730	4970338	1123195283322711
1189798	1168124	21674	1770	4904020	4982828	1123195289818151
1189090	1164756	24334	4588	11569964	10620346	1123195302979343
1145354	1124494	20860	1953	5947388	5301504	1123195310495565
1179620	1159206	20414	4215	9870292	9863260	1123195321947743
1196510	1175920	20590	4713	11916158	10873742	1123195335462543
580868	558940	21928	2835	7466758	6501258	1123195343912801
1301682	1165088	136594	308	3195682	2170284	1123195348811595
554060	533254	20806	4377	11432588	9561458	1123195361199911
1198480	1174256	24224	2844	7902662	7136852	1123195370704223
1192228	1170310	21918	137	2047492	1717894	1123195374347939
486610	465326	21284	1670	5902968	4078664	1123195381148281
800146	779492	20654	4240	10774724	9531598	1123195393125751
1196926	1168682	28244	4037	10316158	9521196	1123195405040409
1192146	1171640	20506	3400	8989898	8242222	1123195415625551
462400	441116	21284	120	2543262	951872	1123195419033801
1186038	1161796	24242	2891	7133672	7217414	1123195427755369
1105076	1083698	21378	3402	9385470	8159340	1123195438648325
755484	733018	22466	4914	11858174	10862554	1123195451664655
1182310	1161342	20968	4014	10197186	9461422	1123195463445373
