# Loop @ Start frequency 2000000Hz took 1064.45 cycles
# Interval [1062 ; 1067]
# Q1 : 1060 ; Q3 : 1062
# Loop @ Target frequency 1400000Hz took 1520.83 cycles
# Interval [1517 ; 1524]
# Q1 : 1514 ; Q3 : 1516
# Confidence intervals do not overlap, alternatives are statistically different with selected confidence level
Change time (with write) [cycles]	Change time [cycles]	Write cost [cycles]	Wait time [us]	Time since last frequency change request [cycles]	Time since last frequency change [cycles]	Detected frequency change timestamp [cycles]
1194498	1160348	34150	3567	288305162	287438368	1123214803385809
890082	866156	23926	4812	11923300	10764216	1123214816535253
1234972	1213478	21494	907	3721162	3299124	1123214821822099
1203366	1180740	22626	3036	8475812	7526308	1123214831832417
271426	249126	22300	4996	12286978	10519256	1123214844720377
1185362	1163596	21766	2463	6980458	6364134	1123214853216271
1182198	1160182	22016	4156	10189478	9744274	1123214864918989
1314594	1162202	152392	3982	10335480	9528070	1123214876899333
789604	765824	23780	4075	10438844	9190820	1123214888458219
832068	737184	94884	3998	10246276	9077490	1123214899866633
1181092	1159504	21588	3427	9164278	8289522	1123214910543549
1000244	977390	22854	2191	6860700	5631786	1123214918736629
0	0	0	0	0	0	0
1181886	1160744	21142	3891	10175942	9213964	1123214941520153
759626	738096	21530	4101	10437912	9212788	1123214953047765
1189452	1167076	22376	3295	8951296	8029012	1123214963519537
815244	793322	21922	2535	7250078	6135942	1123214971915271
1183622	1162326	21296	27	2834068	1489760	1123214976263611
824658	802246	22412	2511	6469356	6100204	1123214983888579
711984	690444	21540	4626	11552004	10234026	1123214996483799
1183012	1157382	25630	4697	11750620	10827040	1123215009746753
1180856	1158910	21946	4859	11989606	11153224	1123215023248469
1182656	1162602	20054	1572	5663106	4577866	1123215030424225
1187038	1162558	24480	447	1990380	2333174	1123215033932539
427982	405980	22002	3556	9148770	7795260	1123215043845425
680688	660520	20168	4871	12089276	10673122	1123215056946051
891376	869636	21740	3275	9014682	7692240	1123215067182663
1168000	1143270	24730	1540	5574492	4501618	1123215074255219
1183804	1162756	21048	3078	8075588	7597532	1123215083848983
1143634	1117750	25884	1572	5349412	4542046	1123215090672727
1194708	1162490	32218	1286	4137406	4017738	1123215096335765
385470	316464	69006	4158	9762268	8955186	1123215106814477
1181242	1160000	21242	156	2690612	1744004	1123215111016173
396702	373916	22786	590	2486136	1837432	1123215114229601
1187930	1166740	21190	1788	5006842	5013420	1123215120762817
1094356	1072206	22150	4822	11041700	10995590	1123215133231145
567056	545578	21478	271	3000824	1363160	1123215137129833
1227978	1162484	65494	2722	6935458	6925380	1123215145622689
918808	898684	20124	3041	8539790	7257508	1123215155411399
911860	889702	22158	1519	5222606	4199828	1123215161876437
1177366	1156602	20764	1506	4155462	4441692	1123215167539905
1190058	1165590	24468	4306	10923534	10053058	1123215179984509
859532	836520	23012	3273	8736774	7654888	1123215189917897
851284	830608	20676	1904	6036790	4914688	1123215197137607
1181766	1159980	21786	2294	6024302	6023386	1123215204674031
1179074	1158540	20534	1597	5451646	4622986	1123215211635285
1071834	1048880	22954	2113	5563332	5549870	1123215218599973
1022842	995224	27618	412	3083614	2097682	1123215223036943
1179804	1157798	22006	138	3061248	1707928	1123215227607903
958336	928300	30036	3347	8000196	7905616	1123215236896325
1186684	1163832	22852	16	2100304	1470836	1123215240514651
1179952	1158810	21142	1746	4852330	4925598	1123215246877853
1187012	1163732	23280	4935	12298070	11307344	1123215260692849
1185544	1162694	22850	3464	9058154	8366322	1123215271267309
1180490	1159502	20988	3745	10077954	8922430	1123215282856157
1184682	1164288	20394	2732	7917418	6902024	1123215292288273
1182692	1158008	24684	1498	5566330	4431820	1123215299368241
780444	759354	21090	4146	10268328	9322024	1123215310747869
763248	741296	21952	1096	4333430	3204246	1123215316174647
472020	449410	22610	1260	4990558	3244778	1123215321973361
1183436	1160182	23254	4117	10649482	9667196	1123215334140717
180994	159382	21612	2011	5869486	4458096	1123215340526223
984514	964006	20508	172	1646936	1580026	1123215343487691
1249220	1161512	87708	2268	6825010	6033812	1123215351892343
1218870	1197408	21462	4094	9434258	9666822	1123215362875921
1188254	1166938	21316	745	3730572	2928058	1123215368125245
603026	579224	23802	2672	7746386	6197464	1123215376810001
1188966	1166594	22372	3355	9442834	8152658	1123215387773859
1183400	1162034	21366	1239	4881214	3916650	1123215394168233
662112	641106	21006	4099	9321198	9113394	1123215404486813
1180818	1159192	21626	3278	8823336	7987564	1123215414821465
1182080	1161030	21050	2673	6495132	6785238	1123215422828721
1109900	1088210	21690	2143	6423968	5649586	1123215430692439
1325610	1167414	158196	1737	6041198	5052562	1123215438390073
709804	611712	98092	1406	4786612	3771954	1123215444216257
1182776	1161366	21410	797	3033188	3026302	1123215448769217
442676	421336	21340	643	3538798	1977740	1123215453081057
1192628	1170744	21884	3558	8342144	8567842	1123215462946943
1178880	1156378	22502	4047	10151920	9523720	1123215474607065
718766	697312	21454	882	3981084	2733376	1123215479636903
1181518	1160350	21168	2473	7129250	6379880	1123215488277611
647900	614292	33608	1585	5692252	4070390	1123215494947983
316300	293546	22754	2540	7519886	5646708	1123215503114273
1113222	1089634	23588	4264	9998568	9894430	1123215514557133
1178616	1157802	20814	2738	7962568	6907216	1123215524028443
1183780	1159210	24570	2733	7711214	6899794	1123215533259565
1187232	1158204	29028	4271	10957150	9979182	1123215545734905
1156834	1128494	28340	2902	8203670	7214942	1123215555424431
0	0	0	0	0	0	0
1181076	1159596	21480	3111	8377778	7653534	1123215576434511
624532	599060	25472	266	2718334	1407378	1123215580107951
332718	309088	23630	4833	11616672	10765788	1123215592394049
360476	338468	22008	157	2542114	924968	1123215595627797
1180940	1159898	21042	226	1595272	1882498	1123215598734213
1178528	1157128	21400	1531	5140308	4492588	1123215605383729
1187218	1165894	21324	3004	8349334	7445388	1123215615250385
1181742	1160178	21564	3731	9773992	8894096	1123215626536817
1213432	1191540	21892	4131	10413526	9725638	1123215638494383
1182008	1159726	22282	3481	9520128	8396634	1123215649526937
1181800	1160880	20920	587	3498988	2607006	1123215654538645
1175474	1153696	21778	4252	11157384	9930958	1123215667202231
856528	832094	24434	3693	9742698	8492508	1123215678131211
2691972	2688474	3498	3638	9652544	10216780	1123215690814561
1189924	1169586	20338	2737	7930234	6917906	1123215700264457
1180278	1158862	21416	1854	5834458	5140454	1123215707608743
1185212	1159524	25688	262	2768992	1960468	1123215711893673
687802	662600	25202	2312	7071930	5564924	1123215719984143
1181402	1160636	20766	533	3224590	2502758	1123215724727729
606344	584796	21548	3593	9456296	8045956	1123215735120579
1186478	1166268	20210	99	2420892	1636116	1123215739058679
1175746	1154720	21026	4288	10038040	10001520	1123215750601831
1191684	1169226	22458	4109	10278606	9659684	1123215762401719
629518	598632	30886	2408	7043276	5695304	1123215770405477
1190720	1167156	23564	3027	7489346	7498274	1123215779416627
1184876	1162146	22730	4985	12391730	11405412	1123215793324657
1038608	1016386	22222	678	3651712	2645320	1123215798346339
1311874	1291306	20568	2117	6517052	5799224	1123215806505589
0	0	0	0	0	0	0
1181706	1160752	20954	1789	4901954	5019468	1123215821367293
560828	538686	22142	914	2982890	2650990	1123215825241463
1181524	1159748	21776	4153	10812030	9741678	1123215837564979
1144922	1124954	19968	1515	5558470	4433134	1123215844598357
1177020	1154504	22516	1040	4560294	3510492	1123215850666413
1186346	1164492	21854	4496	11203976	10429120	1123215863387613
622664	587122	35542	3415	9023708	7702880	1123215873363865
472224	451350	20874	4104	10672102	8932692	1123215884839323
1190434	1166376	24058	3390	9335394	8222216	1123215895695451
1191550	1169168	22382	3186	8691478	7818950	1123215905908511
437256	415108	22148	4864	12956376	10415346	1123215919632081
473276	450842	22434	3823	9888016	8369062	1123215930324057
258372	185240	73132	4098	10361996	8705206	1123215941275065
1183268	1162514	20754	155	2540166	1744378	1123215945329931
1202682	1179686	22996	3875	10443672	9210114	1123215957307273
1178850	1157188	21662	4861	11900902	11151000	1123215970717331
1186496	1165726	20770	2928	8196160	7292824	1123215980430881
573810	543326	30484	110	2405152	1044352	1123215983740199
608450	458832	149618	1900	5237876	4659228	1123215989916749
1183866	1161446	22420	4545	10526032	10525786	1123216001958097
1332902	1163074	169828	3369	9161850	8321010	1123216012789023
428490	333026	95464	2297	6927330	5272702	1123216020476579
703134	679988	23146	4406	10266334	9773034	1123216031777171
1328786	1177558	151228	787	3748068	3155994	1123216037184779
843886	823040	20846	3521	9245194	8139016	1123216047603785
1188528	1167312	21216	2005	5850258	5447826	1123216054972349
1191226	1170036	21190	1318	4151894	4079172	1123216060644993
1286912	1169772	117140	4294	10904032	10124558	1123216073166613
707998	686720	21278	824	3731202	2611846	1123216077935697
1179194	1157232	21962	1278	4820056	3988606	1123216084270851
1178478	1157564	20914	2680	7593054	6787934	1123216093372051
1040680	1018206	22474	1094	3632776	3481760	1123216098376225
613576	581254	32322	3047	8490952	6958780	1123216107811005
1337386	1167230	170156	162	6560070	1952730	1123216116038759
1183026	1161440	21586	1420	5344996	4275720	1123216122908393
442608	418568	24040	1616	5445656	3924450	1123216129125903
618108	594988	23120	4621	11472730	10111444	1123216141547303
1191908	1158902	33006	1886	6094814	5215078	1123216149165047
898114	876330	21784	4189	9822200	9528834	1123216160215125
1179182	1158252	20930	4642	11759266	10715702	1123216173490129
902538	881570	20968	2200	6333908	5553972	1123216181057403
1082846	1061908	20938	4100	10774094	9535410	1123216193245637
925064	904262	20802	3859	10110916	8893182	1123216204611765
656024	634960	21064	1704	5601846	4316620	1123216211200693
1181822	1159502	22320	4153	10464252	9738180	1123216223176385
760786	739468	21318	3768	9719352	8547208	1123216233987303
1192822	1167556	25266	2718	7929002	6883776	1123216243444933
1180656	1159374	21282	3756	9645144	8943434	1123216254601005
1189102	1165908	23194	1692	5571034	4822966	1123216261691361
258234	235782	22452	4481	10532320	9473680	1123216272812433
1194398	1171524	22874	1863	6085616	5171250	1123216280422537
461474	438834	22640	2575	6585308	5864900	1123216287799527
518856	498118	20738	1574	5414240	3922826	1123216294062857
344978	314100	30878	4855	11231078	10307466	1123216305974943
533236	503318	29918	44	2256946	874582	1123216309101179
356926	331898	25028	4716	10724040	10039212	1123216320512791
1124160	1102044	22116	3488	9411476	8351102	1123216331377905
1182140	1159862	22278	2537	7463054	6508052	1123216340351857
821882	799788	22094	3773	9914826	8619974	1123216351419453
1185404	1161924	23480	320	2961704	2075950	1123216355896965
1351028	1290388	60640	1013	4737928	3630906	1123216362316525
576096	554264	21832	613	3708970	2052258	1123216366933571
1343600	1299132	44468	4795	11938982	11185960	1123216380546989
475728	455398	20330	1000	4370530	2726068	1123216385723059
413774	392616	21158	2181	6932518	5027966	1123216393399065
1198464	1161394	37070	4979	12204584	11406482	1123216407131593
810228	788672	21556	1799	5789656	4658386	1123216414061389
1179956	1159464	20492	1483	4093580	4397276	1123216419671053
1191258	1170452	20806	1306	5022080	4058696	1123216426214299
1181288	1159330	21958	1083	3379838	3596862	1123216431112317
1246978	1225576	21402	2629	7422810	6757090	1123216440111913
1179978	1158900	21078	847	3140998	3127336	1123216444768881
1287820	1265760	22060	3437	8879642	8411762	1123216455266645
561466	539776	21690	2324	6794038	5459758	1123216462952269
433008	411492	21516	2335	6111758	5356178	1123216469827699
1293134	1159926	133208	4813	11988820	11170750	1123216483439777
1184306	1160676	23630	4546	10998626	10526896	1123216495952801
1184784	1162636	22148	3083	8290872	7605564	1123216505765213
1199400	1175456	23944	4348	11006836	10152064	1123216518301749
582528	562018	20510	1639	5723738	4111860	1123216524938825
947900	927934	19966	4708	11567680	10616950	1123216537784119
740584	719848	20736	3991	10158486	8975492	1123216549014709
1189596	1169596	20000	895	4253364	3232826	1123216554787681
1112558	1091650	20908	130	2670498	1622840	1123216558900561
853538	832180	21358	3547	8529662	8197036	1123216568613517
1194152	1173350	20802	2350	6903408	6145256	1123216577042057
0	0	0	0	0	0	0
696888	674906	21982	3071	8511066	7089482	1123216596914657
7297788	7295094	2694	3121	8736936	13792792	1123216613279403
1120224	1098452	21772	3537	9258016	8445310	1123216623987757
918646	897300	21346	1541	5274716	4250022	1123216630516173
457202	434974	22228	4851	10829506	10410810	1123216642132599
1452030	1428374	23656	3520	9208050	8741774	1123216653127353
858152	835968	22184	3752	9834792	8612490	1123216664151409
447634	427188	20446	1926	5867784	4550072	1123216670804811
1178836	1157346	21490	4751	10704414	10937878	1123216683017971
1147818	1126488	21330	2108	6701268	5616008	1123216691196853
1182846	1159394	23452	3409	9021740	8251714	1123216701731811
281568	258738	22830	1582	5515270	3701036	1123216707858481
1447254	1426180	21074	1307	4788258	4315494	1123216714424157
1183308	1159986	23322	3269	7920032	7973372	1123216723858129
1295256	1275134	20122	1444	5169296	4437930	1123216730654011
1187630	1165056	22574	367	2189744	2178936	1123216734362345
1182644	1159012	23632	4526	11614342	10487716	1123216747489277
242200	216530	25670	1010	4200720	2513020	1123216752262785
408014	378040	29974	3218	9191720	7096816	1123216762192497
1179422	1158528	20894	4507	11370224	10442880	1123216775077817
629750	608554	21196	3592	9284924	8065482	1123216785322071
1410678	1389870	20808	4429	10926416	10521650	1123216797988945
781678	761206	20472	2363	6840088	5762880	1123216805949889
428628	405188	23440	3697	9677730	8072058	1123216816396731
430668	409150	21518	765	3822990	2211736	1123216820980727
661708	640968	20740	3037	8699944	6987304	1123216830671709
1183034	1162422	20612	1186	4748226	3804904	1123216836932985
1178952	1158862	20090	2722	7664586	6873900	1123216846106819
783846	763240	20606	2586	7547438	6205740	1123216854775669
1245238	1222902	22336	2562	7475720	6622368	1123216863826989
667228	645642	21586	3618	9626838	8152826	1123216874452891
1295816	1167356	128460	410	2884380	2369108	1123216878963433
1177398	1156450	20948	4858	12185998	11146924	1123216892656909
791028	767574	23454	1582	5339942	4204994	1123216899118487
1209868	1189134	20734	3846	9044788	9155532	1123216909703249
1181284	1158796	22488	3808	9840380	9052820	1123216921054613
873774	825440	48334	616	3658260	2355248	1123216925917063
1118452	1096366	22086	730	4011088	2831664	1123216931381665
1067794	1046886	20908	4975	12427318	11271136	1123216945208945
1202382	1170134	32248	3171	8486126	7794426	1123216955227425
834694	813856	20838	3263	8929796	7610176	1123216965321633
1180934	1159006	21928	3658	9996362	8754624	1123216976829825
833576	813130	20446	2970	8052110	7025060	1123216986044411
235990	215490	20500	1899	6138358	4284890	1123216992768725
1184242	1163368	20874	4467	10229604	10375190	1123217004512917
1183984	1160174	23810	4256	10523890	9946232	1123217016550565
1189862	1169300	20562	1769	5873476	4977668	1123217023946371
1189738	1163402	26336	4276	9883024	9994138	1123217035364161
873844	853208	20636	301	2935010	1725630	1123217039504265
0	0	0	0	0	0	0
1315948	1293528	22420	2861	7749782	7288102	1123217058266183
375224	354376	20848	4112	9469708	8851630	1123217068441425
1491424	1200254	291170	4151	10700766	10043048	1123217080963499
1286456	1162934	123522	2256	6750564	6048454	1123217089330497
668116	645730	22386	4034	11007656	8988686	1123217101338093
1181206	1160854	20352	4903	12207184	11236902	1123217115057047
1192786	1168760	24026	1688	5606612	4819390	1123217122186577
468680	445770	22910	2109	5385074	4940456	1123217128374437
781940	670232	111708	1608	5433822	4247868	1123217134919645
926958	905042	21916	962	3231250	3104316	1123217139408633
1192002	1168630	23372	3338	9038552	8118982	1123217149969607
719900	696690	23210	735	3403706	2446006	1123217154445477
789900	769182	20718	1482	5420680	4007002	1123217160987423
1193554	1171372	22182	3071	8589268	7586610	1123217171100965
1182388	1159510	22878	4014	10377378	9460658	1123217182989719
1177836	1157308	20528	1443	5191108	4314036	1123217189689117
1179666	1159892	19774	1781	4818624	4992062	1123217196016923
839788	818536	21252	2561	6568776	6213812	1123217203760977
1180630	1160004	20626	2849	7803606	7131274	1123217213075757
1177366	1157388	19978	1244	4843956	3915912	1123217219426433
1184476	1163416	21060	2967	8145202	7369620	1123217229087483
539958	519218	20740	1604	5653476	3999082	1123217235610909
1177262	1156470	20792	39	1483710	1505428	1123217238602161
1185862	1163428	22434	1695	5790080	4826142	1123217245908693
323972	300488	23484	4374	10204378	9325124	1123217256766743
1181166	1160186	20980	3531	9426936	8493172	1123217267703893
535544	513148	22396	2513	7177184	5811144	1123217275746197
364378	341130	23248	2483	7720800	5582334	1123217284160971
7401584	7399042	2542	4695	11523578	17042864	1123217303424065
1195284	1169604	25680	2080	6416266	5606706	1123217311365659
1195008	1172024	22984	4985	11544566	11417324	1123217324435265
1123968	1103134	20834	4703	11610036	10779238	1123217337500149
1294838	1272794	22044	3532	9231434	8608700	1123217348356931
301338	276864	24474	2604	7743030	5759544	1123217356731357
1189860	1168948	20912	4218	9883930	9885280	1123217368135773
299964	246392	53572	596	3454214	1741954	1123217372225877
1193348	1167970	25378	4133	9506136	9708350	1123217383263189
1040970	1019730	21240	4664	11539688	10618238	1123217396174711
968600	941380	27220	3903	10098640	9024046	1123217407578233
0	0	0	0	0	0	0
921920	750400	171520	3540	8516250	8254454	1123217424731451
798882	775222	23660	4592	11340414	10232302	1123217437200299
537142	516118	21024	4918	12385720	10622574	1123217450452433
1190466	1169676	20790	1158	4400380	3758206	1123217456373757
711278	691260	20018	856	4158340	2673562	1123217461574531
0	0	0	0	0	0	0
712764	690542	22222	553	3589502	2071744	1123217476499885
409592	366640	42952	3179	9119300	7019672	1123217486358597
670234	649172	21062	4849	11768092	10721564	1123217499127185
1191372	1167854	23518	4083	10674144	9610888	1123217511324209
1182916	1159690	23226	4279	10788514	9991992	1123217523625681
970086	941338	28748	3894	10078574	9013058	1123217535004793
0	0	0	0	0	0	0
598406	577036	21370	2542	6539642	5936220	1123217549246957
1182840	1160826	22014	1197	4766874	3826778	1123217555527391
314028	276668	37360	4572	11314018	9710076	1123217567486499
438018	417542	20476	4725	11891656	10144588	1123217580146373
1028152	1005694	22458	1616	5259862	4511748	1123217586770439
1178382	1156448	21934	2907	6988946	7251952	1123217595268631
671764	651044	20720	2035	6255142	4995494	1123217602525937
240878	217902	22976	251	2803720	992582	1123217605903029
1179780	1160108	19672	4439	10020356	10308468	1123217617433869
587948	565702	22246	4084	10267536	9007870	1123217628619921
1186352	1160486	25866	3836	9821572	9108028	1123217639958229
1263736	1163314	100422	1843	5956770	5199404	1123217647513577
542878	521860	21018	2724	6884734	6244632	1123217655270629
1180954	1159980	20974	2228	6915258	5887886	1123217663696641
1279896	1257022	22874	4334	9892348	10201338	1123217675199517
1186252	1160852	25400	220	2849858	1876570	1123217679565833
1302400	1158644	143756	2469	7506804	6497962	1123217688705925
192240	164444	27796	4381	11186480	9204512	1123217700415681
886714	865218	21496	3324	8851342	7785404	1123217710484105
1200278	1175982	24296	1701	5308966	4853224	1123217717323613
1290346	1156574	133772	2389	6357942	6321088	1123217725301611
1189992	1166478	23514	1254	4795032	3947918	1123217731617163
397612	376750	20862	1146	4509382	2939468	1123217736854737
1182204	1159514	22690	1524	5330656	4481070	1123217743699293
1182060	1160816	21244	2838	7116016	7110598	1123217752327085
283556	260592	22964	757	3907198	2048214	1123217756848573
1171512	1145998	25514	1387	5229926	4196932	1123217763580469
490628	394286	96342	1916	5638478	4572566	1123217770041549
1187852	1165410	22442	778	2694160	2996172	1123217774270733
1157280	1127600	29680	3625	9614286	8656796	1123217785372097
1225494	1202692	22802	1366	5114680	4206756	1123217792042245
715500	692896	22604	4116	9554830	9198912	1123217802650161
1177844	1157240	20604	3541	9315840	8510368	1123217813474429
4415710	4412982	2728	2343	7198118	9363960	1123217825418257
0	0	0	0	0	0	0
1180700	1159782	20918	3398	8214382	8237760	1123217839115093
1145774	1117226	28548	577	3113476	2549542	1123217843704113
968532	947514	21018	4330	11347818	9882522	1123217856350763
687566	590952	96614	1997	6488652	4930712	1123217863857781
0	0	0	0	0	0	0
611656	591234	20422	304	3057258	1473204	1123217872309799
1190120	1169428	20692	1683	4507966	4808258	1123217878338191
1182206	1162186	20020	24	2337020	1481196	1123217882188289
712638	690436	22202	4052	9182234	9066282	1123217892422645
1302218	1159294	142924	1074	4395740	3700194	1123217898452177
654060	633538	20522	192	2771202	1289364	1123217902207951
745514	723306	22208	1046	3308548	3087864	1123217906597429
761942	741102	20840	1820	5804222	4655266	1123217913495737
949376	925702	23674	1357	5081122	3914826	1123217919857157
1178604	1158258	20346	503	3286936	2450678	1123217924652373
1322076	1300816	21260	3001	8413032	7576824	1123217934717753
672790	648914	23876	4432	11089562	9786818	1123217946810357
1079138	1055578	23560	3206	8870454	7743210	1123217957090645
1170366	1132726	37640	901	3996932	3223950	1123217962587803
1005008	984238	20770	4711	11405776	10678336	1123217975328339
1059512	1039106	20406	1660	5678108	4629216	1123217982396839
1210194	1165838	44356	689	2818422	2841926	1123217986755465
366354	343180	23174	3718	9890200	8052994	1123217997343573
1179272	1157822	21450	4450	10656762	10330322	1123218009510393
269340	247628	21712	3635	9674208	7794196	1123218019784373
1184590	1162648	21942	1159	4552070	3758096	1123218025851557
0	0	0	0	0	0	0
304530	283554	20976	4644	11666122	9842062	1123218051387317
0	0	0	0	0	0	0
990016	969018	20998	3398	9112812	8043844	1123218066270721
692800	672030	20770	1625	5771540	4195258	1123218073065437
1163440	1142742	20698	3388	9165738	8189718	1123218083723979
1182074	1162190	19884	2588	6624434	6617560	1123218091860539
1187964	1167116	20848	4440	11187722	10320404	1123218104566385
433360	410932	22428	2426	7086126	5535088	1123218112415717
1231784	1156660	75124	1390	4228292	4272862	1123218118206073
0	0	0	0	0	0	0
1185558	1163724	21834	3612	9823278	8662472	1123218133351711
819130	768362	50768	3997	9939978	9063492	1123218144441211
432048	411330	20718	1515	5396118	3711472	1123218150640063
4423560	4420976	2584	4807	12025638	14287080	1123218167419489
984666	961620	23046	2226	6718186	5687016	1123218175452617
999774	978576	21198	2777	6991884	6805998	1123218183773543
0	0	0	0	0	0	0
444132	422640	21492	4911	11979388	10516506	1123218202851749
1180686	1159904	20782	1246	4690212	3922796	1123218209052271
1205306	1182384	22922	3597	9407796	8649162	1123218219994813
1182508	1161754	20754	3397	8716506	8231166	1123218230243939
1207036	1158220	48816	1898	6243358	5252594	1123218238024413
785822	762936	22886	3990	9449150	9019422	1123218248595169
1182794	1160230	22564	1573	5466162	4580306	1123218255574019
1269882	1241262	28620	2998	7436232	7517814	1123218264611085
783164	760074	23090	4025	10319334	9082198	1123218276044237
0	0	0	0	0	0	0
654988	634414	20574	4058	10491342	9023948	1123218292507949
852036	828942	23094	2849	7986414	6800562	1123218301676931
1186058	1164208	21850	2038	6596294	5514388	1123218309788885
799602	777034	22568	2576	7349594	6206130	1123218318268397
1184942	1160656	24286	1794	6077394	5026028	1123218325861665
719528	696622	22906	3309	8896356	7590728	1123218335808193
366514	345724	20790	1021	4174260	2662856	1123218340679117
1180044	1158584	21460	2521	7228804	6474106	1123218349418571
1133144	1112692	20452	256	2581434	1897884	1123218353463657
493338	471856	21482	1647	5890404	4061710	1123218360177799
772788	751738	21050	3051	8583352	7123482	1123218369869149
1181908	1158454	23454	82	1307596	1599594	1123218372688305
714430	692070	22360	3606	9599544	8177756	1123218383332739
431712	410580	21132	1823	6153840	4330128	1123218390247965
1184204	1162190	22014	2797	7758024	7027642	1123218399520411
1178426	1156448	21978	2847	7999158	7123406	1123218409028537
1188412	1165548	22864	4533	11272368	10505558	1123218421820405
710654	689372	21282	2314	6957512	5592758	1123218429818625
947438	926004	21434	1416	4267552	4033006	1123218435363349
602914	580406	22508	4815	11554766	10483622	1123218447850717
1178030	1157272	20758	1925	6180876	5279632	1123218455539765
1177968	1157446	20522	804	3063582	3040038	1123218460111687
1196394	1164244	32150	3314	8925314	8075484	1123218470570005
1209302	1163228	46074	3590	9323530	8640310	1123218481432829
434374	411728	22646	4213	10933954	9120046	1123218493131799
1377780	1176232	201548	4843	12030240	11314004	1123218506869157
1183644	1162882	20762	2107	6352376	5650918	1123218514734919
1068012	1046826	21186	466	3074230	2250594	1123218519207253
324642	302210	22432	165	2696810	908348	1123218522560097
731530	710744	20786	3640	8407206	8264348	1123218532028727
1180954	1160164	20790	929	4188854	3288452	1123218537734093
1180082	1158952	21130	4618	11201386	10666674	1123218550445113
661772	641046	20726	3585	9167122	8081738	1123218560604693
731474	711806	19668	169	2653906	1319036	1123218564320385
5816510	5813778	2732	887	2915090	7841638	1123218573383371
1182504	1158814	23690	3960	10055044	9356352	1123218584951281
1198722	1177618	21104	1222	4565716	3894634	1123218591045429
532354	509652	22702	256	2706012	1293002	1123218594615037
1193790	1168914	24876	2861	7357014	7165886	1123218603496457
471060	449426	21634	1736	5915808	4201216	1123218610213639
1327748	1304748	23000	747	3769316	3073364	1123218615650269
1028476	968950	59526	4831	11865400	10941172	1123218628874899
869446	847602	21844	3066	8690916	7251348	1123218638765773
1029782	1008052	21730	3173	8854100	7627460	1123218648980053
500244	478992	21252	840	3911774	2431510	1123218653722499
1119550	1099058	20492	3440	9349202	8253558	1123218664521681
656634	635802	20832	639	3679654	2184698	1123218669188769
1181342	1160378	20964	4969	12548644	11372392	1123218683249383
1230240	1209428	20812	2874	8158558	7228186	1123218692968189
252616	231864	20752	2794	7768482	6092232	1123218701320531
1210014	1159622	50392	1947	6383508	5357160	1123218709243859
1161870	1121582	40288	3675	9719736	8762122	1123218720455639
850178	726194	123984	2683	7665364	6465824	1123218729301833
708626	669774	38852	2129	6757378	5220444	1123218737098233
431770	359846	71924	1178	4525200	3038560	1123218742385339
1177064	1157010	20054	4357	10969778	10141922	1123218754862571
1181026	1157952	23074	2768	7746252	6966930	1123218764120417
897196	875866	21330	1728	5070110	4605806	1123218770426549
1205338	1181990	23348	1345	4972248	4145140	1123218776934669
765924	745038	20886	2397	6228350	5809338	1123218784259185
1438046	1290922	147124	4420	11416036	10530804	1123218797443213
1284536	1264264	20272	4668	11541676	10870590	1123218810599585
1178560	1137144	41416	2509	7324992	6447314	1123218819433537
1183384	1161762	21622	2084	6695922	5608120	1123218827642297
922906	902794	20112	1008	4158224	3192550	1123218833053771
999582	978026	21556	989	4420634	3227470	1123218838804457
1182106	1158120	23986	2209	6881832	5849430	1123218847198877
1202820	1163356	39464	2132	5698932	5727342	1123218854431563
1184752	1162356	22396	529	2189332	2495494	1123218858135457
1209548	1187988	21560	1889	6256584	5240786	1123218865938213
1187200	1165756	21444	480	3156734	2402704	1123218870617847
903528	881178	22350	1836	6266388	4827646	1123218878118077
1188294	1165048	23246	3609	9649414	8656312	1123218889290761
808348	695816	112532	3931	10346772	8920270	1123218900776759
1199674	1165036	34638	997	4270722	3445404	1123218906578045
1183278	1162790	20488	83	2834192	1600674	1123218910925593
1182768	1160018	22750	1970	5228972	5374324	1123218917667003
1178374	1157418	20956	897	3067500	3224904	1123218922242585
1303810	1161700	142110	3170	8608716	7893688	1123218932485977
1100290	1077776	22514	4614	11459918	10578050	1123218945376373
952976	932754	20222	4075	10329554	9354772	1123218956988941
374270	308114	66156	1936	6299268	4495894	1123218963992161
1187102	1166608	20494	3810	8876110	9059336	1123218974394931
1137668	1115480	22188	4699	11724696	10786340	1123218987587423
1195038	1162080	32958	2703	7833250	6854386	1123218996946685
7832658	7830164	2494	571	3372506	9224262	1123219008482263
1179140	1158522	20618	2121	6487844	5671264	1123219016496665
1188910	1166966	21944	204	2926718	1850164	1123219020942385
702180	681670	20510	653	2500144	2264216	1123219024475629
200460	179436	21024	4899	12139668	10249164	1123219037145797
224954	202024	22930	1951	6231204	4376680	1123219043932245
1180700	1157794	22906	1533	4281178	4498246	1123219049729897
1338678	1209832	128846	875	3983716	3343148	1123219055381893
1211318	1159596	51722	1820	5081624	5102260	1123219062004487
478904	459210	19694	1624	4815432	3979706	1123219067634045
1177954	1156850	21104	4226	10214526	9879956	1123219079357011
1044684	1015750	28934	2530	7407526	6354996	1123219088139671
1256178	1155136	101042	287	2966834	2084026	1123219092713121
741032	719300	21732	2017	6753380	5028650	1123219100537921
1034870	877108	157762	4637	11463954	10560170	1123219113365649
1187964	1166082	21882	3099	8287492	7635876	1123219123170699
861498	840574	20924	3072	8405542	7256214	1123219132768111
1209286	1160274	49012	4460	11120310	10380256	1123219145427829
801676	780816	20860	2320	6996816	5690954	1123219153556177
1180948	1159396	21552	3691	10187908	8815104	1123219165255319
572878	550608	22270	3515	9178598	7853814	1123219175337193
292222	270422	21800	1689	5712728	3921722	1123219181672481
1181148	1160018	21130	4036	10246400	9502988	1123219193431339
1187616	1157532	30084	3330	9085158	8096888	1123219204033645
448262	427602	20660	3527	9503610	7753424	1123219214324283
994596	974162	20434	4512	11153530	10269002	1123219226802517
866162	843408	22754	4272	10864270	9660660	1123219238864029
726208	703078	23130	2431	7035626	5838378	1123219246956613
1194682	1163910	30772	1271	4035430	3996240	1123219252516417
1071612	1050412	21200	270	2762880	1864270	1123219256681293
1220098	1199164	20934	1835	6273142	5142330	1123219264505753
1197410	1175472	21938	2272	6760106	5992188	1123219272793025
1230076	1209966	20110	1381	5360276	4245282	1123219279713617
624336	601794	22542	2583	7492320	6044542	1123219288161777
821762	797316	24446	4192	10882602	9457852	1123219300201127
1188580	1163548	25032	4268	10933168	9974686	1123219312657851
573112	551122	21990	2526	6958762	5874186	1123219320520327
735410	712522	22888	4175	9869914	9348028	1123219331456553
1182352	1161260	21092	1343	4768428	4121112	1123219337737459
961750	941026	20724	2034	6396238	5283550	1123219345424801
1178158	1156558	21600	894	3221020	3215964	1123219350153179
1197770	1174170	23600	3835	10149778	9117768	1123219361836717
1045730	1025918	19812	1528	5213280	4355942	1123219368426561
1322868	1172280	150588	3525	8492444	8624878	1123219378571645
1187378	1166048	21330	2292	6839146	6022952	1123219386928131
870334	846716	23618	421	3358550	1965594	1123219391487045
1206664	1185154	21510	1282	3747840	4028246	1123219396771305
216046	180474	35572	1609	5452868	3687380	1123219402770637
1190198	1168596	21602	4497	11073158	10437702	1123219415364679
1049490	1029000	20490	1542	5438488	4383524	1123219422183979
967420	945758	21662	1225	3897430	3667208	1123219427385823
1282590	1261516	21074	3580	9598344	8692498	1123219438596917
1188776	1167206	21570	371	3075218	2181248	1123219443191097
476754	456328	20426	2230	7196764	5193524	1123219451195003
1184268	1160568	23700	2381	6905270	6196664	1123219459614449
1182628	1160600	22028	2057	6579594	5550788	1123219467706753
1061488	1041054	20434	3524	8227202	8361412	1123219477325549
1200126	1177104	23022	2149	6814076	5747698	1123219485670085
1182520	1160284	22236	4944	12373478	11324150	1123219499556369
835676	814336	21340	3449	9165618	7985510	1123219509887483
0	0	0	0	0	0	0
708204	686692	21512	192	2752016	1342132	1123219526479885
1177910	1157902	20008	2481	6084758	6390998	1123219534073525
654806	631612	23194	4389	11392464	9685112	1123219546456283
681892	606608	75284	2949	8053282	6830568	1123219555521339
1240642	1220742	19900	3720	9588334	8931094	1123219566679991
1039746	1018750	20996	4840	12352530	10971682	1123219580402997
1185588	1162878	22710	701	3894038	2838522	1123219585812811
306610	285802	20808	4793	11844212	10146606	1123219598295715
1180324	1159532	20792	2731	7648660	6895650	1123219607455385
1166090	1145336	20754	3654	9749476	8728556	1123219618701091
1185734	1162944	22790	3423	9294084	8282160	1123219629512657
847830	827020	20810	3618	9547254	8334808	1123219640238617
1187346	1166110	21236	937	3317020	3313520	1123219645074111
844314	822702	21612	2350	7036754	5796220	1123219653285059
346200	325722	20478	523	3777626	1649478	1123219657738891
1191788	1168320	23468	45	1539542	1542116	1123219660800481
348064	326340	21724	445	2402716	1487924	1123219663882713
951910	929930	21980	445	3223004	2093214	1123219668388497
727456	704756	22700	4271	11057456	9521572	1123219680503943
511966	489210	22756	4308	10950218	9379676	1123219692296389
1178474	1157098	21376	4659	11867024	10746886	1123219705672771
654290	631942	22348	598	3080518	2101442	1123219709738557
5219186	5215574	3612	2719	8144012	10909430	1123219723431431
1179328	1158196	21132	2527	7271970	6483688	1123219732213437
942774	871452	71322	2390	7212822	5975494	1123219740704845
1188322	1166314	22008	1682	5583194	4803788	1123219747806339
1177284	1157138	20146	1631	4704254	4691180	1123219754017225
1187304	1166784	20520	128	2475428	1694944	1123219758019225
1186346	1164130	22216	4569	10432888	10574386	1123219769974167
214484	193264	21220	126	2512754	716246	1123219773040291
1023508	1003158	20350	87	1613056	1446996	1123219776007291
596996	573636	23360	3824	9083638	8496566	1123219786022731
1180342	1159458	20884	3739	9693186	8909480	1123219797231979
1178930	1157868	21062	3153	8292924	7734222	1123219807034445
837694	813402	24292	318	2817464	1725136	1123219811019245
240484	219356	21128	2058	5411918	4608192	1123219817001979
945574	919232	26342	3238	7764900	7675184	1123219826042961
594168	573550	20618	312	2458588	1467984	1123219829431579
1075550	1054776	20774	3157	7751756	7640746	1123219838588903
782054	761846	20208	3223	9031184	7481536	1123219848733281
525198	504742	20456	243	2779178	1260738	1123219852368407
539890	520152	19738	467	2621740	1728706	1123219855861071
719234	697630	21604	4652	11464900	10277992	1123219868376313
1208004	1185776	22228	4695	11736020	10849468	1123219881650989
655322	634534	20788	762	3830926	2432398	1123219886468279
1182748	1158940	23808	963	4406018	3362126	1123219892387699
931630	910786	20844	400	3083720	1982144	1123219896732523
453490	432296	21194	3189	8860304	7083258	1123219906376305
280950	253582	27368	4682	11635890	9894268	1123219918623631
1197836	1175548	22288	1819	6018152	5085862	1123219926170473
1180312	1160474	19838	895	3229598	3222884	1123219930916929
961932	938980	22952	320	2703108	1853116	1123219934912509
749320	728016	21304	3966	9185264	8942194	1123219945177857
465872	443748	22124	714	3674176	2144792	1123219949648331
764448	741568	22880	2764	8305836	6544526	1123219959048841
1192320	1170126	22194	1471	5311176	4385972	1123219965882693
1194710	1170898	23812	1798	5043144	5043234	1123219972451031
1412814	1169918	242896	3201	8664724	8064552	1123219982859041
838156	817050	21106	1900	5897492	4889642	1123219989924331
740314	718198	22116	4672	10634320	10337056	1123220001634431
272276	250700	21576	153	2613030	832932	1123220004850325
1205114	1182248	22866	3198	7559960	7854666	1123220013945105
862650	842632	20018	588	3526030	2289372	1123220018668577
1182164	1160338	21826	2721	8092120	6877888	1123220028274037
333082	312652	20430	1103	4443150	2789326	1123220033380929
1209482	1162526	46956	2384	6903164	6229664	1123220041823265
1191298	1162158	29140	2908	7788652	7256604	1123220051133029
1182458	1161398	21060	372	3290604	2175958	1123220055936113
1180942	1155650	25292	3139	8904460	7711788	1123220066356567
1219460	1164480	54980	1263	4718040	3996488	1123220072624985
273216	249630	23586	2561	7384888	5644136	1123220080612683
1017074	997010	20064	1519	4480504	4312244	1123220086440497
1002710	981204	21506	1868	6142970	4989286	1123220093916111
488950	466652	22298	3472	8428142	7693024	1123220103172271
1176874	1154948	21926	4907	12061852	11242212	1123220116740077
703318	682204	21114	4167	10585212	9286322	1123220128358439
1138718	1116822	21896	951	4531110	3294114	1123220134359791
1191542	1168560	22982	1851	6094886	5142808	1123220141976557
1286372	1265496	20876	1590	4534754	4726734	1123220148133383
1297042	1166544	130498	589	2615136	2727672	1123220152379971
1187496	1165492	22004	195	2820768	1828218	1123220156718413
954516	932238	22278	2721	6629364	6650966	1123220164633337
0	0	0	0	0	0	0
1261632	1165210	96422	2388	7038508	6287576	1123220181474363
372560	349402	23158	4887	16185068	10399344	1123220198363177
732394	709598	22796	4998	12205158	10977554	1123220211630903
443666	421022	22644	1048	4365708	2794640	1123220216770123
816058	792216	23842	388	3217572	1842776	1123220221134481
713336	692792	20544	4060	11120178	9090730	1123220233297697
1188002	1168176	19826	918	4249498	3275154	1123220239066305
664874	644752	20122	3950	9911778	8814190	1123220249973121
327982	306900	21082	3299	8794892	7176468	1123220259430133
1250076	1223764	26312	2518	7217662	6536518	1123220268228125
1180822	1160342	20480	1972	6329250	5377776	1123220276068823
312492	276720	35772	2965	8208190	6492126	1123220284940413
599454	578906	20548	4362	11183898	9575570	1123220297053331
1080866	1061074	19792	4345	10958664	10020356	1123220309422633
223800	202104	21696	252	2806960	979108	1123220312783509
890372	867838	22534	2260	5815812	5664416	1123220319820081
913108	886892	26216	3056	8725428	7278522	1123220329788739
740142	639804	100338	1249	4983230	3490998	1123220335841703
1183276	1161778	21498	3482	9102620	8403416	1123220346458793
1208450	1160482	47968	578	3418032	2615098	1123220351415873
1184710	1162798	21912	3726	9755534	8889730	1123220362686085
1178492	1156924	21568	432	3021284	2292170	1123220367215841
1178616	1156928	21688	1476	5657590	4387778	1123220374381899
1177350	1157562	19788	1578	5339802	4583156	1123220381228583
602060	581114	20946	2249	5810392	5352844	1123220387971237
597398	576010	21388	4532	11366202	9910992	1123220400270509
1186636	1164732	21904	38	1950712	1513168	1123220403907669
298500	215416	83084	701	2531840	1951614	1123220407075531
1184856	1164838	20018	2883	7597640	7201542	1123220416187777
857810	835554	22256	3978	10113802	9064302	1123220427496711
937632	916504	21128	3495	9316340	8177078	1123220438080425
1177684	1157088	20596	3730	9904462	8887654	1123220449498393
1183492	1160942	22550	4538	11276562	10509680	1123220462288125
1234830	1162538	72292	1181	4349708	3846914	1123220468203379
244360	221444	22916	2714	7288422	5927168	1123220476072887
464284	441504	22780	1225	5056662	3166844	1123220481928771
1177654	1156664	20990	2628	7801366	6686116	1123220491258071
696274	604934	91340	4001	10239950	8948100	1123220502524589
1197070	1173446	23624	1268	4603768	3986278	1123220508655325
1180806	1159856	20950	1116	4448364	3664160	1123220514615023
1145470	1120952	24518	4282	10044476	10002080	1123220526135611
747266	724566	22700	493	3392330	1984160	1123220530611373
1194858	1172224	22634	556	3668368	2559494	1123220535804903
208656	185698	22958	4864	12025304	10192208	1123220548368637
1178084	1157452	20632	3641	9413106	8710868	1123220559289991
1187870	1166028	21842	3694	9673044	8826060	1123220570481711
259136	238510	20626	3797	9820762	8103470	1123220580890831
289540	267606	21934	360	3280418	1261928	1123220584791217
989746	968890	20856	3414	7970094	8073954	1123220594081353
1038514	1017642	20872	2952	7953688	7192402	1123220603424053
1178718	1157016	21702	4922	12155154	11272056	1123220617088161
569028	548384	20644	998	4263072	2815486	1123220622250459
1029178	1006894	22284	2081	6245768	5444122	1123220629854539
1185384	1165018	20366	121	2537534	1677344	1123220633906689
879208	855712	23496	741	2694882	2611342	1123220637816433
1182726	1159960	22766	2532	7144328	6504960	1123220646473931
1182478	1160050	22428	1722	5901130	4879596	1123220653887673
1185936	1163790	22146	58	2151756	1572912	1123220657561097
703416	560312	143104	1754	4988448	4459874	1123220663582493
297918	277518	20400	2074	5283668	4697940	1123220669494943
1073700	1051706	21994	2597	7727460	6524412	1123220678626685
1184944	1162118	22826	2080	6196034	5598028	1123220686337859
857082	837310	19772	1836	12199326	4781890	1123220699723879
315428	294932	20496	130	2564484	830008	1123220702934233
399678	338670	61008	2069	5562910	4787502	1123220709226413
1179452	1157606	21846	2678	6846000	6788692	1123220717582161
1195242	1169692	25550	4911	11959676	11266958	1123220731065837
570758	548544	22214	1080	4357732	2981866	1123220736325267
354838	332886	21952	967	4183772	2538730	1123220741193331
1177620	1157236	20384	2463	7622226	6360920	1123220750324071
856496	833914	22582	1022	4244430	3151000	1123220755754909
417000	396058	20942	3603	8641708	7872974	1123220765143321
651168	426588	224580	1355	4891656	3610662	1123220771015433
1188816	1160694	28122	3710	8866154	8860550	1123220781401047
1181446	1160176	21270	4999	12334538	11429624	1123220795247557
666774	645480	21294	3502	9574932	7924286	1123220805818783
0	0	0	0	0	0	0
246688	224164	22524	2809	6897746	6113796	1123220817486659
676900	655896	21004	1627	5438040	4183612	1123220823930777
1194986	1172690	22296	2610	7597614	6666550	1123220833058817
1179094	1157560	21534	3908	10266372	9248280	1123220844834843
1253394	1165074	88320	288	2715710	2080864	1123220849135133
1129486	1108624	20862	3458	9696416	8301292	1123220860291109
1181314	1160572	20742	299	2920800	2029604	1123220864722893
1171676	1150634	21042	986	4768878	3396438	1123220870993211
675472	653988	21484	2761	7768008	6446958	1123220879766939
1244098	1221476	22622	3415	9340058	8327222	1123220890681447
802904	774986	27918	1169	4497636	3390524	1123220896312277
1190120	1167776	22344	2529	7370634	6498674	1123220905203411
1183714	1161902	21812	2766	7876140	6968014	1123220914594943
1180920	1158960	21960	3818	9997502	9067210	1123220926104045
1179948	1157264	22684	1750	5838416	4929852	1123220933460977
788158	767506	20652	2372	5939990	5785118	1123220940519177
1183028	1162222	20806	1229	4523474	3893406	1123220946556029
1177636	1156756	20880	4289	10738502	10006140	1123220958802517
1180744	1156972	23772	3973	10177032	9375616	1123220970491513
1186364	1158852	27512	3125	8827164	7688926	1123220980835099
1004330	980808	23522	1993	6344536	5241752	1123220988514971
833478	812060	21418	1045	3529404	3181874	1123220993208093
941550	919974	21576	4853	11601554	10897738	1123221006082081
0	0	0	0	0	0	0
1182688	1160062	22626	615	3964648	2665976	1123221015901125
298410	277608	20802	392	3032142	1336146	1123221019568817
703818	683446	20372	1915	5271318	4785704	1123221025874193
1202884	1179728	23156	3939	10013856	9335534	1123221037421165
611884	591178	20706	2399	6967746	5661000	1123221045332073
1191260	1170344	20916	503	2453728	2450956	1123221049307465
532100	510760	21340	766	3729658	2314816	1123221053900257
1411402	1261988	149414	256	2715160	2186430	1123221058361527
1309084	1276948	32136	2662	8026500	6886432	1123221068027121
1180116	1159982	20134	4682	11538266	10793546	1123221081082085
1179148	1156972	22176	2947	8186868	7322982	1123221090779053
960360	938938	21422	3937	9240390	9087162	1123221101310153
1214390	1161528	52862	1218	4772460	3902120	1123221107628131
1191370	1158968	32402	367	2126674	2175480	1123221111277069
1156430	1123812	32618	4643	11471652	10693008	1123221124236033
1201108	1165004	36104	3985	9957154	9422360	1123221135724663
967338	945790	21548	1715	5746174	4652174	1123221142768805
1317552	1166966	150586	948	3213196	3470268	1123221147630967
1178244	1156762	21482	1741	5772714	4917836	1123221154911657
1189020	1167558	21462	3084	7693196	7609202	1123221164124351
815002	794606	20396	1612	5476716	4289084	1123221170752279
1093660	1072398	21262	82	1600976	1509512	1123221173776929
1048342	1024762	23580	541	3236510	2386188	1123221178391573
754570	733786	20784	1064	4621066	3134664	1123221184097713
1185852	1162940	22912	1438	5002142	4310724	1123221190630965
1186986	1165704	21282	4076	9434014	9595920	1123221201582051
1315656	1158294	157362	224	2328174	2015044	1123221205556663
337606	314960	22646	447	3314378	1490320	1123221209538573
1169090	1012036	157054	757	2654302	2936636	1123221213692029
733464	710334	23130	4618	11747560	10333550	1123221226502305
1213940	1192506	21434	436	3031856	2336208	1123221231078801
1234416	1160988	73428	3427	9335424	8340578	1123221241979151
652304	631830	20474	270	3161724	1442316	1123221246129011
284588	262230	22358	3861	8853142	8256440	1123221255605229
537772	517266	20506	2504	7392160	5799800	1123221263864349
890760	870330	20430	748	2962294	2645906	1123221268047285
1182196	1158968	23228	979	3394616	3390778	1123221272958677
586224	566264	19960	2357	6780996	5553860	1123221280656653
1181476	1160922	20554	43	2253268	1517672	1123221284421903
1119172	1097720	21452	4633	10361228	10635108	1123221296231497
1221592	1199178	22414	2468	7340260	6408636	1123221305123829
1014138	993526	20612	1151	4783792	3568000	1123221311252369
1339070	1303696	35374	3447	8999368	8486342	1123221321921231
1182672	1160608	22064	3099	8723792	7632592	1123221332162749
1182058	1160340	21718	1272	4766756	3976620	1123221338448045
1192800	1170136	22664	4199	10575522	9841962	1123221350546745
1317442	1296970	20472	1753	5601434	5075146	1123221357795293
1198690	1173718	24972	3094	8494198	7640194	1123221367818453
479448	456420	23028	2978	9663770	6685168	1123221378291121
203484	177734	25750	4698	10831740	9851712	1123221389657113
1251372	1163030	88342	3538	9377962	8590120	1123221400616893
577666	555432	22234	1790	5927958	4407414	1123221407453145
1054394	1032456	21938	184	1851932	1675152	1123221410689847
1105024	1079496	25528	2449	7171388	6253944	1123221419296443
1184448	1162768	21680	4167	10590530	9770784	1123221431401723
1180754	1159374	21380	2790	7632784	7010670	1123221440546025
1192420	1171342	21078	8	1471896	1465414	1123221443541385
1209108	1187024	22084	345	2938432	2149704	1123221448018289
1184190	1163074	21116	2434	7530942	6305892	1123221457069277
1177926	1158044	19882	1518	5249198	4463866	1123221463826989
944224	922802	21422	3876	8851850	8948664	1123221473953185
223874	201932	21942	475	3088666	1429760	1123221477600853
536920	515192	21728	628	2482352	2042780	1123221480949885
1192824	1171886	20938	3792	8719648	9031426	1123221491191705
831122	809780	21342	2114	6527524	5309138	1123221498879917
1196458	1175692	20766	2550	6537222	6548024	1123221506943197
1199376	1178958	20418	138	2425798	1726050	1123221510898085
673142	649078	24064	4150	9416474	9227474	1123221521317773
1103466	1081236	22230	2659	7612848	6672676	1123221530364037
1186092	1165418	20674	1973	6326788	5386224	1123221538206599
1181632	1160102	21530	3768	9963352	8968862	1123221549686043
1177534	1157536	19998	4173	10349988	9774468	1123221561543833
1069574	1048998	20576	2066	6305272	5455476	1123221569249819
341822	320650	21172	157	2416388	908906	1123221572338051
1255678	1230646	25032	3739	8916138	8986868	1123221582839833
414404	392540	21864	2993	8363388	6650844	1123221591948465
1179142	1157632	21510	728	4131960	2890400	1123221597595207
1179986	1157624	22362	183	2474522	1796312	1123221601580029
256778	235574	21204	4562	11688876	9633994	1123221613856679
642536	621704	20832	1618	5429018	4132438	1123221620258439
656692	636214	20478	970	3380254	2849426	1123221624626509
1179320	1158058	21262	4618	11408072	10665822	1123221637543085
1185008	1161660	23348	358	2943798	2151286	1123221642002705
1189580	1168982	20598	1157	4541398	3757096	1123221648087277
1176934	1156290	20644	3241	8656934	7908448	1123221658402519
783184	760718	22466	4692	11581018	10416904	1123221671096693
881778	860862	20916	411	3192834	1954002	1123221675501257
1045064	1025396	19668	546	3657392	2394764	1123221680534525
1185612	1162190	23422	3644	9672270	8727036	1123221691722973
749156	727882	21274	4623	11599666	10250396	1123221704402401
369082	345132	23950	2433	7190214	5485452	1123221712292253
833150	811736	21414	3730	8898776	8547450	1123221722354251
1191396	1166692	24704	3606	9638014	8655568	1123221733514433
1211872	1163320	48552	3548	9358212	8558766	1123221744414853
1297702	1163636	134066	901	3869512	3352364	1123221749912629
1305438	1282840	22598	193	2838254	1942902	1123221754396321
1184798	1163448	21350	897	2945152	3237812	1123221758855601
700382	679450	20932	687	4036320	2327580	1123221763923201
1180690	1160144	20546	4937	12444136	11307894	1123221777883379
1188592	1166632	21960	895	4277342	3231184	1123221783685273
1181108	1157258	23850	4204	10967118	9842626	1123221796163659
1286566	1262684	23882	1193	4778820	3923716	1123221802565089
422210	401040	21170	1157	3606190	2988856	1123221806924721
708546	686666	21880	1775	5787628	4509364	1123221813750997
324180	184584	139596	3359	11941316	7295862	1123221826346537
1127582	1106336	21246	2438	7273794	6253588	1123221835077873
1182840	1162108	20732	912	4403984	3259864	1123221840995057
634226	612764	21462	3817	10078534	8519612	1123221852038377
1220154	1197958	22196	1772	5764672	5015414	1123221859362219
1193984	1173330	20654	834	2772274	3114216	1123221863658031
1178078	1156654	21424	2446	7101842	6320080	1123221872268087
776548	755650	20898	3018	8698260	7065826	1123221882072437
1045568	1024076	21492	1080	4480224	3454816	1123221887933425
1270576	1243704	26872	326	2454944	2173946	1123221891998419
1192826	1168822	24004	2323	7353874	6090106	1123221900882577
1176332	1155850	20482	168	2385236	1764492	1123221904774081
702478	681678	20800	2089	5483710	5138112	1123221911292153
1115476	1093278	22198	2884	8187400	7134250	1123221920925105
1188310	1167848	20462	2153	5423320	5751490	1123221927867883
1200510	1167454	33056	2873	8029372	7196086	1123221937427985
1182978	1158586	24392	4577	11410770	10587014	1123221950352377
404190	382532	21658	2046	6280196	4746414	1123221957367503
1170866	1149000	21866	3282	7713250	7988452	1123221966582133
508052	485954	22098	2183	6845144	5127380	1123221974265245
1191504	1169940	21564	1024	4222724	3489634	1123221980010697
596814	575574	21240	3381	8944220	7609616	1123221989887931
1182788	1161792	20996	2619	7525130	6671138	1123221998931789
354166	332866	21300	2207	6746714	5021250	1123222006363145
1094410	1071916	22494	2764	7901268	6873240	1123222015689313
371796	350384	21412	1235	4240748	3092164	1123222020632677
1193186	1170222	22964	4500	11131540	10443034	1123222033287927
1185130	1162264	22866	2002	6272970	5438794	1123222041075865
1167584	1142614	24970	758	2622412	2935618	1123222045196253
1229632	1163698	65934	1917	6170852	5314210	1123222052928241
1189578	1167788	21790	4866	10898814	11179466	1123222065346109
1181918	1159484	22434	1565	5631980	4564260	1123222072490391
1180774	1158770	22004	2710	7703434	6850320	1123222081705205
1092432	1070942	21490	3802	8827610	8949690	1123222091954763
1284414	1166548	117866	3889	9999636	9312034	1123222103574663
1187174	1166460	20714	1803	6193486	5045848	1123222111285353
1195288	1172014	23274	3098	8444600	7642480	1123222121255385
438570	417994	20576	377	3263516	1442352	1123222125286651
1176728	1155362	21366	2894	7069136	7214132	1123222133862773
666418	385776	280642	1815	5796658	4554686	1123222140656385
467846	442496	25350	697	2838716	2116316	1123222144293779
936404	915486	20918	2187	6723292	5561834	1123222152284299
1280924	1258756	22168	3418	8285092	8369974	1123222162180753
1178848	1157958	20890	1080	4485282	3588684	1123222168182583
392264	370504	21760	4588	11382946	9818630	1123222180293879
266748	223196	43552	1679	5827484	3875770	1123222186718369
647256	625870	21386	3070	8335682	7038352	1123222196030807
1182114	1161556	20558	785	3949350	3001276	1123222201497621
218318	198260	20058	2971	8186744	6410990	1123222210231765
367456	343984	23472	1889	6439332	4398438	1123222217368817
354990	333268	21722	3379	8930242	7362996	1123222226986289
456690	435282	21408	1766	5916074	4238400	1123222233689971
1200756	1161864	38892	3274	7699578	8000726	1123222242919925
1177688	1156638	21050	1153	4502810	3735962	1123222248930801
757502	735378	22124	1844	6002182	4696574	1123222256020623
1180144	1159596	20548	4103	9340582	9637992	1123222266877189
650464	628198	22266	2491	7403508	5882824	1123222275261425
592800	572256	20544	2528	7711038	5904864	1123222283895643
1036980	1016156	20824	2361	6951796	6008670	1123222292219823
1183114	1161662	21452	3613	9720858	8663094	1123222303453829
972004	932430	39574	4592	11509708	10407630	1123222316266641
0	0	0	0	0	0	0
1189424	1167114	22310	4848	11892594	11135278	1123222339609859
8960796	8958262	2534	965	4493178	11147048	1123222353393223
1180896	1159674	21222	2984	8354934	7399320	1123222363259197
1083078	1062462	20616	3223	8787702	7779600	1123222373459285
563806	540930	22876	2530	7025618	5873744	1123222381377933
1185976	1162154	23822	2681	6810040	6808390	1123222389704085
778110	615484	162626	1560	5329494	4155822	1123222396142165
1177644	1155268	22376	3364	8615166	8159936	1123222406287633
1181752	1159020	22732	3365	8797556	8164478	1123222416597625
726034	445766	280268	3213	8966186	7404570	1123222426619809
1179068	1158264	20804	1309	5001104	4047468	1123222433130817
1233742	1168724	65018	3605	8459106	8696044	1123222443153457
345468	324552	20916	360	2957042	1314250	1123222446787119
1181638	1160032	21606	4757	10684758	10950762	1123222458983239
1183082	1161712	21370	142	2442378	1719608	1123222462938611
1138106	1116046	22060	2001	5457154	5400536	1123222469863585
1293770	1271710	22060	3810	8755166	9165994	1123222480243177
1072114	1047370	24744	1020	4168396	3362902	1123222485985441
1190332	1168490	21842	3852	9020472	9143060	1123222496533601
586376	566482	19894	56	2304368	947278	1123222499755625
1180740	1160018	20722	4159	9943302	9747926	1123222511209921
1197298	1165528	31770	3229	8408688	7905968	1123222521146397
998514	977784	20730	375	3040042	1998842	1123222525515579
571530	550688	20842	1427	5597890	3677380	1123222532014529
1046858	1024576	22282	3318	8985908	7932966	1123222542385777
1102330	1082532	19798	88	1613268	1530020	1123222545431217
1178222	1157608	20614	3309	8977142	8046664	1123222555917045
1083150	1059770	23380	4516	11113736	10371396	1123222568449859
1228912	1173326	55586	4325	10968800	10128556	1123222580977565
206420	177790	28630	1821	5809100	4099428	1123222587323031
1193660	1169652	24008	52	1549408	1549924	1123222590396213
1180268	1159792	20476	4542	11161856	10517792	1123222603068727
923280	901956	21324	291	3070100	1758130	1123222607391705
1091444	1070524	20920	3259	9164064	7866894	1123222617977819
1085050	1064534	20516	4029	10312164	9392264	1123222629711311
820734	799472	21262	4554	11502440	10182018	1123222642364885
1210732	1189174	21558	2045	6381820	5553776	1123222650286825
866034	843902	22132	2378	7269978	5871624	1123222658752093
1004970	983762	21208	3803	9057534	8870378	1123222669144949
1182826	1160436	22390	2660	7734102	6752530	1123222678392737
990010	907918	82092	4020	10296672	9283024	1123222690009825
187692	166052	21640	3310	8819678	7057380	1123222699353399
1242054	1160314	81740	3669	9556126	8830772	1123222710481705
1184506	1161628	22878	3489	9116738	8412222	1123222721114117
590160	568724	21436	640	3176748	2120172	1123222725211697
1188092	1165830	22262	1712	6154042	4869160	1123222732883551
1278066	1257312	20754	2758	7735298	7044304	1123222742227497
229728	206446	23282	1168	4609422	2816670	1123222747397121
1185382	1162578	22804	780	3990626	2996206	1123222752902725
1188002	1166366	21636	278	2918170	1994476	1123222757339329
1182344	1159902	22442	4858	12208972	11150384	1123222771061569
1291308	1162296	129012	2826	7513806	7193796	1123222780196445
516758	385824	130934	2268	7002630	5306558	1123222788051811
1480164	1353398	126766	3785	9915426	9300380	1123222799783169
1182092	1158316	23776	4697	11587002	10833456	1123222812883011
1198002	1173868	24134	2197	6728364	5842978	1123222821140823
1177366	1155796	21570	4071	11025766	9577022	1123222833674103
914132	893066	21066	3753	9987628	8671826	1123222844906777
664870	644042	20828	1188	4798584	3291418	1123222850699459
1179036	1157024	22012	1912	6191488	5253780	1123222858399565
1184500	1161954	22546	698	2759638	2834182	1123222862675037
683932	662900	21032	2219	6708708	5372560	1123222870398405
1187122	1165536	21586	4056	9552748	9550778	1123222881469471
614236	593746	20490	2425	6882496	5714222	1123222889296579
1198852	1172964	25888	2190	5816974	5831972	1123222896643117
1131750	1109414	22336	308	2823264	1997580	1123222900943985
0	0	0	0	0	0	0
1071054	1050168	20886	1406	5144724	4136680	1123222916247177
1198024	1161368	36656	1209	3856946	3868602	1123222921632097
1180542	1159378	21164	2610	7603726	6657746	1123222930746525
719882	691242	28640	201	2438284	1373056	1123222934235847
872118	846318	25800	1784	5002240	4691720	1123222940440069
1182260	1158544	23716	2659	6449730	6753232	1123222948402103
1251358	1173612	77746	2130	6791016	5765446	1123222956775153
1283512	1165210	118302	1284	5012316	4102238	1123222963401253
1179100	1156726	22374	2430	6302234	6292362	1123222971212791
1189796	1166506	23290	4695	11439872	10830098	1123222984173397
1190710	1169198	21512	4905	12039770	11250784	1123222997740225
1324710	1172916	151794	2076	6454880	5731098	1123223005850151
1206398	1183022	23376	2692	6761806	6849692	1123223014147793
1186724	1164714	22010	3880	10503674	9199874	1123223026174005
1294006	1163356	130650	3979	10544778	9502982	1123223038363207
1382668	1164516	218152	4091	10562134	9815550	1123223050637751
585892	565076	20816	551	3521450	1937322	1123223055074943
1094456	1037142	57314	1069	3414094	3491462	1123223059913479
1240292	1156634	83658	3150	8957456	7793114	1123223070447269
1109960	1088258	21702	3413	9189062	8186506	1123223081076833
498108	477592	20516	1759	5930344	4266148	1123223087834929
1202966	1182088	20878	1770	4673830	4995776	1123223094041761
240432	218512	21920	4588	11377342	9666962	1123223105995125
725898	704412	21486	1953	5699456	4882382	1123223112758523
1180140	1155404	24736	4215	9864338	9861024	1123223124132691
1204124	1164322	39802	4713	11721502	10881036	1123223137396557
395424	372986	22438	2835	7851094	6316242	1123223145973791
1181060	1159692	21368	308	3304422	2050362	1123223150795391
184694	162392	22302	4377	11584352	9191938	1123223162894929
1181990	1161574	20416	2844	7971060	7119824	1123223172378171
857160	834972	22188	137	2475020	1381270	1123223176041329
982674	961968	20706	1670	4778650	4572942	1123223182136801
1180714	1160004	20710	4240	9921794	9913392	1123223193574739
1180438	1158180	22258	4037	10397530	9509024	1123223205482339
1013336	992648	20688	3400	9232808	8067540	1123223216057213
225814	203264	22550	120	2750898	719524	1123223219391665
355274	334034	21240	2891	7237740	6389606	1123223227315005
1180384	1159912	20472	3402	8904778	8235978	1123223237730081
521366	501250	20116	4914	12171422	10602886	1123223250752931
1178060	1157362	20698	4014	10381606	9456930	1123223262643531
