# Loop @ Start frequency 2100000Hz took 1012.60 cycles
# Interval [1011 ; 1014]
# Q1 : 1008 ; Q3 : 1012
# Loop @ Target frequency 3800000Hz took 708.34 cycles
# Interval [707 ; 709]
# Q1 : 706 ; Q3 : 708
# Confidence intervals do not overlap, alternatives are statistically different with selected confidence level
Change time (with write) [cycles]	Change time [cycles]	Write cost [cycles]	Wait time [us]	Time since last frequency change request [cycles]	Time since last frequency change [cycles]	Detected frequency change timestamp [cycles]
1676480	1640194	36286	3567	271132716	271452580	1123724716454857
1105000	1082412	22588	4812	10670144	10967136	1123724728419271
1027404	1007362	20042	907	3336508	3080124	1123724732969683
1032520	1012558	19962	3036	7490914	7347502	1123724741678683
639508	617308	22200	4996	11403380	10868678	1123724753907631
1775090	1642570	132520	2463	5914594	6939412	1123724761783117
1327650	1306112	21538	4156	9733376	9866136	1123724773017571
1593440	1572468	20972	3982	9392812	9799086	1123724784189335
1274862	1252842	22020	4075	9130862	9662728	1123724794780667
1574044	1553526	20518	3998	9406716	9807812	1123724805947745
1631354	1588796	42558	3427	8268408	8722282	1123724816033007
1380978	1361076	19902	2191	5746830	5989230	1123724823334545
1795718	1669946	125772	4544	9981032	11126150	1123724835297175
1372932	1352346	20586	3891	9134324	9393486	1123724845990333
1585484	1561108	24376	4101	9616936	10026156	1123724857378813
1628728	1587648	41080	3295	7632380	8464212	1123724866826011
1572518	1552114	20404	2535	6491432	6884194	1123724875075733
1207402	1176468	30934	27	1503418	1499940	1123724877972537
1467238	1439878	27360	2511	6236714	6726812	1123724885862349
1478294	1458302	19992	4626	10668750	10968680	1123724898195269
1432648	1412236	20412	4697	10757678	11065174	1123724910571551
1510172	1488980	21192	4859	10703300	11465324	1123724922970989
1454800	1433432	21368	1572	4569864	4841158	1123724929181575
526550	507238	19312	447	2305214	1657996	1123724932199297
1674966	1654678	20288	3556	8388214	9012374	1123724942445577
1832516	1739816	92700	4871	11081326	11800276	1123724955533127
762080	739774	22306	3275	7315422	7563696	1123724963796603
826122	806706	19416	1540	4076258	4144770	1123724968884617
1280818	1259186	21632	3078	7572164	7678048	1123724977923257
1469768	1450164	19604	1572	4587544	4851082	1123724984166143
1603208	1583456	19752	1286	3986784	4412886	1123724989941505
1748268	1726404	21864	4158	9277132	10302678	1123725001152511
647090	627530	19560	156	1724194	1197632	1123725003709293
1356814	1336008	20806	590	2594638	2773550	1123725007846997
1402188	1380552	21636	1788	4987436	5216166	1123725014422349
1575520	1553442	22078	4822	11013986	11455722	1123725027197539
1182202	1162748	19454	271	1958818	1960864	1123725030524239
1114538	1093880	20658	2722	6868092	6796590	1123725038704481
1646158	1617010	29148	3041	7625334	7970082	1123725048162051
1132020	1109984	22036	1519	4455788	4407594	1123725053935869
1572958	1551652	21306	1506	4424342	4822988	1123725060118749
949418	927144	22274	4306	10023370	9799806	1123725071277105
563832	543196	20636	3273	7956930	7346974	1123725079983437
1993954	1973018	20936	1904	5224512	6039708	1123725087387571
1332998	1312566	20432	2294	5830832	6158058	1123725094736519
1578222	1558544	19678	1597	4753618	5013360	1123725101253665
1968586	1947864	20722	2113	5188082	6431576	1123725108596029
941822	922406	19416	412	1535540	2002304	1123725111259211
1781274	1757834	23440	138	1688076	2294400	1123725114914649
1797550	1700456	97094	3347	7404724	8718002	1123725124290757
1225896	1206978	18918	16	808474	1484900	1123725126501079
1418230	1397930	20300	1746	4832364	5152780	1123725132925451
1817750	1796648	21102	4935	11312230	11928500	1123725146240909
6918816	6915454	3362	3464	8180296	14085010	1123725161529869
1553840	1533396	20444	3745	8955294	9281470	1123725172224767
1580616	1560280	20336	2732	6885512	7283046	1123725180879483
1515054	1493388	21666	1498	4411770	4752968	1123725186991869
1616034	1594868	21166	4146	9709226	10149328	1123725198502777
3556360	3536182	20178	1096	3608002	5985530	1123725205853081
1647828	1625052	22776	1260	3953618	4405566	1123725211640457
996338	975994	20344	4117	9656500	9468838	1123725222478915
918408	898472	19936	2011	5436114	5177814	1123725229018927
1178202	1158772	19430	172	1500034	1761116	1123725231882669
486952	466460	20492	2268	5956304	5261704	1123725238511393
1706206	1685716	20490	4094	9215134	10132342	1123725249618551
1293988	1274378	19610	745	2727924	3021620	1123725253826345
1140938	1120784	20154	2672	5998000	6723930	1123725261151111
775792	612360	163432	3355	8107862	7711544	1123725270207847
1395836	1375362	20474	1239	3324684	4099216	1123725275101875
1436178	1416500	19678	4099	9602374	9862058	1123725286314149
1716888	1696464	20424	3278	7943052	8498398	1123725296150779
1497888	1478944	18944	2673	6149804	7069412	1123725303971753
1573280	1423592	149688	2143	5602506	6086512	1123725311321027
1565884	1546858	19026	1737	4089148	5267000	1123725317149629
1462580	1444220	18360	1406	3742694	4500978	1123725322528307
1810076	1678550	131526	797	2959506	3631380	1123725327471745
821088	802446	18642	643	2266120	2337082	1123725330732741
1400740	1381218	19522	3558	7535310	8756830	1123725339862441
1605872	1584958	20914	4047	9286544	9937474	1123725350941469
277576	256558	21018	882	2600846	2280356	1123725354005125
653342	632788	20554	2473	6378560	5837428	1123725361222859
1596914	1576236	20678	1585	4508566	5005608	1123725367514373
1282846	1220128	62718	2540	6395220	6601252	1123725375378243
1461160	1441714	19446	4264	9945416	10226466	1123725386970355
1560012	1526764	33248	2738	6989674	7263236	1123725395693265
1665136	1644064	21072	2733	6883964	7369720	1123725404428295
1417760	1397834	19926	4271	9955164	10197308	1123725415986865
1616940	1596522	20418	2902	7224516	7658794	1123725425013945
1582000	1558826	23174	3628	8193396	9076564	1123725434974949
1491800	1471518	20282	3111	7520520	7955410	1123725444172681
1180348	1159678	20670	266	1928486	1951132	1123725447467231
1560830	1511266	49564	4833	11085456	11465310	1123725460311501
912394	892602	19792	157	1714998	1453124	1123725463115017
1006194	978022	28172	226	1862070	1683980	1123725466156785
1461332	1428464	32868	1531	4461892	4750110	1123725472253975
1443820	1421856	21964	3004	7507254	7688606	1123725481394457
1760178	1739820	20358	3731	8880602	9459860	1123725492220697
744616	722102	22514	4131	8893996	9243556	1123725502049017
582364	560820	21544	3481	8375524	7782468	1123725511192709
1403504	1383640	19864	587	2586454	2814946	1123725515367875
1088584	1069402	19182	4252	9916294	9830228	1123725526558701
1054976	1036318	18658	3693	8704072	8667730	1123725536491029
1486230	1467896	18334	3638	8687454	8989644	1123725546838219
1585860	1564432	21428	2737	6925636	7289044	1123725555523797
1000018	909782	90236	1854	4592518	4936386	1123725561289893
1179490	1161126	18364	262	1548524	1933644	1123725564191331
1597612	1574238	23374	2312	6040706	6453962	1123725572002669
346082	325522	20560	533	2515258	1648512	1123725575049989
1377136	1349892	27244	3593	8487966	8804706	1123725585100953
1178042	1158338	19704	99	1614362	1614326	1123725588079813
830396	808108	22288	4288	10005880	9645074	1123725599102093
1397670	1377802	19868	4109	9770128	9852704	1123725610455311
1592472	1568094	24378	2408	6032378	6645704	1123725618266057
1726536	1703768	22768	3027	7480388	8017736	1123725627662013
1412800	1393608	19192	4985	10995840	11621958	1123725640256113
1260622	1241622	19000	678	2734412	2843778	1123725644427871
1616826	1596720	20106	2117	5454020	6088540	1123725651684121
646718	626530	20188	2293	5261234	5475292	1123725657777975
1391810	1368586	23224	1789	4545940	5207372	1123725663901015
1424576	1389674	34902	914	3375042	3490826	1123725668885787
1567502	1547764	19738	4153	9723890	10113870	1123725680362585
1686388	1666808	19580	1515	4302938	4952686	1123725686541429
1510052	1490710	19342	1040	2849820	3826846	1123725691087069
1573626	1552370	21256	4496	10484298	10804406	1123725703330559
1705698	1685574	20124	3415	8092894	8772388	1123725713314521
1418690	1398164	20526	4104	9280790	9868414	1123725724199353
1586206	1565088	21118	3390	8249816	8592124	1123725734208879
1520222	1498870	21352	3186	7667728	8131312	1123725743582799
1468376	1446606	21770	4864	10742278	11433340	1123725755978889
676626	655518	21108	3823	9099808	8560544	1123725765941043
1609618	1589834	19784	4098	9610098	10044588	1123725777345997
1192254	1171466	20788	155	1130420	1739406	1123725779854563
1615788	1591856	23932	3875	9146142	9602918	1123725790802043
1579412	1416332	163080	4861	10600772	11540056	1123725803167603
1400336	1378420	21916	2928	7214680	7495056	1123725811968429
895640	873346	22294	110	1676208	1353846	1123725814725737
1663084	1619380	43704	1900	5212950	5700598	1123725821787149
802794	663122	139672	4545	10619118	10129932	1123725833394749
1687448	1665948	21500	3369	7595472	8667354	1123725842863317
9312124	9309190	2934	2297	5684472	14144754	1123725858045911
1213644	1193398	20246	4406	10061870	10263110	1123725869507173
1737408	1593544	143864	787	2973260	3537342	1123725874390893
1426536	1406574	19962	3521	8250026	8693950	1123725884243977
1926404	1907364	19040	2005	5417228	6162518	1123725891763769
933398	914178	19220	1318	3408078	3796406	1123725896278733
1201998	1119018	82980	4294	10074106	10016502	1123725907731229
278782	259170	19612	824	2590608	2153028	1123725910774031
723194	654604	68590	1278	3818204	3504384	1123725915488419
884844	863054	21790	2680	6761278	6470604	1123725923307991
1692872	1674708	18164	1094	3497676	4106070	1123725928671953
677658	658538	19120	3047	7491518	6996972	1123725937014677
1045950	1027172	18778	162	1726864	1598848	1123725939960957
1720112	1701688	18424	1420	4240596	4785606	1123725946095113
679584	659556	20028	1616	4076228	4138228	1123725951024509
1134320	1115632	18688	4621	10645082	10606316	1123725962977171
913366	886744	26622	1886	5174190	4915000	1123725969238169
873352	854658	18694	4189	9780696	9477932	1123725980066049
1606878	1580538	26340	4642	10694898	11117534	1123725992541511
1749364	1628334	121030	2200	5803596	6373664	1123726000267915
893822	873652	20170	4100	9608332	9319952	1123726010946411
1468972	1448774	20198	3859	9138390	9431060	1123726021739467
730250	707034	23216	1704	4820996	4376070	1123726027476721
1615314	1498646	116668	4153	9718150	10159026	1123726038995677
1519698	1500692	19006	3768	8959322	9298052	1123726049659985
1396826	1376622	20204	2718	6845082	7070974	1123726058086947
1772486	1669478	103008	3756	8909010	9510250	1123726068942513
1527830	1503896	23934	1692	4742176	5142892	1123726075385941
626384	605488	20896	4481	10220146	9825254	1123726086418381
1282646	1261668	20978	1863	5139890	5246272	1123726093026637
1464398	1443772	20626	2575	6565464	6855180	1123726101242269
1617322	1596024	21298	1574	4780624	5003314	1123726107825205
1550500	1530182	20318	4855	11050982	11497754	1123726120612251
1295352	1160274	135078	44	1355504	1621004	1123726123449069
1110546	1090844	19702	4716	10845252	10780474	1123726135590217
1705148	1685668	19480	3488	8388062	8918602	1123726145868699
1628266	1607486	20780	2537	6351702	6939986	1123726154033737
1246278	1226956	19322	3773	9091842	9029430	1123726164557689
912776	892002	20774	320	2127662	1789600	1123726167784137
1344888	1204656	140232	1013	3603588	3608750	1123726172930239
1813800	1794294	19506	613	2651376	3281564	1123726177581161
1134198	1111694	22504	4795	10816172	10961610	1123726189717415
1707250	1685944	21306	1000	3413848	3945450	1123726195024441
1845844	1826104	19740	2181	5292828	6444744	1123726202349015
1005982	974724	31258	4979	10692770	11202724	1123726214237053
1610634	1591756	18878	1799	4961212	5447478	1123726220997629
972296	951170	21126	1483	4479408	4165368	1123726226623257
1534304	1514854	19450	1306	4062000	4383956	1123726232405201
1475148	1410692	64456	1083	3590518	3879252	1123726237656043
1656288	1635394	20894	2629	6780914	7151190	1123726246279119
1725388	1620830	104558	847	2918830	3657200	1123726251112161
1427890	1408368	19522	3437	8299062	8538960	1123726261024575
1250240	1228760	21480	2324	6002390	6139368	1123726268462893
810036	790230	19806	2335	5518498	5718050	1123726274976611
1475426	1454800	20626	4813	10583974	11339766	1123726287221897
483502	463312	20190	4546	10061010	9812848	1123726297951813
915224	880872	34352	3083	7219462	7307940	1123726306259451
1628662	1524620	104042	4348	10098146	10551690	1123726318162853
1406448	1386784	19664	1639	4688008	4911096	1123726324430673
1032202	1010862	21340	4708	10741806	10685928	1123726336390337
1574588	1554158	20430	3991	9398648	9794706	1123726347552657
1767530	1620668	146862	895	3041958	3794246	1123726352547521
874720	853922	20798	130	1672608	1371994	1123726355280737
914208	893918	20290	3547	8508010	8246266	1123726364888109
1806808	1673322	133486	2350	6246176	6747990	1123726373126661
1444214	1424766	19448	3611	8251152	8902846	1123726383007989
1746548	1727074	19474	3071	7627858	8125184	1123726392568243
1108942	1060024	48918	3121	7662086	7588088	1123726401524585
1525896	1404456	121440	3537	8594976	8836948	1123726411831329
799768	782038	17730	1541	4482624	4108756	1123726417287189
1547164	1527008	20156	4851	11012624	11476402	1123726430020493
1279150	1258600	20550	3520	8437196	8544812	1123726439910481
1036626	1017060	19566	3752	8717150	8777940	1123726449849921
1159040	1137912	21128	1926	5263558	5248568	1123726456458313
1448886	1429002	19884	4751	10915496	11188432	1123726469008019
805426	784278	21148	2108	5603710	5263526	1123726475602509
1627940	1606842	21098	3409	7807248	8682314	1123726485222917
1807414	1747658	59756	1582	4567036	5197368	1123726491770389
1721132	1700202	20930	1307	3898900	4570372	1123726497576017
1824410	1804642	19768	3269	7957418	8600448	1123726507543239
1119996	1100050	19946	1444	4299994	4245654	1123726513148785
809710	787394	22316	367	2146606	1780788	1123726516290469
1288478	1268960	19518	4526	9314238	10580842	1123726527099185
1473122	1451456	21666	1010	3436142	3730812	1123726532193789
1412074	1392622	19452	3218	7851204	8086558	1123726541642633
1608098	1585356	22742	4507	10684830	10848392	1123726554108585
866996	847320	19676	3592	8851626	8288260	1123726564013387
1575074	1554536	20538	4429	10283654	10671564	1123726576057377
1399728	1377006	22722	2363	5751664	6363224	1123726583394015
950092	930122	19970	3697	8720494	8582480	1123726593250295
1806108	1635188	170920	765	2945910	3574110	1123726598188241
1110600	1090908	19692	3037	7487888	7422822	1123726606972643
1751060	1730890	20170	1186	3787634	4363756	1123726612696997
1176598	1158350	18248	2722	6407856	6848088	1123726620454479
1749162	1506312	242850	2586	5929946	7148314	1123726628307003
1451308	1427656	23652	2562	6525664	6801650	1123726636461185
644562	623236	21326	3618	8650378	8118386	1123726645942321
540370	519870	20500	410	2231888	1597788	1123726648900135
900920	880066	20854	4858	11197808	10859032	1123726661184561
1433678	1413742	19936	1582	4577274	4834924	1123726667381331
970860	950316	20544	3846	9176366	8901056	1123726677714371
850850	826944	23906	3808	8485284	8704202	1123726687236193
1624790	1606308	18482	616	2633674	3083928	1123726691668119
1446632	1427684	18948	730	2860048	3132088	1123726696147957
1400258	1379922	20336	4975	11163490	11577188	1123726708885475
1557562	1538128	19434	3171	7758226	8129964	1123726718374717
1453812	1435660	18152	3263	7933254	8205180	1123726727938875
1602320	1581842	20478	3658	8716832	9145758	1123726738431317
1594254	1576200	18054	2970	7210132	7760142	1123726747409151
2036878	2016198	20680	1899	5242070	6060880	1123726754861829
1069912	1047910	22002	4467	10360900	10246850	1123726766478777
1581320	1455616	125704	4256	9420390	10330818	1123726777666081
570794	551742	19052	1769	4953012	4346084	1123726783375549
1590130	1568984	21146	4276	10103238	10381308	1123726795254801
721998	702388	19610	301	2014534	1561322	1123726798176645
1344238	1324080	20158	3424	8262490	8430116	1123726807968773
1789124	1693456	95668	2861	6671400	7748480	1123726816615601
1150182	1130414	19768	4112	9034908	9611858	1123726826986615
1592686	1572502	20184	4151	9767632	10145772	1123726838533003
1422612	1402516	20096	2256	5751892	6171470	1123726845892881
1714266	1695378	18888	4034	9127306	10020068	1123726856920339
1724816	1703318	21498	4903	10640244	11758032	1123726869458921
1506352	1486824	19528	1688	4903908	5119800	1123726876054417
970696	853956	116740	2109	4991846	5427342	1123726882202671
1543764	1523828	19936	1608	4557390	4998342	1123726888489711
1402946	1244574	158372	962	2926484	3563874	1123726893004867
849484	829092	20392	3338	8095388	7768250	1123726902135345
449976	430504	19472	735	2338968	2156546	1123726905109789
1584652	1553420	31232	1482	4380554	4786196	1123726911260429
956602	934714	21888	3071	7091418	7339824	1123726919494337
1436690	1418874	17816	4014	9439964	9701850	1123726930556193
1496970	1473966	23004	1443	11924298	4621558	1123726944150485
983962	963580	20382	1781	4973486	4784132	1123726950293445
1462934	1433378	29556	2561	6536404	6823558	1123726958482361
1737022	1716902	20120	2849	7125186	7671988	1123726967530333
876850	856346	20504	1244	3927596	3603838	1123726972520191
1505138	1485560	19578	2967	7356762	7677518	1123726981568363
1662432	1641636	20796	1604	4695586	5108478	1123726988111651
938692	917856	20836	39	1490154	1254386	1123726990725869
1571294	1544408	26886	1695	4846528	5188266	1123726997326427
1378418	1358668	19750	4374	9562574	10364382	1123727008453469
1514732	1492718	22014	3531	8485986	8814902	1123727018639683
714412	694666	19746	2513	6439458	5977986	1123727025979269
1638596	1617168	21428	2483	6359688	6842888	1123727034163437
1677038	1648222	28816	4695	10803432	11305500	1123727046829701
1686712	1554902	131810	2080	5563698	6077244	1123727054253297
1563108	1544376	18732	4985	10798424	11759248	1123727066791597
1451012	1430990	20022	4703	10669384	11084190	1123727079085531
539382	517096	22286	3532	8321156	7844388	1123727088131835
674174	654640	19534	2604	6628790	6120900	1123727095620533
1631002	1609786	21216	4218	9873836	10305146	1123727107311285
1682612	1550936	131676	596	2717392	3112998	1123727111896857
1278230	1257824	20406	4133	9677804	9782008	1123727123038415
1464302	1444638	19664	4664	10741992	11029850	1123727135430373
1290840	1270444	20396	3903	9195748	9334100	1123727146102865
827078	807024	20054	1905	5220752	4874332	1123727152337039
1605474	1583364	22110	3540	8133700	8924682	1123727162265353
1570530	1549672	20858	4592	10123318	10991566	1123727174148321
680740	659766	20974	4918	11333574	10754590	1123727186348451
1542202	1521076	21126	1158	3730254	4095388	1123727191809877
1605692	1585390	20302	856	2582554	3556046	1123727196183337
1392040	1373562	18478	3235	7496376	8098808	1123727205257489
1416302	1397222	19080	553	2508692	2747828	1123727209355697
647986	629080	18906	3179	7760326	7233458	1123727217937329
1549154	1440572	108582	4849	10582480	11472686	1123727230242397
1699144	1678068	21076	4083	9318588	10091740	1123727241436453
843560	823486	20074	4279	9969744	9638934	1123727252458757
1681626	1662218	19408	3894	9198890	9707698	1123727263524761
1735466	1616690	118776	1731	4714614	5434494	1123727270160497
1163084	1142688	20396	2542	6485160	6485592	1123727277994065
1516890	1497390	19500	1197	3220914	4149494	1123727282917855
1446562	1426192	20370	4572	10575352	10833066	1123727295125413
1592608	1573906	18702	4725	10899816	11277414	1123727307803297
1715490	1696758	18732	1616	4258066	5172756	1123727313950113
1734118	1635500	98618	2907	6667194	7774428	1123727322524651
1398776	1379392	19384	2035	5044758	5695010	1123727329141269
483474	463480	19994	251	1770336	1215762	1123727331567953
1643180	1623118	20062	4439	10293382	10748882	1123727343677679
799530	779986	19544	4084	9387316	9204850	1123727354049937
1540618	1517452	23166	3836	9080594	9449438	1123727364856989
1192278	1170820	21458	1843	5106290	5120812	1123727371340573
835020	813558	21462	2724	6868322	6520436	1123727379229245
1023828	1003850	19978	2228	5411090	5716542	1123727385849989
1488742	1468370	20372	4334	10070728	10383066	1123727397582753
1179208	1161230	17978	220	1845796	1845538	1123727400781169
1611320	1593222	18098	2469	5254140	6777422	1123727407835207
1757794	1731350	26444	4381	9585410	10745140	1123727419351597
1316424	1291840	24584	3324	8048738	8192140	1123727428890175
701622	681538	20084	1701	4808198	4334162	1123727434573309
1241978	1223172	18806	2389	6175118	6245638	1123727442163613
1505966	1487356	18610	1254	3990652	4239538	1123727447833571
895150	876542	18608	1146	3518662	3412622	1123727452420733
1131150	1112800	18350	1524	4449144	4406634	1123727458174671
717150	696814	20336	2838	6915428	6618916	1123727465980707
1442682	1422132	20550	757	2927420	3194250	1123727470536203
1126300	1103974	22326	1387	4043846	4137198	1123727475891799
1073712	992144	81568	1916	5398040	5142476	1123727482549147
1419226	1397908	21318	778	2969112	3213752	1123727487122655
1402924	1383038	19886	3625	8669410	8890028	1123727497380245
1545470	1526024	19446	1366	4010058	4515676	1123727503120751
1748522	1729022	19500	4116	9135036	10216738	1123727514189749
1506072	1485916	20156	3541	8518294	8821508	1123727524399117
1456120	1436388	19732	2343	6086188	6368848	1123727532115049
1177098	1158512	18586	138	1477950	1678820	1123727534944025
656128	634970	21158	3398	8227648	7698564	1123727544001065
1400690	1381202	19488	577	2566448	2792718	1123727548153663
1417916	1397566	20350	4330	10069696	10314610	1123727559826777
1445026	1425246	19780	1997	4971976	5677380	1123727566429829
1823292	1714628	108664	751	2981366	3561630	1123727571420093
397998	376812	21186	304	1880510	1244366	1123727573884749
1120098	1099510	20588	1683	4778494	4724040	1123727579968777
1280976	1167450	113526	24	915792	1567374	1123727582351641
1741156	1720104	21052	4052	9522840	10082394	1123727593805791
1582892	1530824	52068	1074	3205072	3968770	1123727598779441
884980	865554	19426	192	1811240	1511320	1123727601661505
873412	753158	120254	1046	3504870	3204182	1123727606225895
2160950	2003292	157658	1820	5051542	6038810	1123727613627389
1077892	1057290	20602	1357	4126888	4030256	1123727619018309
543292	522114	21178	503	2426310	1793250	1123727622173655
1922160	1779648	142512	3001	7410704	8160592	1123727631692495
1399776	1378972	20804	4432	10254244	10501502	1123727643531989
722868	701626	21242	3206	7824512	7373304	1123727652264989
1695812	1675378	20434	901	2803462	3735940	1123727656953949
1707320	1685306	22014	4711	10858190	11370138	1123727669705213
898764	879668	19096	1660	4238994	4444402	1123727675016629
1605304	1586714	18590	689	2786836	3214192	1123727679583139
1519992	1386640	133352	3718	8278828	9185358	1123727689555803
1476446	1455298	21148	4450	9988466	10604414	1123727701194109
1643314	1622680	20634	3635	8590006	9140290	1123727711600921
1780292	1757780	22512	1159	3373248	4334824	1123727716939961
1102616	1081942	20674	4807	11041472	10958846	1123727729270163
1754070	1733108	20962	4644	10811536	11279508	1123727742021525
698748	679112	19636	339	2092432	1614558	1123727744998191
1521034	1495648	25386	3398	8239744	8554924	1123727754944437
945468	925688	19780	1625	4667978	4437238	1123727760742777
1796644	1777064	19580	3388	8220778	8811134	1123727770945805
1418904	1400944	17960	2588	5893926	6820512	1123727778431979
1642406	1624232	18174	4440	10111448	10748712	1123727790359397
1133614	1113820	19794	2426	6141030	6211622	1123727797810669
1774352	1751748	22604	1390	3446636	4792724	1123727803217383
2020590	1999906	20684	517	1952070	3293310	1123727807375591
1769488	1749024	20464	3612	7991194	9230452	1123727817322385
1329360	1308708	20652	3997	9258838	9561178	1123727828096203
1530228	1509646	20582	1515	4478538	4797208	1123727834290989
1589856	1567158	22698	4807	10564364	11440738	1123727846634545
1425888	1405024	20864	2226	5798604	6114638	1123727854044525
1348398	1327890	20508	2777	6846638	7138922	1123727862424937
1671080	1647898	23182	1518	4451826	4945652	1123727868733603
947448	927058	20390	4911	11235220	11007572	1123727881101905
874830	855306	19524	1246	3487110	3603780	1123727885649117
1576576	1557856	18720	3597	8597828	8997320	1123727895996801
1438260	1415964	22296	3397	8193656	8458936	1123727905802393
1988088	1969760	18328	1898	5200314	6011506	1123727913164155
812912	709028	103884	3990	9006830	9020128	1123727923157039
1722184	1578336	143848	1573	4556712	5105780	1123727929622281
973876	954258	19618	2998	7459930	7207950	1123727938241877
1762970	1738370	24600	4025	9463338	10051076	1123727949656891
1592020	1572314	19706	903	2809092	3635828	1123727954243925
1397180	1376508	20672	4058	9530854	9750602	1123727965360989
1393172	1368578	24594	2849	7133012	7329588	1123727974072795
1654524	1624586	29938	2038	5473518	5956738	1123727981374107
1449232	1430714	18518	2576	6553790	6827490	1123727989550719
1574136	1554740	19396	1794	4793480	5387816	1123727996091557
5243286	5240270	3016	3309	7606770	12088134	1123728009114655
1838206	1642834	195372	1021	2926182	4109664	1123728014052585
1609482	1589722	19760	2521	6451050	6888250	1123728022298857
1179384	1159904	19480	256	1527198	1930898	1123728025194735
1472422	1450538	21884	1647	4653234	5004292	1123728031505705
863004	831576	31428	3051	7515974	7203420	1123728040070217
1178974	1159530	19444	82	1659248	1580540	1123728043094165
1402194	1382152	20042	3606	8637288	8851986	1123728053319353
2027918	2006302	21616	1823	5068710	5910412	1123728060601023
1792676	1772026	20650	2797	7154176	7624696	1123728069733697
707138	686696	20442	2847	6399922	6639410	1123728077026097
1417954	1398282	19672	4533	10018796	10721126	1123728088648815
1684682	1663704	20978	2314	5972586	6548876	1123728096491485
1473770	1448960	24810	1416	3691622	4543006	1123728101842561
1484526	1462064	22462	4815	11048480	11353426	1123728114561175
1822306	1802388	19918	1925	5267284	5908406	1123728121836917
801474	782038	19436	804	2204096	2652330	1123728125028073
1729852	1540904	188948	3314	7281170	8598910	1123728134236385
1555642	1527906	27736	3590	8598952	8972790	1123728144580067
1302788	1282624	20164	4213	9658614	9967516	1123728155727039
1495450	1476984	18466	4843	11087740	11407348	1123728168483611
1070214	1051810	18404	2107	5612868	5510852	1123728175340317
419802	401810	17992	466	2330450	1579122	1123728178263851
1302900	1284314	18586	165	1795686	1859478	1123728181538929
1598718	1579212	19506	3640	8795228	9116998	1123728192118813
1565600	1545138	20462	929	3271746	3661350	1123728197141643
1467716	1447220	20496	4618	10636460	10942632	1123728209431681
1165762	1144546	21216	3585	8152390	8578008	1123728218935643
1088398	977902	110496	169	1752440	1667030	1123728221962251
1535626	1515646	19980	887	3035858	3546450	1123728226719417
1676522	1657380	19142	3960	9338790	9833842	1123728237920169
1742240	1667292	74948	1222	3363848	4413400	1123728243199921
463678	332596	131082	256	1888004	1213494	1123728245737331
1408588	1388798	19790	2861	7134698	7369014	1123728254466201
1331364	1310712	20652	1736	4815604	5040546	1123728260798937
1709182	1653376	55806	747	2971050	3445314	1123728265664725
1575336	1554814	20522	4831	11102942	11474412	1123728278528725
1316934	1294342	22592	3066	7490832	7686736	1123728287522323
1112066	1090974	21092	3173	7757274	7695316	1123728296577337
789590	728408	61182	840	3204286	2708698	1123728300756841
1563232	1533344	29888	3440	8184296	8680608	1123728310690417
1227928	1207054	20874	639	2695144	2742688	1123728314799039
1529170	1509582	19588	4969	10930484	11705606	1123728327444131
830744	811646	19098	2874	7155136	6804726	1123728335603745
536176	516454	19722	2794	6998160	6361014	1123728343323105
1913744	1894152	19592	1947	5254194	6046328	1123728350676609
893696	873582	20114	3675	8038992	8481300	1123728359794509
586210	565564	20646	2683	6776500	6189006	1123728367342945
1490268	1399506	90762	2129	5680700	5986984	1123728374698937
625252	603796	21456	1178	3775936	3218378	1123728379285931
1534932	1515284	19648	4357	9810694	10490122	1123728390817391
848266	830008	18258	2768	6805928	6611548	1123728398644671
1620600	1601920	18680	1728	4454152	5302338	1123728404892929
1511292	1492744	18548	1345	3686342	4428324	1123728410263639
1447100	1426796	20304	2397	5734020	6466574	1123728417621369
1250328	1229362	20966	4420	10171048	10316694	1123728429216605
601470	580786	20684	4668	10747630	10175322	1123728440751655
1716204	1695324	20880	2509	6419090	6972334	1123728449072325
1711744	1692290	19454	2084	5542174	6117030	1123728456511825
1533482	1513114	20368	1008	2780406	3787646	1123728461011549
1394608	1374760	19848	989	3404754	3611538	1123728465996611
625618	605732	19886	2209	5849820	5282348	1123728472657567
707324	688950	18374	2132	5661068	5197140	1123728479199133
213298	193322	19976	529	2463322	1497518	1123728482049059
1285594	1264750	20844	1889	5191086	5289300	1123728488699333
874074	855124	18950	480	1729310	2060618	1123728491475773
1793210	1598490	194720	1836	5070604	5692098	1123728498512989
1223416	1204512	18904	3609	8633498	8678676	1123728508555099
1575596	1553844	21752	3931	8917140	9675698	1123728519233157
1689096	1668068	21028	997	3410468	3921758	1123728524518669
1179706	1159678	20028	83	1431326	1583258	1123728527315229
1535700	1515324	20376	1970	5357792	5713286	1123728534395221
1494552	1473312	21240	897	3206834	3525922	1123728539281983
1593708	1574140	19568	3170	7711744	8170234	1123728548773085
1186654	1166952	19702	4614	10508500	10651968	1123728560653951
1414326	1394804	19522	4075	9561764	9802814	1123728571815555
1106322	1086084	20238	1936	5282124	5215544	1123728578389469
1640018	1621616	18402	3810	9031778	9498050	1123728589247001
517614	499338	18276	4699	10798150	10141426	1123728600736485
3746270	3728146	18124	2703	6430634	9378902	1123728611087097
527834	509984	17850	571	2540166	1895200	1123728614328617
1553358	1440246	113112	2121	5719660	6033206	1123728621796201
1360280	1166964	193316	204	1682206	2006142	1123728625025069
4798	3542	1256	653	1549886	1550098	1123728626781417
1159692	1138562	21130	4899	16623338	11194688	1123728644750377
1591068	1569558	21510	1951	4846816	5730830	1123728651373669
1490392	1469440	20952	1533	4512976	4794312	1123728657562939
1128152	1108190	19962	875	3161956	3116224	1123728662038673
2248080	2097380	150700	1820	5052138	6125328	1123728669524521
1491524	1470096	21428	1624	3804336	4978166	1123728675005951
1712684	1690484	22200	4226	9872450	10406356	1123728686777033
953546	933964	19582	2530	6541834	6244472	1123728694445813
1179206	1159854	19352	287	1456470	1991174	1123728697267481
1514272	1493740	20532	2017	5452486	5785024	1123728704420457
1515392	1495024	20368	4637	10257874	11026920	1123728716379463
957920	937070	20850	3099	7622838	7395090	1123728725145977
1167694	1146814	20880	3072	7556460	7550146	1123728734055657
1399664	1377606	22058	4460	10406432	10556104	1123728746047509
1200644	1180368	20276	2320	6058528	6077184	1123728753492485
1419924	1399534	20390	3691	8387536	9039516	1123728763485681
974456	954330	20126	3515	8446272	8241914	1123728773092151
1221716	1201616	20100	1689	4793566	4837900	1123728779293373
780986	760324	20662	4036	8964888	9092198	1123728789224537
1766890	1621692	145198	3330	7486802	8664280	1123728798664273
1551266	1529528	21738	3527	8450290	8831480	1123728808838669
1566944	1545090	21854	4512	10319026	10827598	1123728820910245
1498010	1474438	23572	4272	9757326	10278900	1123728832351239
1855288	1697856	157432	2431	6275600	6956066	1123728840670485
1802210	1781698	20512	1271	3361386	4582606	1123728846019321
1177946	1158800	19146	270	1954270	1956518	1123728849337015
1378814	1359000	19814	1835	3934310	5289106	1123728854851871
1588668	1568986	19682	2272	5437210	6357998	1123728862051553
1396160	1376664	19496	1381	3398044	4385850	1123728867019041
1585298	1565126	20172	2583	6576362	6980860	1123728875354077
1309646	1291412	18234	4192	9283278	9923324	1123728886120349
1423688	1400112	23576	4268	9934664	10185942	1123728897652329
1590326	1571564	18762	2526	6127190	6869238	1123728905542889
1461358	1441342	20016	4175	9750112	10038498	1123728916927869
1568448	1542564	25884	1343	3979620	4483606	1123728922648913
990852	970404	20448	2034	5467486	5285380	1123728929281217
1589938	1487502	102436	894	3185772	3604056	1123728934230295
1622280	1603884	18396	3835	8912998	9519172	1123728944942553
1477544	1454224	23320	1528	4291986	4760242	1123728950885745
1418312	1396698	21614	3525	8358782	8694646	1123728960836453
1545282	1526742	18540	2292	5660434	6356102	1123728968215409
1071048	1051878	19170	421	1855846	2139552	1123728971319089
629454	609942	19512	1282	3965296	3420416	1123728976087485
590240	570020	20220	1609	4617052	4034126	1123728981468233
1327028	1307022	20006	4497	10392222	10546604	1123728993360893
1545444	1472000	73444	1542	4484144	4855608	1123728999563317
1410862	1390196	20666	1225	3849150	4087590	1123729004996773
1595018	1572440	22578	3580	8583466	8997248	1123729015360869
1041128	1006260	34868	371	1703266	2024470	1123729018290971
1036280	1014666	21614	2230	5725410	5733776	1123729025242041
1411848	1390308	21540	2381	6174458	6411114	1123729033013549
884854	863112	21742	2057	5532258	5237544	1123729039616495
1652580	1632306	20274	3524	8459720	8937778	1123729049914143
1916670	1814714	101956	2149	5247648	6452362	1123729057264089
1772666	1754530	18136	4944	10561520	11886930	1123729069771977
1391666	1372952	18714	3449	8323674	8515998	1123729079660913
1399394	1377576	21818	4539	10496598	10703928	1123729091730525
1204248	1184486	19762	192	1597374	1814396	1123729094705395
1699072	1582392	116680	2481	6391270	6902430	1123729102968237
885674	862994	22680	4389	9906750	9900656	1123729113946745
1448978	1388508	60470	2949	7312626	7584546	1123729122894001
1245168	1225410	19758	3720	8864784	8928046	1123729133190121
1144144	1122452	21692	4840	11092714	11061356	1123729145613015
1641382	1621296	20086	701	3112144	3281474	1123729150552171
1877466	1703222	174244	4793	10998740	11700738	1123729163614189
1493776	1465288	28488	2731	6876966	7194338	1123729172170455
1139096	1117186	21910	3654	8720644	8684012	1123729182215683
1725696	1634428	91268	3423	8257796	8809944	1123729192388217
1481246	1418230	63016	3618	8648738	8954564	1123729202703569
1157940	1139686	18254	937	3197692	3257934	1123729207232209
992362	974462	17900	2350	5470896	5919176	1123729213868573
1468604	1450822	17782	523	2448540	2741032	1123729217958801
927630	909804	17826	45	1489672	1242650	1123729220549797
1340720	1320758	19962	445	2511916	2467942	1123729224592965
334990	314864	20126	445	2321640	1463914	1123729227435201
1402104	1380694	21410	4271	9982608	10182646	1123729239006241
1750400	1728298	22102	4308	10042344	10604638	1123729250984481
1399614	1379080	20534	4659	10734234	10959836	1123729263303565
267336	187778	79558	598	2626740	1700880	1123729266383285
1404026	1381978	22048	2719	6854874	7080024	1123729274827911
1578486	1555290	23196	2527	6472142	6875816	1123729283064305
1538960	1513670	25290	2390	6173618	6557242	1123729290962733
1183448	1165230	18218	1682	4782490	4790608	1123729297115039
1563616	1537176	26440	1631	4402954	5055202	1123729303255147
1180658	1159916	20742	128	1476790	1664164	1123729306086173
869540	846472	23068	4569	10563768	10249752	1123729317693051
905214	884890	20324	126	1666594	1393966	1123729320450721
1545788	1526160	19628	87	1699350	1957112	1123729323881325
1496240	1341908	154332	3824	8576224	9381158	1123729334139643
609576	588940	20636	3739	8184188	8324906	1123729343118945
1631648	1610474	21174	3153	7718862	8174088	1123729352654975
1179682	1158166	21516	318	1586462	2053494	1123729355606925
1698338	1678492	19846	2058	5452524	6053486	1123729362943575
603936	581116	22820	3238	7869598	7322264	1123729371603087
678352	648552	29800	312	2086182	1540056	1123729374553503
1636060	1616776	19284	3157	7726380	8188036	1123729384101009
1569946	1547698	22248	3223	7320814	8242562	1123729393164837
2015292	1895860	119432	243	1894742	2728032	1123729397248133
1183396	1161018	22378	467	1579700	2357654	1123729400184319
1428748	1389014	39734	4652	10539060	10971130	1123729412341579
1408928	1378970	29958	4695	10898100	11036652	1123729424837661
261440	240852	20588	762	2555584	2022306	1123729427840165
1670412	1638334	32078	963	3419480	3833246	1123729433115123
1689034	1399374	289660	400	2213440	2726622	1123729437203711
801522	779614	21908	3189	7745456	7416840	1123729445936083
1364408	1344678	19730	4682	10776900	10965078	1123729458262885
1502916	1481414	21502	1819	4522224	5379422	1123729464477377
1572180	1485302	86878	895	2815390	3598538	1123729469050601
374276	352996	21280	320	2054124	1251566	1123729471664665
929024	909348	19676	3966	9480396	9097090	1123729482259321
1517376	1497690	19686	714	2844768	3182394	1123729486845657
1351880	1332554	19326	2764	6745116	7118446	1123729495128057
1714368	1610440	103928	1471	4356138	4893218	1123729501384545
490014	469136	20878	1798	5011978	4324634	1123729507072109
1742506	1722122	20384	3201	7875008	8383086	1123729516874533
701622	681782	19840	1900	5216036	4741746	1123729522977599
1406098	1386540	19558	4672	10373072	10987562	1123729534942031
1238942	1160392	78550	153	1288392	1782900	1123729537654837
763026	743538	19488	3198	7814798	7396234	1123729546418857
367050	291786	75264	588	2589962	1780198	1123729549560851
843178	822254	20924	2721	5704202	6525004	1123729556308911
1518558	1493064	25494	1103	3617648	3962314	1123729561634253
1692450	1671854	20596	2384	5831932	6698996	1123729569344095
8215348	8211842	3506	2908	7231830	14268834	1123729584976945
396170	375264	20906	372	2163960	1383646	1123729587723665
1555976	1441998	113978	3139	7689958	8071544	1123729597155431
953880	934026	19854	1263	3820032	3717536	1123729602115269
1540624	1517392	23232	2561	6532544	6900044	1123729610373985
915996	894728	21268	1519	4561332	4191456	1123729616037267
2092038	2052540	39498	1868	5150100	6065434	1123729623465267
1063998	1041514	22484	3472	7778038	8250130	1123729632493133
1675476	1653996	21480	4907	11238184	11726216	1123729645592545
403880	384632	19248	4167	9746520	8975546	1123729655928793
1484842	1462606	22236	951	3304268	3614502	1123729660891709
1634632	1616568	18064	1851	4739600	5562696	1123729667439417
1072064	924814	147250	1590	4083674	4482308	1123729672768851
1423670	1403980	19690	589	2577936	2828062	1123729676944393
1179054	1160904	18150	195	1790516	1800528	1123729680087729
1601610	1573508	28102	2721	6681280	7268900	1123729688544285
1645554	1514070	131484	2067	5532538	6005192	1123729695896145
1089194	1061186	28008	2388	6146974	6090276	1123729703305749
1315310	1296960	18350	4887	10725178	11318078	1123729715519763
1266098	1246456	19642	4998	11016890	11487364	1123729727976405
1694110	1673522	20588	1048	3076374	4017736	1123729732920437
300646	280532	20114	388	2179960	1307536	1123729735574891
1625568	1544836	80732	4060	9616128	9972700	1123729746989877
1559020	1538240	20780	918	3200470	3646056	1123729751935139
1627284	1602120	25164	3950	9435166	9764586	1123729763183475
1712600	1689648	22952	3299	7576796	8547652	1123729772658711
1789940	1639226	150714	2518	6237912	7063142	1123729780871989
1966506	1826496	140010	1972	5364438	6153020	1123729788388523
1607486	1587486	20000	2965	7273796	7775608	1123729797455401
1399992	1377246	22746	4362	10028432	10361966	1123729809069829
1439842	1421982	17860	4345	10059806	10364912	1123729820755461
673614	655294	18320	252	1902506	1402772	1123729823505221
1451912	1431142	20770	2260	5918626	6197930	1123729831049491
1507494	1487254	20240	3056	7372654	7850158	1123729840102971
1397326	1377904	19422	1249	3442402	4121174	1123729845116789
639384	617848	21536	3482	8376526	7830012	1123729854306771
1801874	1778846	23028	578	2553758	3183796	1123729858839253
1404332	1386394	17938	3726	8334614	9084266	1123729868751579
1807342	1788778	18564	432	2102430	2897520	1123729872834569
1508142	1483186	24956	1476	3589364	4702338	1123729878105427
601464	575958	25506	1578	4567282	3994178	1123729883460745
560266	538378	21888	2249	5912754	5295236	1123729890119509
1686432	1665124	21308	4532	10495468	10989288	1123729902487577
1177180	1157714	19466	38	867780	1491462	1123729904718271
1367548	1348090	19458	701	2911236	3011384	1123729909182629
1513468	1493020	20448	2883	6828970	7523058	1123729917710469
908286	849140	59146	3978	9289122	9102700	1123729928093249
1535182	1420842	114340	3495	7833798	8751602	1123729937635973
1728078	1702204	25874	3730	8451242	9414342	1123729947988769
974400	952526	21874	4538	10308896	10276046	1123729959445081
1114040	1089184	24856	1181	3773952	3715460	1123729964518695
1629636	1605914	23722	2714	6848430	7296258	1123729973182223
1578414	1547650	30764	1225	3712552	4265336	1123729978658987
1735084	1712746	22338	2628	6671700	7227796	1123729987251589
888504	868576	19928	4001	8875260	9127542	1123729997200909
1609414	1585830	23584	1268	3950300	4383108	1123730002945791
842072	817582	24490	1116	3106090	3310596	1123730007080317
739478	720606	18872	4282	9498692	9529172	1123730017491629
599154	580958	18196	493	2387244	1812302	1123730020651297
1183058	1164532	18526	556	2522044	2522290	1123730024529173
1474090	1453664	20426	4864	11243446	11428850	1123730037420077
1336178	1305854	30324	3641	8738250	8845038	1123730047668209
923576	903094	20482	3694	8801886	8549642	1123730057579549
1903450	1838184	65266	3797	9010984	9734892	1123730068679335
586690	565464	21226	360	2188454	1543698	1123730071640521
1295888	1274478	21410	3414	8243478	8362178	1123730081365641
702078	681332	20746	2952	6927072	6857136	1123730089179799
590680	569572	21108	4922	11268234	10672000	1123730101224323
1457258	1437332	19926	998	3263120	3691072	1123730106130839
1570282	1549588	20694	2081	5576738	5969786	1123730113463803
1204364	1162050	42314	121	1566092	1683366	1123730116419905
1478388	1459316	19072	741	2813976	3197360	1123730120897831
891798	854288	37510	2532	6305166	6193032	1123730128281229
715908	695360	20548	1722	4882544	4396788	1123730134069259
1180176	1158062	22114	58	1436638	1535278	1123730136871559
1554758	1509402	45356	1754	4924136	5304448	1123730143536091
1750402	1730384	20018	2074	5567554	6136500	1123730151039631
1771890	1751276	20614	2597	5871714	7203990	1123730158869081
1584372	1563264	21108	2080	5580476	5987050	1123730166219497
1774570	1754688	19882	1836	4756226	5684834	1123730172939613
1184642	1160944	23698	130	1541740	1687358	1123730175851731
1521826	1502272	19554	2069	5559302	5898308	1123730183118817
1264020	1126994	137026	2678	6334978	6858710	1123730190902977
1504872	1484202	20670	4911	10848104	11564832	1123730203441733
835250	815846	19404	1080	3581248	3233460	1123730208044041
1383066	1260672	122394	967	2960972	3554372	1123730212573843
1205582	1184438	21144	2463	6391322	6369150	1123730220356309
1656252	1636036	20216	1022	3065294	3938440	1123730225266911
1390500	1371846	18654	3603	8617630	8833624	1123730235460975
1115932	1096566	19366	1355	4111780	4052528	1123730240862377
1408600	1389186	19414	3710	8822580	9058366	1123730251266997
1723968	1607310	116658	4999	11396238	11947020	1123730264560229
1851244	1831020	20224	3502	7994480	9082622	1123730274579449
1178564	1159148	19416	163	1103198	1730530	1123730277034749
1244996	1224830	20166	2809	7124020	7105184	1123730285577229
1460346	1439606	20740	1627	4564022	4952354	1123730291786537
731094	682076	49018	2610	6485634	6189886	1123730299189229
879976	860546	19430	3908	9159248	8933052	1123730309414057
1182680	1161956	20724	288	1658950	1995918	1123730312440669
1678984	1658600	20384	3458	8619788	8833122	1123730322924923
1306464	1283554	22910	299	1675532	2141578	1123730326092361
676856	656040	20816	986	3390218	2887366	1123730330344767
625368	603846	21522	2761	7058344	6385556	1123730338217157
612374	591996	20378	3415	8249392	7680964	1123730347268123
1590184	1569646	20538	1169	3215702	4165832	1123730352259935
1629854	1608822	21032	2529	6472970	6926344	1123730360551497
1532570	1512720	19850	2766	6946110	7303544	1123730369216153
1523534	1505664	17870	3818	8517314	9386804	1123730379430965
1599806	1582004	17802	1750	4869688	5325322	1123730386073153
1568344	1548624	19720	2372	5659026	6538158	1123730393473665
1163238	1144276	18962	1229	3516208	3847728	1123730398326511
1418600	1400284	18316	4289	10028572	10222150	1123730409949809
687064	667992	19072	3973	8899874	8859952	1123730419710175
1558720	1540878	17842	3125	7328938	8034378	1123730428771749
2014190	1995620	18570	1993	5131968	6226412	1123730436091201
1484714	1465864	18850	1045	2986238	3800732	1123730440735641
1175350	1155628	19722	4853	11111546	11107864	1123730453196285
1994848	1973264	21584	533	1933234	3298928	1123730457309799
721262	564788	156474	615	2023972	2188820	1123730460240161
1503426	1479078	24348	392	2041874	2524854	1123730463974309
1985654	1891482	94172	1915	5113190	6054482	1123730471258469
1443420	1421456	21964	3939	8425120	9560782	1123730481312177
1130632	1109602	21030	2399	6143708	6167834	1123730488771345
1188608	1167742	20866	503	1563596	2432562	1123730491709237
921462	900634	20828	766	2947490	2690296	1123730495764121
792840	772764	20076	256	1927010	1542170	1123730498669481
977376	955526	21850	2662	6788692	6527338	1123730506617907
1393174	1372148	21026	4682	10775072	10995582	1123730518971617
1333172	1291480	41692	2947	6790314	7463192	1123730527281563
1640466	1620336	20130	3937	9291194	9751992	1123730538398763
1541772	1522428	19344	1218	3644088	4215432	1123730543770065
503262	481434	21828	367	2155138	1473646	1123730546613517
1409128	1385186	23942	4643	10700868	10933594	1123730558909191
1069446	1046312	23134	3985	9375654	9273060	1123730569527537
1566468	1545492	20976	1715	4842940	5235042	1123730576122497
1395758	1375966	19792	948	3310026	3529788	1123730581013749
1454912	1434792	20120	1741	4910406	5175772	1123730587564855
483200	462258	20942	3084	7583468	6888116	1123730595817107
1454818	1433758	21060	1612	4638926	4915952	1123730602096621
1282208	1162500	119708	82	1185502	1683996	1123730604750039
1397056	1376964	20092	541	2410276	2717610	1123730608742833
918982	898606	20376	1064	3369378	3285902	1123730613216733
1668660	1627326	41334	1438	11261298	4782584	1123730626332335
1676454	1654460	21994	4076	9565866	10066600	1123730637764025
1190596	1169242	21354	224	1263466	1875916	1123730640404113
1131122	1110710	20412	447	2157222	2261920	1123730643878643
1423682	1268060	155622	757	2925274	3174454	1123730648413165
1067944	1048398	19546	4618	10666358	10540752	1123730660333267
306298	281258	25040	436	2286824	1416426	1123730663115659
784776	764836	19940	3427	8265876	7875840	1123730672352057
772610	753200	19410	270	2035874	1550596	1123730675349891
1683194	1663806	19388	3861	9025852	9643682	1123730686244385
1629330	1609268	20062	2504	6547030	6874674	1123730694610365
564668	546412	18256	748	2361642	2286022	1123730697709689
1106638	1086358	20280	979	2206008	3292756	1123730701209593
964656	940154	24502	2357	6125892	5905486	1123730708473569
1204116	1184484	19632	43	1487720	1515664	1123730711339009
1437894	1418724	19170	4633	10666478	10930958	1123730723616689
1297282	1279290	17992	2468	5984494	6460166	1123730731072037
1461840	1348966	112874	1151	2890784	3990572	1123730735598549
1017310	998588	18722	3447	8290606	8137776	1123730745079973
772478	753302	19176	3099	7684782	7195362	1123730753711069
966718	948426	18292	1272	3427678	3737034	1123730758279269
772216	753716	18500	4199	9770946	9397212	1123730768998661
1434796	1415752	19044	1753	4520752	5166900	1123730775127229
1437904	1418736	19168	3094	7488878	7852058	1123730784228229
830174	810540	19634	2978	7337224	7012890	1123730792572551
1294496	1273984	20512	4698	10808308	10928008	1123730804860775
1592376	1571852	20524	3538	7928066	8906620	1123730814566585
1524936	1504824	20112	1790	4911992	5342460	1123730821189121
1178506	1157690	20816	184	1712016	1784056	1123730824264651
1173520	1153688	19832	2449	6318192	6310086	1123730831945589
1395966	1375230	20736	4167	9179222	9968526	1123730842705957
1706874	1686050	20824	2790	7080442	7528944	1123730851678833
1276474	1165020	111454	8	823290	1529454	1123730853964161
1582610	1560646	21964	345	2116330	2511138	1123730857848465
1257278	1115466	141812	2434	6281366	6364286	1123730865573109
1502052	1482554	19498	1518	3995430	4775800	1123730871255867
1459676	1435502	24174	3876	9164446	9449394	1123730882065397
2020772	1999708	21064	475	2368196	3208086	1123730886640429
519744	499918	19826	628	1841338	2013190	1123730889187399
1575920	1556386	19534	3792	8856728	9396944	1123730899805521
1600832	1569548	31284	2114	5640170	6066932	1123730907232353
1449468	1430880	18588	2550	5989442	6784070	1123730914856797
1288496	1161270	127226	138	980924	1790952	1123730917299861
1567170	1547396	19774	4150	9729676	10103400	1123730928770537
1399374	1379622	19752	2659	6734964	6960136	1123730937090669
1011920	991484	20436	1973	5479104	5194252	1123730943767183
714168	694510	19658	3768	9098588	8487012	1123730953765341
1399136	1379086	20050	4173	9698172	9982960	1123730965048225
1596760	1478682	118078	2066	5655398	5966020	1123730972485793
1185252	1161238	24014	157	1737698	1736824	1123730975594255
1768186	1705708	62478	3739	7738660	9485292	1123730985303137
1355668	1334226	21442	2993	7036178	7582332	1123730993880537
1834240	1675196	159044	728	3004490	3528378	1123730998905055
1179408	1161630	17778	183	1397734	1780624	1123731001668137
737318	710854	26464	4562	10505174	10104374	1123731013084029
1410018	1387836	22182	1618	4648646	4884912	1123731019328723
1871226	1659036	212190	970	2964250	4054454	1123731024349897
1704306	1684890	19416	4618	10141694	11177344	1123731036384885
675424	652646	22778	358	2133480	1630076	1123731039379949
2143158	2122790	20368	1157	3728670	4694216	1123731045437665
1710708	1688916	21792	3241	7209220	8431766	1123731054543121
1394762	1374818	19944	4692	10093906	11016278	1123731066217111
2001642	1981816	19826	411	2293634	3061830	1123731070701921
1183196	1160266	22930	546	1792670	2513220	1123731073863439
1078754	1056334	22420	3644	7993454	8606056	1123731083130967
1482166	1415220	66946	4623	10661526	10966282	1123731095460277
1802724	1592480	210244	2433	6331012	6895914	1123731103778737
1646860	1627522	19338	3730	8861546	9345338	1123731114472803
1667536	1646470	21066	3606	8011438	9117878	1123731124337431
1559674	1539230	20444	3548	7848670	8893360	1123731133935475
1947694	1927838	19856	901	2452472	3987130	1123731138521495
732770	692490	40280	193	1646614	1357016	1123731141086495
1787562	1767954	19608	897	3210982	3818788	1123731146271257
1696958	1677912	19046	687	2704666	3308408	1123731150862629
1284770	1263382	21388	4937	10596978	11397006	1123731162930333
1121876	1100018	21858	895	3211312	3153686	1123731167449397
1568172	1475050	93122	4204	9868340	10214580	1123731179071651
443054	422738	20316	1193	3920144	3066500	1123731183620457
1526602	1505974	20628	1157	3738922	4077258	1123731189072005
2027844	2006720	21124	1775	4978030	5816956	1123731196263213
627786	607878	19908	3359	8131096	7585028	1123731205219067
1403338	1381816	21522	2438	5768434	6515584	1123731212576549
394326	373160	21166	912	2374694	2456156	1123731215531523
1421924	1401352	20572	3817	9045862	9292444	1123731226185035
626134	605438	20696	1772	4975432	4407838	1123731231975189
1651520	1631050	20470	834	3080074	3558492	1123731236892523
1283606	1229118	54488	2446	6446600	6414210	1123731244808561
1466784	1441556	25228	3018	7495142	7743082	1123731253955705
702082	680908	21174	1080	3580004	3099768	1123731258422935
1160290	1137260	23030	326	1604526	2051050	1123731261373163
1538408	1517228	21180	2323	6057454	6422278	1123731269155201
1096516	1075380	21136	168	1749924	1671160	1123731272187301
1495852	1474400	21452	2089	5590594	5910650	1123731279462563
953984	934222	19762	2884	7182576	6960218	1123731287784613
1504156	1483964	20192	2153	5716672	6047880	1123731295190729
1458340	1439454	18886	2873	7148326	7430440	1123731303970751
1508182	1490422	17760	4577	10478616	10888326	1123731316130487
1701696	1683700	17996	2046	5490726	6019468	1123731323495969
1376822	1355096	21726	3282	8036752	8166532	1123731333083079
1785556	1764460	21096	2183	5779352	6389666	1123731340833785
1612850	1592692	20158	1024	3466614	3903660	1123731346099043
1483706	1464710	18996	3381	7667796	8484426	1123731355435869
1403348	1281118	122230	2619	6640998	6879018	1123731363665431
1736770	1716408	20362	2207	5874986	6388206	1123731371462761
2023766	1697220	326546	2764	6445166	7793598	1123731380117729
1399678	1377938	21740	1235	3877162	4097030	1123731385567595
1411974	1388886	23088	4500	10420462	10649238	1123731397585789
1948476	1927590	20886	2002	5416662	6190004	1123731405136251
1777190	1627694	149496	758	2929782	3529280	1123731410028919
1662232	1641834	20398	1917	4726848	5731948	1123731416603877
1496750	1476076	20674	4866	10600162	11465134	1123731428886325
1384134	1350696	33438	1565	4547754	4756780	1123731435003665
1576526	1554636	21890	2710	6814638	7226174	1123731443567901
1293904	1274702	19202	3802	8805808	9124424	1123731453841169
1777432	1754946	22486	3889	9274624	9782214	1123731465066701
519616	489670	29946	1803	5020862	4364036	1123731470792883
1397520	1377096	20424	3098	7610436	7834450	1123731479986705
1914300	1892648	21652	377	2063900	2905840	1123731484149477
1511558	1422084	89474	2894	6590026	7537900	1123731492436629
1513260	1492686	20574	1815	5050858	5381012	1123731499186297
1512454	1492524	19930	697	2815196	3143320	1123731503699445
1518344	1497580	20764	2187	5678034	6130938	1123731511081295
928258	906884	21374	3418	13345366	8005248	1123731525541069
1529700	1510256	19444	1080	3573900	3928204	1123731530830485
1686150	1665680	20470	4588	10806918	11100524	1123731543508881
1573640	1552602	21038	1679	4779954	5169422	1123731550048283
1378504	1359024	19480	3070	7017210	7754760	1123731558629105
1752512	1631888	120624	785	2986186	3559998	1123731563553095
1138742	1118202	20540	2971	6902114	7318256	1123731571779253
1141624	1119338	22286	1889	5255496	5158290	1123731578362363
1056526	1037308	19218	3379	8173894	8052396	1123731587884923
2149918	2130454	19464	1766	4965892	5919752	1123731595186255
749984	730360	19624	3274	7314528	7537180	1123731603436241
1564244	1542568	21676	1153	3954242	4108834	1123731609140457
1453816	1433812	20004	1844	4673886	5379184	1123731615454003
987696	966018	21678	4103	9545954	9430728	1123731626173753
683252	663834	19418	2491	6396622	5902878	1123731633443243
1572710	1551466	21244	2528	6511870	6863864	1123731641712551
1632194	1611680	20514	2361	5675744	6581068	1123731649193995
1476356	1458530	17826	3613	8624394	8928058	1123731659468067
1356052	1335732	20320	4592	10541802	10767026	1123731671539659
573336	551908	21428	3249	7895990	7297296	1123731680182891
1024544	1003920	20624	4848	11110334	10958280	1123731692506131
1289664	1198470	91194	965	3116976	3457736	1123731697159221
1828600	1793820	34780	2984	7384876	8035176	1123731706558085
1580914	1558450	22464	3223	7325908	8265208	1123731715650323
1294004	1274042	19962	2530	5963336	6592678	1123731723093375
1642820	1621284	21536	2681	5994862	7241998	1123731730916115
1068864	1050356	18508	1560	4545242	4428028	1123731736715995
1535276	1514324	20952	3364	8139432	8489248	1123731746564307
1186674	1165190	21484	3365	8130906	8143280	1123731756055761
1458462	1437978	20484	3213	7840210	8122604	1123731765539491
1513424	1493632	19792	1309	3991624	4368798	1123731771230403
1395814	1375598	20216	3605	8792454	8845010	1123731781604705
705896	685640	20256	360	2132686	1663680	1123731784628789
1515922	1496214	19708	4757	10932416	11268320	1123731797262709
1181160	1160960	20200	142	1226380	1707518	1123731799855909
1590652	1570290	20362	2001	5375094	5831526	1123731807007343
1536688	1516246	20442	3810	8631990	9393972	1123731817361317
1400056	1379280	20776	1020	3455526	3678552	1123731822402641
1639210	1562588	76622	3852	9060220	9579938	1123731833287615
1179082	1160168	18914	56	1501968	1518270	1123731836141499
1685398	1654014	31384	4159	9633874	10242468	1123731847633815
1462096	1439692	22404	3229	7197086	8162118	1123731856478403
2101904	2081290	20614	375	2170236	3088728	1123731860936217
1450034	1430278	19756	1427	3488826	4541818	1123731866060291
1556506	1536984	19522	3318	8052052	8430754	1123731875854683
929320	909126	20194	88	1664044	1343380	1123731878633491
1422204	1402410	19794	3309	8031016	8276904	1123731888272285
1206222	1185056	21166	4516	10442806	10475820	1123731900110253
1565208	1542468	22740	4325	9609826	10453256	1123731911471119
1543450	1519740	23710	1821	4937194	5423228	1123731918137333
1180224	1159984	20240	52	1337118	1521056	1123731920840065
1686904	1666402	20502	4542	10505790	11011122	1123731933218639
542016	520504	21512	291	1437616	1360990	1123731935383733
659214	639500	19714	3259	7937698	7415726	1123731944166883
1587368	1567534	19834	4029	9425638	9882696	1123731955368931
1636134	1616328	19806	4554	10718900	10983448	1123731967909655
715136	692966	22170	2045	5503216	5042666	1123731974314577
1823758	1694968	128790	2378	6169322	6817704	1123731982497131
1132012	1112902	19110	3803	8542460	8975934	1123731992357177
1669692	1648328	21364	2660	6719148	7215488	1123732000918817
861924	837844	24080	4020	9244388	9127798	1123732011198969
1565404	1546458	18946	3310	7370856	8411606	1123732020308403
997962	978760	19202	3669	8326394	8562466	1123732029808853
817832	796894	20938	3489	8404610	8049070	1123732039204843
481188	461418	19770	640	2432428	2002872	1123732042304119
1726730	1645370	81360	1712	4849924	5389086	1123732049069613
1644842	1620788	24054	2758	6436084	7398732	1123732057335657
805010	785104	19906	1168	3559758	3378494	1123732061885761
224032	202668	21364	780	2669622	2021828	1123732064964795
1457360	1437162	20198	278	1818606	2255308	1123732068426067
1410378	1390606	19772	4858	10854826	11363188	1123732080877021
815640	795324	20316	2826	7169914	6710670	1123732089048225
1627696	1606376	21320	2268	5920178	6401552	1123732096782227
1151592	1131848	19744	3785	8628522	8959000	1123732106748031
1472382	1452460	19922	4697	11006612	11179260	1123732119412747
749388	721692	27696	2197	5815902	5381218	1123732126163671
1589310	1571060	18250	4071	9562970	9968480	1123732137505397
929656	911262	18394	3753	8409124	8662588	1123732147017673
1028590	1009492	19098	1188	3640980	3635886	1123732151860581
1875184	1855476	19708	1912	5258212	5925086	1123732159167157
1636054	1617566	18488	698	2799324	3259078	1123732163775977
1903394	1883864	19530	2219	5363062	6568332	1123732171215235
1331606	1313788	17818	4056	8733174	9670106	1123732181453357
1838110	1817834	20276	2425	6253044	6913696	1123732189717821
2004614	1974080	30534	2190	5348936	6612108	1123732197244289
1247628	1174626	73002	308	1407518	2089044	1123732200073229
1139812	1120148	19664	2187	5849612	5750876	1123732207253489
1656786	1636428	20358	1406	4314246	4706844	1123732213410429
1688608	1650438	38170	1209	3442634	4343218	1123732218728199
798460	693172	105288	2610	6414002	6256674	1123732226126015
1183184	1161314	21870	201	1463870	1823332	1123732228958703
1514198	1494048	20150	1784	4993396	5323948	1123732235651679
1418464	1395602	22862	2659	6568028	6974948	1123732243823869
779328	629128	150200	2130	5673830	5278212	1123732250462659
1213152	1195232	17920	1284	3989200	4016564	1123732255850377
1736130	1708320	27810	2430	12601636	6835340	1123732270361305
1174454	1153786	20668	4695	10144106	10802716	1123732281865537
1305076	1284924	20152	4905	11222130	11353112	1123732294578135
1711204	1552600	158604	2076	5565308	6100458	1123732302040177
1032294	914038	118256	2692	6305266	6652454	1123732309563185
1428916	1410058	18858	3880	9032334	9426166	1123732320209659
1594710	1574630	20080	3979	9365112	9780046	1123732331345427
1093262	1072896	20366	4091	9481550	9511560	1123732342105917
658638	636906	21732	551	2157488	1998108	1123732345107265
1566642	1545844	20798	1069	3559472	3943540	1123732350419231
731328	710430	20898	3150	7539806	7270268	1123732358875825
870866	849464	21402	3413	8246850	7939724	1123732368179309
786464	764352	22112	1759	4930150	4541108	1123732374084879
1331010	1312914	18096	1770	4937564	5097282	1123732380527265
1695014	1674632	20382	4588	10575686	11097974	1123732392971295
1496092	1473806	22286	1953	4953164	5639178	1123732399606333
1701782	1682042	19740	4215	9777978	10369306	1123732411271931
1404670	1384078	20592	4713	10837898	11068008	1123732423700709
1480922	1461388	19534	2835	7085994	7389916	1123732432452909
924886	905332	19554	308	2024818	1777370	1123732435588821
1558748	1539170	19578	4377	10019364	10539140	1123732447350491
1014830	996736	18094	2844	6768044	6929112	1123732455306533
1179550	1161508	18042	137	1167588	1683748	1123732457827237
1631696	1574970	56726	1670	4600858	5198380	1123732464233309
1125038	1106556	18482	4240	9392144	9832010	1123732474926605
1500422	1480242	20180	4037	9480912	9805918	1123732486081869
426424	404850	21574	3400	7700190	7452456	1123732494381833
752078	732978	19100	120	1641930	1218656	1123732496949473
1506432	1481742	24690	2891	7184808	7518900	1123732505813865
1741998	1722152	19846	3402	8295408	8782860	1123732516037331
1412576	1391644	20932	4914	10624086	11479424	1123732528259805
1480748	1461076	19672	4014	9448526	9745858	1123732539377895
