# Loop @ Start frequency 2300000Hz took 924.85 cycles
# Interval [923 ; 927]
# Q1 : 920 ; Q3 : 924
# Loop @ Target frequency 1400000Hz took 1522.63 cycles
# Interval [1518 ; 1528]
# Q1 : 1514 ; Q3 : 1516
# Confidence intervals do not overlap, alternatives are statistically different with selected confidence level
Change time (with write) [cycles]	Change time [cycles]	Write cost [cycles]	Wait time [us]	Time since last frequency change request [cycles]	Time since last frequency change [cycles]	Detected frequency change timestamp [cycles]
1011472	978808	32664	3567	262792540	262115748	1124066676498485
1025882	996516	29366	4812	11092098	10875234	1124066688950793
802460	779142	23318	907	3574640	2842234	1124066693659351
829556	809106	20450	3036	8065874	7131270	1124066702896391
1183462	1163958	19504	4996	11823970	11402332	1124066716234205
1186406	1162386	24020	2463	7023890	6339902	1124066724775059
285864	265718	20146	4156	10063884	8823882	1124066735454439
1177096	1157532	19564	3982	9750430	9367036	1124066746713585
1298020	1157744	140276	4075	9903532	9675022	1124066758246433
1196538	1173702	22836	3998	9735804	9418044	1124066769508881
1083864	1059996	23868	3427	8923810	8170426	1124066779852137
214558	193500	21058	2191	6381484	4822612	1124066786778711
898264	874006	24258	4544	11220954	10213060	1124066799228351
1181128	1160118	21010	3891	9874216	9189780	1124066810613133
1310608	1176280	134328	4101	9956464	9740072	1124066822210817
1179196	1159196	20000	3295	8324068	7995150	1124066832045047
1184578	1162578	22000	2535	7010400	6479842	1124066840570339
1184844	1163084	21760	27	1746800	1465558	1124066843832605
916472	896356	20116	2511	6328380	6163988	1124066851408189
423420	402760	20660	4626	11229820	9902418	1124066863391025
390184	370458	19726	4697	11439428	10009046	1124066875551711
434792	413954	20838	4859	11507656	10379262	1124066887830199
495224	475778	19446	1572	5079626	3866148	1124066893734599
677640	659208	18432	447	2712366	1801720	1124066897465011
1180256	1160960	19296	3556	9394298	8518302	1124066908369521
1187380	1168376	19004	4871	11892438	11155390	1124066921778561
1194310	1173956	20354	3275	8515090	7971396	1124066931823399
1186552	1165904	20648	1540	4836004	4497446	1124066938175585
645980	623942	22038	3078	8126856	7029184	1124066947278933
809016	788836	20180	1572	5083404	4179970	1124066953501971
1078698	1057912	20786	1286	4518396	3877150	1124066959435563
1025126	993978	31148	4158	10164388	9567524	1124066970955959
816406	794068	22338	156	2255632	1354536	1124066974359169
530538	510368	20170	590	2289304	1938182	1124066977509299
1179926	1160450	19476	1788	5456650	4981714	1124066984488647
921776	901422	20354	4822	11494324	10793156	1124066997236379
192580	170642	21938	271	2406000	961294	1124067000165163
1108928	1088940	19988	2722	6857854	6782836	1124067008461413
1037764	1015122	22642	3041	8083874	7346974	1124067017914217
605922	586564	19358	1519	5090984	3871120	1124067023942311
971524	951804	19720	1506	4775802	4214498	1124067030019845
769766	747182	22584	4306	10446162	9608286	1124067041566005
811638	790948	20690	3273	8282492	7583646	1124067050995817
503388	483914	19474	1904	5566808	4537434	1124067057395539
1182604	1160372	22232	2294	6609532	5996722	1124067065518685
1187944	1166288	21656	1597	5010046	4608060	1124067072051995
1403446	1290590	112856	2113	6047264	5856010	1124067079833423
1184964	1162546	22418	412	2715654	2235670	1124067084064897
1183246	1162872	20374	138	2596436	1685348	1124067088175147
1187576	1165768	21808	3347	7888272	8108074	1124067097581417
1184292	1161518	22774	16	1963566	1445712	1124067101066105
510202	490628	19574	1746	4577394	4228874	1124067106483959
1190164	1163144	27020	4935	11913158	11284984	1124067119917803
1194480	1174248	20232	3464	8707272	8353054	1124067130150065
1182662	1160310	22352	3745	9287178	8898654	1124067140950205
1179862	1158868	20994	2732	7180208	6869470	1124067149641303
1177332	1157762	19570	1498	4674566	4398462	1124067155828757
737604	717424	20180	4146	10296496	9255910	1124067167192917
1184476	1164964	19512	1096	3929730	3603262	1124067172637745
1177684	1157500	20184	1260	4557722	3924564	1124067178702923
1181330	1160668	20662	4117	9987084	9641182	1124067190202477
772398	752226	20172	2011	5778428	5020492	1124067197083471
1094068	1074270	19798	172	2123652	1664858	1124067200631099
0	0	0	0	0	0	0
1058652	1036266	22386	4094	10056634	9473600	1124067219535557
1307884	1285062	22822	745	3323746	3025008	1124067224506743
1319284	1298216	21068	2672	7165450	6890252	1124067233322059
713922	694406	19516	3355	8559336	7651694	1124067242924637
1186342	1164782	21560	1239	4517166	3890520	1124067248959059
1070894	1051042	19852	4099	10006324	9496246	1124067260367509
1196556	1173976	22580	3278	8440270	7979254	1124067270335059
618510	598990	19520	2673	7304620	6190794	1124067278588989
1180650	1160960	19690	2143	6200354	5694142	1124067286301073
957498	931466	26032	1737	5389020	4658626	1124067292977867
893866	874424	19442	1406	4604316	3933106	1124067298806165
1186238	1166008	20230	797	3303722	3006170	1124067303626517
1176530	1157214	19316	643	3024554	2690004	1124067308162765
1064688	1044186	20502	3558	8929192	8407282	1124067318486831
951274	927840	23434	4047	9856678	9271748	1124067329625365
1312796	1160386	152410	882	3534670	3303608	1124067334808831
649092	629820	19272	2473	7188312	5821446	1124067342977085
1074692	1054482	20210	1585	5223882	4471054	1124067349606623
1191486	1171340	20146	2540	6927750	6497992	1124067358061329
947800	926768	21032	4264	10626286	9702342	1124067369965575
1187418	1168232	19186	2738	7257892	6890578	1124067378741133
1179558	1158084	21474	2733	7278166	6872068	1124067387529171
1184430	1162856	21574	4271	10532234	9956446	1124067399581957
1293672	1169476	124196	2902	7803382	7365182	1124067409015153
889914	867740	22174	3628	9261304	8371718	1124067419497329
978146	958298	19848	3111	8351078	7430366	1124067429161487
697402	678172	19230	266	2449732	1456120	1124067432638693
399958	380462	19496	4833	11076390	10290966	1124067444445171
905048	884400	20648	157	2225892	1444160	1124067447906211
1198438	1164502	33936	226	1567494	1876376	1124067451001577
1193124	1172762	20362	1531	5077120	4482676	1124067457602263
1192518	1172568	19950	3004	8026612	7430418	1124067467157573
1181154	1161310	19844	3731	9463006	8868452	1124067478132085
1176050	1155460	20590	4131	9978376	9663462	1124067489616925
1186692	1167206	19486	3481	8735684	8375370	1124067499875493
1181450	1160094	21356	587	2882836	2585782	1124067504270217
1174906	1154898	20008	4252	10351528	9904874	1124067516127565
1186524	1166998	19526	3693	9094784	8798866	1124067526739099
1181976	1161758	20218	3638	9099064	8684752	1124067537350481
1179344	1159358	19986	2737	7443168	6879574	1124067546303783
1184326	1164240	20086	1854	5537024	5118396	1124067553354727
1179304	1159878	19426	262	2248088	1929426	1124067557111657
893354	872506	20848	2312	6759122	5742946	1124067565093633
1180002	1160606	19396	533	3091270	2471538	1124067569694269
652402	631420	20982	3593	9142080	8070114	1124067579824819
783958	761738	22220	99	2216660	1207516	1124067583156109
1187146	1167340	19806	4288	9987104	9990042	1124067594661207
6953690	6949716	3974	4109	10265546	15398438	1124067612211685
547240	526602	20638	2408	6593530	5590300	1124067619683097
1201020	1173728	27292	3027	7772066	7481284	1124067628994851
1181764	1156538	25226	4985	11808010	11379152	1124067642315479
1312434	1284280	28154	678	3434442	2894194	1124067647392099
1179540	1158972	20568	2117	6210762	5639840	1124067655113153
1180978	1162074	18904	2293	6307978	5994346	1124067662932499
1182560	1161296	21264	1789	5642202	4988836	1124067670088039
1278444	1239222	39222	914	3754510	3332326	1124067675451859
908934	885164	23770	4153	10057046	9440460	1124067686748311
1186202	1158266	27936	1515	5062566	4442354	1124067693327521
1181592	1160524	21068	1040	4178702	3488046	1124067699018831
1180636	1161188	19448	4496	10755604	10399668	1124067711285825
825752	805596	20156	3415	8704442	7882212	1124067721146839
1190420	1171352	19068	4104	10101496	9623452	1124067732769425
659774	639838	19936	3390	8588148	7667622	1124067742348713
1033668	1014366	19302	3186	8468258	7631110	1124067752180523
955512	935140	20372	4864	11467594	10909968	1124067764934269
1182130	1160468	21662	3823	9675828	9055750	1124067776122839
677936	656768	21168	4098	10177320	9099804	1124067787308515
456952	438322	18630	155	2069684	993144	1124067790165521
668518	636744	31774	3875	9163002	8648042	1124067800327025
1269398	1168140	101258	4861	11934682	11217726	1124067813861811
1184156	1162702	21454	2928	7693656	7305046	1124067823070487
220546	199096	21450	110	2059924	666048	1124067825680859
1175200	1155240	19960	1900	5215458	5201422	1124067832407441
1266212	1170450	95762	4545	11048618	10581588	1124067845052361
1178268	1158720	19548	3369	8717208	8143328	1124067855278345
1184284	1162620	21664	2297	6631538	6004778	1124067863424303
633292	612632	20660	4406	10589394	9673074	1124067874977217
1000790	981002	19788	787	3668518	2801474	1124067879976685
1263338	1243434	19904	3521	9029532	8532452	1124067890599173
1194846	1174660	20186	2005	6001466	5431664	1124067898126611
1181066	1160392	20674	1318	4557892	4043974	1124067904196817
608478	588998	19480	4294	10644162	9422934	1124067915780093
1179288	1160188	19100	824	3613828	3053888	1124067920908865
1177360	1158200	19160	1278	4387782	3960624	1124067926802891
923538	902392	21146	2680	7091018	6510062	1124067935146993
261398	238088	23310	1094	4263784	2676420	1124067940002819
1179548	1159312	20236	3047	8219966	7500186	1124067949732913
1185066	1165838	19228	162	2169674	1743758	1124067953426389
1182174	1162224	19950	1420	4070960	4248308	1124067959009505
1183050	1160082	22968	1616	5265012	4641302	1124067965788303
1323172	1303092	20080	4621	11042662	10796468	1124067978492351
742636	722372	20264	1886	5526178	4741760	1124067985091733
1186938	1166286	20652	4189	10224940	9791586	1124067996833969
1183848	1163504	20344	4642	11420462	10694690	1124068009768773
565438	504890	60548	2200	6393508	5192428	1124068017064303
1185248	1165794	19454	4100	10272368	9611132	1124068028852053
1319270	1157926	161344	3859	9617738	9263734	1124068040119969
1211222	1160686	50536	1704	5146030	4844506	1124068046807837
489730	465400	24330	4153	10374702	9022856	1124068058002263
1178030	1158048	19982	3768	9492450	8940636	1124068069002471
1195356	1172478	22878	2718	7215918	6857840	1124068077743731
1172622	1152732	19890	3756	9249596	8915898	1124068088500949
0	0	0	0	0	0	0
1182086	1160732	21354	4481	11039872	10374390	1124068108012285
1228516	1162478	66038	1863	5580934	5181498	1124068115152633
1180686	1158250	22436	2575	7236854	6557560	1124068123900731
1182796	1161942	20854	1574	5090664	4557726	1124068130504805
1177080	1155632	21448	4855	11658656	11112970	1124068143670973
1194512	1173984	20528	44	2166128	1509320	1124068147368377
1190696	1171402	19294	4716	10616996	10850206	1124068159506481
1235426	1215424	20002	3488	9012238	8443170	1124068170105127
1185878	1164560	21318	2537	6897722	6487140	1124068178519499
1201704	1181492	20212	3773	9553632	8973082	1124068189605249
1136644	1116818	19826	320	2678932	2006218	1124068193760149
1235990	1163788	72202	1013	4367516	3488744	1124068199699451
873522	854360	19162	613	2946222	2326210	1124068203854951
1178710	1157748	20962	4795	11708172	10994714	1124068217072045
1131318	997936	133382	1000	3714378	3357756	1124068222248599
1180766	1162094	18672	2181	6227934	5769328	1124068229988025
1184256	1162312	21944	4979	12042638	11421542	1124068243545379
1323014	1169160	153854	1799	5341266	5147328	1124068250546099
1160448	1141014	19434	1483	4720234	4352884	1124068256757465
599758	579698	20060	1306	4390228	3438108	1124068262076749
1228870	1157708	71162	1083	3905444	3621464	1124068267541847
1144896	1114312	30584	2629	8979820	6628272	1124068278001761
781068	761708	19360	847	3572404	2702468	1124068282685897
1176474	1032346	144128	3437	9022170	8277750	1124068293215233
1175570	1156016	19554	2324	6565628	6050568	1124068301286263
292408	185876	106532	2335	6658368	5188676	1124068308567023
740960	720884	20076	4813	11380294	10593698	1124068321017525
1175418	1155250	20168	4546	10810174	10494084	1124068333333863
1181368	1162144	19224	3083	7921814	7574980	1124068342767743
795374	774818	20556	4348	10630164	9717624	1124068354523687
942920	922332	20588	1639	5266650	4448170	1124068361063183
200324	178620	21704	4708	11422648	9841398	1124068373016477
1177702	1157298	20404	3991	9805654	9385132	1124068384331793
1181600	1160522	21078	895	3796258	3197842	1124068389639651
1178266	1156748	21518	130	2270704	1669086	1124068393424279
0	0	0	0	0	0	0
1177234	1156608	20626	2350	6784686	6103474	1124068411481085
1175800	1154924	20876	3611	9303960	8626994	1124068422297583
1033212	1012764	20448	3071	8120050	7400598	1124068431780943
1104878	1085860	19018	3121	8251448	7573538	1124068441472511
0	0	0	0	0	0	0
1281354	1262332	19022	1541	4826350	4593692	1124068458330863
1253310	1163502	89808	4851	11600344	11182094	1124068471514713
3300430	3297894	2536	3520	8974714	10566034	1124068484123777
1182316	1163224	19092	3752	9310176	8912654	1124068494945549
1183622	1163638	19984	1926	5517442	5262742	1124068501976807
242764	219712	23052	4751	11566064	9971184	1124068514115831
1298940	1277670	21270	2108	5996214	5741514	1124068521741965
1182204	1163032	19172	3409	8857366	8227368	1124068532117189
1299208	1278884	20324	1582	5111946	4689500	1124068538858099
1193452	1174258	19194	1307	4386862	4034862	1124068544768321
207760	180820	26940	3269	8614454	6971074	1124068553920571
1094086	1073496	20590	1444	4738100	4208176	1124068560082831
382934	363912	19022	367	2567516	1344752	1124068563363673
1189520	1168570	20950	4526	10463028	10468628	1124068575346145
923566	891734	31832	1010	3842710	3169218	1124068580442165
499604	359958	139646	3218	8453824	7162472	1124068589726097
812590	792446	20144	4507	10748152	10053444	1124068601622965
1191442	1170674	20768	3592	8898330	8600776	1124068612051809
1178756	1157686	21070	4429	10838128	10262504	1124068624399017
526216	506784	19432	2363	6725196	5478076	1124068631980425
1180996	1160674	20322	3697	9222222	8801446	1124068642715083
1020326	1001056	19270	765	3434582	2777252	1124068647500391
428318	407678	20640	3037	8126068	6773832	1124068656396289
1295444	1163072	132372	1186	4166052	3893846	1124068662189417
1178446	1158762	19684	2722	7184108	6849298	1124068670882321
798858	778010	20848	2586	7226300	6198626	1124068679238703
1183128	1161162	21966	2562	7023618	6532464	1124068687776931
802876	777792	25084	3618	9239800	8265710	1124068698158567
281028	182552	98476	410	2870666	1328624	1124068701640685
1036354	931942	104412	4858	10843422	10979240	1124068713855949
1180288	1160650	19638	1582	4940948	4573848	1124068720307819
669514	648474	21040	3846	9582384	8588252	1124068730890951
482380	326070	156310	3808	9715842	8324848	1124068741419743
998776	979362	19414	616	3034676	2457468	1124068745784093
851752	831042	20710	730	11087108	2537740	1124068758058989
437888	418340	19548	4975	12268926	10614018	1124068771097011
687914	666922	20992	3171	8467520	7255980	1124068780582965
386280	367296	18984	3263	8561744	7139452	1124068789861293
1178402	1159956	18446	3658	9099820	8725730	1124068800469353
1176722	1157614	19108	2970	7988330	7344190	1124068809965597
1028874	1006970	21904	1899	5944332	5053384	1124068817269651
561636	540370	21266	4467	10796202	9721658	1124068828958325
1331544	1160864	170680	4256	10595828	10069318	1124068841216143
1377796	1357452	20344	1769	5254042	5142260	1124068848178337
969316	947536	21780	4276	10253086	9748066	1124068859731813
1177368	1156714	20654	301	2570196	2005638	1124068863815805
1180446	1161246	19200	3424	8926964	8255978	1124068874252819
1193324	1161478	31846	2861	7727736	7142958	1124068883505631
1181390	1162332	19058	4112	9977428	9632174	1124068894999583
536326	515456	20870	4151	10158972	9066020	1124068906024443
1181460	1161384	20076	2256	6431720	5919708	1124068913967525
1180798	1160718	20080	4034	9866280	9475200	1124068925344783
1179298	1159938	19360	4903	11785586	11212116	1124068938639177
1306638	1165800	140838	1688	5153078	4909926	1124068945428437
394574	375410	19164	2109	6309822	4841684	1124068952462359
873638	853294	20344	1608	5235490	4315842	1124068958903333
1190968	1169648	21320	962	3687982	3340498	1124068964112641
1205014	1165112	39902	3338	8548764	8107750	1124068974196597
1195718	1158982	36736	735	3204346	2892862	1124068978927293
1189040	1168316	20724	1482	4873906	4378298	1124068985320537
1183988	1162962	21026	3071	7905332	7552850	1124068994739441
1178222	1158656	19566	4014	9857322	9432980	1124069006105583
1183482	1161378	22104	1443	4829516	4296080	1124069012448777
1179988	1158594	21394	1781	5331584	4968532	1124069019291269
1187500	1164668	22832	2561	7111302	6535300	1124069027920693
1259526	1173112	86414	2849	7765034	7184380	1124069037274671
1175794	1155896	19898	1244	4275876	3891076	1124069043056881
1183484	1161172	22312	2967	7725900	7343974	1124069052296505
685630	666020	19610	1604	5272734	4120574	1124069058584605
664312	643688	20624	39	2023860	969072	1124069061603225
493840	474408	19432	1695	4806338	4109802	1124069067238731
1187216	1165428	21788	4374	10591270	10160008	1124069079348025
849000	827892	21108	3531	9004466	8137784	1124069089531749
767756	747906	19850	2513	7098920	6024164	1124069097734425
1175956	1157376	18580	2483	6680702	6368004	1124069105926579
447452	424156	23296	4695	11136210	10067586	1124069117839983
1183648	1164188	19460	2080	5916304	5573880	1124069125270113
1181016	1154190	26826	4985	11700700	11378092	1124069138481397
817540	798048	19492	4703	11580382	10450376	1124069151209799
1212528	1171286	41242	3532	8843042	8502126	1124069161596673
461292	441892	19400	2604	7283512	5899892	1124069169677383
1190658	1170442	20216	4218	10307724	9856688	1124069181514665
1177452	1157538	19914	596	3209064	2599508	1124069186239453
876516	856620	19896	4133	10457466	9368444	1124069197904405
1177814	1158218	19596	4664	11309062	10731802	1124069210721613
426710	405036	21674	3903	9740782	8458608	1124069221220417
686536	665560	20976	1905	5566222	4724300	1124069227804231
1185782	1166556	19226	3540	8809514	8497286	1124069238131377
472670	451112	21558	4592	10956232	9883298	1124069249890205
1188412	1165814	22598	4918	11763132	11251166	1124069263171823
1177826	1157916	19910	1158	4215788	3720692	1124069268895197
795592	774552	21040	856	3689900	2734088	1124069273710909
482356	461290	21066	3235	8189724	7180128	1124069282721589
1182094	1162948	19146	553	3003170	2513838	1124069287237319
1250278	1160926	89352	3179	8638000	7839712	1124069297455437
1110514	1091046	19468	4849	11596736	11034248	1124069310493593
1416554	1165572	250982	4083	10273318	9808150	1124069322513511
1182660	1163176	19484	4279	10515228	9967668	1124069334541559
342482	319208	23274	3894	9533274	8357154	1124069344747277
1181594	1161020	20574	1731	5227220	4870202	1124069351486325
354710	334722	19988	2542	7164648	5669606	1124069359341391
1176196	1155822	20374	1197	4394978	3796762	1124069365242825
1195436	1173048	22388	4572	11042560	10564974	1124069377809953
1184296	1164166	20130	4725	11551500	10859770	1124069390876753
1196794	1157220	39574	1616	5087108	4655662	1124069397491151
1320966	1215474	105492	2907	7643358	7360244	1124069406793281
774250	754558	19692	2035	6065922	5070072	1124069413964515
558006	536822	21184	251	2321452	1285150	1124069417174229
325832	285866	39966	4439	10294510	9430862	1124069428123965
1183062	1163138	19924	4084	9922810	9577082	1124069439559153
275690	251708	23982	3836	9595166	8177962	1124069449765699
394022	353408	40614	1843	5681748	4305876	1124069456177953
1179962	1160650	19312	2724	7214300	6853726	1124069464901853
1206582	1185668	20914	2228	6565522	5893248	1124069473004265
1019926	998362	21564	4334	10462164	9917222	1124069484816673
293616	180648	112968	220	2299292	960564	1124069487739309
1181880	1162762	19118	2469	6351958	6346064	1124069495607525
1028908	1009418	19490	4381	10549726	10018038	1124069507534459
1190254	1169694	20560	3324	8727318	8068908	1124069517787733
1175008	1155574	19434	1701	5821268	4803776	1124069525122407
1184940	1161696	23244	2389	6801756	6188278	1124069533440297
1190248	1168672	21576	1254	4364410	3923764	1124069539325551
1189126	1169658	19468	1146	4037012	3707824	1124069544882391
1179296	1158416	20880	1524	4990224	4452806	1124069551382499
1183638	1161782	21856	2838	7701766	7085080	1124069560598797
1182206	1161674	20532	757	3282344	2923100	1124069565393319
1193576	1172132	21444	1387	4603796	4194578	1124069571520657
1303064	1281752	21312	1916	12537942	5361996	1124069586252029
218706	181980	36726	778	3626440	2000952	1124069590427617
1176920	1155080	21840	3625	9278788	8651898	1124069601213789
1022950	1002810	20140	1366	4712626	3981380	1124069607279725
519640	493836	25804	4116	10294752	8977726	1124069618424371
1178322	1157074	21248	3541	9102810	8487208	1124069629034937
587956	568426	19530	2343	6697628	5500672	1124069636650497
1194894	1172868	22026	138	2015952	1698086	1124069640191417
503708	484490	19218	3398	8229486	7548094	1124069649256173
313918	292808	21110	577	3049444	1693532	1124069652950353
1193758	1163216	30542	4330	10069332	10079584	1124069664544109
1084662	1065120	19542	1997	5966004	5303780	1124069671924993
395424	317694	77730	751	3377642	2124548	1124069676027719
1179172	1159700	19472	304	2920670	2013504	1124069680457405
1184304	1164554	19750	1683	5455750	4776996	1124069687428519
1177328	1157278	20050	24	1805244	1451956	1124069690741477
1181166	1160136	21030	4052	9314916	9511938	1124069701569213
1180888	1160662	20226	1074	4100146	3559112	1124069707200913
1196260	1175240	21020	192	2446100	1806814	1124069711174305
444920	426506	18414	1046	3248448	2764084	1124069715198899
1087282	1068794	18488	1820	5108100	4953222	1124069721725201
197612	178094	19518	1357	4596044	3137820	1124069727303497
1187802	1167524	20278	503	3080044	2420088	1124069731901663
1182918	1163908	19010	3001	8401464	7411526	1124069741816703
1181062	1159312	21750	4432	10755244	10272580	1124069754084737
1122722	1102624	20098	3206	8229640	7761648	1124069763768345
1181120	1161546	19574	901	3544586	3213110	1124069768832703
1254116	1162676	91440	4711	11529444	10902868	1124069781947591
224016	200002	24014	1660	5378672	3770974	1124069787879405
1176946	1157880	19066	689	3310756	2781096	1124069792698353
1188752	1168844	19908	3718	9522106	8850374	1124069803740043
1200956	1181784	19172	4450	10698142	10331676	1124069815974139
1187584	1166630	20954	3635	9230130	8683648	1124069826722699
1178008	1158460	19548	1159	4248114	3722788	1124069832479113
541208	520122	21086	4807	11484044	10382818	1124069844834219
1185016	1164956	20060	4644	11216220	10700430	1124069857565909
1190272	1162888	27384	339	2639806	2098758	1124069861731111
782896	747222	35674	3398	9113760	7806334	1124069871979697
641598	621828	19770	1625	5234616	4119128	1124069878186339
1176696	1157570	19126	3388	8733780	8179178	1124069888427333
580064	559066	20998	2588	7131764	5983878	1124069896470645
1178344	1157686	20658	4440	10656324	10284402	1124069908634873
482088	462198	19890	2426	6737438	5561408	1124069916184549
1185198	1165122	20076	1390	4646036	4192460	1124069922345631
1206612	1188112	18500	517	2862670	2466648	1124069926744993
1181370	1160492	20878	3612	9249672	8632160	1124069937505651
1247100	1163282	83818	3997	10055718	9472010	1124069949147329
1220326	1161758	58568	1515	5115670	4477892	1124069955812459
442038	421598	20440	4807	11650858	10281890	1124069968236663
1424348	1404422	19926	2226	6521486	6103570	1124069976512379
1364200	1337166	27034	2777	7601538	7144210	1124069985808097
1292384	1160276	132108	1518	4924306	4555274	1124069992356247
830818	809968	20850	4911	11763438	10879558	1124070005280593
1182818	1162564	20254	1246	4290686	3901366	1124070011084523
1177472	1155876	21596	3597	9034502	8597870	1124070021627213
258766	238966	19800	3397	8696860	7283312	1124070030918359
694022	674268	19754	1898	5749830	4717354	1124070037693545
1209796	1164842	44954	3990	9708356	9417036	1124070048949265
1203516	1160860	42656	1573	4992598	4576000	1124070055516899
1233608	1212304	21304	2998	7857070	7455296	1124070064944923
627880	606968	20912	4025	9884328	8903478	1124070075787139
1194460	1167680	26780	903	3870880	3227010	1124070081187691
1182628	1162850	19778	4058	10110012	9525222	1124070092809729
578090	558870	19220	2849	7595652	6502020	1124070101313139
349216	324000	25216	2038	6133212	4652764	1124070108126211
1187776	1165188	22588	2576	7058064	6565736	1124070116702721
1197490	1177406	20084	1794	5577714	5011766	1124070123808389
481660	460132	21528	3309	8428012	7329600	1124070133048463
1295308	1182990	112318	1021	4106542	3562606	1124070138780087
1175452	1156046	19406	2521	7093928	6443098	1124070147380153
1183816	1163338	20478	256	2376564	1923130	1124070151270473
1180230	1160884	19346	1647	4398730	4717630	1124070157178837
1323422	1229136	94286	3051	7916250	7651740	1124070166749985
1182528	1162756	19772	82	1948210	1572510	1124070170211041
542794	522762	20032	3606	8554538	7984490	1124070179639253
244530	209460	35070	1823	5721600	4116780	1124070185954893
1182578	1158572	24006	2797	7506824	7006106	1124070194974191
536988	515866	21122	2847	7665522	6457212	1124070203507253
630718	601706	29012	4533	11038508	9925972	1124070215512891
865276	825510	39766	2314	6324168	5720360	1124070223079403
1183528	1161888	21640	1416	4811754	4241234	1124070229405619
1181132	1160146	20986	4815	11453814	11036678	1124070242371127
1309516	1162120	147396	1925	5854478	5385228	1124070249865457
4442114	4439624	2490	804	3488678	6277412	1124070258126029
956206	935736	20470	3314	8570456	7810310	1124070267981991
1184574	1164482	20092	3590	9187432	8589922	1124070278684253
959094	938900	20194	4213	10416878	9610724	1124070290390725
1183546	1162084	21462	4843	11540036	11095172	1124070303445051
802870	781952	20918	2107	5971338	5243046	1124070310550339
1313208	1245630	67578	466	2986438	2479554	1124070315179099
1197392	1176734	20658	165	2680270	1758456	1124070319386783
1178856	1158708	20148	3640	8565876	8702170	1124070329462197
1176980	1157632	19348	929	3915220	3264782	1124070334890225
1186354	1166086	20268	4618	11250336	10648594	1124070347657553
368686	347182	21504	3585	9074870	7769180	1124070357435813
835606	813946	21660	169	2285934	1400344	1124070360886711
669014	640202	28812	887	3189840	2670534	1124070365076093
1180116	1160394	19722	3960	9665442	9326580	1124070376251089
1182088	1159668	22420	1222	4165880	3852090	1124070381928993
1181946	1162252	19694	256	2324056	1919866	1124070385764865
1187422	1164626	22796	2861	7903608	7136456	1124070395192241
302112	279310	22802	1736	5524122	3999482	1124070401348881
1184826	1163040	21786	747	3587094	2904264	1124070406451585
338684	317578	21106	4831	11661120	10227948	1124070418781309
1008488	989272	19216	3066	8157034	7366970	1124070428277033
1185050	1164318	20732	3173	8284052	7756792	1124070438077539
501420	386638	114782	840	3658404	2407354	1124070442567877
477292	456630	20662	3440	8616804	7584142	1124070451991659
1189870	1170856	19014	639	3190098	2693354	1124070456702205
1178122	1157136	20986	4969	12062256	11343084	1124070470272401
1180894	1160426	20468	2874	7459374	7154982	1124070479243073
1181584	1159352	22232	2794	7422280	6996386	1124070488177693
438918	417336	21582	1947	5866344	4560160	1124070494812999
1183162	1161098	22064	3675	9267800	8760180	1124070505595171
494206	472992	21214	2683	7080576	6086130	1124070513508139
1178298	1158532	19766	2129	6246862	5671956	1124070521268183
788192	767970	20222	1178	4102106	3370518	1124070526488029
1287420	1169806	117614	4357	10573294	10227166	1124070538679145
1311324	1291724	19600	2768	7677990	7074466	1124070547999013
1185912	1162094	23818	1728	5313314	4868414	1124070554829537
1179964	1158520	21444	1345	4681130	4095984	1124070561021539
829828	808452	21376	2397	6695536	5851170	1124070568877333
1181340	1161914	19426	4420	10723362	10247768	1124070581112765
0	0	0	0	0	0	0
1178520	1158978	19542	2509	6760508	6421508	1124070602403749
1183014	1163284	19730	2084	5917752	5576864	1124070609834203
1177386	1157790	19596	1008	3818554	3425390	1124070615160531
0	0	0	0	0	0	0
1184214	1163438	20776	2209	6281838	5827646	1124070627799263
1187740	1158526	29214	2132	6103636	5680988	1124070635420737
672822	652792	20030	529	3030242	1958428	1124070639453791
1187536	1166710	20826	1889	4963700	5210930	1124070645934471
721558	702368	19190	480	2732086	1909102	1124070649718457
1183832	1164802	19030	1836	5798938	5082776	1124070657052683
1205622	1166486	39136	3609	8988064	8650712	1124070667576399
327182	212896	114286	3931	9697702	8415652	1124070677937845
1177262	1156720	20542	997	3707682	3401852	1124070683153909
990986	971484	19502	83	2085916	1383238	1124070686561605
675662	656344	19318	1970	5208798	4841766	1124070692776251
1178260	1157748	20512	897	3694772	3198618	1124070697980763
1182654	1163406	19248	3170	8043688	7749098	1124070707537111
1176908	1157236	19672	4614	11315308	10634002	1124070720379281
1178996	1160376	18620	4075	10016400	9555532	1124070731905285
1181850	1161588	20262	1936	5749596	5280376	1124070739168097
1221134	1201060	20074	3810	9632892	9068386	1124070750353263
430732	323314	107418	4699	11286338	10055578	1124070762400793
195208	175804	19404	2703	7125808	5827222	1124070770053169
1179498	1160034	19464	571	3070174	2547920	1124070774633437
313840	276566	37274	2121	6546494	4782042	1124070781823725
844092	822200	21892	204	2199984	1485406	1124070785197933
359960	340516	19444	653	2720122	1893638	1124070788607785
1191876	1169974	21902	4899	11697098	11215338	1124070801827625
635052	514134	120918	1951	5843780	4763250	1124070808636753
315548	268220	47328	1533	4799984	3609506	1124070814083169
1182044	1161060	20984	875	3820284	3158086	1124070819415631
5387516	5384640	2876	1820	5680302	9257002	1124070830815063
1181672	1161360	20312	1624	5014334	4655174	1124070837341149
1255992	1228878	27114	4226	10286886	9935212	1124070849215383
1110042	1090002	20040	2530	6924226	6396926	1124070857579333
1143956	1123396	20560	287	1957184	1944794	1124070861027237
1034696	1015470	19226	2017	5159752	5312220	1124070867551965
1062096	1042194	19902	4637	10974858	10561546	1124070879925253
851704	830146	21558	3099	7929426	7280406	1124070889036759
958712	938084	20628	3072	7895982	7329592	1124070898221753
1283748	1264140	19608	4460	10595046	10430812	1124070910430659
489424	468870	20554	2320	6527664	5355530	1124070917778259
1177372	1157338	20034	3691	9245802	8789584	1124070928540157
1193250	1155338	37912	3515	8908274	8448978	1124070938971937
1179908	1159978	19930	1689	5123862	4783320	1124070945606571
985820	964914	20906	4036	10125832	9286344	1124070957054395
1180204	1160848	19356	3330	8514478	8065448	1124070967078713
431488	411018	20470	3527	8741514	7712040	1124070976581883
207906	176626	31280	4512	10956744	9459652	1124070988076223
1155754	1136056	19698	4272	10595542	9925334	1124071000157969
659720	640184	19536	2431	6835600	5748362	1124071007983893
963784	944232	19552	1271	4450932	3732904	1124071013729927
673012	653440	19572	270	2425918	1443018	1124071017165091
581964	561388	20576	1835	5080610	4477058	1124071023158031
0	0	0	0	0	0	0
1182710	1160456	22254	1381	4544878	4170338	1124071037280651
1268904	1171710	97194	2583	6876872	6661854	1124071045756789
268034	248688	19346	4192	10212986	8881230	1124071056573853
936856	916280	20576	4268	10278296	9698596	1124071068118593
1177368	1157888	19480	2526	7197056	6456140	1124071076825013
687526	665922	21604	4175	10245506	9264458	1124071088089113
1178060	1158372	19688	1343	4472368	4090558	1124071094069617
783498	761504	21994	2034	6143596	5077986	1124071101326973
1057300	1036762	20538	894	3497660	3071824	1124071106212721
1180362	1160694	19668	3835	9431086	9076726	1124071117153693
1143242	1123006	20236	1528	4894594	4424754	1124071123522509
1180606	1158222	22384	3525	9157414	8461398	1124071134195841
1178094	1157270	20824	2292	6325356	5989270	1124071142029239
1190980	1170988	19992	421	2567590	2260130	1124071146118087
302004	280028	21976	1282	4219330	3093350	1124071151023091
286520	188018	98502	1609	4935616	3730008	1124071156575589
1059662	1039728	19934	4497	10916044	10280828	1124071168880617
613422	594518	18904	1542	5118538	3923520	1124071174942317
1178850	1158338	20512	1225	4522130	3856696	1124071180973757
276500	256130	20370	3580	8909192	7663534	1124071190489281
406192	384950	21242	371	2736194	1373548	1124071193960977
1181260	1160644	20616	2230	5875400	5868114	1124071201347983
453140	433460	19680	2381	6518906	5441580	1124071208649819
1179372	1158758	20614	2057	5920006	5520838	1124071216079997
1315788	1173308	142480	3524	8764484	8590010	1124071226490321
806884	784934	21950	2149	6309850	5331288	1124071233937337
827600	806666	20934	4944	11934462	10942160	1124071247029953
1189040	1161140	27900	3449	8976262	8313592	1124071257525333
1185940	1164022	21918	4539	11215706	10493796	1124071270262117
1179560	1159528	20032	192	2128418	1790122	1124071273899723
1182278	1160532	21746	2481	6142054	6369876	1124071281554343
1071306	1051112	20194	4389	10830018	10080100	1124071293791331
197556	169880	27676	2949	7682912	6326382	1124071302001521
1180508	1158752	21756	3720	9144850	8846214	1124071312656349
1187734	1168040	19694	4840	11439450	11094970	1124071325613517
3106132	3103600	2532	701	3416588	4738222	1124071332471845
453466	431740	21726	4793	11345704	10265764	1124071344601083
1181686	1161894	19792	2731	7474376	6869596	1124071353587219
693604	654016	39588	3654	8995776	8227718	1124071363627057
702260	683130	19130	3423	8809046	7779306	1124071373475649
1181830	1160706	21124	3618	9149866	8643888	1124071384143165
914442	893804	20638	937	3743624	3013852	1124071389131709
620880	600814	20066	2350	6571760	5548128	1124071396654125
1180174	1159096	21078	523	2934300	2453948	1124071401099379
1282576	1161150	121426	45	2129566	1597268	1124071404841749
1179202	1159974	19228	445	2453310	2310904	1124071408804305
1176780	1157298	19482	445	2313920	2293508	1124071412625885
1186588	1164786	21802	4271	10619466	9955006	1124071424761619
238052	173508	64544	4308	10415142	9080164	1124071435745013
1185258	1163098	22160	4659	11330434	10729144	1124071448596111
1180496	1161326	19170	598	3048280	2602158	1124071453155329
1199772	1180152	19620	2719	7763202	6867254	1124071462448505
1181254	1159144	22110	2527	7250822	6461452	1124071471209921
192138	172700	19438	2390	6760642	5197654	1124071478492763
1179788	1160364	19424	1682	5150190	4769924	1124071485152365
1242340	1160842	81498	1631	4999164	4730160	1124071491724859
1114610	1093590	21020	128	2408608	1596322	1124071495599065
957154	937426	19728	4569	10567086	10339728	1124071507461509
1105944	1086776	19168	126	2154916	1584812	1124071511058317
1193620	1171000	22620	87	1584612	1594408	1124071514165951
1184244	1162204	22040	3824	9483538	9060060	1124071525164509
1043212	1024068	19144	3739	9454580	8747732	1124071535991377
1171098	1144070	27028	3153	8306730	7703746	1124071545799173
1192712	1173596	19116	318	2710328	2054496	1124071550032769
749152	729284	19868	2058	6063280	5090444	1124071557175163
560008	540174	19834	3238	8322314	7262798	1124071566387945
1099084	1078610	20474	312	2359904	1949468	1124071570177011
1195676	1175184	20492	3157	7441530	7753488	1124071579143509
1221310	1192988	28322	3223	8158978	7893174	1124071588855079
766436	746956	19480	243	2430220	1479600	1124071592382209
528044	507674	20370	467	2484386	1689662	1124071595725753
1172704	1134132	38572	4652	11408036	10703300	1124071608642333
1184644	1162186	22458	4695	11213178	10801494	1124071621370193
755676	736504	19172	762	3367374	2506250	1124071625823153
286514	267402	19112	963	3829660	2438130	1124071630269973
1181522	1161388	20134	400	2892896	2208686	1124071634674983
902746	882786	19960	3189	8540888	7507620	1124071644450091
1119306	1099076	20230	4682	11305102	10708912	1124071657204531
969806	950434	19372	1819	5648042	4834556	1124071664153037
640274	620834	19440	895	3817042	2656512	1124071668941441
1183602	1158796	24806	320	2811306	2050152	1124071673266749
1183868	1162242	21626	3966	10294192	9352192	1124071685074897
1178986	1158466	20520	714	3394244	2833658	1124071689977989
1404054	1384464	19590	2764	7537072	7158296	1124071699248967
571600	551116	20484	1471	4729402	3739898	1124071704880491
577158	556882	20276	1798	5589604	4399532	1124071711377973
843650	695998	147652	3201	8148108	7471916	1124071720700437
1050756	1030862	19894	1900	5716254	5076770	1124071727797491
933414	796408	137006	4672	11093904	10508354	1124071740156051
1193866	1171758	22108	153	2050322	1727072	1124071743730439
2201254	2197398	3856	3198	8694082	8824314	1124071754961785
1086178	1066758	19420	588	3364486	2488190	1124071759742641
1307234	1287270	19964	2721	7667892	6975212	1124071769053651
0	0	0	0	0	0	0
1183714	1164008	19706	2384	6641508	6177736	1124071782568019
1179036	1159908	19128	2908	7696320	7221870	1124071791775281
1274980	1163132	111848	372	2502802	2249038	1124071795889185
972946	952448	20498	3139	8414376	7477732	1124071805607073
1187106	1165994	21112	1263	4404570	3943948	1124071811535173
1182378	1160888	21490	2561	6859502	6530178	1124071819912393
1183260	1163012	20248	1519	5062072	4446600	1124071826487253
1178534	1158390	20144	1868	10640068	5141916	1124071838636413
1181406	1160880	20526	3472	8752882	8352918	1124071848899179
792812	761582	31230	4907	11709672	10833352	1124071861732485
882216	861882	20334	4167	10124512	9447470	1124071873075831
1181248	1161010	20238	951	3929642	3309546	1124071878516793
327952	306448	21504	1851	5697746	4257172	1124071884873483
550942	530402	20540	1590	4969570	3955838	1124071890724397
689210	667344	21866	589	3268378	2094334	1124071895012625
1313476	1293218	20258	195	2724370	1928616	1124071899380899
1188664	1166140	22524	2721	7553930	6861424	1124071908453993
1100656	1079734	20922	2067	5936802	5460300	1124071915821931
307260	287326	19934	2388	6516702	5313980	1124071922974487
1189382	1158666	30716	4887	11733938	11188958	1124071936228517
1183594	1164132	19462	4998	11935612	11404938	1124071949678597
1178284	1158050	20234	1048	4116284	3501688	1124071955309313
932026	912866	19160	388	2521668	1934854	1124071959093017
906162	875758	30404	4060	10175096	9252616	1124071970505047
1181508	1161294	20214	918	3633138	3244414	1124071975650359
1260202	1237098	23104	3950	9722730	9392108	1124071987118961
1047280	1027786	19494	3299	8505574	7870466	1124071997001971
1180816	1159926	20890	2518	6879772	6443524	1124072005393457
209412	181326	28086	1972	6004946	4383338	1124072011937951
1203694	1168344	35350	2965	7650422	7363476	1124072021122185
991186	969732	21454	4362	10768342	9941958	1124072033211601
1190292	1169692	20600	4345	10577366	10107290	1124072045310611
1183016	1159920	23096	252	2320836	1914202	1124072049145281
1283784	1214702	69082	2260	6558182	6029618	1124072057317971
1182426	1161580	20846	3056	7846764	7521296	1124072066678587
465058	444938	20120	1249	4409366	3190018	1124072071883189
1187390	1165894	21496	3482	9044698	8377300	1124072082445431
1180602	1160644	19958	578	3214014	2563720	1124072087170567
194412	172726	21686	3726	9713470	7871682	1124072097408327
727150	706384	20766	432	2837102	1817062	1124072101303031
1181842	1162518	19324	1476	5116730	4364018	1124072107931693
1179814	1160406	19408	1578	4889976	4565080	1124072114331593
636082	615806	20276	2249	6367994	5360314	1124072121665805
1045412	1025212	20200	4532	11011794	10340012	1124072134059047
1175124	1155988	19136	38	1969702	1478210	1124072137534711
646804	627568	19236	701	2763248	2275004	1124072141280363
1208162	1163280	44882	2883	7535000	7201662	1124072150353653
1203220	1170090	33130	3978	9787990	9386046	1124072161674633
891368	869878	21490	3495	8952198	8112534	1124072171852703
612232	592732	19500	3730	9408506	8298374	1124072182203521
473080	453404	19676	4538	10828418	9776406	1124072193834229
1181470	1160376	21094	1181	4350280	3770230	1124072199696641
1192790	1172940	19850	2714	7271248	6851258	1124072208497857
189468	169562	19906	1225	4264672	2865350	1124072213282493
992046	970114	21932	2628	7155022	6475310	1124072221759041
663308	526646	136662	4001	9765766	8895776	1124072232526177
1176388	1157318	19070	1268	4334978	3939358	1124072238367257
1193282	1172242	21040	1116	3990018	3652166	1124072243880093
1182064	1162756	19308	4282	10618696	9973518	1124072256010785
931558	910494	21064	493	2711452	2143872	1124072259984203
1200064	1180016	20048	556	3331424	2539274	1124072264846721
1182510	1162632	19878	4864	12029784	11135894	1124072278389045
1135272	1112418	22854	3641	9077756	8642962	1124072288931733
1186724	1166806	19918	3694	9247706	8800800	1124072299697083
612396	592526	19870	3797	9332746	8436712	1124072309982659
854504	834502	20002	360	2469898	1799984	1124072313636779
1179658	1160166	19492	3414	8978838	8233604	1124072324141847
1190350	1168728	21622	2952	8006522	7321048	1124072333670473
273448	175052	98396	4922	11849802	10342788	1124072346129479
1194810	1158154	36656	998	3958020	3417220	1124072351612791
237028	195266	41762	2081	5930300	4625254	1124072358116967
854434	835894	18540	121	2166334	1323070	1124072361468351
990030	970796	19234	741	2892856	2698474	1124072365689931
1096826	1076502	20324	2532	6826060	6389618	1124072373948651
1077336	1058424	18912	1722	5284400	4747208	1124072380641127
1184542	1163864	20678	58	1929200	1527038	1124072384084285
1181938	1162378	19560	1754	4758922	4916148	1124072390355643
440448	419424	21024	2074	6072124	4815556	1124072397198105
1180564	1161036	19528	2597	6987048	6600656	1124072405696117
836906	817766	19140	2080	6188118	5223212	1124072413062397
1183578	1164242	19336	1836	9886700	5082348	1124072424462989
456620	436326	20294	130	2112088	943772	1124072427362017
345064	324222	20842	2069	5547426	4709636	1124072433584433
1196658	1176786	19872	2678	7281628	6783820	1124072442397983
1178836	1158832	20004	4911	11567218	11227058	1124072455474051
0	0	0	0	0	0	0
1185424	1164108	21316	967	3816328	3346686	1124072466038525
1182878	1162374	20504	2463	6766162	6334070	1124072474317925
628726	608964	19762	1022	3794746	2898040	1124072479071745
1190728	1171596	19132	3603	9230184	8622156	1124072489821663
357432	268912	88520	1355	4633576	3294588	1124072495142313
1186952	1166874	20078	3710	9389618	8832976	1124072506049777
304080	282574	21506	4999	11788184	10527898	1124072518470777
330768	308532	22236	3502	8973418	7563160	1124072528105783
1168746	1148756	19990	163	2106864	1720464	1124072531711361
1178220	1158028	20192	2809	7869270	7022928	1124072541094769
1181302	1160940	20362	1627	5134180	4662780	1124072547741791
1178004	1158130	19874	2610	7014180	6628416	1124072556270425
1175788	1156286	19502	3908	9777716	9218178	1124072567554123
1180608	1160160	20448	288	2389328	1983318	1124072571458913
976648	957434	19214	3458	8943378	8121326	1124072581714899
1121986	1102398	19588	299	2718682	1946850	1124072585892179
516184	372734	143450	986	4024040	2715826	1124072590762349
1199510	1179344	20166	2761	7670582	6948604	1124072599963623
485968	464364	21604	3415	8751308	7543202	1124072609531985
1177926	1158484	19442	1169	4145178	3741996	1124072615189931
1192398	1158596	33802	2529	7003408	6476290	1124072623716331
233074	210704	22370	2766	7524404	5992090	1124072631814925
1178374	1158162	20212	3818	9658360	9040234	1124072642982125
639404	614920	24484	1750	5455364	4366440	1124072649407145
676356	655442	20914	2372	6539214	5647110	1124072656952001
855360	834770	20590	1229	4200908	3538636	1124072662338989
1036904	1014818	22086	4289	10364334	9840512	1124072674070457
676688	655514	21174	3973	9943134	8848992	1124072685020153
1186228	1166734	19494	3125	8355156	7662720	1124072694891577
1278484	1169346	109138	1993	5823364	5491424	1124072702323797
1304946	1285766	19180	1045	3908468	3620406	1124072707868237
1187406	1165020	22386	4853	11428632	11133832	1124072720814603
438010	418224	19786	533	3238482	1731084	1124072724821151
1181118	1161280	19838	615	3432470	2637802	1124072729764199
1337812	1291796	46016	392	3011772	2347680	1124072734462903
795426	776124	19302	1915	5546026	4851492	1124072741134477
1188142	1168678	19464	3939	9891170	9292660	1124072752543073
517822	495880	21942	2399	6542376	5540836	1124072759934721
1294772	1212330	82442	503	3060976	2528680	1124072764621653
1180716	1159876	20840	766	3859458	2938146	1124072769991551
696314	676552	19762	256	2418858	1435304	1124072773437103
1178594	1159144	19450	2662	6740348	6728732	1124072781691333
895020	874792	20228	4682	11192580	10490280	1124072794115639
929342	909056	20286	2947	7630692	7049438	1124072803005931
1291152	1167166	123986	3937	9849578	9391996	1124072814477611
745918	727070	18848	1218	4184432	3407850	1124072819738363
336868	317062	19806	367	2509256	1300898	1124072822961269
1177922	1158400	19522	4643	10796910	10690250	1124072835266223
1181220	1160838	20382	3985	9778938	9376860	1124072846557471
1264066	1242994	21072	1715	5428874	4919438	1124072853600231
1051074	1030382	20692	948	3839982	3176230	1124072858831229
1185838	1166668	19170	1741	5701862	4894892	1124072866047945
1171246	1150352	20894	3084	8090436	7565624	1124072875639251
1092948	1073720	19228	1612	5021466	4547226	1124072882088905
4044904	4042286	2618	82	2050580	4436134	1124072888514817
1326188	1162240	163948	541	3114622	2633878	1124072893286049
891670	871488	20182	1064	4350236	3251108	1124072898857513
968624	948924	19700	1438	4876742	4071590	1124072905032437
1187828	1163262	24566	4076	10183236	9566770	1124072916733533
1133758	1114960	18798	224	2230164	1807626	1124072920427459
273706	251090	22616	447	3085854	1393892	1124072924117325
1176602	1156982	19620	757	2928900	2922066	1124072928552241
352210	332358	19852	4618	11067212	9815384	1124072940301705
1205384	1168714	36670	436	2849144	2304180	1124072944686849
553788	534430	19358	3427	8984414	7633664	1124072954555193
1066882	1047858	19024	270	2279438	1833598	1124072958232283
1189776	1164652	25124	3861	9156570	9161246	1124072968909077
1063832	1038172	25660	2504	6839840	6298354	1124072977143077
670752	650828	19924	748	3397340	2392062	1124072981541971
647676	446378	201298	979	4003030	2835456	1124072986528831
1183954	1163818	20136	2357	6707680	6123168	1124072994751051
1180852	1160262	20590	43	2080384	1492932	1124072998341953
635974	616618	19356	4633	10637308	10128112	1124073009944973
1210986	1162906	48080	2468	6949088	6373544	1124073018435893
924388	902072	22316	1151	4034740	3452552	1124073023725273
188466	170014	18452	3447	8791270	7312272	1124073033043249
1177636	1157364	20272	3099	8199244	7600924	1124073042750377
1200576	1179972	20604	1272	4269666	3970720	1124073048551271
1189144	1169408	19736	4199	10125938	9813080	1124073060195753
540304	520856	19448	1753	5555216	4272956	1124073066620869
557972	538248	19724	3094	8013498	6972968	1124073075522453
1187744	1166050	21694	2978	7996078	7373726	1124073085042185
547932	528146	19786	4698	11365028	10169932	1124073097284253
1008576	988048	20528	3538	9053854	8310710	1124073107676813
1181732	1162472	19260	1790	5348134	4992008	1124073114541957
1184128	1164920	19208	184	2173772	1778154	1124073118230285
1193786	1172604	21182	2449	7125496	6318576	1124073126879913
1185754	1165934	19820	4167	10203938	9744934	1124073138599773
1179572	1158806	20766	2790	7274260	6986202	1124073147383537
602386	583174	19212	8	1969878	844732	1124073150286077
491656	472032	19624	345	2096006	1407620	1124073153203553
1175580	1156498	19082	2434	6836564	6269434	1124073161545409
1064466	1045322	19144	1518	4946680	4330784	1124073167898277
3258162	3255804	2358	3876	9467244	11241322	1124073180953863
1215524	1172502	43022	475	2687496	2392862	1124073185187193
1197760	1177116	20644	628	3252048	2679090	1124073189967361
1099984	1080460	19524	3792	9821592	8909696	1124073201219521
1189530	1169610	19920	2114	6055196	5643308	1124073208795051
1180788	1160750	20038	2550	7068992	6508074	1124073217374197
1213192	1188246	24946	138	1997154	1716078	1124073220914611
615328	595558	19770	4150	9729948	9159790	1124073231590637
841680	820520	21160	2659	7258614	6390696	1124073240026939
482598	324916	157682	1973	5680642	4654336	1124073246519823
402250	381084	21166	3768	9323170	8164272	1124073256575371
1182544	1163084	19460	4173	10402694	9754794	1124073268491577
1005534	984232	21302	2066	6172802	5363824	1124073276000497
435268	415988	19280	157	2202530	975090	1124073278968199
1181732	1161122	20610	3739	8888468	8886728	1124073289368585
1183662	1163858	19804	2993	7720738	7395016	1124073298602463
827400	806184	21216	728	3402222	2510962	1124073303162183
1181060	1160406	20654	183	2406130	1772342	1124073307079773
1183956	1164634	19322	4562	10560898	10551816	1124073319154631
1183562	1163110	20452	1618	4973406	4646700	1124073325642153
889006	869864	19142	970	3756206	3059536	1124073330623537
776614	755154	21460	4618	10986906	10239660	1124073342717089
616538	597172	19366	358	2558904	1557914	1124073346223005
1222620	1167428	55192	1157	3729064	3766766	1124073351505023
1181312	1158470	22842	3241	8247868	7889858	1124073361269645
1182682	1163246	19436	4692	11238624	10791964	1124073374020923
959512	939200	20312	411	2791966	2008032	1124073378101725
355550	326660	28890	546	3011080	1673102	1124073381797743
403108	381368	21740	3644	8519760	7918486	1124073391051185
1183104	1159200	23904	4623	10994516	10655548	1124073403559105
407630	388470	19160	2433	7030270	5500730	1124073411331577
1189584	1169142	20442	3730	9322352	8875480	1124073422173447
1177952	1159466	18486	3606	9328524	8615740	1124073433009757
385196	363594	21602	3548	9067494	7707764	1124073442792887
1178072	1158636	19436	901	3524860	3206404	1124073447825751
4415038	4412260	2778	193	2380228	5025996	1124073454950677
1241816	1221908	19908	897	3706760	3261464	1124073460229361
882466	864094	18372	687	3385808	2481824	1124073464828007
330502	309386	21116	4937	11899152	10430734	1124073477387917
1197124	1178410	18714	895	3601256	3213318	1124073482516509
1185274	1162046	23228	4204	10466568	9819846	1124073494498611
973488	952296	21192	1193	4408184	3585906	1124073500210761
265840	244496	21344	1157	4738214	2807406	1124073505545065
591036	571246	19790	1775	5554414	4370898	1124073512026233
1179770	1160254	19516	3359	8747008	8124548	1124073522282875
1055694	1035962	19732	2438	6860106	6157178	1124073530528749
506354	486288	20066	912	3803964	2556550	1124073535169317
1015304	995350	19954	3817	9911572	8878244	1124073546426237
1191352	1171290	20062	1772	5284328	4962470	1124073553232209
1177558	1158098	19460	834	3509078	3072530	1124073558248367
845172	823444	21728	2446	6610546	5963642	1124073566033921
1174344	1153862	20482	3018	7748990	7436734	1124073575287047
1210532	1157224	53308	1080	4053398	3596930	1124073580881183
1142786	1122746	20040	326	2702824	2021894	1124073585057433
425276	405546	19730	2323	5775560	5315400	1124073591587847
1202040	1181634	20406	168	2256424	1768608	1124073595382579
1175068	1155322	19746	2089	6401048	5583340	1124073603289573
0	0	0	0	0	0	0
1177496	1158046	19450	2153	6156198	5710438	1124073620051871
1180508	1160822	19686	2873	7405812	7152540	1124073628968801
234000	213606	20394	4577	10894058	9614134	1124073640428211
1180046	1159470	20576	2046	5863056	5497780	1124073647802205
1193910	1173518	20392	3282	8354640	7989542	1124073657681991
1179606	1160358	19248	2183	6254666	5776644	1124073665451605
341968	320316	21652	1024	4029504	2620244	1124073670159949
225690	183612	42078	3381	8584532	7213374	1124073679299631
1184368	1162254	22114	2619	13413568	6653072	1124073694228183
1195338	1173376	21962	2207	6496796	5834648	1124073702251059
1183260	1162240	21020	2764	7339982	6936722	1124073711104957
1179130	1159554	19576	1235	4500106	3874910	1124073717114745
1181916	1161222	20694	4500	10734992	10408754	1124073729361433
1178568	1157960	20608	2002	5869152	5408970	1124073736740011
533926	513298	20628	758	3368356	2275168	1124073740973379
1177462	1157108	20354	1917	5985596	5237472	1124073748466843
488998	469250	19748	4866	11755910	10447142	1124073761042311
1180622	1161132	19490	1565	4900454	4537420	1124073767453883
1178604	1157660	20944	2710	7362216	6825796	1124073776331771
318678	285436	33242	3802	9662570	8149898	1124073786643771
1178236	1159026	19210	3889	9819588	9181850	1124073797973271
413178	393012	20166	1803	5336106	4246148	1124073804052129
1116914	1095684	21230	3098	7976004	7538626	1124073813475829
561782	543158	18624	377	2564796	1542592	1124073816942663
1182248	1161064	21184	2894	7195948	7196624	1124073825651083
1057926	1037012	20914	1815	5692454	4915184	1124073832736691
983948	963656	20292	697	3410096	2603922	1124073837460673
1103994	1001118	102876	2187	6643130	5704620	1124073845548633
1237236	1162868	74368	3418	8908898	8304648	1124073856029825
909624	890212	19412	1080	4058072	3296670	1124073861328167
897440	878050	19390	4588	11144104	10299792	1124073873699853
1211908	1161046	50862	1679	5361654	4797114	1124073880610273
1031848	1011896	19952	3070	7859506	7399128	1124073889832173
1240834	1180766	60068	785	3565324	3038094	1124073894969137
1281598	1262218	19380	2971	7728220	7449226	1124073904309829
997778	977828	19950	1889	5793698	5003270	1124073911431925
343922	323332	20590	3379	8606516	7328346	1124073920718017
1110388	1090418	19970	1766	5218306	4868176	1124073927376393
436486	416368	20118	3274	8583382	7211106	1124073936726451
1179078	1159592	19486	1153	4397260	3711476	1124073942633023
1008072	988578	19494	1844	5710318	4921996	1124073949681963
0	0	0	0	0	0	0
931394	911604	19790	2491	6811740	6139620	1124073969331125
1184580	1162904	21676	2528	6995908	6465948	1124073977842217
996180	976640	19540	2361	6932936	5944118	1124073986101757
1190774	1171402	19372	3613	9409928	8642172	1124073997032265
735242	712500	22742	4592	11035786	10146522	1124074009134625
646606	626846	19760	3249	7917556	7370202	1124074018029965
1195276	1160558	34718	4848	11639410	11117448	1124074031194545
991632	967006	24626	965	3986472	3148680	1124074036502849
706992	687472	19520	2984	8119714	6901952	1124074045660125
1071054	1052358	18696	3223	8339926	7746652	1124074055408113
1004940	985572	19368	2530	7119174	6292400	1124074063861965
779006	759584	19422	2681	7293760	6367104	1124074072263937
618688	598902	19786	1560	4833300	3965132	1124074078045573
1206122	1166720	39402	3364	8442896	8160638	1124074088024957
662440	642486	19954	3365	8793332	7618316	1124074097811165
1292652	1153866	138786	3213	8139190	7949688	1124074107573345
354500	334694	19806	1309	4306970	3198144	1124074112587113
1206662	1162466	44196	3605	9313028	8643018	1124074123437193
1025612	1006034	19578	360	2695382	1972568	1124074127494143
1174792	1154386	20406	4757	10617206	10914608	1124074139623221
342822	323042	19780	142	2349172	854000	1124074142651217
686638	667158	19480	2001	5437052	4915478	1124074149104993
527672	507686	19986	3810	9384624	8373666	1124074159347933
1187324	1167922	19402	1020	3833604	3454716	1124074164699557
1192132	1167424	24708	3852	9514060	9121992	1124074175736277
1183134	1163310	19824	56	2091958	1522634	1124074179347243
1184916	1165376	19540	4159	9710156	9728682	1124074190572941
874926	855586	19340	3229	8266584	7559768	1124074200044871
633092	605082	28010	375	2471054	1609498	1124074203481023
1186756	1166074	20682	1427	4279016	4284514	1124074209282677
864456	844976	19480	3318	8484596	7726626	1124074218962269
1204836	1183904	20932	88	2246996	1607358	1124074222744637
1180628	1159994	20634	3309	8034610	8024310	1124074232290359
717622	697732	19890	4516	10989292	9975648	1124074244327273
532974	513668	19306	4325	10375586	9409736	1124074255566519
1183696	1164462	19234	1821	5644228	5073108	1124074262729205
524976	505952	19024	52	2009776	855570	1124074265594465
1178514	1159120	19394	4542	10499254	10489538	1124074277607899
0	0	0	0	0	0	0
836228	816072	20156	3259	8549700	7584738	1124074291215497
1177978	1158284	19694	4029	9771824	9463238	1124074302497145
1181340	1159138	22202	4554	10980464	10514242	1124074314988457
1176976	1157136	19840	2045	5937550	5494220	1124074322434037
809646	789540	20106	2378	6708138	5792062	1124074330282623
1297730	1175366	122364	3803	9564360	9130752	1124074341474599
1135260	1115660	19600	2660	8909082	6681902	1124074351854087
1175118	1156426	18692	4020	9968348	9440922	1124074363327851
1183188	1163334	19854	3310	8576348	8029800	1124074373417819
905746	885996	19750	3669	9132122	8470202	1124074383786299
686156	664892	21264	3489	8663914	7893888	1124074393466669
1269016	1250004	19012	640	3194396	2775388	1124074398277505
597812	578364	19448	1712	5622234	4247802	1124074404828213
1181036	1161562	19474	2758	7343992	6923792	1124074413683397
1194380	1172004	22376	1168	4270436	3759550	1124074419484669
944062	919200	24862	780	3324050	2731584	1124074424088321
576120	555012	21108	278	2592028	1358146	1124074427586345
788260	768430	19830	4858	10830348	10731424	1124074439540411
1174228	1155762	18466	2826	7363300	7053964	1124074448412333
1190934	1170382	20552	2268	6357848	5955074	1124074456290953
804040	784686	19354	3785	9325202	8599234	1124074466749993
1193096	1172166	20930	4697	11060784	10813860	1124074479332937
1187348	1156190	31158	2197	6198788	5808312	1124074487049159
604520	582352	22168	4071	10036172	8973246	1124074498020229
1194750	1175154	19596	3753	9537846	8926384	1124074509082379
1182100	1161774	20326	1188	4499106	3784246	1124074515093687
1182506	1160250	22256	1912	5592708	5233150	1124074522200019
1196680	1172240	24440	698	3495214	2820452	1124074527222145
1185778	1166244	19534	2219	6467004	5850948	1124074535205225
1124994	1104738	20256	4056	9931518	9462884	1124074546592363
1182910	1161524	21386	2425	6808706	6259328	1124074554914149
1099712	1080380	19332	2190	6389984	5705534	1124074562734933
493138	473924	19214	308	2535138	1335642	1124074566094305
1183458	1163796	19662	2187	5494174	5784304	1124074573102623
1176640	1156396	20244	1406	4656154	4214688	1124074579265719
314196	279792	34404	1209	4272798	2959862	1124074584183207
3336060	3333290	2770	2610	7096942	8781922	1124074594947059
575120	554688	20432	201	2205846	1203008	1124074598058081
1180218	1160948	19270	1784	4984466	4978674	1124074604553137
647352	627718	19634	2659	7077564	6191890	1124074612608161
0	0	0	0	0	0	0
531166	509740	21426	1284	4656974	3325060	1124074625811885
376580	356414	20166	2430	6753924	5462016	1124074633273235
1182616	1161722	20894	4695	11133944	10799138	1124074645919193
425540	405276	20264	4905	11656256	10461606	1124074658332007
1193046	1174436	18610	2076	5954850	5570526	1124074665809509
658614	640122	18492	2692	7164902	6272940	1124074673962993
1302734	1168962	133772	3880	9593010	9289118	1124074685189025
469010	443056	25954	3979	9652882	8654064	1124074695641195
1187074	1163010	24064	4091	10181360	9600622	1124074707345183
1201578	1164510	37068	551	3071888	2529984	1124074711947645
1125734	1104856	20878	1069	4282094	3490294	1124074717685777
521124	500868	20256	3150	8118202	7052490	1124074726661063
417352	396954	20398	3413	8874192	7469902	1124074736283231
392174	371288	20886	1759	5385570	4137024	1124074742392023
1199568	1171656	27912	1770	5548830	4964600	1124074749471393
700166	679194	20972	4588	11225620	10106464	1124074761733859
1184772	1165678	19094	1953	5971590	5316586	1124074769242411
1190508	1171154	19354	4215	10436952	9846204	1124074781200053
1207432	1186606	20826	4713	11325436	10859810	1124074794062869
821520	800430	21090	2835	7405392	6718780	1124074802620953
843966	824490	19476	308	2501794	1685498	1124074806297331
1177586	1158070	19516	4377	10185296	10177442	1124074817990893
1186938	1163892	23046	2844	7452084	7102086	1124074826960149
1307222	1288054	19168	137	2020290	1807672	1124074830618425
1190100	1169888	20212	1670	4585746	4774112	1124074836725237
955426	927582	27844	4240	10232528	9661502	1124074848244487
1308452	1161560	146892	4037	9834462	9607990	1124074859717431
769158	749250	19908	3400	8634258	7799584	1124074869460039
1198668	1178052	20616	120	9892620	1663418	1124074880887485
1176070	1156504	19566	2891	7195106	7201308	1124074889588829
1086798	1066618	20180	3402	8483222	8116862	1124074899619471
1176786	1157714	19072	4914	11583484	11230920	1124074912715331
1175408	1155844	19564	4014	9753352	9430538	1124074923975873
