# Loop @ Start frequency 2300000Hz took 929.84 cycles
# Interval [920 ; 939]
# Q1 : 922 ; Q3 : 924
# Loop @ Target frequency 3200000Hz took 708.51 cycles
# Interval [707 ; 710]
# Q1 : 706 ; Q3 : 708
# Confidence intervals do not overlap, alternatives are statistically different with selected confidence level
Change time (with write) [cycles]	Change time [cycles]	Write cost [cycles]	Wait time [us]	Time since last frequency change request [cycles]	Time since last frequency change [cycles]	Detected frequency change timestamp [cycles]
1421054	1387438	33616	3567	257514042	258581160	1124215699291401
1207700	1188508	19192	4812	10705448	11052642	1124215711391953
1634674	1523252	111422	907	3214180	3671718	1124215716426901
1431420	1408744	22676	3036	7473306	7725324	1124215725517577
873530	854220	19310	4996	11394468	11088512	1124215737971581
1621146	1602226	18920	2463	6442714	6769454	1124215746221133
0	0	0	0	0	0	0
0	0	0	0	0	0	0
0	0	0	0	0	0	0
1522088	1503460	18628	3998	9391894	9739976	1124215788971765
1487604	1429866	57738	3427	8258096	8563670	1124215798903189
1429684	1411030	18654	2191	5867858	6034604	1124215806387231
1727522	1705396	22126	4544	10416594	11038876	1124215818716963
1838782	1704948	133834	3891	9040450	9842386	1124215829782029
978458	960316	18142	4101	9589420	9391958	1124215840523609
0	0	0	0	0	0	0
0	0	0	0	0	0	0
959684	940980	18704	27	1406304	1225306	1124215860328725
732394	711804	20590	2511	6406500	5965004	1124215867641469
759436	740192	19244	4626	10651700	10233956	1124215879238399
1564776	1545792	18984	4697	10794868	11184896	1124215891783669
571590	550734	20856	4859	11115122	10512132	1124215903656385
591544	572846	18698	1572	4538624	3958240	1124215908972305
483102	462572	20530	447	2292434	1600662	1124215911933821
1092934	1069668	23266	3556	8558578	8416162	1124215921767497
1406488	1388368	18120	4871	11130816	11360260	1124215934478977
807954	659520	148434	3275	7935492	7569558	1124215943396331
0	0	0	0	0	0	0
1376152	1348222	27930	3078	7538302	7742048	1124215958622413
0	0	0	0	0	0	0
1608962	1581574	27388	1286	3956730	4391900	1124215969729171
1735886	1717380	18506	4158	9613780	10262006	1124215981252125
781286	762322	18964	156	1616468	1319104	1124215983835495
1636898	1616866	20032	590	2584842	3039164	1124215988243069
1053278	1034436	18842	1788	4963282	4851078	1124215994445417
1470992	1450536	20456	4822	10896486	11337452	1124216006998991
1882586	1863172	19414	271	1949336	2646024	1124216011016571
1539414	1518330	21084	2722	6059454	7205714	1124216018801369
1509070	1488460	20610	3041	7451164	7812724	1124216027946923
0	0	0	0	0	0	0
787296	770446	16850	1506	4433200	4019912	1124216039500941
1389174	1371470	17704	4306	9999096	10212006	1124216051062733
1049048	1030022	19026	3273	7879052	7807020	1124216060164677
1336004	1315018	20986	1904	5059210	5366318	1124216066745575
1402542	1381892	20650	2294	5431908	6212596	1124216073766061
1011538	846086	165452	1597	4593284	4427020	1124216079556965
0	0	0	0	0	0	0
1177564	1158258	19306	412	1713872	2224372	1124216089990937
1399694	1377898	21796	138	1510614	1899594	1124216093087079
1667784	1647596	20188	3347	8099068	8584372	1124216103039081
1178562	1159164	19398	16	1062714	1432622	1124216105465841
1558410	1539466	18944	1746	4891782	5272596	1124216112101661
1629648	1601296	28352	4935	11270100	11722120	1124216125186777
1391702	1372172	19530	3464	8298166	8545368	1124216135062745
0	0	0	0	0	0	0
1181086	1162196	18890	2732	6861746	6867426	1124216154094003
0	0	0	0	0	0	0
1571452	1541382	30070	4146	9293684	10075092	1124216171262093
0	0	0	0	0	0	0
1387248	1369274	17974	1260	3366320	4118616	1124216181113849
0	0	0	0	0	0	0
878966	859342	19624	2011	5497954	5111938	1124216199007425
929680	910996	18684	172	1726200	1483262	1124216201836131
1741698	1613026	128672	2268	5922998	6488136	1124216209674191
1400620	1381336	19284	4094	9230238	9815584	1124216220491001
1821428	1799832	21596	745	2903280	3534770	1124216225401813
1680682	1656980	23702	2672	5931178	7246458	1124216233198977
1039482	879294	160188	3355	8109850	7975644	1124216242533671
1405394	1386770	18624	1239	3877532	4104822	1124216248005597
0	0	0	0	0	0	0
1352230	1333968	18262	3278	7939908	8118728	1124216267870177
0	0	0	0	0	0	0
1615236	1596994	18242	2143	5673804	6116268	1124216282765053
1527712	1507800	19912	1737	4799650	5228374	1124216289265573
1451698	1421438	30260	1406	4088992	4489670	1124216294991511
1718204	1649514	68690	797	2992630	3534242	1124216299887977
1698670	1679302	19368	643	2297712	3206746	1124216304070443
1139562	1114746	24816	3558	7739294	8481190	1124216313135229
1400324	1378132	22192	4047	9494598	9720732	1124216324215931
1649958	1630596	19362	882	3194294	3637362	1124216329245529
1420254	1371510	48744	2473	5516066	6588286	1124216336367651
1464250	1446048	18202	1585	4554272	4844642	1124216342559611
0	0	0	0	0	0	0
1473696	1454566	19130	4264	9934874	10212864	1124216361961029
1510908	1490978	19930	2738	6824890	7210238	1124216370482199
1722640	1700096	22544	2733	6739232	7412034	1124216379129851
812716	791988	20728	4271	9729652	9576368	1124216389857833
0	0	0	0	0	0	0
1482416	1463786	18630	3628	8572968	8961440	1124216408747389
1652740	1599816	52924	3111	7615658	8095642	1124216418201617
1179480	1160684	18796	266	1327990	1934642	1124216420894361
1513802	1494976	18826	4833	10886622	11401614	1124216433480561
1178310	1159366	18944	157	1610686	1715366	1124216436455045
1497738	1478850	18888	226	1906028	2172044	1124216440044471
1709582	1649716	59866	1531	4378662	4994052	1124216446318265
1677892	1515524	162368	3004	7236358	7909130	1124216455418495
1267110	1235230	31880	3731	8812496	8951624	1124216465683655
1707266	1688318	18948	4131	9665582	10191536	1124216477241721
1545558	1526252	19306	3481	7671018	8730412	1124216486643971
0	0	0	0	0	0	0
1083936	1066406	17530	4252	8732084	9796854	1124216499922075
1646202	1626688	19514	3693	8781982	9242554	1124216510524289
0	0	0	0	0	0	0
1494306	1477328	16978	2737	6205378	7178538	1124216528316249
1710466	1693434	17032	1854	5092248	5629140	1124216535292373
0	0	0	0	0	0	0
0	0	0	0	0	0	0
1747926	1729346	18580	533	2263238	3036484	1124216549327815
894774	875794	18980	3593	7971914	8302988	1124216558380601
1180092	1160646	19446	99	1592966	1598806	1124216561339903
1405056	1384730	20326	4288	9977698	10202042	1124216572908749
1245678	1226412	19266	4109	9765004	9686000	1124216584105345
1884578	1809728	74850	2408	5893972	6923412	1124216592070133
969346	951372	17974	3027	7446114	7232596	1124216600658757
753536	736102	17434	4985	10942080	10934392	1124216612530817
1922298	1903774	18524	678	2742074	3489604	1124216617371569
1391380	1373926	17454	2117	5452554	5839250	1124216624388621
1518816	1500764	18052	2293	5779230	6315724	1124216631860017
1503574	1395332	108242	1789	4468078	5292154	1124216638004693
1589522	1570136	19386	914	3146956	3629308	1124216642914735
0	0	0	0	0	0	0
1586322	1567464	18858	1515	4433852	4839340	1124216660303371
1420880	1402016	18864	1040	3356262	3722060	1124216665265921
1324598	1304892	19706	4496	10441524	10542006	1124216677217517
1400842	1380094	20748	3415	8231352	8456556	1124216687035683
1243204	1212790	30414	4104	9603190	9671950	1124216698067963
1617634	1599080	18554	3390	7759606	8618816	1124216707630313
1842206	1822442	19764	3186	7754886	8424366	1124216717400857
1731576	1712006	19570	4864	11138142	11680990	1124216730456069
814286	796108	18178	3823	8334778	8683268	1124216739790749
1810766	1652392	158374	4098	9598130	10229346	1124216751385135
1304520	1166006	138514	155	1550268	1839744	1124216754424865
912426	890578	21848	3875	9159864	8885420	1124216764682713
0	0	0	0	0	0	0
1651504	1631650	19854	2928	7253166	7730622	1124216785669609
881336	859150	22186	110	1622690	1322992	1124216788359417
753068	733256	19812	1900	5030656	4775398	1124216794329109
1630706	1612258	18448	4545	10489132	10943646	1124216806634557
1394792	1373128	21664	3369	7506490	8343064	1124216815712539
930842	911248	19594	2297	5958098	5734630	1124216822774571
1120488	1102072	18416	4406	10218030	10142302	1124216834286113
1836826	1652190	184636	787	2966144	3621374	1124216839262511
1633000	1612606	20394	3521	8443362	8900644	1124216849524623
1701574	1681766	19808	2005	5025698	5937758	1124216856437159
1662218	1642456	19762	1318	3503218	4519610	1124216861787733
0	0	0	0	0	0	0
1878964	1701622	177342	824	2887946	3749876	1124216877974385
651186	631622	19564	1278	4084964	3429796	1124216882896535
1668828	1651142	17686	2680	6756924	7251698	1124216891508021
1176492	1157248	19244	1094	3033560	3575630	1124216895891639
1839602	1687456	152146	3047	6930018	8144570	1124216904834813
1184126	1164620	19506	162	1734744	1730718	1124216907939281
1801380	1725366	76014	1420	4374350	4862056	1124216914300539
1584844	1564534	20310	1616	3978790	5039506	1124216920049933
1558012	1537784	20228	4621	10642070	11023236	1124216932434985
1475536	1456590	18946	1886	5259794	5469164	1124216939356469
1471204	1447566	23638	4189	9354496	10071322	1124216950368045
1395318	1373912	21406	4642	10686112	10900240	1124216962635963
1533278	1516230	17048	2200	5787990	6144004	1124216970133913
609626	591010	18616	4100	9142990	9020506	1124216980060129
0	0	0	0	0	0	0
1612938	1594206	18732	1704	4788594	5231352	1124216997309337
1570898	1551902	18996	4153	9713764	10102406	1124217008767309
1597446	1577736	19710	3768	8473160	9355172	1124217019023817
1482124	1411454	70670	2718	6947084	7144106	1124217027638375
1706126	1687316	18810	3756	13786206	9439016	1124217043316297
753150	715896	37254	1692	4784200	4358580	1124217049039281
1468588	1447278	21310	4481	10367218	10653746	1124217061060589
1338420	1318106	20314	1863	5127184	5287282	1124217067712355
677856	658326	19530	2575	6552256	6049634	1124217075127745
1004748	986226	18522	1574	4552882	4381972	1124217080870627
1518398	1498664	19734	4855	10667280	11450574	1124217093242175
911534	892238	19296	44	1555800	1225690	1124217095895291
1095444	1075248	20196	4716	10836604	10750468	1124217108013121
1429098	1409392	19706	3488	8375032	8627896	1124217118002697
0	0	0	0	0	0	0
1565552	1544822	20730	3773	8944104	9335080	1124217136945015
0	0	0	0	0	0	0
0	0	0	0	0	0	0
1257972	1237522	20450	613	2645984	2709798	1124217147935573
1297836	1177558	120278	4795	10971760	11097684	1124217160378973
1853498	1836076	17422	1000	2929734	4063964	1124217165336629
0	0	0	0	0	0	0
1404762	1387354	17408	4979	10738814	11573746	1124217185117709
533978	514384	19594	1799	4627994	4343698	1124217190452989
1116566	1096594	19972	1483	4431990	4305704	1124217196187589
1513392	1492832	20560	1306	4009780	4347786	1124217201896337
854194	835602	18592	1083	3455180	3243874	1124217206391099
1523744	1501838	21906	2629	6038212	7004510	1124217214138601
1681726	1661002	20724	847	3028138	3598452	1124217219034565
1723594	1704140	19454	3437	7593108	8819872	1124217228536325
1481194	1461018	20176	2324	5720294	6351312	1124217235925911
1566154	1490342	75812	2335	6067014	6458606	1124217243744805
0	0	0	0	0	0	0
0	0	0	0	0	0	0
0	0	0	0	0	0	0
1200554	1179978	20576	4348	9742122	10119598	1124217288530857
1700282	1676896	23386	1639	4677218	5200346	1124217295106509
1644724	1567680	77044	4708	10400340	11281802	1124217307336843
1566854	1548268	18586	3991	8839510	9770748	1124217317928935
1608520	1589266	19254	895	3189590	3621270	1124217322912571
1184960	1167500	17460	130	1656024	1655806	1124217325926881
1322322	1298830	23492	3547	8552744	8638120	1124217335992279
1587712	1568848	18864	2350	5574002	6508972	1124217343339591
696226	676154	20072	3611	8706762	8141346	1124217352928025
855634	829766	25868	3071	7540028	7220068	1124217361509391
1700496	1680254	20242	3121	7642144	8165388	1124217371038161
1218080	1200878	17202	3537	8047438	8513688	1124217380489539
1448514	1430254	18260	1541	4482582	4741350	1124217386593933
1633392	1615916	17476	4851	10597270	11546452	1124217399000757
910944	892200	18744	3520	8426730	8162824	1124217408512297
746126	725144	20982	3752	8309516	8471816	1124217417757463
823716	805186	18530	1926	5248154	4898382	1124217424014985
1701148	1679714	21434	4751	10544270	11425760	1124217436446323
0	0	0	0	0	0	0
0	0	0	0	0	0	0
0	0	0	0	0	0	0
1522418	1503384	19034	1307	4011508	4358186	1124217465301391
1447358	1425040	22318	3269	7941862	8211016	1124217474876225
1623880	1603090	20790	1444	4286682	4734986	1124217480972705
1318508	1299946	18562	367	1741980	2274324	1124217484219293
915970	895198	20772	4526	9295146	10189110	1124217494626701
1520474	1501206	19268	1010	3560452	3762266	1124217499897149
990110	969188	20922	3218	7878070	7647362	1124217508950721
1742226	1716016	26210	4507	10410060	10978042	1124217521288721
1720680	1702528	18152	3592	8037930	9125538	1124217531233009
0	0	0	0	0	0	0
1655532	1557362	98170	2363	5700246	6604048	1124217550415865
1255462	1236094	19368	3697	8414950	8871594	1124217560271677
1451190	1431228	19962	765	2926696	3203200	1124217564835401
1036164	1016662	19502	3037	7471346	7332396	1124217573528589
1425430	1405982	19448	1186	3771248	4019376	1124217578911523
1705136	1686216	18920	2722	6843164	7371588	1124217587645189
1073110	1052744	20366	2586	6042908	6470228	1124217594947069
1624916	1605108	19808	2562	6521440	6970936	1124217603278805
756818	738212	18606	3618	8517172	8218604	1124217612738643
1079678	1052684	26994	410	1732046	2122268	1124217615735481
1454718	1435248	19470	4858	11138712	11392346	1124217628514319
1159164	1139940	19224	1582	4078690	4533730	1124217633928723
1424932	1406234	18698	3846	9097870	9327732	1124217644624445
1459060	1439906	19154	3808	9005882	9287258	1124217655266569
2096508	2078012	18496	616	2639486	3554254	1124217660187987
1894386	1857802	36584	730	2859438	3576640	1124217665127841
1394042	1375360	18682	4975	10764068	11566080	1124217677471363
1546584	1526466	20118	3171	7738246	8110238	1124217686941865
1492902	1469572	23330	3263	7421290	8240646	1124217696042117
1037920	1017944	19976	3658	8627218	8575794	1124217705893023
718550	699198	19352	2970	7338682	6880722	1124217714135575
1533712	1514270	19442	1899	5206466	5553696	1124217721060709
1052426	1030238	22188	4467	10351086	10209454	1124217732649319
1045614	1026450	19164	4256	9890682	9780902	1124217743774453
1398066	1376894	21172	1769	4934630	5157392	1124217750292861
0	0	0	0	0	0	0
404016	339248	64768	301	2001254	1217172	1124217764394551
622078	605206	16872	3424	8230948	7680378	1124217773420541
1333712	1315694	18018	2861	7112878	7266976	1124217782040137
1676386	1648850	27536	4112	9612926	10110460	1124217793502837
1401254	1379914	21340	4151	9545946	9924370	1124217804635625
1644844	1626258	18586	2256	5924032	6379006	1124217812393151
1443494	1422134	21360	4034	9329044	9734770	1124217823351717
1441026	1417822	23204	4903	11200428	11469198	1124217836179185
1596824	1577480	19344	1688	4776976	5194168	1124217842738919
1692478	1672920	19558	2109	5493382	6132316	1124217850110505
1415430	1396038	19392	1608	4195536	4854948	1124217855907417
1034826	1015346	19480	962	3329108	3182288	1124217860456771
1353998	1332958	21040	3338	7671448	8252000	1124217869667903
3951352	3948918	2434	735	2510486	5632462	1124217876303089
1852514	1835522	16992	1482	4161274	5026182	1124217882490197
1527190	1504052	23138	3071	7411928	7879728	1124217891602895
1402718	1384084	18634	4014	9384682	9652452	1124217902576317
1319914	1301314	18600	1443	4282234	4428706	1124217908367517
1526312	1506164	20148	1781	4429908	5310108	1124217914509817
0	0	0	0	0	0	0
0	0	0	0	0	0	0
0	0	0	0	0	0	0
1572954	1550732	22222	2967	6885922	7728992	1124217945524273
1710538	1656436	54102	1604	4598862	5141306	1124217952019717
1178344	1159802	18542	39	1433564	1478412	1124217954817585
1471026	1448308	22718	1695	4668146	5084014	1124217961142217
460518	441946	18572	4374	9707066	9430248	1124217971495509
1551156	1534166	16990	3531	8103890	8827134	1124217981324071
1604528	1586832	17696	2513	6141742	6842222	1124217989243417
1625554	1600774	24780	2483	6389890	6804300	1124217997432349
1587412	1567272	20140	4695	10243062	11189514	1124218009436197
1715026	1695714	19312	2080	5565210	6098234	1124218016901785
1456140	1436838	19302	4985	11166800	11649516	1124218029710829
1251246	1230000	21246	4703	10856812	10879242	1124218042003803
1593598	1386244	207354	3532	8460994	8880974	1124218052244117
1394792	1376190	18602	2604	6690398	6813536	1124218060503229
1569454	1547576	21878	4218	9841828	10227228	1124218072103789
1810244	1785846	24398	596	2586942	3224012	1124218076686537
838792	818402	20390	4133	8993956	9326506	1124218086705013
1812400	1792938	19462	4664	10726968	11363316	1124218099430509
631374	611510	19864	3903	8783332	8659822	1124218109031451
0	0	0	0	0	0	0
1320538	1301996	18542	3540	8479504	8622532	1124218125622463
1549626	1526032	23594	4592	10581704	10956292	1124218137939509
1620744	1600532	20212	4918	11296500	11679484	1124218151042477
1733160	1711170	21990	1158	3327832	4260012	1124218156276865
1810772	1728150	82622	856	3049146	3744286	1124218161322447
1486950	1467842	19108	3235	7315170	8179534	1124218170310537
1953838	1934790	19048	553	2453068	3281212	1124218174903385
1420924	1401244	19680	3179	7085856	8001390	1124218183596405
1726188	1704678	21510	4849	10933458	11647784	1124218196441611
479612	435578	44034	4083	9198240	8869008	1124218206304913
1798712	1779632	19080	4279	9957058	10579046	1124218218245937
397850	378382	19468	3894	8414278	8408194	1124218227243033
1591088	1571742	19346	1731	4860776	5278412	1124218233880217
705844	599084	106760	2542	5811908	6015132	1124218240582909
3747522	3745242	2280	1197	3556390	6363466	1124218248076545
725844	704964	20880	4572	10574604	10090512	1124218259562661
1317536	1300342	17194	4725	10968624	10978984	1124218272022257
1394912	1375350	19562	1616	4623148	4838608	1124218278213709
1393058	1372228	20830	2907	7028216	7429842	1124218286819763
620550	600106	20444	2035	5467260	4913578	1124218293093243
576818	557330	19488	251	1965300	1303872	1124218295821445
1262190	1241156	21034	4439	10279036	10362626	1124218307548739
1013594	992264	21330	4084	9563578	9403748	1124218318312049
1702534	1680922	21612	3836	9068876	9596160	1124218329268921
1760886	1740772	20114	1843	4593900	5667924	1124218335809217
1395378	1375524	19854	2724	6217362	7068106	1124218343607665
1476598	1458996	17602	2228	5860670	6154956	1124218351130693
1650638	1632244	18394	4334	9553714	10530776	1124218362508689
1229174	1211806	17368	220	1419466	1879660	1124218365333165
1352504	1332094	20410	2469	6293088	6521160	1124218373152569
1590510	1570928	19582	4381	10163006	10577864	1124218385092481
1424708	1405418	19290	3324	7437970	8294854	1124218394140607
1460588	1438350	22238	1701	4959964	5085682	1124218400746455
1457004	1438478	18526	2389	5793578	6458054	1124218408182763
0	0	0	0	0	0	0
1626288	1501962	124326	1146	3060660	4140856	1124218418484005
1274192	1254644	19548	1524	4386840	4544080	1124218424333883
975246	955174	20072	2838	7082616	6872416	1124218432576855
419342	399580	19762	757	2298952	2154244	1124218435484911
1533506	1514200	19306	1387	4020914	4530210	1124218441225069
1689848	1670808	19040	1916	5172468	5749010	1124218448273341
222082	188282	33800	778	2792918	1988104	1124218451461433
1435982	1416166	19816	3625	7552806	8907760	1124218460639403
1442616	1423580	19036	1366	4145310	4396386	1124218466415963
0	0	0	0	0	0	0
1588508	1567590	20918	3541	8501026	8891678	1124218488305709
1597554	1576692	20862	2343	5637772	6505602	1124218495726695
1179766	1160004	19762	138	1608906	1678718	1124218498700853
1472900	1453112	19788	3398	8042414	8491006	1124218508401897
809292	791410	17882	577	2179658	2185966	1124218511576281
926730	910072	16658	4330	8904538	9808558	1124218521603547
1568486	1550568	17918	1997	5229608	5773158	1124218528575277
1898002	1827474	70528	751	2883530	3609776	1124218533532857
611976	592848	19128	304	2004662	1443484	1124218536334789
608746	588610	20136	1683	4764474	4197398	1124218541893505
1183588	1162794	20794	24	1449310	1454520	1124218544712331
1504602	1485728	18874	4052	9502728	9829294	1124218555905253
1603774	1578570	25204	1074	3511932	3974100	1124218561206397
549690	531192	18498	192	1784844	1160728	1124218563726359
1674950	1656408	18542	1046	3490730	3990408	1124218569077553
0	0	0	0	0	0	0
1101608	1083082	18526	1357	3584480	4037520	1124218580182109
2062116	2042848	19268	503	2534156	3291078	1124218584964545
538628	517208	21420	3001	6610468	6762302	1124218592299013
1543532	1522080	21452	4432	10261844	10630314	1124218604289835
1421600	1402168	19432	3206	7808536	8055498	1124218613705853
1622306	1570220	52086	901	3217208	3643704	1124218618730399
1406846	1386102	20744	4711	10826450	11039080	1124218631136937
1561094	1541746	19348	1660	4885520	5103092	1124218637769157
1736348	1717172	19176	689	2273584	3341162	1124218641964375
1355616	1334404	21212	3718	8831492	9013108	1124218652337585
704442	684482	19960	4450	10308884	9826088	1124218663536319
1448122	1427210	20912	3635	8812702	8939432	1124218673981869
1431042	1380328	50714	1159	3712562	3969494	1124218679310761
1656786	1636952	19834	4807	16191572	11492006	1124218697344403
0	0	0	0	0	0	0
1115044	1095724	19320	339	1784864	2014424	1124218712260509
1298278	1268710	29568	3398	8237690	8317452	1124218721981721
1393418	1372350	21068	1625	4644084	4865088	1124218728204791
1077938	1059488	18450	3388	8172530	8076772	1124218737641213
1635986	1484722	151264	2588	6390748	7033552	1124218745853185
1098638	974048	124590	4440	10292990	10199918	1124218757429785
1397640	1378638	19002	2426	6248440	6471304	1124218765260719
1045020	967636	77384	1390	3782934	4047466	1124218770274083
214924	194628	20296	517	2433106	1471866	1124218773107959
1409826	1359226	50600	3612	8639484	8859264	1124218783342637
1557520	1467056	90464	3997	9402680	9763296	1124218794476293
0	0	0	0	0	0	0
795704	777154	18550	4807	11001586	10619816	1124218811508435
1676280	1655566	20714	2226	5980974	6349208	1124218819350957
1442754	1422380	20374	2777	6948446	7217414	1124218827927311
1654354	1635772	18582	1518	4431628	4911110	1124218834198909
1689554	1668100	21454	4911	11218082	11732056	1124218847292033
1333130	1237354	95776	1246	3450652	4046818	1124218852261429
1412666	1395446	17220	3597	8578574	8818362	1124218862426875
1525380	1505458	19922	3397	8184448	8528846	1124218872309549
1185282	1166024	19258	1898	4843558	5192814	1124218878511497
1558778	1537036	21742	3990	9390878	9761546	1124218889650905
871306	851738	19568	1573	4351714	4239814	1124218895059417
1389922	1371082	18840	2998	7394586	7608446	1124218904029945
761164	739110	22054	4025	9448008	9033598	1124218914425091
1548256	1529400	18856	903	3207140	3576202	1124218919366177
1141880	1120270	21610	4058	9403702	9483414	1124218930097711
539336	518998	20338	2849	7102854	6459866	1124218937925119
0	0	0	0	0	0	0
1553008	1493018	59990	2576	6549072	6927994	1124218952478699
603802	584288	19514	1794	4997902	4414082	1124218958281441
854394	706336	148058	3309	8024720	7692076	1124218967345813
350962	332126	18836	1021	2795520	2603486	1124218970666357
1351352	1331880	19472	2521	5445356	6614546	1124218977654843
1034164	1015348	18816	256	1912510	1768562	1124218980787565
1856428	1837012	19416	1647	4701926	5373612	1124218987531815
1470394	1449600	20794	3051	7417826	7795336	1124218996605721
1428146	1410440	17706	82	1596096	1815300	1124218999819451
1624082	1604658	19424	3606	7461412	9057236	1124219009101295
1461722	1440420	21302	1823	4959588	5328930	1124219015708931
0	0	0	0	0	0	0
1407616	1388488	19128	2847	6682574	7323044	1124219032582705
1780774	1761760	19014	4533	10472572	11069226	1124219045025717
1587294	1570136	17158	2314	5233216	6438656	1124219052032095
1397530	1377146	20384	1416	3801168	4440302	1124219057404269
1720848	1703158	17690	4815	10903224	11565814	1124219070201489
1512328	1492998	19330	1925	4931624	5572338	1124219076819069
1281702	1247026	34676	804	3112258	3110690	1124219081398385
1394758	1374152	20606	3314	7078684	8244466	1124219090057559
1472636	1450024	22612	3590	8660974	8875358	1124219100377163
1523408	1501554	21854	4213	9732762	10170682	1124219111819883
596138	567280	28858	4843	11086058	10505026	1124219123688459
855662	835070	20592	2107	5612488	5291086	1124219130341955
619672	601632	18040	466	2316936	1762412	1124219133451857
0	0	0	0	0	0	0
1149082	1120858	28224	3640	7809626	8638960	1124219143537159
1456414	1439472	16942	929	3243862	3525208	1124219148410477
1455184	1437364	17820	4618	10605780	10902094	1124219160645129
0	0	0	0	0	0	0
1438696	1290242	148454	169	1088622	1987356	1124219173674581
1351994	1332734	19260	887	3183944	3354058	1124219178383935
815880	795046	20834	3960	9320544	8959050	1124219188705747
1388298	1368736	19562	1222	3842194	4054130	1124219194122109
893722	874746	18976	256	1910444	1628908	1124219197111549
1814330	1794668	19662	2861	6970830	7757874	1124219206082091
1394822	1376076	18746	1736	4802128	5089008	1124219212464523
1950890	1911520	39370	747	2821208	3667158	1124219217422531
663922	642426	21496	4831	11057106	10548462	1124219229349481
1404966	1379462	25504	3066	7074302	7758278	1124219238014445
1514070	1492808	21262	3173	7758820	8082934	1124219247473469
1983544	1964168	19376	840	2732354	3890354	1124219252374943
1469194	1449860	19334	3440	8276560	8571938	1124219262306523
635628	617158	18470	639	2287432	2135712	1124219265414909
1690466	1672860	17606	4969	10184738	11850590	1124219277485557
1520744	1500894	19850	2874	6493888	7478506	1124219285673791
1657822	1533102	124720	2794	6847732	7457318	1124219294352777
1590246	1467852	122394	1947	5280516	5695980	1124219301397165
1484616	1466240	18376	3675	8741646	9045094	1124219311797439
1625416	1606296	19120	2683	6799616	7202088	1124219320396269
1631764	1612906	18858	2129	5673138	6111452	1124219327886589
1299410	1280192	19218	1178	3173172	3877094	1124219332544173
792580	773120	19460	4357	10113580	9728458	1124219343639285
1434610	1415282	19328	2768	6583498	7197200	1124219351843225
1484226	1463576	20650	1728	4877814	5161400	1124219358390825
1107020	1088580	18440	1345	3610246	4018338	1124219363293577
1522108	1395456	126652	2397	6199500	6537574	1124219371200509
1151330	1130636	20694	4420	10229988	10205962	1124219382755593
1469070	1450972	18098	4668	10722954	11016118	1124219395121289
959828	937694	22134	2509	6297304	6188788	1124219402552065
838912	820256	18656	2084	5219056	5227656	1124219408799097
1226162	1206138	20024	1008	3209108	3464436	1124219413420319
1702722	1683524	19198	989	3382258	3904494	1124219418690869
876144	811212	64932	2209	5475554	5516490	1124219425228211
0	0	0	0	0	0	0
1858998	1840428	18570	529	2453316	3139020	1124219436333017
2670150	2667868	2282	1889	5207932	6671978	1124219444396065
812470	791522	20948	480	2080430	1994620	1124219447474339
1585596	1564140	21456	1836	4977166	5480186	1124219454223331
1007714	986626	21088	3609	8262968	8437204	1124219463667365
1735768	1716772	18996	3931	9244770	9807976	1124219474821343
2019294	1998114	21180	997	2749146	4224044	1124219479762839
888934	869288	19646	83	1551130	1264894	1124219482376469
0	0	0	0	0	0	0
1834362	1815048	19314	897	2512580	3851120	1124219494055953
885854	867150	18704	3170	7168398	7449122	1124219502295333
1108210	1089076	19134	4614	10626428	10559182	1124219514215585
1402092	1383162	18930	4075	9552404	9774546	1124219525355397
1326538	1306402	20136	1936	5090414	5425212	1124219531957775
1216594	1198492	18102	3810	8452170	9046814	1124219541799689
1430550	1413384	17166	4699	10405948	11038830	1124219553809517
1717720	1698014	19706	2703	6719752	7333696	1124219562420773
1832492	1787580	44912	571	2002440	3197406	1124219566441515
6853860	6850792	3068	2121	4917736	11318678	1124219578398793
638272	617320	20952	204	1374190	1268562	1124219580597161
1614680	1595898	18782	653	2711838	3142532	1124219585113523
1405822	1386358	19464	4899	10743520	11425228	1124219597448593
1513930	1489108	24822	1951	5326032	5637466	1124219604474651
1846410	1688036	158374	1533	4088562	5134944	1124219610599077
1549798	1530388	19410	875	2778044	3521822	1124219615116439
867412	846880	20532	1820	5172684	4736542	1124219621341985
1713296	1693756	19540	1624	4645194	5184400	1124219627885895
1709150	1689684	19466	4226	9218928	10388496	1124219638999631
1673236	1650374	22862	2530	5973382	6956374	1124219646831599
893286	873478	19808	287	1981272	1689264	1124219649891643
1396984	1378328	18656	2017	5428802	5653314	1124219656903291
0	0	0	0	0	0	0
996030	976048	19982	3099	7151906	7403990	1124219677688175
1751452	1732432	19020	3072	7538496	8117466	1124219687163517
1597612	1578114	19498	4460	9727048	10739540	1124219698673625
811924	793196	18728	2320	5616562	5674906	1124219705287869
1770150	1741848	28302	3691	8790190	9375040	1124219716034015
0	0	0	0	0	0	0
0	0	0	0	0	0	0
1404276	1372786	31490	4036	9499986	9686342	1124219743887929
742708	723874	18834	3330	8046212	7624920	1124219752862305
566984	546138	20846	3527	8345552	7843474	1124219761960491
1644930	1626614	18316	4512	10003568	10891020	1124219773794359
0	0	0	0	0	0	0
1496528	1479166	17362	2431	6149244	6580540	1124219793241689
1680570	1659326	21244	1271	3942012	4437094	1124219799037877
1176648	1157840	18808	270	1797744	1938756	1124219802197877
1769880	1666884	102996	1835	3915252	5662628	1124219808079029
1716752	1698234	18518	2272	5940710	6483378	1124219815921869
1611846	1588212	23634	1381	3537546	4596852	1124219821256909
1503318	1482568	20750	2583	6578336	6896212	1124219829524303
1487138	1467062	20076	4192	9796808	10093374	1124219840994019
1413612	1390652	22960	4268	9922964	10171694	1124219852516425
829130	798136	30994	2526	6409328	6102558	1124219859943893
1613024	1592296	20728	4175	9747208	10185876	1124219871489745
1266536	1245992	20544	1343	3515222	4173984	1124219876457203
1711004	1688832	22172	2034	5483864	6001752	1124219883837565
1149872	1131242	18630	894	2781558	3160400	1124219887954455
1388812	1368518	20294	3835	8348590	9285702	1124219897877197
1558342	1539510	18832	1528	4441906	4825238	1124219904050783
1668174	1647922	20252	3525	7945480	8940204	1124219913850531
499448	470738	28710	2292	5531550	5305172	1124219920067755
850442	830224	20218	421	2240998	1915958	1124219923344717
400844	380384	20460	1282	2806478	3186628	1124219926747069
0	0	0	0	0	0	0
1388722	1370874	17848	4497	9914022	10604982	1124219944512869
690846	672328	18518	1542	4542182	3997028	1124219949934921
0	0	0	0	0	0	0
1294444	1275220	19224	3580	8501620	8664144	1124219965340441
870578	850482	20096	371	2141786	1834614	1124219968538509
1471306	1452172	19134	2230	4713414	6154038	1124219974923213
1395372	1353490	41882	2381	6164894	6380530	1124219982669197
1395282	1375774	19508	2057	5524924	5731158	1124219989775051
829586	810578	19008	3524	8453262	8099424	1124219999243319
1140992	1122182	18810	2149	5704774	5665390	1124220006274669
1717444	1697048	20396	4944	11314014	11829212	1124220019491015
1454988	1424140	30848	3449	7809098	8575694	1124220028940481
1509258	1490370	18888	4539	10299192	10809988	1124220040934683
1187164	1160618	26546	192	1129202	1794564	1124220043436567
0	0	0	0	0	0	0
886202	869008	17194	4389	10163212	9875558	1124220062893349
1479992	1462108	17884	2949	6973882	7589222	1124220071521027
1417876	1400806	17070	3720	8632286	9068148	1124220081744857
0	0	0	0	0	0	0
1627400	1565056	62344	701	2789382	3240160	1124220099030383
707032	686616	20416	4793	10988508	10514898	1124220110911897
1201828	1182876	18952	2731	6859622	6885260	1124220119158651
573354	553878	19476	3654	8736824	8107526	1124220128654091
948762	929938	18824	3423	7880594	8015638	1124220137669417
1462772	1445468	17304	3618	8639740	8921444	1124220147957269
0	0	0	0	0	0	0
845668	823970	21698	2350	5580124	5755200	1124220159490049
0	0	0	0	0	0	0
0	0	0	0	0	0	0
462372	337584	124788	445	1331826	1562322	1124220165518729
1106008	1087434	18574	445	2140588	2207478	1124220168938317
515866	495706	20160	4271	9588858	9268558	1124220179216201
1568014	1549240	18774	4308	10020646	10408290	1124220190990305
783752	764094	19658	4659	10052066	10323772	1124220202011905
1801378	1782676	18702	598	2592710	3219776	1124220206591525
1224760	1203924	20836	2719	6771672	6885668	1124220214776841
1577634	1438954	138680	2527	6457218	6854140	1124220222997529
468648	447894	20754	2390	5976644	5459906	1124220229616615
1699274	1674352	24922	1682	4411856	5288432	1124220235913203
1475242	1449898	25344	1631	4449038	4959640	1124220242023131
1187988	1166640	21348	128	1759158	1666850	1124220245155851
1484394	1463584	20810	4569	10544042	10847380	1124220257370165
0	0	0	0	0	0	0
0	0	0	0	0	0	0
1546232	1526210	20022	3824	8920896	9417266	1124220274212043
1592998	1573278	19720	3739	8873712	9292848	1124220284864573
1695860	1676766	19094	3153	7241028	8223202	1124220293987337
0	0	0	0	0	0	0
0	0	0	0	0	0	0
1337044	1317298	19746	3238	7875348	8034668	1124220312798377
1814244	1796350	17894	312	2009286	2649514	1124220316795465
1795480	1776980	18500	3157	7189772	8331278	1124220325966693
1474204	1455244	18960	3223	7800376	8141898	1124220335427377
892430	873150	19280	243	1884244	1600948	1124220338389575
1271732	1252538	19194	467	2192522	2427542	1124220342038837
1607004	1585538	21466	4652	10216988	11133198	1124220354048029
751830	733056	18774	4695	10595030	10363536	1124220365580777
1903926	1886726	17200	762	2936442	3649930	1124220370606697
0	0	0	0	0	0	0
1319278	1161524	157754	400	1029762	2329436	1124220376287885
1004606	985832	18774	3189	9949874	7591732	1124220387415365
1485978	1466710	19268	4682	10297780	11072484	1124220399384669
1523574	1503070	20504	1819	4878060	5387934	1124220405972215
1602688	1581954	20734	895	3188512	3615124	1124220410949311
1177340	1158900	18440	320	1829646	2040486	1124220414141903
1618762	1600178	18584	3966	8174212	9772366	1124220424131265
1258532	1239028	19504	714	2656122	2908570	1124220428231013
1418630	1398440	20190	2764	6207754	7169012	1124220436043029
494130	474946	19184	1471	4219994	3658358	1124220440942465
959456	940102	19354	1798	4990670	4776304	1124220447077761
0	0	0	0	0	0	0
734558	715914	18644	1900	5311520	4756228	1124220462762631
1010024	992324	17700	4672	10728576	10565398	1124220474674057
1275528	1258170	17358	153	1220908	1792192	1124220477343497
1538930	1430302	108628	3198	7797216	8144900	1124220486852851
509806	492338	17468	588	2559532	1895492	1124220490095675
1486032	1464922	21110	2721	5754344	7150160	1124220497524003
1460294	1438794	21500	1103	3309946	3892050	1124220502480185
1436238	1415684	20554	2384	6164484	6426276	1124220510270077
1452550	1432358	20192	2908	7013532	7490702	1124220518922333
0	0	0	0	0	0	0
1635894	1617010	18884	3139	7245194	8135850	1124220532049533
1801716	1782126	19590	1263	3430314	4550728	1124220537467333
1557278	1538292	18986	2561	6070688	6901446	1124220545280865
0	0	0	0	0	0	0
1578348	1558080	20268	1868	5131552	5535320	1124220558249801
965414	946414	19000	3472	8344074	8132170	1124220567744785
1750340	1597840	152500	4907	11233360	11786940	1124220580913551
0	0	0	0	0	0	0
1573022	1555354	17668	951	3148318	3685730	1124220596058115
683880	661796	22084	1851	4959708	4596468	1124220601875011
914472	889880	24592	1590	4576832	4316654	1124220607551593
238242	205020	33222	589	2577734	1638434	1124220610553317
1680772	1661708	19064	195	1789032	2292596	1124220614211813
1591810	1572410	19400	2721	6839216	7256702	1124220622828783
1089710	1069070	20640	2067	5343252	5443730	1124220629446639
1464656	1443658	20998	2388	6172524	6462372	1124220637269549
1420676	1401856	18820	4887	11203774	11416416	1124220650079443
1401150	1381438	19712	4998	11563856	11619052	1124220663229831
1653440	1636648	16792	1048	3502560	3974412	1124220668571997
0	0	0	0	0	0	0
0	0	0	0	0	0	0
1518656	1501006	17650	918	3223528	3565096	1124220687567045
1336970	1320304	16666	3950	9283702	9446932	1124220698361291
1397390	1376970	20420	3299	8045678	8205220	1124220707977705
0	0	0	0	0	0	0
786102	765868	20234	1972	5310246	4951870	1124220722496345
1421238	1392394	28844	2965	7328072	7572680	1124220731435385
1669924	1648420	21504	4362	10092948	10616470	1124220743384029
0	0	0	0	0	0	0
1179366	1159900	19466	252	1910378	1894122	1124220758209201
8321404	8319020	2384	2260	4754792	13052502	1124220771467345
1341284	1321342	19942	3056	7506712	7675260	1124220780501095
1690482	1671710	18772	1249	3895350	4411212	1124220786276229
1258414	1239684	18730	3482	8086054	8443716	1124220795806117
1467036	1354894	112142	578	2555480	2844040	1124220800014681
1159326	1139086	20240	3726	8047566	8870408	1124220809406917
751576	732552	19024	432	2260916	1837214	1124220812605123
245946	221810	24136	1476	3211646	3420266	1124220816257425
1686190	1666058	20132	1578	4554798	5064296	1124220822683657
531166	510514	20652	2249	5464926	5252104	1124220828864605
1661002	1624754	36248	4532	10459346	10946102	1124220841170359
1332912	1301050	31862	38	1325486	1632338	1124220844014243
1842842	1823558	19284	701	2807450	3468294	1124220848850109
1444324	1421252	23072	2883	6641334	7432692	1124220857121521
928674	908914	19760	3978	9285694	9106684	1124220867521829
518054	498158	19896	3495	8323864	7729082	1124220876549137
1413312	1392416	20896	3730	8855160	9094880	1124220887006295
1398044	1376698	21346	4538	10296872	10695866	1124220898886937
662714	645000	17714	1181	3692540	3245146	1124220903427485
999070	980182	18888	2714	6431444	6638400	1124220911031767
1711646	1693960	17686	1225	3833372	4373152	1124220916750315
1478644	1459910	18734	2628	6643096	6945934	1124220925045337
1665466	1645744	19722	4001	9375296	9889460	1124220936272077
1231322	1212848	18474	1268	3533022	3990920	1124220941221869
1622870	1549588	73282	1116	3176444	4077266	1124220946207417
998950	978870	20080	4282	9961150	9785030	1124220957353389
0	0	0	0	0	0	0
1475080	1454970	20110	556	2356284	2808264	1124220963859505
596480	577638	18842	4864	11136748	10546554	1124220975778689
0	0	0	0	0	0	0
1335798	1272854	62944	3694	8777278	8934648	1124220996025825
946560	928596	17964	3797	8382752	8750736	1124221005528509
0	0	0	0	0	0	0
0	0	0	0	0	0	0
728364	710902	17462	2952	7289014	6843780	1124221025664173
1846690	1740988	105702	4922	11230412	11901098	1124221038914429
1412190	1395064	17126	998	3387282	3619604	1124221043887869
1047578	1030064	17514	2081	4922548	5424916	1124221050031195
905926	887090	18836	121	1630568	1359162	1124221052741515
876506	858526	17980	741	2924248	2568732	1124221056716077
497818	479182	18636	2532	6319872	5785108	1124221063719457
1188976	1170388	18588	1722	4841194	4856814	1124221069934589
1180350	1161856	18494	58	1045002	1518602	1124221072345921
1147322	1126538	20784	1754	4914170	4877564	1124221078592829
1657520	1629188	28332	2074	5566826	6027268	1124221086007003
1491294	1472076	19218	2597	6158646	6906414	1124221093842733
0	0	0	0	0	0	0
858880	839468	19412	1836	5071608	4752466	1124221106882173
1176596	1158200	18396	130	1029520	1658298	1124221109273881
978454	959020	19434	2069	5526056	5342308	1124221115963679
1368510	1349066	19444	2678	6751842	6947634	1124221124269695
714048	694860	19188	4911	10953912	10757432	1124221136123157
0	0	0	0	0	0	0
1425428	1405264	20164	967	3320288	3581958	1124221145618463
0	0	0	0	0	0	0
0	0	0	0	0	0	0
577200	559264	17936	3603	8515366	7995110	1124221167305913
0	0	0	0	0	0	0
505804	485540	20264	3710	8815862	8139204	1124221182592549
1621676	1601166	20510	4999	11403162	11842452	1124221195806305
499900	478032	21868	3502	8400282	7727136	1124221204892471
871500	852364	19136	163	1720396	1419596	1124221207670057
670176	649234	20942	2809	7014802	6510558	1124221215540681
1297058	1277130	19928	1627	4652132	4773120	1124221221675505
1830832	1609818	221014	2610	6621010	7272862	1124221230313091
1079100	1060470	18630	3908	9076324	9105644	1124221240641309
1045820	1027854	17966	288	2017548	1831562	1124221243888013
1733640	1470170	263470	3458	7443084	8872248	1124221253255851
2399206	2379500	19706	299	2010446	3223148	1124221257851391
1777380	1758752	18628	986	2526784	3971244	1124221262341529
0	0	0	0	0	0	0
1617934	1481758	136176	3415	7801540	8670532	1124221280159933
1183632	1162564	21068	1169	3840204	3745022	1124221285369575
1494948	1467412	27536	2529	6486456	6774596	1124221293536853
1606722	1587220	19502	2766	6937112	7360166	1124221302266577
714148	694598	19550	3818	8645846	8571856	1124221311811923
1437848	1408812	29036	1750	4498552	5159698	1124221317947577
1096756	1077926	18830	2372	6148076	6063714	1124221325378423
1405624	1385570	20054	1229	3854502	4085264	1124221330823237
1801948	1784802	17146	4289	9992434	10602716	1124221342803389
1524316	1507260	17056	3973	8670698	9681092	1124221353171673
1610118	1591306	18812	3125	7646408	8074680	1124221362601465
1529314	1508072	21242	1993	5330686	5737660	1124221369650617
1775400	1741784	33616	1045	3124890	4086844	1124221374736695
1738360	1718490	19870	4853	10298474	11666358	1124221386959559
1181776	1160188	21588	533	1809848	2469834	1124221390136945
1178324	1159062	19262	615	1473910	2628808	1124221392987455
0	0	0	0	0	0	0
1408214	1387082	21132	1915	4700096	5458994	1124221403127303
1670968	1652008	18960	3939	8919896	9771628	1124221413903951
1570882	1551406	19476	2399	6195788	6592294	1124221421855787
1180796	1161802	18994	503	1847308	2409950	1124221425069685
1178780	1160320	18460	766	1779104	2933760	1124221428223685
1402034	1382628	19406	256	1861664	2135588	1124221431672869
1452310	1382542	69768	2662	6648400	6999052	1124221439959117
1396116	1375828	20288	4682	10769956	10982814	1124221452310709
1637408	1620462	16946	2947	7110712	7752774	1124221461243955
1721256	1704316	16940	3937	8792844	9806710	1124221471931677
1374908	1353376	21532	1218	3821996	4022266	1124221477301321
956792	936990	19802	367	2115648	1901674	1124221480547177
1700970	1680260	20710	4643	9726402	11210196	1124221492167331
1149850	1129020	20830	3985	9233516	9342602	1124221502736161
844618	824200	20418	1715	4829056	4496468	1124221508594883
1927020	1908516	18504	948	2764182	4045838	1124221513475255
0	0	0	0	0	0	0
1472128	1452150	19978	3084	7571132	7863172	1124221528014269
1680474	1663144	17330	1612	4632378	5124088	1124221534512449
1003142	984558	18584	82	1591134	1377912	1124221537283059
1633094	1472602	160492	541	2473506	2930782	1124221541563133
1273696	1254600	19096	1064	3525760	3623698	1124221546547677
918610	899874	18736	1438	3846654	4016008	1124221551502515
1419698	1398840	20858	4076	9547268	9793710	1124221562655577
1050028	1030784	19244	224	1844698	1720340	1124221565735851
1340954	1322138	18816	447	2438156	2457512	1124221569700715
1664914	1631822	33092	757	3097756	3402194	1124221574648663
0	0	0	0	0	0	0
481290	462306	18984	436	2275936	1578398	1124221590018917
1463454	1444718	18736	3427	8386808	8539334	1124221600055013
522302	502204	20098	270	1936842	1284706	1124221602699829
1270644	1191112	79532	3861	9316116	9215706	1124221613472123
1597830	1483084	114746	2504	6411728	6828078	1124221621667203
256422	236302	20120	748	2238332	1974850	1124221624347827
942278	923032	19246	979	3229416	3122142	1124221628705597
0	0	0	0	0	0	0
1179504	1160142	19362	43	931718	1486926	1124221639004793
1439174	1375346	63828	4633	10504546	10927012	1124221651134359
863814	838038	25776	2468	6344760	6026012	1124221658528811
962164	941848	20316	1151	3817706	3485918	1124221663499255
1510798	1491870	18928	3447	8300302	8627424	1124221673495775
1395024	1374364	20660	3099	7593396	7814754	1124221682669971
1592508	1573148	19360	1272	3941032	4358878	1124221688389389
0	0	0	0	0	0	0
1395978	1377392	18586	1753	4709166	5124734	1124221705460737
923942	905288	18654	3094	7158002	7333072	1124221713728541
942100	925072	17028	2978	7198132	7109694	1124221722042637
841656	722256	119400	4698	10778554	10448274	1124221733836067
0	0	0	0	0	0	0
1243250	1224094	19156	1790	4297138	5035088	1124221749905549
831020	812550	18470	184	1750728	1409118	1124221752661289
0	0	0	0	0	0	0
1684308	1664306	20002	4167	9721516	10229378	1124221772252563
1568974	1436430	132544	2790	6923366	7370610	1124221780931181
1010576	991296	19280	8	1413094	1249478	1124221783540561
1232042	1209066	22976	345	2235790	2145410	1124221787194161
1668034	1645750	22284	2434	6403792	6758006	1124221795452123
757066	736970	20096	1518	3954180	4016732	1124221800349133
1474894	1454184	20710	3876	9149066	9449646	1124221811158861
2075510	1935278	140232	475	1849214	3246026	1124221815269453
632670	613736	18934	628	1836970	2112068	1124221817924589
0	0	0	0	0	0	0
1665174	1645066	20108	2114	5589642	6114532	1124221836246973
849210	829228	19982	2550	6081342	6171032	1124221843362925
1105452	1086870	18582	138	1671210	1602084	1124221846325175
1528212	1440378	87834	4150	9697272	10050484	1124221857735815
1216674	1196688	19986	2659	6734566	6768662	1124221865872765
1394102	1375014	19088	1973	5350930	5561668	1124221872803505
0	0	0	0	0	0	0
1502914	1482992	19922	4173	9581242	10063400	1124221894622153
1581866	1562008	19858	2066	5516558	5924898	1124221901897029
1179104	1161290	17814	157	1606932	1704562	1124221904856245
1674032	1654170	19862	3739	8825436	9377974	1124221915529233
887604	868176	19428	2993	6826760	7096332	1124221923428683
1550246	1428042	122204	728	2872970	3228766	1124221928037349
1177976	1159324	18652	183	1777978	1765814	1124221931179043
941776	923070	18706	4562	9372412	10289056	1124221941688775
1001700	948126	53574	1618	4636390	4461196	1124221947512647
1489094	1468826	20268	970	2953000	3654756	1124221952140117
0	0	0	0	0	0	0
1985580	1968062	17518	358	2021394	2911994	1124221968588231
1749090	1530362	218728	1157	3064526	4272964	1124221973577705
1533022	1516174	16848	3241	7865304	8226666	1124221983149587
1523630	1504840	18790	4692	10793600	11121920	1124221995640101
1181328	1162028	19300	411	1756382	2217318	1124221998751779
1265666	1247500	18166	546	2405544	2568216	1124222002596071
981972	963298	18674	3644	8675868	8481732	1124222012454401
0	0	0	0	0	0	0
1019356	1000682	18674	2433	5812562	6108390	1124222031347677
708524	682524	26000	3730	8857140	8392280	1124222041098749
743714	724220	19494	3606	8615736	8182670	1124222050643869
1281342	1262904	18438	3548	8492342	8599242	1124222060603335
1564364	1545108	19256	901	3196084	3576270	1124222065540425
726832	688584	38248	193	1782080	1335060	1124222068234829
0	0	0	0	0	0	0
2022970	2002308	20662	687	2768322	3617874	1124222077564937
0	0	0	0	0	0	0
1738334	1532320	206014	895	3023172	3751424	1124222095238145
1589198	1569714	19484	4204	9824232	10227250	1124222106836945
985830	965838	19992	1193	3925342	3593024	1124222111933505
1729310	1646590	82720	1157	3828168	4265454	1124222117676975
1173484	1154748	18736	1775	4946658	4944722	1124222123982937
0	0	0	0	0	0	0
1410346	1392752	17594	2438	6302790	6497352	1124222141367673
1562408	1543454	18954	912	3212218	3596498	1124222146315817
1497656	1478374	19282	3817	9034390	9354404	1124222157033003
1634522	1608500	26022	1772	4876914	5401096	1124222163729817
0	0	0	0	0	0	0
953330	933748	19582	2446	6276050	6067024	1124222175678519
0	0	0	0	0	0	0
1137608	1117902	19706	1080	3553456	3520176	1124222194256649
1179760	1160928	18832	326	1610862	2042516	1124222197220695
1564010	1534700	29310	2323	5930896	6425800	1124222204888861
844012	825504	18508	168	1720822	1390336	1124222207626851
1643294	1622480	20814	2089	5562812	6032822	1124222215006225
1734662	1715780	18882	2884	7070658	7725398	1124222223997505
1548642	1528872	19770	2153	5703260	6077548	1124222231435439
996002	977464	18538	2873	7104188	6964520	1124222239720695
867760	846738	21022	4577	10549942	10243178	1124222251324389
1681652	1654764	26888	2046	5490832	5996186	1124222258682197
1657900	1614822	43078	3282	7976350	8447778	1124222268502301
0	0	0	0	0	0	0
1090512	1070168	20344	1024	3238428	3348742	1124222280418833
1477600	1452146	25454	3381	7389858	8451244	1124222289459833
0	0	0	0	0	0	0
1459896	1440878	19018	2207	5451632	6088090	1124222304540005
1450880	1430590	20290	2764	6809280	7190618	1124222312977025
1288510	1269170	19340	1235	3905488	3981438	1124222318356629
1406450	1384824	21626	4500	10397836	10627780	1124222330346471
513386	483620	29766	2002	5401672	4740026	1124222336447373
1026810	1005996	20814	758	2923144	2765412	1124222340582757
1361196	1341054	20142	1917	4551178	5417076	1124222346693105
1415482	1396000	19482	4866	10744666	11369692	1124222359039279
1116600	1097672	18928	1565	4521344	4457860	1124222364850345
0	0	0	0	0	0	0
1438966	1416244	22722	3802	8581694	9267082	1124222383752603
1398400	1379516	18884	3889	9173014	9398126	1124222394509947
1390960	1371562	19398	1803	5020498	5219412	1124222401110481
1646576	1624804	21772	3098	7626832	8101962	1124222410569989
464514	443622	20892	377	2149852	1441108	1124222413373883
1845274	1823706	21568	2894	7193384	7855730	1124222422598597
0	0	0	0	0	0	0
319710	299188	20522	697	2723374	1936828	1124222432030949
1407284	1388670	18614	2187	4618022	6002480	1124222438252481
1476732	1457926	18806	3418	8264418	8535094	1124222448179853
1348736	1262012	86724	1080	3447596	3730946	1124222453161855
1063942	1044182	19760	4588	10585290	10465276	1124222464996929
1096876	1079604	17272	1679	4886242	4670910	1124222471153731
1477202	1458992	18210	3070	7051232	7827356	1124222479855997
1807424	1781474	25950	785	2526896	3588798	1124222484364177
1603600	1583848	19752	2971	6499020	7757598	1124222492640293
926882	909156	17726	1889	4578690	4915868	1124222498319533
457032	426030	31002	3379	8142664	7427660	1124222507092553
0	0	0	0	0	0	0
1056460	1036236	20224	3274	7932028	7816596	1124222522504909
1401938	1383316	18622	1153	3307504	3919286	1124222527390349
0	0	0	0	0	0	0
753424	736076	17348	4103	9078948	9169436	1124222544353729
1480750	1463328	17422	2491	5755002	6673838	1124222551762973
1568886	1539620	29266	2528	6443734	6835700	1124222559949037
0	0	0	0	0	0	0
702198	684510	17688	3613	8517194	8138062	1124222577164249
1433044	1415006	18038	4592	10569930	10830476	1124222589340991
1412982	1384258	28724	3249	7891596	8122714	1124222598819003
958900	938236	20664	4848	11186674	10876604	1124222611150779
1393122	1374160	18962	965	3329418	3548708	1124222616058987
1417646	1396604	21042	2984	7379056	7607672	1124222625041445
1494794	1476400	18394	3223	7862246	8167442	1124222634584485
1608906	1584112	24794	2530	6515818	6891784	1124222642898571
1671866	1523566	148300	2681	6757882	7255606	1124222651513477
1396214	1375972	20242	1560	4609068	4737594	1124222657703771
1611290	1592038	19252	3364	8063584	8561114	1124222667564731
1730590	1630872	99718	3365	7570968	8682058	1124222677052003
1675712	1656148	19564	3213	7643742	8323420	1124222686557023
1629566	1608786	20780	1309	3583072	4468244	1124222691958817
514216	492074	22142	3605	8694570	7946614	1124222701353445
787468	768770	18698	360	2115926	1729518	1124222704442645
1515000	1488496	26504	4757	10812140	11239778	1124222716951997
1303760	1163416	140344	142	1471400	1798254	1124222719900697
1676578	1640616	35962	2001	5422856	5904810	1124222727173575
1392904	1374312	18592	3810	8688004	9234596	1124222737439849
1425548	1405386	20162	1020	3435470	3687258	1124222742486455
1635350	1521012	114338	3852	9102672	9561444	1124222753414191
1178164	1159514	18650	56	1533348	1511732	1124222756310945
1787300	1769160	18140	4159	9712560	10326658	1124222767996017
886334	866224	20110	3229	7225270	7566720	1124222776292989
506092	486102	19990	375	2157926	1478882	1124222779142707
1456040	1436558	19482	1427	4260362	4537062	1124222785044639
1454122	1434992	19130	3318	8288180	8311410	1124222794972615
1181720	1162372	19348	88	1140260	1580528	1124222797480225
1654860	1633018	21842	3309	7935106	8495444	1124222807255283
1402068	1381872	20196	4516	10403318	10703228	1124222819246377
1411222	1392416	18806	4325	10062304	10287158	1124222830905479
0	0	0	0	0	0	0
1185642	1168102	17540	52	1491880	1503456	1124222840043719
1104360	1084538	19822	4542	10539324	10410094	1124222851878451
689688	669982	19706	291	1976068	1492588	1124222854729737
1704504	1683458	21046	3259	7990450	8445960	1124222864610497
1620384	1599706	20678	4029	9295934	9901956	1124222875716291
705528	684454	21074	4554	10557392	10035484	1124222887165339
1223956	1206568	17388	2045	5494310	5541466	1124222894069611
1513518	1494682	18836	2378	6148814	6479444	1124222901905203
0	0	0	0	0	0	0
1682138	1663570	18568	2660	6716602	7224248	1124222920337709
1428256	1388060	40196	4020	9435770	9689230	1124222931387711
1717732	1696592	21140	3310	8028310	8558436	1124222941319105
0	0	0	0	0	0	0
1551046	1530804	20242	3489	8008398	8750852	1124222961004309
1879486	1860692	18794	640	2817300	3386820	1124222965886711
1584906	1565732	19174	1712	4821240	5230912	1124222972478063
1545854	1382032	163822	2758	6914090	7284534	1124222981126937
1472112	1382700	89412	1168	3739068	4033148	1124222986523177
1762984	1633134	129850	780	2956206	3544430	1124222991431995
2042554	1931568	110986	278	1927230	2821570	1124222995587499
1584434	1563542	20892	4858	10937846	11523232	1124223008295309
0	0	0	0	0	0	0
633250	613998	19252	2268	5314244	5391914	1124223023372011
1562230	1538702	23528	3785	8967604	9354342	1124223034086895
1542702	1463356	79346	4697	10577952	11158052	1124223046393183
1468674	1451242	17432	2197	5833352	6074666	1124223053869127
540590	515014	25576	4071	9517810	8891992	1124223064101041
9267710	9264478	3232	3753	8525782	16995472	1124223082080057
1402058	1382538	19520	1188	3376482	4000504	1124223087044347
0	0	0	0	0	0	0
861608	841594	20014	698	2100692	2480028	1124223097349815
0	0	0	0	0	0	0
0	0	0	0	0	0	0
0	0	0	0	0	0	0
799124	780438	18686	2190	5857666	5390124	1124223131147055
414630	395820	18810	308	2017658	1256590	1124223133764559
1645992	1626956	19036	2187	5781828	6242576	1124223141377881
1186672	1167344	19328	1406	4032442	4225326	1124223146782493
0	0	0	0	0	0	0
1082546	1064298	18248	2610	6498928	6525502	1124223159894251
566688	541978	24710	201	1797820	1192226	1124223162444401
0	0	0	0	0	0	0
959528	939672	19856	2659	6717484	6499920	1124223177149151
1527430	1506346	21084	2130	5662522	6013166	1124223184524937
782456	763782	18674	1284	3965436	3572538	1124223189461945
0	0	0	0	0	0	0
0	0	0	0	0	0	0
0	0	0	0	0	0	0
1613184	1500986	112198	2076	5542546	5975740	1124223229748275
0	0	0	0	0	0	0
1468366	1441772	26594	3880	9003122	9438758	1124223248365337
0	0	0	0	0	0	0
1599314	1579992	19322	4091	9404260	9995690	1124223270598073
200182	182462	17720	551	2004418	1512812	1124223272978969
1270676	1252462	18214	1069	3518556	3619162	1124223277941381
1493774	1474562	19212	3150	7684166	8005156	1124223287292533
1430790	1409992	20798	3413	7828506	8479398	1124223296737465
1507502	1488972	18530	1759	4497196	5248048	1124223302928137
1527570	1508362	19208	1770	4908814	5289166	1124223309550169
1131014	1026460	104554	4588	10578234	10529072	1124223321445509
1224780	1204058	20722	1953	4923198	5356562	1124223327779255
1799726	1697742	101984	4215	9107466	10454392	1124223338871997
1394672	1375246	19426	4713	10460902	11030846	1124223350900829
1706598	1689094	17504	2835	6698028	7586716	1124223359478689
390844	372524	18320	308	1518682	1216750	1124223361560909
1598116	1578588	19528	4377	10142220	10562604	1124223373474199
1459544	1440060	19484	2844	7088678	7370634	1124223382207605
1224692	1164012	60680	137	1208876	1720266	1124223384826705
1417992	1398814	19178	1670	4747744	4980572	1124223391177961
1505694	1486882	18812	4240	9818164	10211036	1124223402687585
1552528	1533158	19370	4037	9482398	9848532	1124223413908317
1350956	1329924	21032	3400	7939814	8373528	1124223423384679
1085308	1065872	19436	120	1637160	1546216	1124223426292997
1772400	1753594	18806	2891	7175294	7776304	1124223435426063
1722308	1593320	128988	3402	7535366	8745956	1124223444869767
1587026	1566350	20676	4914	10762194	11626858	1124223457392401
793980	776544	17436	4014	9239152	9036296	1124223467599271
