# Loop @ Start frequency 2400000Hz took 887.20 cycles
# Interval [885 ; 889]
# Q1 : 882 ; Q3 : 884
# Loop @ Target frequency 1200000Hz took 1774.18 cycles
# Interval [1772 ; 1777]
# Q1 : 1766 ; Q3 : 1770
# Confidence intervals do not overlap, alternatives are statistically different with selected confidence level
Change time (with write) [cycles]	Change time [cycles]	Write cost [cycles]	Wait time [us]	Time since last frequency change request [cycles]	Time since last frequency change [cycles]	Detected frequency change timestamp [cycles]
1199364	1165584	33780	3567	255664772	255295512	1124325154046851
1182786	1161160	21626	4812	11508938	11025998	1124325167118205
1179438	1160478	18960	907	3289552	3213318	1124325171962779
1181680	1162552	19128	3036	7982424	7473798	1124325181502955
1189200	1169240	19960	4996	11852014	11401456	1124325194928395
1184868	1159446	25422	2463	6449026	6330772	1124325202937989
591428	571888	19540	4156	10090402	9122250	1124325213994501
0	0	0	0	0	0	0
1178682	1159642	19040	4075	9733678	9547748	1124325236495565
996460	977042	19418	3998	10041430	9210500	1124325247909245
324876	305688	19188	3427	8673074	7398226	1124325257283615
836110	817256	18854	2191	6279768	5438104	1124325264774779
308340	278660	29680	4544	10827132	9616672	1124325276284901
0	0	0	0	0	0	0
1102406	1080464	21942	4101	10128416	9529094	1124325299234791
1200890	1175110	25780	3295	8368550	8011520	1124325309179241
1180784	1161112	19672	2535	7085950	6469680	1124325317821065
577736	558720	19016	27	2017828	851790	1124325320797965
1176314	1156776	19538	2511	6426506	6418880	1124325328774519
1186404	1164766	21638	4626	10906372	10659362	1124325341242485
270780	249676	21104	4697	10892814	9883820	1124325352782755
959780	941124	18656	4859	11177440	10897270	1124325365295701
632100	611642	20458	1572	4906514	3995544	1124325371209969
888874	869834	19040	447	2515114	2002238	1124325374988729
1313898	1166930	146968	3556	9459932	8647118	1124325386137629
199888	179706	20182	4871	11561630	10160862	1124325398273549
615476	592738	22738	3275	8502774	7385460	1124325407767031
733976	714806	19170	1540	5009892	4034496	1124325413891491
809776	790116	19660	3078	8230770	7186780	1124325423307235
0	0	0	0	0	0	0
0	0	0	0	0	0	0
1458822	1164506	294316	4158	9994750	9992710	1124325447144091
293670	273280	20390	156	2142714	826824	1124325449954949
1185730	1165466	20264	590	2591186	2585462	1124325454106969
1180164	1159786	20378	1788	5385020	4976476	1124325461047365
1067876	1047930	19946	4822	11486528	10932422	1124325473976975
829606	809366	20240	271	2296710	1591178	1124325477478625
0	0	0	0	0	0	0
1180716	1161052	19664	3041	7964138	7482894	1124325495423609
1006078	986460	19618	1519	4991968	4263668	1124325501796921
0	0	0	0	0	0	0
1178988	1159068	19920	4306	9979176	10011072	1124325519541699
392430	372662	19768	3273	8400766	7157580	1124325528731085
403318	382848	20470	1904	5596722	4431170	1124325535105939
598650	578140	20510	2294	6575826	5406536	1124325542655201
1184054	1163152	20902	1597	5052246	4597676	1124325549266571
1178746	1158174	20572	2113	5998428	5623810	1124325556819189
878814	857838	20976	412	2544010	1921918	1124325560617231
768220	748560	19660	138	2408974	1263614	1124325564170625
1185410	1164936	20474	3347	7768126	8100116	1124325573499719
419714	397296	22418	16	2108982	695244	1124325576413991
1183056	1161342	21714	1746	4904716	4894690	1124325582877317
1152120	1119184	32936	4935	11623304	11242794	1124325596028289
1180030	1160654	19376	3464	8717334	8327626	1124325606302099
1059336	1039940	19396	3745	9234750	8770530	1124325616971325
433370	412666	20704	2732	7159168	6117880	1124325624939259
1177938	1156076	21862	1498	4710878	4394408	1124325631203835
694920	675678	19242	4146	9959818	9207078	1124325642234739
1231162	1166396	64766	1096	3881892	3643420	1124325647722899
1185554	1162516	23038	1260	4389116	3929414	1124325653723281
0	0	0	0	0	0	0
0	0	0	0	0	0	0
0	0	0	0	0	0	0
1294860	1159610	135250	2268	5946684	6051008	1124325683560355
1182984	1161718	21266	4094	10000000	9591342	1124325695124375
754484	735380	19104	745	3342720	2465378	1124325699597829
1181862	1159382	22480	2672	7055866	6745708	1124325708215129
0	0	0	0	0	0	0
1187414	1162264	25150	1239	4777710	3885426	1124325724370615
1181366	1160582	20784	4099	9810238	9599886	1124325735738485
1186946	1165186	21760	3278	8330014	7967414	1124325745637951
535158	516110	19048	2673	6642510	6100698	1124325753200117
1187628	1160078	27550	2143	6271036	5693206	1124325761034515
999802	980872	18930	1737	5515490	4693114	1124325767924641
811776	790600	21176	1406	4788680	3843776	1124325773900561
1193936	1172972	20964	797	3327328	3012600	1124325778796685
0	0	0	0	0	0	0
1283602	1245666	37936	3558	8815518	8620736	1124325793836231
779332	760266	19066	4047	9942344	9092530	1124325804955885
1179198	1160334	18864	882	3492554	3163696	1124325810003731
631866	606790	25076	2473	6515092	5800538	1124325817526349
1180500	1160344	20156	1585	4985894	4570982	1124325824090929
409012	388572	20440	2540	6538992	5713706	1124325831413365
509660	489908	19752	4264	10393648	9258024	1124325842691909
1104800	1082612	22188	2738	7197378	6801848	1124325851369019
1194766	1174904	19862	2733	7196298	6879936	1124325860136905
1180714	1161198	19516	4271	10195636	9943512	1124325871888779
1184286	1163728	20558	2902	7664170	7208760	1124325881112281
1180262	1156784	23478	3628	8896334	8655692	1124325891564181
1181352	1159444	21908	3111	8134458	7628490	1124325901267171
0	0	0	0	0	0	0
1185994	1164612	21382	4833	11073320	11071168	1124325916347715
567326	547366	19960	157	2229232	1102186	1124325919519019
705542	686708	18834	226	1877188	1377590	1124325922483175
473222	453754	19468	1531	5110538	3755784	1124325928440865
936350	916144	20206	3004	7826378	7165138	1124325937579909
190308	171340	18968	3731	9247130	7872668	1124325947399799
1191396	1170320	21076	4131	10165274	9673332	1124325959130775
1179696	1160446	19250	3481	8721070	8360700	1124325969407035
337668	317146	20522	587	3012386	1731672	1124325973132935
1264750	1170760	93990	4252	10702064	9989276	1124325985473909
871190	850806	20384	3693	8743524	8478618	1124325995470295
1181164	1161820	19344	3638	8959140	8678456	1124326005986199
1186524	1165666	20858	2737	6924582	6879348	1124326014471495
6915608	6912166	3442	1854	5269878	10844086	1124326027032555
0	0	0	0	0	0	0
188646	169570	19076	2312	5887604	5052670	1124326036987465
765898	744172	21726	533	2830204	2051130	1124326040958691
1285580	1162796	122784	3593	9445006	8691106	1124326052064281
1281362	1164582	116780	99	1625194	1704158	1124326055346001
1184480	1164404	20076	4288	9619696	9979616	1124326066525045
1178656	1159176	19480	4109	9973454	9617044	1124326078053141
1178420	1159462	18958	2408	6593526	6215516	1124326086200845
1189326	1171066	18260	3027	7860134	7463802	1124326095625705
391796	369478	22318	4985	11723384	10582230	1124326108126031
1188996	1170000	18996	678	3098828	2765678	1124326112789215
0	0	0	0	0	0	0
1179844	1160558	19286	2293	6412870	5985338	1124326128309969
1018082	998956	19126	1789	5560452	4815626	1124326135264135
1177762	1158670	19092	914	3834530	3226526	1124326140651807
1203808	1162276	41532	4153	9886654	9729138	1124326152117781
0	0	0	0	0	0	0
0	0	0	0	0	0	0
910668	890160	20508	4496	10617776	10121886	1124326174620445
1180722	1160000	20722	3415	8551588	8230470	1124326184728391
1191382	1163398	27984	4104	10019744	9619436	1124326196314991
1185628	1164848	20780	3390	8433698	8186066	1124326206309151
1183316	1162860	20456	3186	8210988	7774994	1124326216078769
975924	957060	18864	4864	11360744	10923674	1124326228791269
1182612	1161416	21196	3823	9314552	9048910	1124326239663865
1296478	1162566	133912	4098	10173528	9716584	1124326251515641
1175884	1157050	18834	155	2310158	1710414	1124326255385017
1179234	1159592	19642	3875	8767720	9149796	1124326265706305
1179580	1159544	20036	4861	11568630	11124678	1124326278836569
1179850	1160772	19078	2928	7301026	7254720	1124326287692745
0	0	0	0	0	0	0
1208336	1158964	49372	1900	5228438	5246706	1124326297961135
1157288	1133288	24000	4545	10472206	10466400	1124326309966033
1180160	1161428	18732	3369	8503028	8138910	1124326320024819
835502	815206	20296	2297	6582660	5649342	1124326327818111
304010	274748	29262	4406	10778024	9336834	1124326339284519
1187828	1168724	19104	787	3289464	2981806	1124326344136271
1045996	1025772	20224	3521	8862408	8307524	1124326354420389
1297750	1277852	19898	2005	5761890	5527376	1124326361856075
1185192	1165866	19326	1318	4363736	4045156	1124326367779489
0	0	0	0	0	0	0
591240	572270	18970	824	3350684	2463080	1124326384275395
0	0	0	0	0	0	0
1304442	1161656	142786	2680	7019532	6885090	1124326398980489
939508	920042	19466	1094	4192634	3349024	1124326404487531
471262	448882	22380	3047	7926312	6784510	1124326413261219
1336606	1317226	19380	162	1986398	1879758	1124326416958515
0	0	0	0	0	0	0
646496	626744	19752	1616	5013162	4098480	1124326429114289
215802	173366	42436	4621	11138824	9678440	1124326440843535
678172	657790	20382	1886	5490730	4670292	1124326447387871
1181920	1161222	20698	4189	9745726	9779372	1124326458689521
1235082	1176890	58192	4642	11223226	10739034	1124326471522579
651732	632540	19192	2200	6304424	5270138	1124326478859145
448324	427102	21222	4100	10254548	8868044	1124326489937681
1187826	1164756	23070	3859	9581040	9124876	1124326501081135
1176990	1157840	19150	1704	5174916	4805136	1124326507808195
1180646	1159336	21310	4153	10051984	9710038	1124326519421775
678898	656322	22576	3768	9262932	8434796	1124326529737961
1183080	1161960	21120	2718	7153166	6838676	1124326538456075
1186042	1166224	19818	3756	8783036	8918352	1124326548800949
1180924	1161056	19868	1692	5463332	4785974	1124326555819795
1277020	1257816	19204	4481	10962870	10458748	1124326568443765
1180602	1161092	19510	1863	5115118	5126400	1124326575115321
219782	184012	35770	2575	6520460	5589550	1124326582230461
0	0	0	0	0	0	0
1176486	1157666	18820	4855	11475628	11105902	1124326601046999
309020	205134	103886	44	1738816	616816	1124326603469495
1184814	1160426	24388	4716	10972454	10836154	1124326616009223
506500	487634	18866	3488	8467940	7710300	1124326625358825
1187618	1169244	18374	2537	7098448	6480372	1124326634019881
1184530	1163656	20874	3773	9334466	8950858	1124326644914715
1194156	1161332	32824	320	2556182	2054186	1124326649040703
1178976	1158506	20470	1013	4024174	3424882	1124326654619081
1352956	1298186	54770	613	2929906	2798816	1124326659277041
305138	285666	19472	4795	11538914	10114890	1124326671497131
1179620	1159408	20212	1000	3273300	3399950	1124326676331575
1120700	1100470	20230	2181	6083720	5702110	1124326683910599
578430	558500	19930	4979	11449270	10755964	1124326696314229
3174204	3171378	2826	1799	4875840	6997410	1124326704739965
0	0	0	0	0	0	0
1182872	1162388	20484	1306	4220154	4014398	1124326716522501
0	0	0	0	0	0	0
302988	282614	20374	2629	6882962	5786080	1124326729548549
1294402	1171142	123260	847	3505498	3208432	1124326734729891
1001872	982752	19120	3437	8560110	8096028	1124326744667321
0	0	0	0	0	0	0
1305476	1162366	143110	2335	6361934	6196046	1124326761014795
617384	598266	19118	4813	11500586	10462958	1124326773508579
1178058	1159102	18956	4546	10861106	10491170	1124326785931179
1178570	1159204	19366	3083	7489048	7565110	1124326794973629
1177798	1158368	19430	4348	10358406	10093956	1124326806884749
1185454	1165084	20370	1639	4942000	4682648	1124326813388379
0	0	0	0	0	0	0
1203838	1159530	44308	3991	9408082	9410850	1124326837032589
778966	759210	19756	895	3809090	2789422	1124326841995641
1189448	1170526	18922	130	1847030	1672758	1124326845408089
424966	403472	21494	3547	8278770	7738752	1124326854487575
893820	874056	19764	2350	6132948	5813976	1124326861888369
1184032	1162664	21368	3611	9028914	8626512	1124326872476501
1072654	1052150	20504	3071	7693060	7435362	1124326881619059
431176	307618	123558	3121	8072490	6898150	1124326890519515
0	0	0	0	0	0	0
0	0	0	0	0	0	0
793358	773802	19556	4851	11617536	10715766	1124326919399455
1178792	1158858	19934	3520	8993284	8438658	1124326929946801
1181636	1160320	21316	3752	9521736	8905830	1124326941025681
1252016	1232166	19850	1926	5776080	5323442	1124326948427881
1182416	1162542	19874	4751	11060000	10903676	1124326961046191
228606	207894	20712	2108	6014418	4663946	1124326967664321
6049438	6047118	2320	3409	8605944	13088096	1124326982701081
918410	898602	19808	1582	4863734	4301996	1124326988858005
315924	188388	127536	1307	4036226	3149122	1124326993585479
1310788	1162790	147998	3269	8259634	8069282	1124327003536263
1188994	1170032	18962	1444	4897434	4300236	1124327010006429
1182736	1161450	21286	367	2315114	2145286	1124327013880115
663624	644566	19058	4526	11273790	9936466	1124327026192919
1183370	1163980	19390	1010	3963744	3423894	1124327031716619
1231446	1210192	21254	3218	8238826	7896024	1124327041570601
1186506	1165024	21482	4507	10422378	10420566	1124327053561615
1181604	1162124	19480	3592	8908158	8584818	1124327064048601
626614	606260	20354	4429	10351476	9709102	1124327075401535
1184662	1164986	19676	2363	6746264	6131126	1124327083707535
865674	834780	30894	3697	9235694	8484942	1124327094190469
0	0	0	0	0	0	0
1181852	1162206	19646	3037	7857632	7475094	1124327108402525
0	0	0	0	0	0	0
840272	820102	20170	2722	7155558	6508178	1124327122334841
1209986	1178642	31344	2586	7114214	6600980	1124327131032495
1190242	1170820	19422	2562	7009912	6534790	1124327139606689
754570	734626	19944	3618	8786116	8211066	1124327149530915
532714	512182	20532	410	2698826	1573464	1124327153145021
758280	739732	18548	4858	11120838	10694990	1124327165400499
1075492	1057256	18236	1582	4976088	4460064	1124327171827661
1202010	1179572	22438	3846	9636850	9115050	1124327183048085
536382	516492	19890	3808	9467514	8371254	1124327193426371
1188770	1168060	20710	616	2965966	2640956	1124327197954751
0	0	0	0	0	0	0
810764	790906	19858	4975	11424282	10979792	1124327215328595
721594	701874	19720	3171	8052070	7283046	1124327224477383
471980	453058	18922	3263	8228928	7217320	1124327233553709
290136	181836	108300	3658	9014204	7825184	1124327243255785
1180082	1160704	19378	2970	7903410	7340538	1124327252713653
1182500	1161236	21264	1899	5427422	5200274	1124327259698035
1182512	1161160	21352	4467	10653854	10335546	1124327271915921
1179040	1160110	18930	4256	10281354	9911044	1124327283752369
0	0	0	0	0	0	0
1128142	1109456	18686	4276	10312700	9901302	1124327301865345
535670	516166	19504	301	2484234	1358474	1124327305260855
249338	230654	18684	3424	7933256	7316376	1124327313818445
0	0	0	0	0	0	0
1207328	1185858	21470	4112	10023668	9651220	1124327334448265
0	0	0	0	0	0	0
280736	260568	20168	2256	6255214	5012734	1124327352949529
1306244	1164432	141812	4034	9881792	9593584	1124327364512961
349358	328814	20544	4903	11852312	10375754	1124327377090005
0	0	0	0	0	0	0
1177078	1156436	20642	2109	6060972	5614518	1124327390759629
1178474	1159984	18490	1608	4882746	4614164	1124327397194939
627192	512068	115124	962	3702392	2771000	1124327401899619
452776	432196	20580	3338	8235810	7349074	1124327410963115
475904	455984	19920	735	3409770	2164956	1124327415224221
1131688	1112142	19546	1482	5117106	4315398	1124327421845955
1184670	1164530	20140	3071	7917616	7551676	1124327431324905
1015020	995928	19092	4014	9673690	9263200	1124327442389139
0	0	0	0	0	0	0
0	0	0	0	0	0	0
1187060	1165582	21478	2561	7095180	6529542	1124327462757041
0	0	0	0	0	0	0
1179950	1161090	18860	1244	4165144	3887772	1124327477853835
1179626	1160342	19284	2967	7534560	7333424	1124327486943405
1256316	1174778	81538	1604	4682568	4685096	1124327493258055
1132988	1112830	20158	39	1844924	1431778	1124327496610721
0	0	0	0	0	0	0
569866	549230	20636	4374	10797594	9537244	1124327514153471
0	0	0	0	0	0	0
263014	238110	24904	2513	6774572	5508760	1124327532092455
1181916	1162236	19680	2483	6683958	6367230	1124327540333305
1067712	1065086	2626	4695	10991242	10678286	1124327552767015
1180904	1161170	19734	2080	6052794	5559992	1124327560376149
2726774	2723902	2872	4985	11649746	12916838	1124327575127921
1390296	1182562	207734	4703	11092696	11016474	1124327587985321
476018	456796	19222	3532	9106008	7759252	1124327597942951
1177284	1158932	18352	2604	7155354	6604950	1124327606650199
1208060	1170150	37910	4218	10298448	9863256	1124327618532889
438662	418498	20164	596	2576154	1851324	1124327621921405
1028020	1008448	19572	4133	10418978	9514528	1124327633742689
0	0	0	0	0	0	0
1182232	1159378	22854	3903	9591232	9211900	1124327656828721
1186840	1159826	27014	1905	5655624	5217176	1124327664045265
603724	584244	19480	3540	8667166	7908644	1124327673692109
1078506	1059460	19046	4592	10928304	10482416	1124327686078811
1179840	1160556	19284	4918	11533078	11235990	1124327699166029
314146	276362	37784	1158	4048666	2851354	1124327703904281
1185968	1164712	21256	856	3652738	3117642	1124327709118091
591422	572882	18540	3235	8266464	7281594	1124327718351441
916204	892420	23784	553	3088308	2241552	1124327722730211
1180842	1158912	21930	3179	8509074	7758964	1124327732794741
1182720	1156840	25880	4849	11281600	11101188	1124327745634549
1238672	1218856	19816	4083	9993528	9629170	1124327757248405
375858	353450	22408	4279	10597820	9429758	1124327768597829
1196304	1174750	21554	3894	9736620	9205688	1124327779905879
335244	314250	20994	1731	5095496	4021574	1124327785710765
1184932	1165516	19416	2542	7066668	6489730	1124327794344401
1184040	1161956	22084	1197	4385890	3796894	1124327800289451
1183762	1164334	19428	4572	10908904	10547944	1124327812757091
1176004	1156840	19164	4725	10793016	10846578	1124327825101219
0	0	0	0	0	0	0
1186050	1166370	19680	2907	7664944	7220674	1124327840135179
982498	962394	20104	2035	9108696	5272038	1124327850601535
206310	185770	20540	251	2493878	928300	1124327853677329
1184678	1160218	24460	4439	9924884	10281758	1124327865167591
0	0	0	0	0	0	0
0	0	0	0	0	0	0
1042462	1022692	19770	1843	5537752	4948522	1124327894349165
1190050	1170852	19198	2724	7312196	6857906	1124327903226655
1184034	1162832	21202	2228	6091856	5860652	1124327910878611
311354	274798	36556	4334	10491858	9199376	1124327922057861
1009264	990168	19096	220	2155822	1668206	1124327925597711
0	0	0	0	0	0	0
1185390	1163982	21408	4381	10368428	10167272	1124327946255679
248136	215368	32768	3324	8322478	7116776	1124327955202345
962090	940816	21274	1701	5175028	4583890	1124327961714279
1195144	1162308	32836	2389	6107182	6192744	1124327969397281
511756	492864	18892	1254	4492786	3239122	1124327974777867
1033858	1015006	18852	1146	4094232	3545552	1124327980279925
1147952	1117706	30246	1524	4712214	4415936	1124327986513971
1215644	1194920	20724	2838	7410486	7112738	1124327995515589
798610	778422	20188	757	3243420	2532206	1124327999942471
404542	379652	24890	1387	4614474	3399428	1124328005336361
885552	863558	21994	1916	5249488	4938112	1124328011847361
1298056	1173888	124168	778	3523884	3074578	1124328017043825
470840	452026	18814	3625	8919274	7941690	1124328026808505
1182690	1162740	19950	1366	4521988	4135174	1124328032888329
1220844	1202542	18302	4116	9630696	9671586	1124328044114401
1183336	1163528	19808	3541	8744904	8486088	1124328054416811
0	0	0	0	0	0	0
1248884	1167454	81430	138	1960194	1743794	1124328065278289
1182428	1162682	19746	3398	9014148	8201990	1124328075849765
1183582	1161314	22268	577	3182898	2556880	1124328080590885
1023360	1004184	19176	4330	10432688	9904160	1124328092422529
1186256	1167032	19224	1997	5899248	5401110	1124328099883395
1130620	1111736	18884	751	3430680	2851998	1124328104819745
0	0	0	0	0	0	0
210348	172598	37750	1683	4774722	3800832	1124328113467401
1015118	995584	19534	24	2042586	1286726	1124328116906115
1195412	1164636	30776	4052	9513114	9519274	1124328127990355
1180046	1159712	20334	1074	3694426	3551014	1124328133238941
1178378	1159542	18836	192	2077098	1782628	1124328136867255
322186	303326	18860	1046	4258034	2635026	1124328141822975
1181504	1162498	19006	1820	5415796	5045588	1124328148802255
0	0	0	0	0	0	0
807250	789146	18104	503	2928230	2034380	1124328159017955
522656	503166	19490	3001	8268094	6744170	1124328168183289
1193908	1160392	33516	4432	10596722	10277802	1124328180348401
1289266	1163702	125564	3206	8235578	7922124	1124328190249703
1189040	1163274	25766	901	3209128	3218740	1124328195023209
2131578	2129234	2344	4711	11488696	11772792	1124328209017899
1191384	1167122	24262	1660	5422500	4731826	1124328216005625
1182474	1163634	18840	689	3059392	2779856	1124328220622681
1179022	1160650	18372	3718	9120464	8834776	1124328231297175
1179054	1159990	19064	4450	10573028	10299680	1124328243425103
991362	971942	19420	3635	8704748	8480912	1124328253495351
1185110	1164836	20274	1159	3803764	3721630	1124328258909055
767074	747186	19888	4807	11381276	10602146	1124328271432881
0	0	0	0	0	0	0
1117274	1098444	18830	339	2297712	2015346	1124328287225015
1181760	1162486	19274	3398	7956204	8218300	1124328296737399
1193776	1171842	21934	1625	4784360	4662484	1124328303091351
1192402	1159992	32410	3388	8178264	8188122	1124328312835931
1184010	1164106	19904	2588	6729274	6578796	1124328321123455
0	0	0	0	0	0	0
1181290	1161838	19452	2426	6515368	6253934	1124328340904609
1302498	1282772	19726	1390	4211762	4301666	1124328346793751
765686	746780	18906	517	2748334	2020608	1124328350682935
0	0	0	0	0	0	0
0	0	0	0	0	0	0
579910	433724	146186	1515	4601458	3834530	1124328385474889
1185272	1166812	18460	4807	11351728	11019202	1124328398392131
1180828	1159452	21376	2226	6324112	5852056	1124328406273651
0	0	0	0	0	0	0
0	0	0	0	0	0	0
1249748	1230116	19632	4911	11735902	11295364	1124328435114329
0	0	0	0	0	0	0
0	0	0	0	0	0	0
1178336	1156984	21352	3397	8329894	8193224	1124328461296755
0	0	0	0	0	0	0
1200198	1162326	37872	3990	9757478	9399924	1124328479404481
1192442	1174256	18186	1573	4775920	4557140	1124328485786661
1179460	1160568	18892	2998	7804312	7399608	1124328495151621
1199662	1170328	29334	4025	9499988	9470036	1124328506225711
986198	925320	60878	903	3775452	3011610	1124328511362195
0	0	0	0	0	0	0
1191302	1169614	21688	2849	7297300	7108334	1124328531617151
1124106	1102732	21374	2038	5871498	5419744	1124328539011879
1184312	1162898	21414	2576	7031048	6556666	1124328547602081
1183236	1159522	23714	1794	5505434	4995912	1124328554670941
844624	825830	18794	3309	8078334	7683784	1124328563970249
1180888	1161092	19796	1021	3746690	3447062	1124328569272459
0	0	0	0	0	0	0
0	0	0	0	0	0	0
1176866	1158166	18700	1647	4759204	4691556	1124328587294315
1177078	1159114	17964	3051	7782982	7498096	1124328596628455
457890	438014	19876	82	1891134	843030	1124328599353231
1179264	1159668	19596	3606	8616670	8612180	1124328609524529
1180290	1160988	19302	1823	5224478	5047446	1124328616311499
1183896	1164538	19358	2797	7429830	6997946	1124328625301035
1180858	1162582	18276	2847	7575212	7094574	1124328634431911
1177616	1158316	19300	4533	10542180	10463070	1124328646526581
804800	783818	20982	2314	6336104	5652484	1124328654041719
1183000	1162770	20230	1416	4932554	4235538	1124328660531899
511424	490446	20978	4815	11289254	10361210	1124328672708199
497972	479290	18682	1925	5605176	4567436	1124328679186721
1177726	1158900	18826	804	3401686	3005620	1124328684140411
0	0	0	0	0	0	0
1070784	1048912	21872	3590	8845966	8469956	1124328703553305
1180926	1160258	20668	4213	10444254	9847640	1124328715561401
420938	400782	20156	4843	11489846	10326208	1124328727853305
1176240	1157114	19126	2107	5739570	5609692	1124328735144561
1192878	1162032	30846	466	2965194	2345400	1124328739679131
818264	797926	20338	165	2332196	1367402	1124328743210519
1255464	1158932	96532	3640	8683700	8755836	1124328753525615
724960	704760	20200	929	3342436	2803426	1124328757973085
1189722	1167116	22606	4618	10761762	10649212	1124328770299785
735000	715790	19210	3585	8714720	8124788	1124328780124985
604846	585112	19734	169	2235384	1161664	1124328783340805
1192592	1172346	20246	887	3189868	3185388	1124328788098491
1042688	1023476	19212	3960	9704020	9182704	1124328799220521
1181014	1161346	19668	1222	4439794	3846184	1124328805216819
0	0	0	0	0	0	0
1181168	1161540	19628	2861	7876882	7123582	1124328818368839
1183002	1160362	22640	1736	4936460	4874382	1124328824862611
607018	587402	19616	747	2885968	2321730	1124328828730621
347444	325792	21652	4831	11844720	10230380	1124328841298975
0	0	0	0	0	0	0
1180660	1159632	21028	3173	8170114	7747754	1124328859824015
374006	353876	20130	840	3463364	2277800	1124328864049335
690716	671730	18986	3440	8955216	7791136	1124328874069951
1399088	1379370	19718	639	3114588	2896354	1124328878960295
0	0	0	0	0	0	0
0	0	0	0	0	0	0
1179480	1159498	19982	2794	7093452	6987032	1124328909088515
1210770	1170214	40556	1947	5594186	5325316	1124328916267725
548800	466570	82230	3675	8847454	8119016	1124328926039639
430074	410390	19684	2683	6933800	6020866	1124328933778875
281376	253184	28192	2129	5947318	4765396	1124328940388109
0	0	0	0	0	0	0
1186618	1164726	21892	4357	10367720	10120466	1124328957715249
1196092	1176018	20074	2768	7211858	6952058	1124328966506661
1297830	1159792	138038	1728	5399466	4973376	1124328973578345
232626	213046	19580	1345	4072340	3142420	1124328978265055
1039396	1019826	19570	2397	6355878	6053868	1124328986035835
0	0	0	0	0	0	0
1184096	1164866	19230	4668	10780560	10739760	1124329010772315
626996	606498	20498	2509	6589250	5864956	1124329018363149
278900	258316	20584	2084	5873948	4667348	1124329024891009
1216370	1196738	19632	1008	3448450	3452030	1124329029930459
0	0	0	0	0	0	0
890218	866462	23756	2209	6209736	5527744	1124329042708199
1180544	1159744	20800	2132	6190890	5663784	1124329050454459
0	0	0	0	0	0	0
351568	328846	22722	1889	5640576	4350540	1124329061183395
1179852	1159906	19946	480	2620120	2360492	1124329065359671
1181422	1162782	18640	1836	5730874	5074330	1124329072647161
1180256	1159246	21010	3609	8964996	8618670	1124329083167941
627686	608090	19596	3931	9848040	8710782	1124329094017255
1179958	1160146	19812	997	3983154	3394712	1124329099555493
0	0	0	0	0	0	0
0	0	0	0	0	0	0
1185796	1164318	21478	897	3801898	3199174	1124329115091215
652942	614996	37946	3170	14349906	7212588	1124329130468269
1182972	1160530	22442	4614	10953720	10631522	1124329142980201
1225428	1163734	61694	4075	10110666	9594706	1124329154692565
0	0	0	0	0	0	0
186656	165450	21206	3810	9651152	8028710	1124329171643649
1021662	999800	21862	4699	11132428	10640672	1124329184180551
0	0	0	0	0	0	0
0	0	0	0	0	0	0
818882	793922	24960	2121	5320118	5301306	1124329203331641
941472	921534	19938	204	2287132	1570316	1124329206936175
1316908	1280622	36286	653	2740656	2864586	1124329211369645
1183274	1164022	19252	4899	11785000	11201518	1124329224711929
218882	174294	44588	1951	5595198	4341186	1124329230901415
0	0	0	0	0	0	0
1187676	1166052	21624	875	3570160	3157176	1124329242046145
207632	188172	19460	1820	5338114	4067234	1124329247966035
0	0	0	0	0	0	0
0	0	0	0	0	0	0
715246	695480	19766	2530	7038740	5995474	1124329273895481
200544	176220	24324	287	2222522	997548	1124329276692721
1216572	1182680	33892	2017	5551890	5471572	1124329283834751
425554	404704	20850	4637	11287676	9920192	1124329295921591
0	0	0	0	0	0	0
488420	469416	19004	3072	7900774	6852446	1124329314202341
1067448	1048416	19032	4460	10648440	10207430	1124329326291259
0	0	0	0	0	0	0
991410	972486	18924	3691	9141240	8593974	1124329344995079
581196	561154	20042	3515	9017594	7831482	1124329354968821
1182440	1162676	19764	1689	5347960	4779426	1124329361874025
403124	382592	20532	4036	9768750	8699102	1124329372420609
400180	378226	21954	3330	8070930	7279744	1124329381267605
872156	793642	78514	3527	8994150	8146548	1124329391509451
752916	732464	20452	4512	10715814	9997632	1124329403362151
1181618	1162496	19122	4272	10126584	9946270	1124329415044751
1358534	1262546	95988	2431	6686386	6440784	1124329423463609
682772	661730	21042	1271	4400846	3443986	1124329428927829
662982	643456	19526	270	2222596	1423112	1124329432188019
272582	251692	20890	1835	5085828	4166786	1124329437921551
433692	413490	20202	2272	6031784	5197770	1124329444762605
1178566	1159206	19360	1381	4462954	4160194	1124329450779441
919350	877848	41502	2583	6658646	6304426	1124329458732135
456964	435868	21096	4192	10122356	9060196	1124329469685709
882174	862148	20026	4268	10340060	9641240	1124329481288829
1182318	1163562	18756	2526	6771052	6453374	1124329489616891
808674	790066	18608	4175	10141044	9378350	1124329500965159
820170	663828	156342	1343	4671250	3725322	1124329506832715
981602	963382	18220	2034	5539410	5269760	1124329513728021
880700	860880	19820	894	3278064	2888802	1124329518271049
1183752	1160664	23088	3835	9602920	9074276	1124329529432021
1181136	1163142	17994	1528	4923286	4458004	1124329535911361
1184064	1162796	21268	3525	8589626	8458078	1124329546060225
1276050	1168538	107512	2292	6360082	6079962	1124329554072171
383380	362306	21074	421	2735674	1445870	1124329557567465
0	0	0	0	0	0	0
1183774	828204	355570	1609	5285490	4622486	1124329569919765
1187536	1163878	23658	4497	10757002	10402012	1124329582239441
0	0	0	0	0	0	0
1178476	1158982	19494	1225	4139946	3847570	1124329594274271
1192954	1170506	22448	3580	8832726	8573568	1124329604674689
0	0	0	0	0	0	0
1180532	1159812	20720	2230	6962320	5859634	1124329616792161
961470	939646	21824	2381	6516896	5943366	1124329624645041
619620	599270	20350	2057	5401748	4953140	1124329631041147
394266	374998	19268	3524	8997200	7661748	1124329640807681
1192284	1172940	19344	2149	5967746	5710184	1124329648343655
703022	682304	20718	4944	11855044	10809932	1124329661276311
1184876	1164420	20456	3449	8906298	8303162	1124329671742095
1189958	1170912	19046	4539	10958582	10492016	1124329684271081
1188882	1168676	20206	192	1740002	1796866	1124329687575975
1145536	1120088	25448	2481	7018484	6326738	1124329696564551
702252	682266	19986	4389	10507172	9699406	1124329708149195
1202680	1182848	19832	2949	7250868	7324312	1124329716977569
566794	544968	21826	3720	9491086	8227112	1124329727409601
1079100	1058260	20840	4840	11669730	10979332	1124329740533809
1182980	1164216	18764	701	3248988	2805454	1124329745341609
0	0	0	0	0	0	0
225362	205244	20118	2731	7154248	5907494	1124329772405799
1220944	1169590	51354	3654	9099476	8749628	1124329783101291
0	0	0	0	0	0	0
1188488	1169366	19122	3618	9166872	8644306	1124329803558675
942174	923004	19170	937	3772436	3041128	1124329808660339
974952	955306	19646	2350	6361050	5895692	1124329816371061
0	0	0	0	0	0	0
1178700	1159856	18844	45	1503680	1488406	1124329822948775
0	0	0	0	0	0	0
595294	574156	21138	445	2321976	1725418	1124329829791315
1072940	1052588	20352	4271	9613478	9834334	1124329840858869
625096	601340	23756	4308	10576404	9462044	1124329852434931
1182222	1161174	21048	4659	11267360	10720638	1124329865259947
1098298	1078394	19904	598	2678956	2513918	1124329869411995
1179182	1159672	19510	2719	7679964	6841136	1124329878646821
1185040	1165148	19892	2527	6621496	6458700	1124329886828595
702694	536190	166504	2390	6790022	5703018	1124329894696211
1146178	1119320	26858	1682	5076176	4729872	1124329901293619
1178024	1159940	18084	1631	4930702	4659290	1124329907777421
1320310	1301776	18534	128	2022560	1800840	1124329911515685
1154980	1132908	22072	4569	11181806	10515294	1124329924306241
0	0	0	0	0	0	0
1297838	1274550	23288	87	1233074	1691340	1124329930699111
1176058	1156554	19504	3824	9551052	9044416	1124329941801195
701700	677216	24484	3739	8914464	8398952	1124329951802779
710034	691084	18950	3153	8352106	7235460	1124329961247031
810422	789640	20782	318	2253426	1666244	1124329964687409
297156	277640	19516	2058	5185358	4631990	1124329970544089
831754	813204	18550	3238	7844084	7527814	1124329979594613
0	0	0	0	0	0	0
0	0	0	0	0	0	0
1177752	1159058	18694	3223	8067742	7843032	1124330002042435
756146	736672	19474	243	2312184	1462404	1124330005486805
205680	185382	20298	467	2339266	1359780	1124330008416315
0	0	0	0	0	0	0
614940	594652	20288	4695	11089382	10225128	1124330032289391
1184080	1163456	20624	762	2801948	2934612	1124330036650529
1189010	1169136	19874	963	3852100	3334792	1124330042067395
858710	839254	19456	400	2304568	1883704	1124330045605069
0	0	0	0	0	0	0
1181130	1160450	20680	4682	10914200	10766284	1124330068113319
0	0	0	0	0	0	0
1179740	1160950	18790	895	3160534	3190004	1124330079311829
1184634	1165062	19572	320	2591380	2044906	1124330083464735
1179382	1159272	20110	3966	9930978	9335596	1124330094955391
1242754	1221970	20784	714	3276714	2890866	1124330099850699
1177370	1158974	18396	2764	7052030	6925734	1124330108455285
1182936	1162286	20650	1471	4902920	4345254	1124330114916775
1182192	1161882	20310	1798	5645288	4997956	1124330122119961
1180026	1161458	18568	3201	8230734	7802736	1124330131905771
0	0	0	0	0	0	0
1184778	1165724	19054	4672	10955538	10750106	1124330151248351
0	0	0	0	0	0	0
690478	670072	20406	3198	7747318	7323286	1124330163415965
462716	442880	19836	588	2513182	1858334	1124330166768149
1099420	1080440	18980	2721	7584462	6761262	1124330175826811
1185656	1163456	22200	1103	3942774	3614976	1124330181330975
375712	355762	19950	2384	6264798	5364730	1124330188346981
0	0	0	0	0	0	0
1181986	1158746	23240	372	2539040	2145108	1124330201451155
0	0	0	0	0	0	0
528362	507392	20970	1263	4052628	3275218	1124330215265415
872536	852806	19730	2561	7114780	6214538	1124330223627545
888720	869710	19010	1519	4925726	4151912	1124330229823681
326264	306480	19784	1868	5155276	4282958	1124330235681169
301552	282522	19030	3472	8636548	7466130	1124330245002389
198614	164376	34238	4907	11317696	10232626	1124330256893355
1181910	1160110	21800	4167	10332080	9736550	1124330268782585
387970	368518	19452	951	3598068	2510204	1124330273144599
375956	341288	34668	1851	5523100	4297822	1124330279418525
905256	885606	19650	1590	4526044	4304960	1124330285225835
1189080	1170256	18824	589	2861926	2587690	1124330289651575
196274	176718	19556	195	2162144	806064	1124330292390769
1339840	1320892	18948	2721	6976224	7002538	1124330301082289
0	0	0	0	0	0	0
543512	523596	19916	2388	6054234	5539128	1124330315587821
0	0	0	0	0	0	0
592120	573420	18700	4998	11969582	10808722	1124330341106221
1370712	1160074	210638	1048	3996168	3688008	1124330346848809
1178502	1159572	18930	388	2672332	2173818	1124330351074549
1182390	1159032	23358	4060	10319060	9521916	1124330362950349
835646	815694	19952	918	3810270	2891966	1124330367971575
1180368	1159398	20970	3950	9710562	9301474	1124330379238171
1183120	1163136	19984	3299	8294854	8001898	1124330389090875
1184532	1165286	19246	2518	6775114	6439980	1124330397426241
1179554	1158386	21168	1972	5953822	5343126	1124330404935185
579174	560232	18942	2965	7800766	6728238	1124330413690721
0	0	0	0	0	0	0
461090	441142	19948	4345	10473196	9373850	1124330437050505
1179702	1159884	19818	252	2048306	1903214	1124330440653089
623422	601838	21584	2260	5747814	5381570	1124330447398731
1185164	1162126	23038	3056	8123126	7517380	1124330457082379
646132	624282	21850	1249	3850258	3364086	1124330461953311
1193390	1160562	32828	3482	8767144	8377000	1124330472288549
6810372	6808138	2234	578	2883104	8187088	1124330482357471
1278246	1151856	126390	3726	8965202	8950664	1124330492975219
1180840	1162010	18830	432	2937678	2264374	1124330497469779
1183256	1164416	18840	1476	4890740	4355954	1124330503930125
0	0	0	0	0	0	0
647430	627954	19476	2249	6306288	5365722	1124330517728219
0	0	0	0	0	0	0
570300	431106	139194	38	2089338	866370	1124330533138939
0	0	0	0	0	0	0
1178926	1159902	19024	2883	7592280	7165930	1124330545645491
1081376	1061704	19672	3978	9323048	9258090	1124330556441865
0	0	0	0	0	0	0
0	0	0	0	0	0	0
265366	244496	20870	4538	10976718	9562416	1124330589635595
1277126	1168752	108374	1181	3743334	3859030	1124330595041291
0	0	0	0	0	0	0
1092380	1073196	19184	1225	4095052	3762402	1124330609286461
1240330	1221358	18972	2628	7160630	6715484	1124330618062351
1180400	1161252	19148	4001	9424522	9405462	1124330629042321
469712	449350	20362	1268	4462798	3225236	1124330634349581
581066	558426	22640	1116	4081932	3031738	1124330639386919
1115186	957658	157528	4282	10268018	9899866	1124330651144969
755226	735552	19674	493	2420156	1959910	1124330654694971
1181020	1161918	19102	556	3137160	2513132	1124330659388715
1187360	1166764	20596	4864	11559060	11135232	1124330672510949
262298	241264	21034	3641	9123576	7764236	1124330682271825
0	0	0	0	0	0	0
484618	464870	19748	3797	8973218	8298948	1124330703072005
1181504	1161306	20198	360	2132436	2120196	1124330706760865
876190	751706	124484	3414	8636318	7923734	1124330716647429
1192820	1173330	19490	2952	7676212	7316296	1124330725892011
836968	813930	23038	4922	11779694	10900300	1124330738884061
1225648	1167214	58434	998	3659772	3440672	1124330744144701
629180	611064	18116	2081	5968018	5010970	1124330751178179
0	0	0	0	0	0	0
1059764	1041004	18760	741	2912744	2781158	1124330759070693
1180820	1145050	35770	2532	7217950	6465236	1124330767843705
1292810	1164336	128474	1722	5440312	4957272	1124330774951651
1187838	1164938	22900	58	2036098	1523874	1124330778550661
1194300	1173076	21224	1754	4781742	4922182	1124330784901071
265828	245796	20032	2074	5698928	4633786	1124330791240501
0	0	0	0	0	0	0
646534	628478	18056	2080	6006068	5026012	1124330806863129
287148	265590	21558	1836	5537824	4178984	1124330813063671
1179126	1159734	19392	130	1710214	1659966	1124330816327649
0	0	0	0	0	0	0
1179168	1160174	18994	2678	7150446	6754256	1124330831657545
0	0	0	0	0	0	0
1009958	990096	19862	1080	4064430	3389382	1124330850054189
1179962	1156880	23082	967	3807514	3332816	1124330855416161
1210620	1188228	22392	2463	6880054	6357222	1124330863880759
1458712	1438242	20470	1022	3740932	3726076	1124330869454845
1129056	1109100	19956	3603	9012816	8555912	1124330879977061
1109092	1090116	18976	1355	4709048	4039722	1124330886169105
1183374	1163412	19962	3710	9350224	8823858	1124330897077259
862680	841778	20902	4999	11328944	11080562	1124330909644489
1179696	1160270	19426	3502	9045940	8403564	1124330920257431
418616	386706	31910	163	2040248	965490	1124330923090305
1150782	1119020	31762	2809	7022594	6988304	1124330931638445
466252	445016	21236	1627	5008624	3939746	1124330937493841
1181272	1162182	19090	2610	7245354	6624492	1124330946314831
1180172	1160302	19870	3908	9208922	9216054	1124330957077629
0	0	0	0	0	0	0
1184712	1164240	20472	3458	8464114	8320580	1124330970256085
1182296	1161990	20306	299	2401414	2001244	1124330974239619
1048550	1029098	19452	986	3953734	3240916	1124330979617719
561646	542644	19002	2761	7438738	6307310	1124330987998865
572254	553102	19152	3415	8613578	7621656	1124330997559371
1186926	1167786	19140	1169	4173554	3745944	1124331003302019
0	0	0	0	0	0	0
1031530	890604	140926	2766	7429110	6783328	1124331020280461
0	0	0	0	0	0	0
461286	441466	19820	1750	5036922	4180220	1124331037044129
1202516	1180744	21772	2372	6558328	6167898	1124331045179295
1179600	1160894	18706	1229	4376876	3857434	1124331051110391
666520	644314	22206	4289	10348646	9464552	1124331062501161
1103914	1084224	19690	3973	9760100	9268272	1124331073738509
1045558	1026320	19238	3125	7782802	7514392	1124331082948085
0	0	0	0	0	0	0
8271666	8268338	3328	1045	4086236	10581446	1124331102988041
978562	959508	19054	4853	11349816	10903800	1124331115692809
1179228	1160342	18886	533	3132152	2465462	1124331120385461
1188918	1169942	18976	615	3111782	2639184	1124331125063095
1010512	991716	18796	392	2626738	2013880	1124331129074619
1303924	1271888	32036	1915	6136676	5353748	1124331136890005
829770	808008	21762	3939	9824884	8927310	1124331147919739
1247434	1166624	80810	2399	6695062	6264534	1124331156237355
1178298	1159570	18728	503	2359246	2407348	1124331160150209
1295992	1269328	26664	766	3467918	3047550	1124331165349871
1187932	1166422	21510	256	2387570	1919820	1124331169299791
226458	207620	18838	2662	7403210	5770900	1124331177304219
809290	789492	19798	4682	11271298	10392322	1124331189758949
1191422	1169266	22156	2947	7639630	7309912	1124331198971031
1178670	1159938	18732	3937	9527534	9273596	1124331210052209
752502	732942	19560	1218	4320724	3408502	1124331215499971
229540	210382	19158	367	2473776	1183368	1124331218582975
1182470	1161614	20856	4643	10743258	10688682	1124331230883849
642140	613788	28352	3985	9994616	8832802	1124331241895411
1176618	1152596	24022	1715	5102336	4830098	1124331248549845
792794	774638	18156	948	3904396	2909496	1124331253621971
0	0	0	0	0	0	0
0	0	0	0	0	0	0
262916	239678	23238	1612	4935560	3707224	1124331275767921
1002616	984536	18080	82	2026564	1400500	1124331279177621
0	0	0	0	0	0	0
1203752	1182570	21182	1064	3481498	3551894	1124331288300695
196698	177680	19018	1438	4565874	3293416	1124331293439559
1176714	1157506	19208	4076	10078628	9548856	1124331305075521
1082034	1062252	19782	224	2222592	1750452	1124331308754791
915250	895600	19650	447	3049836	2030160	1124331313093981
1179300	1160848	18452	757	3855740	2917022	1124331318504015
1191910	1172128	19782	4618	10778816	10646734	1124331330850495
723224	703756	19468	436	2441122	1815620	1124331334389801
1310052	1170966	139086	3427	8939564	8384422	1124331345014565
1182310	1162322	19988	270	2266156	1943126	1124331348838771
1182188	1160816	21372	3861	9682042	9124362	1124331360078551
533634	513662	19972	2504	6739352	5762208	1124331367726001
1177326	1156826	20500	748	3315508	2897726	1124331372599619
596800	577930	18870	979	3856878	2775044	1124331377429069
260160	240142	20018	2357	6746286	5198734	1124331384810351
1049944	1030318	19626	43	1763862	1356712	1124331388000145
1195328	1175568	19760	4633	10675056	10682506	1124331400245435
991418	971330	20088	2468	6531286	6147530	1124331408143459
1141806	1122308	19498	1151	4014184	3663474	1124331413673775
1185114	1164848	20266	3447	8809524	8315550	1124331424049009
1185704	1166584	19120	3099	7872856	7603476	1124331433483521
0	0	0	0	0	0	0
330850	311520	19330	4199	10109570	8948014	1124331450092549
333356	314396	18960	1753	5554028	4059806	1124331456354985
627542	604712	22830	3094	8241542	7035454	1124331465599121
1125766	1105636	20130	2978	7665678	7302696	1124331474771305
540424	521360	19064	4698	11378076	10156412	1124331487065871
1178218	1159004	19214	3538	9124142	8474028	1124331497743549
1183840	1163322	20518	1790	5212980	4984452	1124331504521129
1176298	1156864	19434	184	2132992	1764768	1124331508205585
361380	340304	21076	2449	6042980	5478640	1124331514984589
1179376	1160536	18840	4167	10044404	9734180	1124331526584515
1187322	1166764	20558	2790	7246534	6985792	1124331535394361
1179462	1160592	18870	8	2003892	1415952	1124331538952305
1188566	1170464	18102	345	1815118	2098234	1124331542331569
232984	212832	20152	2434	6343896	5321468	1124331549283931
744308	725320	18988	1518	5029666	3999720	1124331555433229
1191952	1171436	20516	3876	9424826	9163590	1124331566430759
1178536	1158612	19924	475	2883630	2349212	1124331570867319
675216	656440	18776	628	3292374	2151590	1124331575211955
368110	294178	73932	3792	9771436	8171814	1124331585726775
1183796	1165490	18306	2114	6157008	5632098	1124331593464409
0	0	0	0	0	0	0
768190	748900	19290	138	2238666	1264782	1124331604274725
0	0	0	0	0	0	0
1179380	1159984	19396	2659	7118194	6717014	1124331624227789
1079790	1060960	18830	1973	5635666	5245158	1124331631318111
1262590	1162466	100124	3768	9155880	9019332	1124331642112815
1150668	1121720	28948	4173	10280120	9717058	1124331653918829
0	0	0	0	0	0	0
552936	534278	18658	157	1666132	1087766	1124331664233025
1178696	1158932	19764	3739	8887420	8880062	1124331674674681
1000246	981052	19194	2993	7945200	7206036	1124331683994185
1233040	1208306	24734	728	3120884	2908946	1124331688722915
358156	339618	18538	183	2242976	944634	1124331691700031
288398	267388	21010	4562	10527808	9632082	1124331702898165
641246	621524	19722	1618	5247940	4096574	1124331709162965
1180180	1158574	21606	970	3887618	3340414	1124331714605869
1199078	1179400	19678	4618	11100898	10655776	1124331727280715
744076	724538	19538	358	2410504	1679576	1124331730809621
1178850	1160630	18220	1157	3398274	3712650	1124331735762359
1183882	1162578	21304	3241	15291638	7885338	1124331753095291
1138238	1118484	19754	4692	11226840	10742176	1124331765835529
632476	611680	20796	411	2629338	1678740	1124331769473725
333978	312912	21066	546	2517132	1665458	1124331772725249
1201596	1182250	19346	3644	8341900	8708956	1124331782642765
1198472	1178658	19814	4623	10727108	10665282	1124331794941571
299800	280688	19112	2433	6782372	5385720	1124331802398841
1017286	997916	19370	3730	9312346	8696886	1124331813104241
1184222	1162994	21228	3606	9183648	8615574	1124331823847109
1177856	1157078	20778	3548	8629606	8494574	1124331834028681
1188930	1167052	21878	901	3476100	3212030	1124331839067645
1292950	1270844	22106	193	2028074	1898730	1124331842763689
0	0	0	0	0	0	0
1179972	1160390	19582	687	3231100	2774822	1124331852232631
1044556	948332	96224	4937	11424988	11138856	1124331865077129
1047772	997098	50674	895	3234754	3058168	1124331869734271
864838	752330	112508	4204	10173538	9495900	1124331881169285
620848	600844	20004	1193	3850986	3227824	1124331886015249
906880	886680	20200	1157	4179400	3441038	1124331891477219
613544	594194	19350	1775	5298442	4383602	1124331897769835
1198396	1177242	21154	3359	8113498	8136770	1124331907464615
1178932	1160444	18488	2438	6424170	6275200	1124331915449111
0	0	0	0	0	0	0
1184334	1164638	19696	3817	9335482	9038764	1124331931346401
1193606	1162588	31018	1772	5445280	4957148	1124331938359571
1058592	1038832	19760	834	3191534	2946946	1124331942984541
1178258	1159502	18756	2446	6835218	6290494	1124331951374145
1199552	1170154	29398	3018	7879588	7455110	1124331960829355
1304840	1285530	19310	1080	3951036	3685558	1124331966460645
1188160	1164662	23498	326	2159162	2060494	1124331970183921
1199382	1175666	23716	2323	7023472	6064610	1124331978781069
0	0	0	0	0	0	0
0	0	0	0	0	0	0
436476	416420	20056	2884	7660830	6425514	1124331996740005
1186510	1165802	20708	2153	6260500	5712268	1124332004562029
1192006	1173172	18834	2873	7705696	7158666	1124332013835441
1188540	1168344	20196	4577	10855584	10564948	1124332026253845
661758	642768	18990	2046	5970758	4974162	1124332033261061
1033704	1014340	19364	3282	8055636	7817792	1124332042724909
303020	281156	21864	2183	5899624	4888860	1124332049302195
1185668	1165276	20392	1024	4027652	3454018	1124332054890779
1186922	1163038	23884	3381	8352748	8169166	1124332064805939
1187558	1167012	20546	2619	7104764	6644640	1124332073472523
976278	956840	19438	2207	6191050	5609750	1124332081023169
0	0	0	0	0	0	0
1183004	1164166	18838	1235	4036192	3873310	1124332095367811
879540	859650	19890	4500	10724830	10099266	1124332107346235
1181926	1162338	19588	2002	5770350	5405432	1124332114674571
1186960	1165006	21954	758	3380544	2922508	1124332119617595
0	0	0	0	0	0	0
197180	178006	19174	4866	11684424	10149168	1124332138341649
1015876	997102	18774	1565	4891462	4364830	1124332144624325
0	0	0	0	0	0	0
1326796	1169608	157188	3802	9444894	9150060	1124332164565079
0	0	0	0	0	0	0
1180918	1159770	21148	1803	5333062	5006840	1124332182543049
1274814	1255914	18900	3098	8021240	7690348	1124332192214859
1180456	1160422	20034	377	2386858	2153946	1124332196156495
1191418	1169464	21954	2894	6806000	7219292	1124332204529389
1056880	1038062	18818	1815	5436212	4906262	1124332211396791
1181562	1159320	22242	697	3178728	2795716	1124332216131451
1200808	1181158	19650	2187	5932200	5794604	1124332223638649
724978	706734	18244	3418	8636912	7784176	1124332233380751
0	0	0	0	0	0	0
0	0	0	0	0	0	0
1188760	1169586	19174	1679	4904420	4767266	1124332257960295
1189322	1164592	24730	3070	7831782	7590950	1124332267356845
475122	453794	21328	785	3292230	2265362	1124332271498581
0	0	0	0	0	0	0
0	0	0	0	0	0	0
1182768	1162878	19890	3379	8777392	8160022	1124332297544031
1178036	1157772	20264	1766	5152794	4930290	1124332304257231
1176312	1157104	19208	3274	8427678	7944680	1124332314235459
1235312	1214738	20574	1153	4056314	3761420	1124332319902401
1187098	1166154	20944	1844	5673154	5094766	1124332327140151
1187690	1167882	19808	4103	9961948	9614616	1124332338664679
1182088	1161976	20112	2491	6282036	6383290	1124332346504975
935032	914516	20516	2528	6768160	6210294	1124332354583871
1177090	1156390	20700	2361	6179966	6117746	1124332362315871
860406	839616	20790	3613	9207476	8305962	1124332372759121
645176	618122	27054	4592	10929346	10048178	1124332384707761
708634	689198	19436	3249	8271880	7425446	1124332394063185
799084	778600	20484	4848	11528056	10713938	1124332406765499
962618	943470	19148	965	3773492	3112574	1124332411877011
998980	979830	19150	2984	7659234	7191242	1124332420911289
902434	872176	30258	3223	8170308	7567948	1124332430358699
1243724	1165296	78428	2530	6760432	6523942	1124332438737905
1186192	1165164	21028	2681	7342338	6767432	1124332447640325
1196722	1163880	32842	1560	4786568	4536162	1124332454004821
638528	612228	26300	3364	8545214	7587388	1124332463562523
197476	178380	19096	3365	8530818	7147114	1124332472677409
472424	451948	20476	3213	8176434	7117540	1124332481702299
1180766	1162428	18338	1309	4438604	4022458	1124332487706585
485184	466022	19162	3605	8712210	7914320	1124332497284939
385330	364016	21314	360	2572830	1326002	1124332500619035
406292	385620	20672	4757	10919864	10141190	1124332512319941
948676	928156	20520	142	1992574	1451512	1124332515636255
1183886	1163172	20714	2001	5414664	5406682	1124332522617461
1135642	1114698	20944	3810	9353938	8975244	1124332533483131
1184584	1164458	20126	1020	4093756	3449782	1124332539142029
212592	178642	33950	3852	9438558	8135552	1124332549167961
960352	940846	19506	56	2015944	1292968	1124332552519665
1189868	1170334	19534	4159	9724676	9727528	1124332563809129
704100	684266	19834	3229	8153068	7386044	1124332573041339
859320	840266	19054	375	2212800	1829884	1124332576488469
1183384	1161610	21774	1427	3925000	4260720	1124332581972469
195646	173166	22480	3318	8723212	7052270	1124332591266669
1254552	1234162	20390	88	1601620	1650966	1124332594497601
1195930	1174096	21834	3309	8005034	8051654	1124332604072865
1176066	1156856	19210	4516	10471704	10432050	1124332616096935
1179498	1160452	19046	4325	10358674	10050026	1124332628010231
1190456	1171512	18944	1821	11248726	5057276	1124332640825111
1179478	1159158	20320	52	1838008	1503710	1124332644218131
1178560	1156270	22290	4542	10317316	10486936	1124332656089115
785850	765486	20364	291	2284744	1588628	1124332659534379
224236	179838	44398	3259	7924160	6962736	1124332668064701
1185198	1165532	19666	4029	9852864	9463390	1124332679479571
1176214	1157080	19134	4554	10562830	10504920	1124332691600489
455016	435222	19794	2045	6172434	4765014	1124332698609221
1182810	1162210	20600	2378	6464090	6159720	1124332706630965
1185012	1163448	21564	3803	9439596	9011556	1124332717631089
1179994	1159530	20464	2660	7135146	6723646	1124332726332041
1179308	1159518	19790	4020	9730586	9439214	1124332737617265
1181224	1158198	23026	3310	8633710	8024720	1124332747815079
1181928	1161358	20570	3669	9300598	8740060	1124332758673721
1269310	1249204	20106	3489	8640734	8467756	1124332768959015
817582	798072	19510	640	2938850	2317046	1124332773091241
191788	173162	18626	1712	5459598	3835206	1124332779117391
1204140	1182842	21298	2758	7215610	6940704	1124332787911671
1292714	1271630	21084	1168	4231492	3848342	1124332793810241
912414	892986	19428	780	3314536	2694414	1124332798411855
635374	617080	18294	278	2204310	1412474	1124332801626819
1098704	1079272	19432	4858	11136374	11033718	1124332814246039
1179664	1159602	20062	2826	7432048	7051598	1124332823232971
450256	429556	20700	2268	6019860	5206604	1124332830079485
1184896	1165664	19232	3785	9561988	8973830	1124332841202065
1190472	1162726	27746	4697	10925618	10804822	1124332853693541
644636	622362	22274	2197	6178290	5262780	1124332860899625
0	0	0	0	0	0	0
0	0	0	0	0	0	0
1205526	1186308	19218	1188	4330228	3802292	1124332888924309
1316230	1163762	152468	1912	5529634	5360910	1124332896144975
652612	624008	28604	698	3258218	2268612	1124332900431295
1192934	1171732	21202	2219	6597650	5851024	1124332908595535
0	0	0	0	0	0	0
356328	334912	21416	2425	6507044	5425492	1124332927312821
315074	288100	26974	2190	5902982	4916152	1124332933905501
501378	482620	18758	308	2526512	1337130	1124332937307775
0	0	0	0	0	0	0
241170	216546	24624	1406	4755266	3273552	1124332950017465
1180616	1160118	20498	1209	4273960	3818224	1124332955846885
1193602	1172404	21198	2610	6569756	6634250	1124332963985797
1195472	1173046	22426	201	2279498	1817402	1124332967835675
1177794	1158562	19232	1784	4709696	4985842	1124332974097951
1187702	1165176	22526	2659	7021118	6725030	1124332982681795
1145176	1125556	19620	2130	6158044	5625426	1124332990359201
1193626	1172288	21338	1284	4543776	3981440	1124332996471611
1187604	1164952	22652	2430	6518980	6268900	1124333004553509
512382	491444	20938	4695	11264884	10122074	1124333016706201
1288110	1161750	126360	4905	11781762	11318438	1124333030151801
690018	670754	19264	2076	6214726	5061280	1124333037431649
1189314	1170006	19308	2692	7067274	6793864	1124333046068909
359302	338706	20596	3880	9451918	8339604	1124333056256801
1181020	1159086	21934	3979	9732134	9359836	1124333067544455
1184796	1165726	19070	4091	9916988	9587416	1124333079030119
1184988	1161294	23694	551	2844130	2506838	1124333083434279
1185254	1165488	19766	1069	4217370	3546466	1124333089220509
1186990	1167992	18998	3150	7898290	7707678	1124333098680165
1276732	1158998	117734	3413	8423250	8323464	1124333108755841
1053100	1034312	18788	1759	5238318	4790984	1124333115422129
1255618	1222152	33466	1770	5516618	5014966	1124333122574625
1310758	1291558	19200	4588	11063062	10706670	1124333135323665
772396	752532	19864	1953	5776698	4898104	1124333142247235
394928	373758	21170	4215	10290278	9044878	1124333153307705
948956	900874	48082	4713	11214952	10593798	1124333165845639
1174670	1156542	18128	2835	7181514	7063796	1124333174577275
1166392	1140156	26236	308	2359946	2003390	1124333178478969
1178362	1159314	19048	4377	11091014	10151802	1124333191122881
455142	433456	21686	2844	7437980	6363422	1124333199391561
0	0	0	0	0	0	0
1183910	1164396	19514	1670	4384520	4743818	1124333208936279
1183082	1163578	19504	4240	10203408	9884626	1124333220697371
608466	589732	18734	4037	9973950	8902512	1124333231654621
1181222	1161444	19778	3400	8792906	8200994	1124333242013319
913532	892406	21126	120	2077744	1373118	1124333245379615
0	0	0	0	0	0	0
1184942	1162782	22160	3402	8506104	8208492	1124333264184851
1192432	1170574	21858	4914	11761292	11240628	1124333277514273
584246	564960	19286	4014	9803774	8831982	1124333288297969
