# Loop @ Start frequency 2400000Hz took 885.90 cycles
# Interval [884 ; 887]
# Q1 : 882 ; Q3 : 884
# Loop @ Target frequency 900000Hz took 2383.28 cycles
# Interval [2373 ; 2394]
# Q1 : 2352 ; Q3 : 2360
# Confidence intervals do not overlap, alternatives are statistically different with selected confidence level
Change time (with write) [cycles]	Change time [cycles]	Write cost [cycles]	Wait time [us]	Time since last frequency change request [cycles]	Time since last frequency change [cycles]	Detected frequency change timestamp [cycles]
758964	733606	25358	3567	256349468	255017170	1124298297708375
351956	330496	21460	4812	11503970	10200078	1124298310071255
1181694	1163380	18314	907	3679766	3215152	1124298315408955
1095392	1075982	19410	3036	7745550	7387522	1124298324728587
0	0	0	0	0	0	0
238504	211312	27192	2463	6833232	5384848	1124298345627533
524522	505614	18908	4156	10097824	9057696	1124298356755493
576190	556908	19282	3982	9777370	8760750	1124298367587063
0	0	0	0	0	0	0
1180204	1160728	19476	3998	9200710	9397104	1124298389986915
1181160	1160290	20870	3427	8707542	8255704	1124298400363773
1191908	1170596	21312	2191	5845596	5794020	1124298407878485
0	0	0	0	0	0	0
0	0	0	0	0	0	0
0	0	0	0	0	0	0
0	0	0	0	0	0	0
403400	382806	20594	2535	7131606	5694586	1124298459763475
935430	916578	18852	27	1936040	1212646	1124298463135565
1189070	1160760	28310	2511	6431752	6430362	1124298471233187
237600	173226	64374	4626	10877546	9709938	1124298482825583
969394	950664	18730	4697	10876352	10584530	1124298495149303
0	0	0	0	0	0	0
1202346	1183610	18736	1572	4935286	4566696	1124298515178117
0	0	0	0	0	0	0
680698	659598	21100	3556	9117486	8011864	1124298529100357
516818	497734	19084	4871	11696132	10478354	1124298541790355
980062	960438	19624	3275	8390046	7753668	1124298551647503
1181266	1162476	18790	1540	4715684	4481730	1124298558040685
0	0	0	0	0	0	0
776264	757530	18734	1572	4880524	4141202	1124298573743583
1238220	1216548	21672	1286	4305618	4030790	1124298579773479
1166520	1147370	19150	4158	9898710	9701736	1124298591323675
945840	926734	19106	156	1940758	1478704	1124298594686973
259752	240046	19706	590	2144460	1664704	1124298597568875
990158	969946	20212	1788	4799864	4786558	1124298603835227
1412746	1158318	254428	4822	11505632	11279878	1124298617251725
1219966	1201246	18720	271	2505382	1982230	1124298621452903
1227664	1164130	63534	2722	7443664	6891584	1124298630600533
1185492	1163742	21750	3041	7769308	7487052	1124298640032253
1172322	1153308	19014	1519	4405104	4429906	1124298646099081
511390	490790	20600	1506	4866806	3742996	1124298651956117
455496	435070	20426	4306	10382476	9294546	1124298663282115
217368	196778	20590	3273	8182494	6982178	1124298672157943
248800	228078	20722	1904	5568754	4276402	1124298678451315
1334328	1168832	165496	2294	6174840	6143320	1124298686436805
1180686	1160408	20278	1597	5106172	4594772	1124298693201085
1128436	1108766	19670	2113	5424884	5574534	1124298700228805
1192016	1173210	18806	412	2824588	2235676	1124298704720325
1181476	1162480	18996	138	2266608	1677436	1124298708647765
1195490	1173888	21602	3347	7751350	8114192	1124298718071703
1181422	1162342	19080	16	1410936	1432710	1124298721141595
954122	934832	19290	1746	4542570	4666478	1124298727114253
275080	254518	20562	4935	11747130	10364130	1124298739613143
1318474	1167888	150586	3464	8919828	8470162	1124298750336427
0	0	0	0	0	0	0
1177712	1158410	19302	2732	6883386	6861284	1124298769903561
1186638	1167464	19174	1498	4422672	4402582	1124298776012373
818952	799116	19836	4146	9712768	9331466	1124298787042601
1176766	1157900	18866	1096	3830496	3588908	1124298792526387
1313278	1164858	148420	1260	4126642	4052794	1124298798442863
0	0	0	0	0	0	0
1108648	1089646	19002	2011	5977856	5350694	1124298816512117
0	0	0	0	0	0	0
1181744	1158302	23442	2268	5962336	5937066	1124298827567135
1177930	1158846	19084	4094	10067162	9585262	1124298839289187
286862	262056	24806	745	3177628	1996818	1124298843228125
1190076	1170746	19330	2672	7512876	6753206	1124298852407245
1177546	1158042	19504	3355	8407432	8108266	1124298862470645
1157798	1132464	25334	1239	4376174	3856410	1124298868480853
0	0	0	0	0	0	0
1190482	1165132	25350	3278	8060008	7966108	1124298889765405
1186910	1161300	25610	2673	6983816	6752190	1124298898433761
1185020	1166106	18914	2143	5849926	5691366	1124298905943801
0	0	0	0	0	0	0
1181684	1162594	19090	1406	4251124	4212960	1124298917674383
1197254	1176424	20830	797	2998350	3010448	1124298922357907
999488	979796	19692	643	2882590	2506242	1124298926718115
1185044	1162296	22748	3558	8819462	8520570	1124298937197601
1182352	1163380	18972	4047	9927510	9495450	1124298948782787
1181338	1161706	19632	882	3466932	3165416	1124298953907733
1186358	1166152	20206	2473	6837702	6352734	1124298962416747
1187938	1165664	22274	1585	4855360	4578662	1124298968936223
434448	414172	20276	2540	6823364	5734930	1124298976670707
1329134	1309248	19886	4264	10017346	10077562	1124298988493317
1184022	1162524	21498	2738	7179842	6879586	1124298997334117
1180674	1161652	19022	2733	7380318	6867310	1124299006370695
1194870	1174498	20372	4271	10412130	9956294	1124299018450783
929386	908614	20772	2902	7475366	6953738	1124299027331227
0	0	0	0	0	0	0
1189450	1166628	22822	3111	7651246	7631208	1124299047425133
1179694	1161308	18386	266	2165026	1931286	1124299051245383
0	0	0	0	0	0	0
665448	646074	19374	157	2155272	1199212	1124299066729013
772776	753896	18880	226	1858642	1445106	1124299069836325
1297642	1156316	141326	1531	4683478	4580784	1124299076317121
913528	882212	31316	3004	7854430	7141322	1124299085562933
1193416	1173246	20170	3731	8677212	8874496	1124299095910743
1183428	1163416	20012	4131	9970012	9670524	1124299107560663
424142	403130	21012	3481	8572730	7605770	1124299117035347
0	0	0	0	0	0	0
1184572	1163396	21176	4252	10150058	9909502	1124299133331627
1178476	1158558	19918	3693	9017832	8784156	1124299144005455
885636	867038	18598	3638	8817320	8382460	1124299154194539
1182238	1159492	22746	2737	6712392	6875496	1124299162567053
1187008	1167466	19542	1854	5574120	5115086	1124299169805795
1173690	1153862	19828	262	2285194	1922988	1124299173754459
1179782	1161430	18352	2312	6899088	6024822	1124299182320475
0	0	0	0	0	0	0
1073376	1054798	18578	3593	9281966	8480292	1124299196735965
887388	867582	19806	99	2137922	1304986	1124299200237955
1191826	1172172	19654	4288	9996066	9992120	1124299211904307
1192600	1168666	23934	4109	9813318	9630560	1124299223398995
850436	832318	18118	2408	6650964	5886524	1124299231374765
412288	392098	20190	3027	7672930	6686506	1124299239938533
238088	218242	19846	4985	11632020	10431972	1124299252316263
354250	334846	19404	678	2555390	1930124	1124299255702383
883034	864314	18720	2117	6132006	5341118	1124299263205115
1270008	1250462	19546	2293	6519632	6076200	1124299271470023
1325744	1169348	156396	1789	4898878	5124454	1124299278171703
967940	948476	19464	914	3561570	3014550	1124299283177865
930376	773090	157286	4153	10019024	9456588	1124299294604223
1303724	1157536	146188	1515	4344784	4553684	1124299300729483
1177644	1158102	19542	1040	3484982	3477716	1124299305869383
1178932	1160850	18082	4496	10635472	10390120	1124299318166605
1185066	1163586	21480	3415	8795014	8234740	1124299328622655
1182616	1163008	19608	4104	9653966	9611728	1124299339936103
1196904	1171258	25646	3390	8515514	8200514	1124299350148303
1222678	1159264	63414	3186	7779464	7814084	1124299359626005
297784	272854	24930	4864	11141246	10245972	1124299371553013
1182498	1163198	19300	3823	9295258	9049536	1124299382507663
0	0	0	0	0	0	0
252636	232548	20088	155	2138444	782572	1124299396101681
0	0	0	0	0	0	0
477132	458184	18948	4861	11419408	10419950	1124299419386015
0	0	0	0	0	0	0
0	0	0	0	0	0	0
1186064	1165790	20274	1900	5029508	5225330	1124299438622823
1191678	1170226	21452	4545	10679034	10502964	1124299450970347
564354	544246	20108	3369	8376258	7522636	1124299460388915
277478	257978	19500	2297	5989790	5095750	1124299467131983
646134	621062	25072	4406	10713426	9677522	1124299478968455
1172162	1151842	20320	787	6036818	2965268	1124299486654535
1180634	1160506	20128	3521	8691522	8443216	1124299497002943
1009942	990810	19132	2005	5582312	5241056	1124299504072161
1193524	1172812	20712	1318	4184648	4053786	1124299509927693
1136302	1117258	19044	4294	10484458	9943394	1124299522036423
0	0	0	0	0	0	0
624676	604596	20080	1278	4284894	3400826	1124299532026685
1180900	1162146	18754	2680	7079620	6765204	1124299540774855
1184578	1165532	19046	1094	3771692	3592350	1124299546208493
1189838	1168338	21500	3047	7725660	7503596	1124299555601693
0	0	0	0	0	0	0
1178940	1160058	18882	1420	3848518	4257860	1124299564786743
1187598	1167296	20302	1616	5135150	4640018	1124299571587343
1179784	1158804	20980	4621	11030510	10640918	1124299584289415
1188880	1165288	23592	1886	5114840	5183934	1124299591070453
1182734	1162700	20034	4189	9529692	9781054	1124299602260223
1184312	1162280	22032	4642	11137400	10688354	1124299615057717
0	0	0	0	0	0	0
1179022	1159964	19058	4100	9563658	9599214	1124299633756303
0	0	0	0	0	0	0
938818	918244	20574	1704	4580658	4566818	1124299650773957
1070842	1049804	21038	4153	10068424	9596912	1124299662389881
1182178	1162296	19882	3768	9447658	8937614	1124299673495115
1227164	1187152	40012	2718	6932698	6882676	1124299682132045
3584002	3581544	2458	3756	9040060	11320810	1124299695230827
639458	618906	20552	1692	5333284	4244292	1124299701680187
286386	267266	19120	4481	10663166	9468104	1124299713117055
291546	272044	19502	1863	5490862	4236968	1124299719376133
735646	714412	21234	2575	6545624	6105504	1124299727136173
1182272	1162136	20136	1574	4943338	4549772	1124299733738743
1445906	1191952	253954	4855	11078446	11374738	1124299746748307
0	0	0	0	0	0	0
0	0	0	0	0	0	0
576600	557740	18860	3488	8483584	7773228	1124299772116837
1182758	1163250	19508	2537	6455042	6477032	1124299780230903
638396	616998	21398	3773	9395590	8404066	1124299790742481
1181286	1161860	19426	320	2335138	2042412	1124299794737317
1199554	1176874	22680	1013	3939196	3446142	1124299800351533
1181628	1158960	22668	613	2862394	2627160	1124299804871605
1182130	1162442	19688	4795	11331452	10993342	1124299817862005
546564	527578	18986	1000	3538258	2765740	1124299822442383
1180616	1161358	19258	2181	6197744	5762460	1124299830296355
1188394	1167170	21224	4979	11819176	11365518	1124299843782063
533826	514786	19040	1799	5603818	4352484	1124299850403413
706864	687882	18982	1483	4956706	3892456	1124299856544423
1177650	1157902	19748	1306	4242888	4009598	1124299862441183
1186336	1167518	18818	1083	3661722	3573318	1124299867765823
0	0	0	0	0	0	0
1258670	1178540	80130	847	3602188	3173900	1124299880862063
995762	975522	20240	3437	8858386	8089208	1124299891193095
1181666	1162082	19584	2324	6568480	6049304	1124299899418893
750936	731540	19396	2335	6256668	5641196	1124299906904125
0	0	0	0	0	0	0
1208608	1187718	20890	4546	10748422	10520998	1124299931273627
1182318	1162204	20114	3083	8095024	7568034	1124299941027263
719788	699872	19916	4348	10317248	9636548	1124299952540641
834534	814152	20382	1639	4902146	4332988	1124299958753303
620708	601220	19488	4708	11038110	10256064	1124299970887383
1187172	1163116	24056	3991	9262934	9388650	1124299981813787
0	0	0	0	0	0	0
726642	704476	22166	130	7068638	1206364	1124299994875143
1200222	1180672	19550	3547	8504876	8514040	1124300005056641
224074	203604	20470	2350	6150322	5143430	1124300011908423
1178270	1157820	20450	3611	8854836	8620776	1124300022428587
1184378	1162344	22034	3071	7918770	7547154	1124300032008623
1122136	1102904	19232	3121	8098518	7583694	1124300041716307
981892	960794	21098	3537	8700268	8275334	1124300051881965
1179218	1159538	19680	1541	4758978	4481192	1124300058305263
712620	692960	19660	4851	11550110	10635026	1124300071044543
1196670	1162748	33922	3520	8727110	8456106	1124300081444555
1181034	1160598	20436	3752	9357344	8904888	1124300092456801
1183786	1164434	19352	1926	5500020	5256262	1124300099617521
1189596	1170302	19294	4751	11051024	10911390	1124300112359215
1193518	1171556	21962	2108	5843878	5629818	1124300119875077
1179984	1160620	19364	3409	8304716	8218482	1124300129843455
1285714	1163904	121810	1582	4939718	4672436	1124300136565165
1181662	1162340	19322	1307	4260062	4016948	1124300142483067
0	0	0	0	0	0	0
0	0	0	0	0	0	0
1188794	1168438	20356	367	2286908	2143774	1124300161966037
774642	755642	19000	4526	11207326	10046596	1124300174433783
1181054	1161344	19710	1010	3659018	3421912	1124300179750187
1186036	1165486	20550	3218	8138906	7842204	1124300189573063
0	0	0	0	0	0	0
1074672	1055920	18752	3592	8591334	8479326	1124300212031521
1187262	1168538	18724	4429	10515950	10269698	1124300224222027
0	0	0	0	0	0	0
1177392	1158354	19038	3697	9051580	8791684	1124300242974035
1128264	1109278	18986	765	3204638	2878604	1124300247782863
572926	552732	20194	3037	7923448	6870484	1124300256765455
935394	916586	18808	1186	4349768	3527912	1124300262527895
1183740	1161088	22652	2722	7385992	6847950	1124300271574155
0	0	0	0	0	0	0
1179208	1157600	21608	2562	6500772	6522730	1124300288199515
755420	735672	19748	3618	9006688	8210930	1124300298437615
220816	202172	18644	410	2625402	1260188	1124300301761013
0	0	0	0	0	0	0
0	0	0	0	0	0	0
0	0	0	0	0	0	0
1183760	1164416	19344	3808	8894484	9018746	1124300342467645
1119332	1099878	19454	616	2983308	2570738	1124300347047183
1181372	1162172	19200	730	3164632	2860970	1124300351869187
1185954	1164734	21220	4975	11764272	11359030	1124300365307667
0	0	0	0	0	0	0
391832	370390	21442	3263	8159260	7148718	1124300383687373
0	0	0	0	0	0	0
1220044	1199840	20204	2970	7776584	7379708	1124300404133441
1181902	1160768	21134	1899	5500960	5200530	1124300411291245
1177946	1158272	19674	4467	10513930	10331252	1124300423459281
1239978	1161154	78824	4256	10280840	9972606	1124300435457143
1197194	1162326	34868	1769	5239810	4954370	1124300442370321
657306	638154	19152	4276	10279242	9429278	1124300453782343
769474	749930	19544	301	2394538	1595840	1124300457430475
475578	456554	19024	3424	7824754	7542722	1124300466206507
1124406	1104926	19480	2861	7447454	7065236	1124300475253255
0	0	0	0	0	0	0
1114328	1093730	20598	4151	9995254	9636206	1124300498189023
1180092	1160508	19584	2256	5993828	5916436	1124300505840721
565608	546560	19048	4034	9609912	8854200	1124300516504161
302652	279794	22858	4903	11551348	10328220	1124300528835107
349808	331066	18742	1688	5124484	3945796	1124300534786235
1328610	1308364	20246	2109	5856760	5767346	1124300542446983
1289598	1161852	127746	1608	4577442	4725290	1124300548789943
1177178	1158182	18996	962	3621168	3321300	1124300554065453
1180790	1160132	20658	3338	8334948	8082588	1124300564057013
974084	954630	19454	735	2643370	2665114	1124300568152255
1178206	1158948	19258	1482	4973156	4363502	1124300574780335
1185734	1165780	19954	3071	8000388	7548314	1124300584443797
1177296	1158102	19194	4014	9331936	9429576	1124300595431237
1182012	1160910	21102	1443	4625080	4287994	1124300601715933
1182504	1160414	22090	1781	5191314	4965436	1124300608580355
1119164	1100030	19134	2561	6473418	6461486	1124300616648943
779932	760422	19510	2849	7621698	6696790	1124300625527667
1188502	1168616	19886	1244	4201916	3897552	1124300631394165
1179094	1160020	19074	2967	7218544	7333384	1124300640268703
1154894	1130794	24100	1604	4682826	4587990	1124300646584463
0	0	0	0	0	0	0
1178564	1159070	19494	1695	4337854	4787930	1124300656104081
1189132	1169280	19852	4374	10511704	10156712	1124300668280561
0	0	0	0	0	0	0
1182472	1162078	20394	2513	6429476	6428892	1124300686095761
914958	894556	20402	2483	6592810	6105844	1124300694080133
1179400	1160148	19252	4695	11220860	10788776	1124300706958515
782518	762318	20200	2080	5494980	5162556	1124300713713573
1189918	1170144	19774	4985	11915272	11384374	1124300727316893
424654	404382	20272	4703	10612216	10049656	1124300738831515
1190220	1169422	20798	3532	8695430	8475278	1124300749195011
1114658	1095656	19002	2604	7103742	6542738	1124300757889361
986828	967124	19704	4218	10290576	9647218	1124300769655467
1239154	1161506	77648	596	2887424	2651292	1124300774277743
1014478	993958	20520	4133	9810352	9501616	1124300785577027
1179026	1158896	20130	4664	11092442	10726336	1124300798337423
1189574	1168086	21488	3903	9721074	9214848	1124300809725933
7603886	7601188	2698	1905	5417402	11633466	1124300823232155
1189358	1167570	21788	3540	8753108	8488864	1124300833649533
1219244	1163750	55494	4592	10766544	10624044	1124300846133303
1102512	969364	133148	4918	11378896	11163184	1124300859092493
1183454	1164434	19020	1158	3562444	3718676	1124300864313375
1156122	1131716	24406	856	3492684	3087832	1124300869440001
402986	378300	24686	3235	8107082	7092080	1124300878426815
1215472	1196096	19376	553	2857666	2540854	1124300882977255
427306	405076	22230	3179	8071902	7004310	1124300891953005
1191688	1163932	27756	4849	11489082	11113178	1124300905121317
893276	874024	19252	4083	10058168	9278764	1124300916548805
256108	233594	22514	4279	10209252	9033630	1124300927491533
1183668	1163834	19834	3894	9547838	9191660	1124300938699027
853348	834262	19086	1731	5018502	4535866	1124300945046663
1179910	1160506	19404	2542	6913004	6482944	1124300953615155
1178856	1158296	20560	1197	3783076	3793966	1124300959076035
1188292	1162986	25306	4572	10781740	10551838	1124300971521387
1181014	1160620	20394	4725	11042604	10850250	1124300984222013
1181498	1160340	21158	1616	4835916	4632658	1124300990716455
1185724	1166952	18772	2907	7484546	7219228	1124300999864605
0	0	0	0	0	0	0
616404	597178	19226	251	2218240	1337518	1124301009701187
1183020	1161468	21552	4439	10287900	10280812	1124301021669721
1177176	1157438	19738	4084	9465962	9564446	1124301032809841
523322	504914	18408	3836	9427548	8415172	1124301043237883
202020	179508	22512	1843	5362030	4107458	1124301049278543
1070002	1051268	18734	2724	7220964	6738386	1124301058046441
1184428	1163278	21150	2228	6399378	5859750	1124301066106801
1185762	1162868	22894	4334	10295480	10077108	1124301078064055
1193492	1172874	20618	220	1911340	1852896	1124301081645725
1178304	1157792	20512	2469	6970666	6339678	1124301090290503
1194634	1174688	19946	4381	10106422	10179388	1124301102066773
851992	830528	21464	3324	8483462	7718892	1124301111878037
0	0	0	0	0	0	0
1180778	1161076	19702	2389	6548196	6179336	1124301126316707
1185396	1164498	20898	1254	3822644	3917604	1124301131803285
1182468	1161850	20618	1146	4212120	3697794	1124301137684303
1247938	1228440	19498	1524	4527644	4516996	1124301143947743
0	0	0	0	0	0	0
0	0	0	0	0	0	0
1311382	1164970	146412	1387	4438978	4310098	1124301164229027
1197322	1177024	20298	1916	5513884	5249452	1124301171414923
272818	250768	22050	778	3630662	2048246	1124301175794343
1043304	1023542	19762	3625	9442308	8512314	1124301186778733
858390	839632	18758	1366	4657904	3810800	1124301192771801
734066	715008	19058	4116	9945488	9185312	1124301203929395
1178398	1158000	20398	3541	9086370	8479166	1124301214691623
617368	596644	20724	2343	6274924	5523404	1124301222060573
0	0	0	0	0	0	0
0	0	0	0	0	0	0
947828	928006	19822	577	3114394	2322274	1124301239002917
828488	808218	20270	4330	10710690	9709250	1124301251019481
1231486	1161086	70400	1997	5883532	5446004	1124301258612405
366744	347874	18870	751	3215682	2088854	1124301262671613
1236734	1217960	18774	304	2744044	2064404	1124301267129605
1179084	1157848	21236	1683	5618348	4765228	1124301274403877
1178398	1159596	18802	24	1623762	1445634	1124301277683147
827904	807444	20460	4052	9069794	9152104	1124301288068623
864898	844638	20260	1074	4012686	3233684	1124301293421557
583054	563466	19588	192	2321094	1187154	1124301296803703
1214750	1160122	54628	1046	3502144	3527266	1124301301997335
0	0	0	0	0	0	0
0	0	0	0	0	0	0
1226572	1208716	17856	503	2886694	2451866	1124301319175053
1189902	1168262	21640	3001	7784708	7411486	1124301328626303
1181584	1162376	19208	4432	10602732	10264722	1124301340887863
1180960	1161822	19138	3206	8319178	7812724	1124301350865179
1183832	1158872	24960	901	3232794	3206154	1124301355758023
1182478	1161200	21278	4711	11219334	10827412	1124301368656595
1183026	1163928	19098	1660	5104196	4722722	1124301375421075
232484	202150	30334	689	2864956	1830234	1124301378996503
1189048	1167050	21998	3718	9476048	8845552	1124301390136959
1181602	1159288	22314	4450	10182820	10302398	1124301401977467
878646	859444	19202	3635	8701296	8369346	1124301412054405
0	0	0	0	0	0	0
1187898	1167356	20542	4807	11557146	11021618	1124301429883507
273222	251098	22124	4644	11115002	9784362	1124301441758771
0	0	0	0	0	0	0
0	0	0	0	0	0	0
0	0	0	0	0	0	0
368582	349140	19442	3388	8437842	7368410	1124301471393877
790066	771000	19066	2588	7027764	6186152	1124301479689325
1200370	1177938	22432	4440	10649132	10300856	1124301492029503
671652	636636	35016	2426	6528834	5746922	1124301499728721
304920	263074	41846	1390	4570878	3305816	1124301505089995
288398	269548	18850	517	2681376	1542900	1124301508583427
0	0	0	0	0	0	0
1325102	1162688	162414	3997	9625626	9539088	1124301530337955
0	0	0	0	0	0	0
1180554	1159506	21048	4807	11239882	11015678	1124301548687281
1190698	1170196	20502	2226	5988932	5863468	1124301556343373
1180036	1159414	20622	2777	7392644	6954640	1124301565392623
1203374	1180942	22432	1518	4391134	4460106	1124301571463943
1182944	1160434	22510	4911	11214646	11225254	1124301584339373
948110	929890	18220	1246	4152694	3659964	1124301589918525
791652	773338	18314	3597	8861360	8209664	1124301600057973
1184886	1165074	19812	3397	8519364	8198528	1124301610239143
999512	978670	20842	1898	5248776	5017564	1124301616963703
1192316	1172550	19766	3990	9395986	9392218	1124301628028445
1186890	1164918	21972	1573	4638656	4552222	1124301634340961
1048584	1028896	19688	2998	7691794	7265086	1124301643558561
1201580	1182414	19166	4025	9705820	9470876	1124301654951503
1188462	1167592	20870	903	3531824	3214486	1124301660150361
371100	351198	19902	4058	10009668	8708776	1124301671008861
1213432	1168576	44856	2849	6994974	7130632	1124301679693161
589066	567378	21688	2038	6022480	4889164	1124301686804719
1218996	1164068	54928	2576	6978284	6590348	1124301695480605
1178846	1159360	19486	1794	5297666	4986806	1124301702434415
964290	944952	19338	3309	7991568	7802046	1124301711867735
1186528	1164654	21874	1021	3835632	3452546	1124301717387943
472246	453154	19092	2521	6673244	5733666	1124301725009615
739220	719784	19436	256	2267500	1471594	1124301728492543
0	0	0	0	0	0	0
1179772	1157572	22200	3051	7513496	7517426	1124301743337041
1181520	1159682	21838	82	1930000	1564524	1124301746924721
1235016	1169060	65956	3606	8474914	8686832	1124301757112175
1177970	1159044	18926	1823	10031976	5044244	1124301768799027
1253154	1232638	20516	2797	7262432	7066754	1124301777792147
394462	370804	23658	2847	7369658	6308828	1124301786055373
626244	606194	20050	4533	10773286	9916914	1124301797935077
984710	965400	19310	2314	6378406	5837128	1124301805795463
704332	685570	18762	1416	4892090	3757408	1124301811879063
239706	213398	26308	4815	11296432	10093238	1124301823910335
202366	175430	26936	1925	5481986	4276972	1124301830094935
1215860	1159804	56056	804	3264260	3049564	1124301835052405
1207236	1157876	49360	3314	8402586	8054832	1124301845139717
683904	585248	98656	3590	8764348	8083362	1124301855064275
1181324	1161258	20066	4213	9606090	9826640	1124301866329637
1180068	1161028	19040	4843	11484216	11085512	1124301879470267
0	0	0	0	0	0	0
1355470	1251512	103958	466	2815976	2506800	1124301891561601
788380	664596	123784	165	2176504	1338210	1124301895014441
1145936	1119726	26210	3640	8702806	8646974	1124301905339943
1200204	1178606	21598	929	3479094	3278278	1124301910498215
1175566	1154268	21298	4618	10957300	10631862	1124301923109427
0	0	0	0	0	0	0
1198244	1167180	31064	169	2186654	1756178	1124301937354053
1185592	1166206	19386	887	3871840	3179280	1124301942887335
1179688	1160626	19062	3960	9454094	9320568	1124301953997347
353748	333550	20198	1222	4282794	3016722	1124301959121343
0	0	0	0	0	0	0
1185592	1166338	19254	2861	7152364	7148472	1124301971425121
1179514	1159520	19994	1736	5113444	4871844	1124301978194995
1261678	1163176	98502	747	2989620	2979214	1124301982923103
1200252	1181122	19130	4831	10910744	11082984	1124301995511583
1023666	1004396	19270	3066	7617734	7374664	1124302004630915
1287862	1157232	130630	3173	8136764	7854092	1124302014531041
1098786	1079118	19668	840	3419334	2999216	1124302019551961
0	0	0	0	0	0	0
1181878	1163014	18864	639	2982614	2683114	1124302034502933
1227690	1208304	19386	4969	11528900	11385692	1124302047736653
0	0	0	0	0	0	0
0	0	0	0	0	0	0
0	0	0	0	0	0	0
1182476	1163362	19114	3675	9130124	8751672	1124302083847125
659804	638302	21502	2683	7009370	6246378	1124302092002415
286266	266662	19604	2129	5583698	4763130	1124302098370827
1185920	1162978	22942	1178	4044044	3761082	1124302104078445
1177320	1157982	19338	4357	10513470	10111746	1124302116245715
1181440	1162604	18836	2768	6749680	6937752	1124302124653783
1179788	1160738	19050	1728	5310692	4855316	1124302131620081
557200	538346	18854	1345	4168348	3467844	1124302136831455
456110	435786	20324	2397	6505432	5469742	1124302144270315
1190062	1171120	18942	4420	10155080	10253486	1124302156092147
1189256	1166686	22570	4668	10807794	10749932	1124302168565295
1181434	1159468	21966	2509	6782494	6419006	1124302177003373
509850	490804	19046	2084	5738260	4897350	1124302183727733
1186564	1167788	18776	1008	3609396	3423260	1124302189010423
1181874	1160694	21180	989	3651486	3379574	1124302194319693
730194	712008	18186	2209	5739040	5372056	1124302201265955
0	0	0	0	0	0	0
1179542	1159998	19544	529	3050116	2457294	1124302213705223
689424	669710	19714	1889	5684976	4691258	1124302220565063
367842	349166	18676	480	2647508	1547914	1124302224057435
886342	866640	19702	1836	4656718	4777396	1124302230075915
1180332	1161002	19330	3609	9152272	8618390	1124302240883805
1177456	1158976	18480	3931	9320522	9259312	1124302251858863
0	0	0	0	0	0	0
829164	809518	19646	83	1904562	1215492	1124302260694481
1181222	1159928	21294	1970	5367226	5340520	1124302267720493
1179908	1160492	19416	897	3240252	3193694	1124302272627133
1177320	1158260	19060	3170	7819348	7738498	1124302282100481
921386	899926	21460	4614	10741802	10373780	1124302294240441
0	0	0	0	0	0	0
3351826	3348892	2934	1936	5600166	7443232	1124302315238765
1181456	1161690	19766	3810	9351202	9020960	1124302326248281
0	0	0	0	0	0	0
1183670	1164732	18938	2703	7109680	6810774	1124302347536333
566010	547808	18202	571	2695176	1928042	1124302351274627
500834	480448	20386	2121	6581236	4966340	1124302358833413
241570	222850	18720	204	2275398	870556	1124302361828115
0	0	0	0	0	0	0
466354	444850	21504	4899	11841028	10484708	1124302379000783
1187018	1167174	19844	1951	5780942	5309726	1124302386445361
1183918	1164946	18972	1533	4464872	4469798	1124302392570213
861130	842816	18314	875	3144286	2831908	1124302397051383
711958	674868	37090	1820	5467776	4571658	1124302403708197
959036	938066	20970	1624	4600858	4425978	1124302409767215
372204	352542	19662	4226	9626792	9043482	1124302420252303
1177758	1158498	19260	2530	6917948	6458282	1124302428823787
1177878	1158994	18884	287	2001122	1971838	1124302432477907
614018	593758	20260	2017	5973462	4868264	1124302439541975
0	0	0	0	0	0	0
447138	425928	21210	3099	8120010	6864414	1124302461274943
1190066	1170992	19074	3072	7776730	7555512	1124302470717761
0	0	0	0	0	0	0
1192586	1166420	26166	2320	6584802	6052450	1124302490538161
204652	180876	23776	3691	8858548	7808020	1124302500078161
1191442	1169142	22300	3515	8812020	8442056	1124302510558845
0	0	0	0	0	0	0
358208	337766	20442	4036	9711308	8650212	1124302527771477
880816	859648	21168	3330	8392432	7761450	1124302537534035
0	0	0	0	0	0	0
1152640	1120994	31646	4512	10783172	10397328	1124302559203715
1179808	1160578	19230	4272	10305022	9943730	1124302571164787
515856	496266	19590	2431	6579416	5597854	1124302578734765
620418	601148	19270	1271	4441860	3382660	1124302584273293
0	0	0	0	0	0	0
0	0	0	0	0	0	0
1179734	1160996	18738	2272	6294328	5944222	1124302601984463
1183008	1162358	20650	1381	4337722	4168358	1124302607987663
245588	217480	28108	2583	6916176	5636482	1124302615646201
1178206	1159228	18978	4192	10346196	9786466	1124302627668735
1177796	1157552	20244	4268	10300672	9933812	1124302639646253
232676	211770	20906	2526	6384584	5504400	1124302646761035
1181174	1159974	21200	4175	10045608	9750432	1124302658463503
1208682	1168964	39718	1343	4253220	4114094	1124302664402925
2935144	2932858	2286	2034	5395268	7227192	1124302673211315
0	0	0	0	0	0	0
1177370	1158258	19112	3835	9594176	9067928	1124302689129427
1190442	1166768	23674	1528	4813420	4467030	1124302695608475
1022624	1002530	20094	3525	8900180	8293914	1124302706020565
1142396	1117016	25380	2292	6216706	5950472	1124302713866245
412354	392742	19612	421	2474338	1475156	1124302717240195
1187916	1167012	20904	1282	3972182	3972132	1124302722877721
1183580	1165376	18204	1609	4554036	4623342	1124302729091333
632860	613802	19058	4497	10319106	9845526	1124302740518521
1186356	1166112	20244	1542	4523478	4490234	1124302746703995
1187706	1165988	21718	1225	4337934	3857158	1124302752705295
418484	399588	18896	3580	8449614	7799332	1124302762050001
0	0	0	0	0	0	0
996102	977986	18116	2230	5450458	5677016	1124302772705503
516766	497084	19682	2381	6601244	5498436	1124302780300125
1105154	1086412	18742	2057	5742094	5439922	1124302787624463
1184368	1164904	19464	3524	8713472	8452942	1124302798021641
483008	461874	21134	2149	5891294	5003126	1124302804894183
1339420	1170766	168654	4944	11730482	11447738	1124302818440515
513720	494450	19270	3449	8585852	7632196	1124302828016735
1206432	1186276	20156	4539	10702572	10507850	1124302840423365
878166	857778	20388	192	2010308	1483236	1124302843789035
1185312	1165602	19710	2481	6371516	6367688	1124302851834131
1180360	1160644	19716	4389	10578372	10182714	1124302864083115
1114984	1094044	20940	2949	7489856	7249058	1124302873163903
1186138	1163764	22374	3720	9333472	8845596	1124302884160743
1185594	1158722	26872	4840	11378036	11085376	1124302897200075
1278106	1259334	18772	701	3082506	2899386	1124302902038573
607546	586838	20708	4793	10972196	10412180	1124302914095915
1118272	1094814	23458	2731	7092328	6804844	1124302922782587
1194700	1162012	32688	3654	8937326	8723522	1124302933390933
0	0	0	0	0	0	0
1184384	1163828	20556	3618	8893020	8641098	1124302953214445
1184102	1163716	20386	937	3762472	3279112	1124302958638147
979908	960698	19210	2350	6490856	5900586	1124302966585867
1197144	1175204	21940	523	7221376	2462552	1124302975481023
858152	839346	18806	45	1887114	1167132	1124302978704001
443982	423854	20128	445	2415356	1554240	1124302982037841
293394	271802	21592	445	2815986	1403530	1124302985625175
1201932	1181248	20684	4271	9956998	9962994	1124302997285655
914166	894724	19442	4308	10479364	9749758	1124303009155783
1190162	1168264	21898	4659	10944656	10728806	1124303021767663
1181330	1162120	19210	598	2995802	2602116	1124303026430813
1192900	1165228	27672	2719	7112754	6851410	1124303035212357
1178090	1157484	20606	2527	6612896	6451204	1124303043481467
0	0	0	0	0	0	0
1185946	1164548	21398	1682	5029174	4769918	1124303058287183
1182162	1163254	18908	1631	4762628	4663846	1124303064709395
1185608	1164632	20976	128	1951690	1662336	1124303068322801
1178722	1159418	19304	4569	10427784	10540000	1124303080405841
1183552	1164902	18650	126	1544398	1660508	1124303083610635
1180724	1160594	20130	87	1282592	1575462	1124303086573783
0	0	0	0	0	0	0
1184748	1161744	23004	3739	8768372	8883066	1124303107197623
1175832	1157668	18164	3153	7928576	7702074	1124303116778653
1188174	1168500	19674	318	2486346	2045112	1124303120930983
0	0	0	0	0	0	0
261702	241928	19774	3238	8172930	6957048	1124303137274357
0	0	0	0	0	0	0
1201894	1182700	19194	3157	7739580	7755762	1124303150374435
784300	763302	20998	3223	8235938	7451298	1124303159870773
801384	782134	19250	243	2216082	1511924	1124303163387823
832586	812806	19780	467	1865200	1987342	1124303166561001
731180	711548	19632	4652	10927490	10255364	1124303178695515
0	0	0	0	0	0	0
1177884	1158236	19648	762	3218866	2922080	1124303196384075
1186808	1166634	20174	963	3716520	3332580	1124303201762995
1182164	1159874	22290	400	2070706	2201014	1124303205512315
827124	806064	21060	3189	8438304	7428346	1124303215255215
1179040	1158168	20872	4682	11153356	10763462	1124303228062997
1206472	1188344	18128	1819	5368612	5066072	1124303235114387
1179698	1159982	19716	895	3412374	3190076	1124303240183547
1190302	1171030	19272	320	2612968	2051026	1124303244462133
1189372	1169174	20198	3966	9901392	9340452	1124303256029125
1182052	1163426	18626	714	3208406	2830638	1124303260897775
1182524	1163352	19172	2764	6911516	6931548	1124303269468183
1177116	1157994	19122	1471	4870214	4339948	1124303275990703
1179928	1160370	19558	1798	5192188	4999502	1124303282849463
694290	675278	19012	3201	7727944	7317572	1124303291747795
1182138	1162142	19996	1900	5658592	5206190	1124303299127583
1183798	1164336	19462	4672	10984740	10747026	1124303311773125
460462	440878	19584	153	1592144	986752	1124303314327761
1243458	1166016	77442	3198	7814238	7864236	1124303323862693
486176	466732	19444	588	2784526	1883102	1124303327623365
1181422	1162324	19098	2721	7476010	6847470	1124303336784565
1182188	1161662	20526	1103	4194808	3608010	1124303342637281
1161522	1137864	23658	2384	6245860	6149724	1124303350520583
0	0	0	0	0	0	0
1075996	1057068	18928	372	2371424	2040612	1124303363810945
0	0	0	0	0	0	0
1181236	1161540	19696	1263	4069564	3931360	1124303379878075
1100166	1071650	28516	2561	6836284	6447024	1124303388314935
1184146	1164372	19774	1519	5070952	4441912	1124303395046841
1192576	1172956	19620	1868	5526232	5148486	1124303402243241
308650	281310	27340	3472	8539650	7473330	1124303411567235
1180696	1160452	20244	4907	11472842	11214890	1124303424707175
193708	174776	18932	4167	9955462	8748416	1124303435334103
836940	817220	19720	951	3679470	2958976	1124303440327295
374264	210602	163662	1851	5461438	4295814	1124303446640583
941126	921960	19166	1590	4795620	4340640	1124303452855361
1185992	1167234	18758	589	2768044	2584884	1124303457286223
373016	354078	18938	195	2074446	984344	1124303460211245
1177232	1157990	19242	2721	6852634	6842648	1124303468719387
1223238	1166084	57154	2067	5899482	5575934	1124303476319347
1183630	1162464	21166	2388	6406036	6179248	1124303484385667
1284916	1264014	20902	4887	11532324	11279740	1124303497678823
1179376	1160422	18954	4998	11682396	11395296	1124303511029213
1182334	1162376	19958	1048	4058052	3499540	1124303516746103
245866	225270	20596	388	2400432	1242216	1124303519867601
0	0	0	0	0	0	0
1185088	1165070	20018	918	3497990	3241640	1124303535514715
321864	300234	21630	3950	9733336	8442518	1124303546047423
0	0	0	0	0	0	0
1180966	1162038	18928	2518	6691500	6437544	1124303563764413
302526	281420	21106	1972	5349174	4482676	1124303569905535
0	0	0	0	0	0	0
1189886	1169772	20114	4362	14637322	10133508	1124303595467075
1182688	1162904	19784	4345	10114176	10093038	1124303607243797
1176822	1157664	19158	252	1675698	1901448	1124303610573915
403792	383378	20414	2260	5437218	5143770	1124303616890815
642326	621022	21304	3056	8023326	6973432	1124303626033275
1182506	1164484	18022	1249	4362308	3900796	1124303632053387
1181798	1160916	20882	3482	8585886	8370316	1124303642298627
1177408	1158650	18758	578	2785836	2553634	1124303646736187
186232	167552	18680	3726	9152040	7858120	1124303656548925
0	0	0	0	0	0	0
1189486	1170166	19320	1476	4382600	4381068	1124303666082155
801986	782150	19836	1578	4844342	4177756	1124303672204583
199458	175642	23816	2249	5871274	4921728	1124303678752027
882152	861686	20466	4532	10933556	10166466	1124303691044615
1181180	1161554	19626	38	1391420	1477512	1124303694093613
334696	314666	20030	701	2668142	1955994	1124303697573115
1308208	1160104	148104	2883	7535096	7294136	1124303706902517
753276	732986	20290	3978	9424586	8930396	1124303717559525
1182180	1161836	20344	3495	8623710	8393252	1124303727850365
1240736	1219546	21190	3730	9159646	8924394	1124303738736805
1206772	1186170	20602	4538	10532392	10502328	1124303750954805
1181102	1162036	19066	1181	4015552	3764122	1124303756627055
1184692	1162786	21906	2714	7169846	6831602	1124303765458601
490678	467532	23146	1225	4077504	3161534	1124303770502503
884926	863694	21232	2628	6888286	6359932	1124303778752733
1191608	1163286	28322	4001	9627794	9413300	1124303790049335
1231830	1160690	71140	1268	4000530	3988388	1124303795757515
1178826	1158562	20264	1116	4237090	3630206	1124303801658441
1184730	1163614	21116	4282	10013768	9968044	1124303813342285
1183260	1164236	19024	493	2698470	2388496	1124303817702765
685690	667454	18236	556	3084974	2021994	1124303821961143
257324	236020	21304	4864	11978058	10204184	1124303834680703
1185824	1164414	21410	3641	8777174	8687404	1124303845121115
1183416	1162888	20528	3694	9109742	8791436	1124303855890635
498888	480168	18720	3797	9295840	8314898	1124303866174013
527492	507430	20062	360	2723196	1467698	1124303869900583
0	0	0	0	0	0	0
1163648	1139480	24168	2952	7621712	7286712	1124303888400615
1063470	1041888	21582	4922	11803344	11127408	1124303901742321
992024	968370	23654	998	3778944	3214148	1124303907010983
1079890	1059494	20396	2081	6049860	5461334	1124303914616671
412994	392764	20230	121	2028242	875768	1124303917531743
1187878	1167540	20338	741	2919310	2890372	1124303922114575
1197504	1174698	22806	2532	6339666	6481684	1124303930128143
1216622	1168566	48056	1722	5035158	4884570	1124303936857215
1157984	1129662	28322	58	1990176	1494028	1124303940480561
450138	428428	21710	1754	4919370	4177546	1124303946326681
1192324	1171068	21256	2074	6066388	5560618	1124303954062765
0	0	0	0	0	0	0
1207940	1187972	19968	2080	6005340	5587104	1124303970192263
0	0	0	0	0	0	0
790592	769960	20632	130	2177158	1269638	1124303979982853
1177180	1158366	18814	2069	5627168	5535224	1124303987273383
1177942	1158070	19872	2678	7262812	6754306	1124303996190075
1205728	1186854	18874	4911	11533610	11247434	1124304009405733
1180752	1160766	19986	1080	3400022	3560622	1124304014462735
421832	401254	20578	967	3495280	2575710	1124304018857815
0	0	0	0	0	0	0
1190638	1169922	20716	1022	3706312	3454968	1124304032544515
341640	320576	21064	3603	8834688	7766846	1124304042195463
740232	721470	18762	1355	4677742	3669810	1124304048089957
0	0	0	0	0	0	0
1183386	1162970	20416	4999	11633408	11402176	1124304072404955
1189484	1164760	24724	3502	8636684	8414342	1124304082706973
1178402	1158886	19516	163	2006820	1724526	1124304086369885
1182160	1162840	19320	2809	6769368	7039022	1124304094797543
1180392	1161636	18756	1627	5088050	4653814	1124304101543735
369112	285224	83888	2610	6877502	5809786	1124304109290401
419010	398492	20518	3908	9622648	8456102	1124304119810223
1230376	1209712	20664	288	2322196	2025446	1124304124109555
279260	259666	19594	3458	9156070	7415758	1124304134022343
581072	562174	18898	299	2328542	1402818	1124304137408147
0	0	0	0	0	0	0
1179376	1158282	21094	2761	7430380	6921796	1124304150436321
1181072	1159600	21472	3415	8720986	8231636	1124304160815983
1182908	1163774	19134	1169	4144172	3739770	1124304166619775
455574	436410	19164	2529	6872088	5733794	1124304174422383
4505522	4502990	2532	2766	7340678	10257726	1124304186746241
1194306	1175332	18974	3818	9395578	9049136	1124304197812933
1180524	1162422	18102	1750	4985024	4901442	1124304204465121
1184200	1164374	19826	2372	6175994	6148944	1124304212302675
319298	291666	27632	1229	3829554	3000104	1124304216927733
1177664	1158492	19172	4289	10210532	9975334	1124304228792063
1248164	1164958	83206	3973	9698250	9414468	1124304240216437
0	0	0	0	0	0	0
1183810	1164414	19396	1993	5794964	5390854	1124304257495957
633392	614016	19376	1045	3782684	2944102	1124304262387521
743238	724114	19124	4853	10991656	10673996	1124304274599281
0	0	0	0	0	0	0
548580	529288	19292	615	2215760	1997598	1124304281354555
494928	473966	20962	392	2429238	1498808	1124304284754881
362342	343052	19290	1915	5239916	4413260	1124304290834241
1189648	1168044	21604	3939	9654806	9287520	1124304302155441
1186144	1165952	20192	2399	6633630	6203700	1124304310451867
1176164	1157376	18788	503	2892356	2401804	1124304314995893
225606	192496	33110	766	3373270	1977242	1124304319071281
631026	610782	20244	256	2534544	1362602	1124304322714677
1268932	1245144	23788	2662	6761946	6812574	1124304331222493
1200388	1180542	19846	4682	10717784	10784140	1124304343617867
842426	821580	20846	2947	7606884	6956744	1124304352555845
748672	667214	81458	3937	9342150	8842168	1124304363124045
473804	453962	19842	1218	4349160	3130658	1124304368423125
1065902	1047164	18738	367	2622618	2019618	1124304372589201
1183746	1161118	22628	4643	11517436	10689088	1124304385766907
1340890	1320088	20802	3985	9678274	9531784	1124304397283987
1178338	1158928	19410	1715	5232848	4828114	1124304404171373
1178502	1158108	20394	948	3743520	3294646	1124304409569463
311866	185622	126244	1741	5243042	4013640	1124304415622823
1194900	1162734	32166	3084	8131888	7585586	1124304425435775
0	0	0	0	0	0	0
1190922	1168616	22306	82	1409944	1575104	1124304435121721
1136714	1117280	19434	541	2286752	2438538	1124304439021503
702350	682962	19388	1064	3843948	3051178	1124304444045085
563166	543406	19760	1438	4526246	3662770	1124304449611887
959506	936450	23056	4076	9932076	9332078	1124304460992143
918952	899162	19790	224	1925040	1586206	1124304464313525
508582	488378	20204	447	1888746	1622830	1124304467185075
1183808	1164704	19104	757	3409120	2918142	1124304472254343
1308188	1157928	150260	4618	10637056	10767810	1124304484674627
1192666	1172500	20166	436	2218738	2284742	1124304488561041
540970	520746	20224	3427	8887928	7614336	1124304498467281
0	0	0	0	0	0	0
1181904	1163436	18468	3861	8705300	9127996	1124304512974125
1091096	1008600	82496	2504	6533704	6318898	1124304521075263
1184088	1165322	18766	748	3197302	2900376	1124304525932227
1186806	1167324	19482	979	3730790	3368214	1124304531338903
336792	273176	63616	2357	6344026	5271236	1124304538496801
0	0	0	0	0	0	0
763756	743236	20520	4633	10182126	10249686	1124304553179695
226212	206732	19480	2468	6558410	5381698	1124304560440035
488682	467704	20978	1151	4006486	3011958	1124304565412493
1180022	1157726	22296	3447	8229832	8293444	1124304575299761
1186468	1164596	21872	3099	7951880	7604208	1124304584914143
0	0	0	0	0	0	0
1301886	1160068	141818	4199	10027524	9920786	1124304601673411
1187678	1168454	19224	1753	5233990	4914130	1124304608581183
1195482	1175230	20252	3094	7999598	7603812	1124304618252881
889178	868090	21088	2978	8003072	7066306	1124304627620517
903352	884282	19070	4698	11015948	10519716	1124304640034575
0	0	0	0	0	0	0
1178814	1159426	19388	1790	5354684	4981364	1124304656785935
3035616	3032988	2628	184	2155386	3623558	1124304662452703
1188006	1167448	20558	2449	6920950	6305520	1124304671037041
1192308	1173288	19020	4167	9891742	9746006	1124304682597255
1182878	1163210	19668	2790	7176870	6981450	1124304691433743
1178334	1159116	19218	8	1633298	1414508	1124304694720935
1181600	1162146	19454	345	1673582	2095398	1124304698052395
1189250	1167390	21860	2434	6432638	6281938	1124304706152023
1313374	1165880	147494	1518	4682416	4568126	1124304712624075
460870	440584	20286	3876	9118684	8433146	1124304722679475
203618	169740	33878	475	2600168	1374232	1124304725958223
0	0	0	0	0	0	0
1191506	1170960	20546	3792	9257956	8999070	1124304740992005
0	0	0	0	0	0	0
1279006	1160736	118270	2550	6719796	6598746	1124304755981375
1190046	1171332	18714	138	1635658	1686676	1124304759294385
1190504	1164270	26234	4150	9481166	9710578	1124304770442747
436556	316882	119674	2659	6874044	5974080	1124304778228735
929804	907586	22218	1973	5470232	5099214	1124304785105971
486430	467382	19048	3768	8859924	8242000	1124304794928475
1179358	1158676	20682	4173	10142454	9745142	1124304806727333
0	0	0	0	0	0	0
0	0	0	0	0	0	0
1181232	1162224	19008	3739	8889048	8878078	1124304828129027
0	0	0	0	0	0	0
270882	249374	21508	728	2904998	1948150	1124304841208613
1203388	1184596	18792	183	2633854	1789366	1124304845521083
1180508	1161626	18882	4562	11247824	10527958	1124304858424093
1179128	1159864	19264	1618	4901200	4635254	1124304864980685
1268360	1162208	106152	970	3548344	3427282	1124304870273863
926314	902074	24240	4618	10948076	10381964	1124304882623693
0	0	0	0	0	0	0
0	0	0	0	0	0	0
1194398	1172386	22012	3241	8711880	7896300	1124304901173675
1185876	1162886	22990	4692	11134716	10788930	1124304913971055
749452	729124	20328	411	2573236	1795516	1124304917780623
546250	526680	19570	546	2041160	1859540	1124304920853375
1186052	1166948	19104	3644	9135686	8694302	1124304931651081
1183322	1163110	20212	4623	10814544	10648806	1124304944144241
1208606	1188956	19650	2433	6662386	6293300	1124304952491485
1227214	1163312	63902	3730	9120670	8906976	1124304963316045
0	0	0	0	0	0	0
1206818	1183980	22838	3548	8914442	8525776	1124304984333435
741886	723022	18864	901	3547202	2762942	1124304989098475
1120858	1101930	18928	193	1783828	1726400	1124304992479441
1179908	1160978	18930	897	3951532	3193422	1124304998088437
275940	255938	20002	687	2924326	1874336	1124305001766427
5980494	5978306	2188	4937	10817236	16073988	1124305019062903
0	0	0	0	0	0	0
300098	266720	33378	4204	9889586	8931572	1124305034794347
1177542	1157902	19640	1193	4284022	3782318	1124305040733761
1239722	1163932	75790	1157	3690038	3772688	1124305046139875
1186628	1164884	21744	1775	5204244	4956864	1124305053006747
593394	574300	19094	3359	8236364	7531432	1124305062311453
1183156	1161600	21556	2438	6548578	6278886	1124305070519135
1182170	1160822	21348	912	3525586	3226858	1124305075704103
848342	779014	69328	3817	9512606	8706208	1124305086552215
1185004	1165234	19770	1772	5057338	4948614	1124305093270823
1181796	1161760	20036	834	3493542	3068818	1124305098423565
1177896	1158152	19744	2446	6535062	6290954	1124305106613613
1180942	1160274	20668	3018	7578152	7437176	1124305115848575
689154	669602	19552	1080	3404526	3067846	1124305120442747
592380	573658	18722	326	2298508	1463658	1124305123809933
1280190	1163292	116898	2323	6053412	6146654	1124305131643717
0	0	0	0	0	0	0
0	0	0	0	0	0	0
964594	942624	21970	2884	7344206	6951608	1124305150461983
1052838	1033830	19008	2153	5722774	5579276	1124305157714187
1182968	1163112	19856	2873	7717854	7152580	1124305167102205
361438	341546	19892	4577	11046292	9734476	1124305178986575
1181396	1160180	21216	2046	6019806	5493920	1124305186664495
1068396	1048510	19886	3282	8187526	7853156	1124305196397415
0	0	0	0	0	0	0
634580	612708	21872	1024	3761122	2902536	1124305208983507
264892	245786	19106	3381	8569978	7246202	1124305218295765
1181622	1162800	18822	2619	7024396	6640590	1124305226978401
421164	401914	19250	2207	5787956	5054390	1124305233663933
1187066	1166044	21022	2764	7321422	6934872	1124305242661755
265670	246392	19278	1235	3946484	2955022	1124305247348315
1183152	1164408	18744	4500	10688426	10402544	1124305259695681
0	0	0	0	0	0	0
1180302	1160210	20092	758	2949404	2916800	1124305271586783
1179922	1160908	19014	1917	5501784	5233318	1124305278780307
553552	534402	19150	4866	11235258	10505372	1124305291043877
0	0	0	0	0	0	0
1185012	1164572	20440	2710	7471214	6825226	1124305306429201
1200556	1173382	27174	3802	8841580	9028856	1124305316948661
0	0	0	0	0	0	0
1184930	1165784	19146	1803	5200198	5011184	1124305335116893
697190	678014	19176	3098	7873362	7113870	1124305344165085
1107962	1089168	18794	377	2466900	2082498	1124305348215845
1179032	1160574	18458	2894	7980356	7186444	1124305357852823
1180510	1161676	18834	1815	5099406	5030248	1124305364618235
360844	340512	20332	697	3142676	1975592	1124305368598503
599412	578900	20512	2187	6683122	5194060	1124305376359055
1241668	1160828	80840	3418	8852202	8297018	1124305386929267
1185552	1165120	20432	1080	3957844	3566224	1124305392551103
0	0	0	0	0	0	0
1204316	1184060	20256	1679	4575782	4783488	1124305411073733
1030046	1007200	22846	3070	7789062	7391206	1124305420371361
809384	790462	18922	785	3339478	2598816	1124305424996675
489770	469858	19912	2971	7714034	6652276	1124305433676987
252480	231942	20538	1889	5555136	4250166	1124305439973653
373764	353270	20494	3379	8021978	7351672	1124305448856885
285844	267114	18730	1766	5328276	4038626	1124305454946925
1178404	1158880	19524	3274	8413702	7946964	1124305465017413
1212010	1172844	39166	1153	3944736	3737720	1124305470650987
1319702	1164274	155428	1844	5545342	5227698	1124305477992605
0	0	0	0	0	0	0
1187628	1165568	22060	2491	6565706	6389818	1124305498056357
371380	350436	20944	2528	6645682	5650160	1124305505550075
1181512	1160162	21350	2361	6700848	6126904	1124305513932121
1252860	1166176	86684	3613	9014960	8703864	1124305524697415
1218912	1190122	28790	4592	11048022	10624150	1124305537441361
361556	342536	19020	3249	8307076	7079998	1124305546587947
1184906	1166372	18534	4848	11330778	11100144	1124305559581205
380710	362024	18686	965	3566880	2530924	1124305564026933
1044184	1024158	20026	2984	7692864	7232574	1124305573240343
803212	783084	20128	3223	8324516	7470464	1124305582845285
0	0	0	0	0	0	0
1198014	1177998	20016	2681	6915104	6780472	1124305599887973
1181242	1161814	19428	1560	5123412	4521550	1124305606693147
1091172	1072940	18232	3364	8120294	8039156	1124305616381013
1217228	1190620	26608	3365	8360414	8168094	1124305626436975
800060	780830	19230	3213	8225710	7446068	1124305635939743
301144	282298	18846	1309	4348224	3142196	1124305641090773
1189920	1159842	30078	3605	9178076	8619246	1124305651933503
1178898	1160704	18194	360	2139836	2120212	1124305655750437
1185336	1166370	18966	4757	11266680	10919566	1124305668688751
0	0	0	0	0	0	0
1180998	1161964	19034	2001	5782992	5402582	1124305684626333
1182958	1161334	21624	3810	9092922	9023050	1124305695378183
266638	245502	21136	1020	3517784	2526938	1124305699639863
0	0	0	0	0	0	0
0	0	0	0	0	0	0
1188196	1169654	18542	4159	9396760	9725544	1124305725367237
881374	861848	19526	3229	7972284	7559228	1124305734696293
479194	460476	18718	375	2413476	1449666	1124305738066115
781240	762186	19054	1427	4265564	3855408	1124305743588107
1180386	1160050	20336	3318	8691310	8039688	1124305753945159
1180064	1159938	20126	88	1719734	1576562	1124305757336853
0	0	0	0	0	0	0
0	0	0	0	0	0	0
0	0	0	0	0	0	0
715828	634978	80850	1821	5262988	4578468	1124305796806293
1176982	1158236	18746	52	1606046	1501206	1124305800065455
956498	934562	21936	4542	10278054	10261452	1124305811778867
514162	490478	23684	291	2215820	1317276	1124305814998467
416550	396144	20406	3259	7931736	7155318	1124305823822823
1169792	1149930	19862	4029	9641636	9448292	1124305835133961
222658	183888	38770	4554	10863986	9551284	1124305846696747
1213630	1162230	51400	2045	5860016	5523382	1124305854247681
1143320	1124622	18698	2378	6371800	6119982	1124305862239285
738788	718972	19816	3803	9600494	8564530	1124305873054677
1166666	1147590	19076	2660	7171706	6707246	1124305881870493
1179312	1159606	19706	4020	10066314	9438916	1124305893613067
1187614	1167754	19860	3310	7987594	8028462	1124305903275263
627774	608804	18970	3669	8863946	8186464	1124305913243355
1184032	1158488	25544	3489	8881386	8381710	1124305923785561
686306	667034	19272	640	2925644	2186090	1124305927881765
394662	373058	21604	1712	5475182	4039226	1124305934236071
893876	873906	19970	2758	7407204	6629384	1124305943013241
1204770	1184760	20010	1168	4197612	3761018	1124305948894115
1124664	1105812	18852	780	2847194	2904804	1124305953341921
543540	523780	19760	278	2278234	1319382	1124305956640787
1177434	1157448	19986	4858	11129056	11114366	1124305969422565
1224814	1161076	63738	2826	6915134	7096230	1124305978039935
1181610	1163542	18068	2268	6413452	5937742	1124305986110663
534870	515236	19634	3785	9491668	8324044	1124305996613841
934096	911406	22690	4697	11094582	10548234	1124306009118955
1183764	1162030	21734	2197	6078880	5797358	1124306016856587
662746	643650	19096	4071	9869694	9024148	1124306027867481
1179086	1160566	18520	3753	9280982	8907812	1124306038815721
1181186	1160148	21038	1188	3864872	3777374	1124306044339801
1089920	1070504	19416	1912	5518076	5134418	1124306051424475
1182690	1163522	19168	698	3017996	2797094	1124306056127205
1182460	1162532	19928	2219	6425438	5840598	1124306064208921
1180060	1160048	20012	4056	9414296	9512382	1124306075280383
1187524	1166960	20564	2425	6626832	6257344	1124306083571823
0	0	0	0	0	0	0
595604	576530	19074	308	2275942	1431532	1124306093537841
1271942	1249670	22272	2187	5789956	5866734	1124306101090103
0	0	0	0	0	0	0
478384	459310	19074	1209	4193006	3116170	1124306112176485
1189128	1169406	19722	2610	6886644	6628190	1124306120729147
637094	617704	19390	201	1680536	1259120	1124306123523093
355870	210408	145462	1784	4976770	4143780	1124306129341801
921116	900002	21114	2659	6938982	6458924	1124306137681005
1183948	1151784	32164	2130	5808430	5663100	1124306145159765
1238286	1213448	24838	1284	4451972	4027106	1124306151326081
654664	633164	21500	2430	6791696	5735168	1124306159248387
851340	829856	21484	4695	10829330	10461916	1124306171404955
777956	758096	19860	4905	11833864	10808940	1124306184493475
1308794	1163236	145558	2076	5918908	5681048	1124306192198285
1221572	1201848	19724	2692	7247246	6824572	1124306201144961
0	0	0	0	0	0	0
1179326	1160402	18924	3979	9595798	9356792	1124306223458551
362792	340124	22668	4091	10013390	8764688	1124306234311925
0	0	0	0	0	0	0
648858	629352	19506	1069	3565228	3026152	1124306242701921
1185534	1166296	19238	3150	8467436	7705826	1124306252830543
1160374	1136996	23378	3413	8316226	8206264	1124306262783275
554994	536480	18514	1759	5374994	4293796	1124306269189863
909020	889332	19688	1770	4770166	4670020	1124306275345841
566422	547056	19366	4588	10855336	9963066	1124306287245173
1181908	1162526	19382	1953	5601648	5308820	1124306294506597
1191110	1170938	20172	4215	10176486	9840986	1124306306351739
1181138	1160746	20392	4713	10758294	10832418	1124306318769637
1178920	1158940	19980	2835	6950000	7069600	1124306327375365
0	0	0	0	0	0	0
185466	166942	18524	4377	10187908	9180546	1124306341843761
1180330	1159282	21048	2844	7487692	7092198	1124306350998583
1178924	1160510	18414	137	1694736	1674100	1124306354351165
1178556	1158254	20302	1670	12354832	4738818	1124306368362703
942830	922220	20610	4240	9699170	9645932	1124306379482885
1187498	1166702	20796	4037	9878270	9481378	1124306391025435
1177506	1158128	19378	3400	8547366	8197978	1124306401227375
952976	932646	20330	120	1866496	1414488	1124306404524855
281068	262308	18760	2891	7194912	6283370	1124306412478835
0	0	0	0	0	0	0
0	0	0	0	0	0	0
1180486	1161496	18990	4014	9584052	9429288	1124306447128023
