# Loop @ Start frequency 2400000Hz took 888.32 cycles
# Interval [884 ; 893]
# Q1 : 882 ; Q3 : 884
# Loop @ Target frequency 1800000Hz took 1185.25 cycles
# Interval [1178 ; 1192]
# Q1 : 1176 ; Q3 : 1180
# Confidence intervals do not overlap, alternatives are statistically different with selected confidence level
Change time (with write) [cycles]	Change time [cycles]	Write cost [cycles]	Wait time [us]	Time since last frequency change request [cycles]	Time since last frequency change [cycles]	Detected frequency change timestamp [cycles]
808758	775274	33484	3567	256143864	255256902	1124378126362025
803166	780898	22268	4812	11343654	10646844	1124378138782359
798226	778160	20066	907	3842318	2832816	1124378143695395
1147022	1115958	31064	3036	8037538	7438464	1124378153152119
1176780	1157568	19212	4996	11952550	11389178	1124378166553745
293310	268372	24938	2463	6742988	5440226	1124378173862231
1073584	1054284	19300	4156	10259340	9604272	1124378185466409
0	0	0	0	0	0	0
1185840	1156642	29198	4075	10178690	9555892	1124378208464481
1177348	1158506	18842	3998	9778388	9393850	1124378219691935
1062256	1041872	20384	3427	8409404	8140808	1124378229434753
0	0	0	0	0	0	0
1178446	1158360	20086	4544	11087990	10486954	1124378249438795
1177856	1155672	22184	3891	9741880	9178816	1124378260638119
0	0	0	0	0	0	0
451056	430370	20686	3295	8458070	7264332	1124378280495125
1182142	1163268	18874	2535	6768082	6472914	1124378288716195
1181070	1159694	21376	27	1707566	1455960	1124378291877079
1037844	1017698	20146	2511	6450072	6298670	1124378299635779
1198194	1178096	20098	4626	11248098	10669346	1124378312354061
0	0	0	0	0	0	0
1176412	1155850	20562	4859	11697096	11114592	1124378337626063
0	0	0	0	0	0	0
1065980	1046756	19224	447	2462478	2180410	1124378348061549
1189476	1166922	22554	3556	9438756	8521482	1124378358960985
1257406	1161270	96136	4871	11435426	11219140	1124378371924805
986456	967358	19098	3275	8343092	7756402	1124378381525801
1150050	1130968	19082	1540	4753466	4454822	1124378387701369
0	0	0	0	0	0	0
517536	498464	19072	1572	5137764	3880630	1124378402756711
1178810	1158160	20650	1286	4327050	3970102	1124378408533959
1176964	1157694	19270	4158	10037636	9713722	1124378420020029
1051036	1031220	19816	156	2081494	1582482	1124378423424069
1176494	1157478	19016	590	2584874	2576616	1124378427461479
371896	345096	26800	1788	5296022	4170060	1124378433400839
1242144	1159680	82464	4822	11558288	11110124	1124378446476975
1180106	1161728	18378	271	2574508	1942190	1124378450502945
1182972	1162018	20954	2722	7530264	6846972	1124378459487735
1179624	1157700	21924	3041	7950820	7500554	1124378468890319
1029058	1009062	19996	1519	4880602	4285934	1124378475071689
881228	859274	21954	1506	4889556	4113436	1124378481113819
0	0	0	0	0	0	0
282236	258096	24140	3273	8411012	7047864	1124378502164651
1180188	1159150	21038	1904	5752994	5208200	1124378509368565
745608	726792	18816	2294	6412688	5556972	1124378516805955
1059040	1039554	19486	1597	5006958	4472900	1124378523143303
1180310	1157578	22732	2113	5841296	5627142	1124378530436549
1188090	1157932	30158	412	2734910	2232706	1124378534630269
334492	312254	22238	138	2066666	830072	1124378537302621
1175454	1155588	19866	3347	8097992	8088776	1124378546851525
348032	328464	19568	16	1953184	599726	1124378549424113
1191404	1170782	20622	1746	4892804	4903854	1124378555787413
1216422	1196580	19842	4935	11428788	11310600	1124378568704335
1066610	1045372	21238	3464	8337994	8214234	1124378578380459
1177310	1158298	19012	3745	9310370	8888222	1124378589139099
1176762	1157438	19324	2732	7248902	6860614	1124378597836459
1174224	1155430	18794	1498	4735474	4390124	1124378604017859
343854	320056	23798	4146	10270330	8854952	1124378614903405
1072196	1052786	19410	1096	4055014	3483360	1124378620299705
1202812	1159820	42992	1260	3902444	3943344	1124378625676301
574008	554914	19094	4117	10039762	9027794	1124378636561373
1182144	1159638	22506	2011	6081040	5423194	1124378644095479
0	0	0	0	0	0	0
1228506	1209672	18834	2268	5962414	6009588	1124378655319781
422490	403582	18908	4094	9960780	8829442	1124378665979649
1177604	1157704	19900	745	3292302	2887114	1124378670720769
276136	254310	21826	2672	7299458	5840040	1124378678567205
312518	293570	18948	3355	8624660	7243298	1124378687775533
0	0	0	0	0	0	0
1174968	1155980	18988	4099	10113294	9596216	1124378704640471
1175104	1154952	20152	3278	8376918	7951478	1124378714463933
0	0	0	0	0	0	0
1188978	1158544	30434	2143	6068786	5695596	1124378729805699
1185684	1164876	20808	1737	5490194	4878586	1124378736752359
1177440	1158370	19070	1406	4822904	4208184	1124378743024025
1177454	1158348	19106	797	3530576	2991000	1124378748004021
211760	181208	30552	643	3179758	1717204	1124378751666279
1188284	1168764	19520	3558	8518420	8523754	1124378761644723
1058916	1039076	19840	4047	10033930	9372630	1124378773009285
1175520	1155938	19582	882	3461200	3159724	1124378777917879
1229786	1184668	45118	2473	6711850	6395194	1124378786130063
1181476	1161316	20160	1585	4969960	4571026	1124378792551695
1268738	1166250	102488	2540	6770062	6569700	1124378800860895
1181290	1160970	20320	4264	10174720	9928890	1124378812487371
1180074	1158836	21238	2738	7307386	6875386	1124378821246095
814946	794862	20084	2733	7157484	6501510	1124378829494891
0	0	0	0	0	0	0
979574	960380	19194	2902	7708454	7002674	1124378850193369
1199940	1178908	21032	3628	9162898	8675026	1124378860827649
255940	209954	45986	3111	8196844	6696356	1124378869551583
632238	610596	21642	266	2442340	1383180	1124378872897853
920296	899066	21230	4833	11070058	10806308	1124378885159829
1203804	1184190	19614	157	1877396	1737002	1124378888511285
25678	2650	23028	226	1882816	718490	1124378890691339
1177254	1158384	18870	1531	3302728	4457408	1124378895430661
1176662	1156544	20118	3004	7654110	7404638	1124378904538013
1008834	989692	19142	3731	9098034	8689750	1124378914916109
687352	666322	21030	4131	10308230	9170092	1124378926182561
561380	542136	19244	3481	8423356	7742442	1124378935438525
1175700	1156456	19244	587	3386942	2569676	1124378940280785
1178310	1157696	20614	4252	10735258	9901674	1124378952465309
711614	691284	20330	3693	8882170	8317404	1124378962330543
1174792	1156400	18392	3638	9188782	8670666	1124378972965645
1166214	1145482	20732	2737	7441014	6859186	1124378981845003
0	0	0	0	0	0	0
1205146	1157566	47580	262	1989504	1949232	1124378992137861
1180466	1158974	21492	2312	6745168	6024752	1124379000335115
1183764	1163520	20244	533	2801318	2468954	1124379004590373
598130	579194	18936	3593	9275178	8004214	1124379014734649
1137346	1116156	21190	99	1918464	1554896	1124379018061865
1178854	1158882	19972	4288	9979674	9973950	1124379029491283
1025990	1002408	23582	4109	9981206	9466082	1124379040770345
1176456	1157652	18804	2408	6701980	6212290	1124379048920755
554816	535890	18926	3027	8098320	6829494	1124379057845015
1186624	1166352	20272	4985	11859296	11376432	1124379071162741
912886	892472	20414	678	3125722	2488544	1124379075472953
1311136	1158016	153120	2117	6175696	5765042	1124379083231131
504046	484952	19094	2293	6520924	5309138	1124379090532009
1184814	1159632	25182	1789	5606798	4983036	1124379097594725
1179656	1160566	19090	914	3667640	3226624	1124379102713505
1073224	1048834	24390	4153	10359496	9599190	1124379114417031
709762	690544	19218	1515	5060080	3958322	1124379120457485
1190312	1170862	19450	1040	3837326	3491532	1124379125756001
1247110	1159824	87286	4496	10776490	10458256	1124379138050699
1185226	1165584	19642	3415	8571090	8234386	1124379148078755
0	0	0	0	0	0	0
1220754	1199980	20774	3390	8642866	8221144	1124379169984129
1189548	1156646	32902	3186	8384156	7780994	1124379179828829
1180328	1159136	21192	4864	11229326	11131978	1124379192509533
569550	550302	19248	3823	9498450	8435530	1124379202848651
1210656	1161596	49060	4098	9961276	9626016	1124379214291669
0	0	0	0	0	0	0
609890	588058	21832	3875	9185658	8603610	1124379227992799
0	0	0	0	0	0	0
0	0	0	0	0	0	0
4442562	4439506	3056	110	2018574	4883732	1124379256531261
0	0	0	0	0	0	0
1177856	1156534	21322	4545	10803950	10487684	1124379275276429
464750	444460	20290	3369	8508258	7423138	1124379284525199
1177624	1157890	19734	2297	6281694	5991750	1124379292256033
1180776	1160550	20226	4406	10561314	10213516	1124379304269131
0	0	0	0	0	0	0
1174880	1155774	19106	3521	9347976	8435996	1124379319229095
0	0	0	0	0	0	0
224432	181720	42712	1318	4226724	3080200	1124379331248575
1177528	1157802	19726	4294	10343754	9985992	1124379343087541
208462	180982	27480	824	3152768	2076312	1124379346720481
1212200	1182770	29430	1278	4535166	3988956	1124379352740139
277622	258046	19576	2680	7056296	5856666	1124379360345531
1191208	1172136	19072	1094	4056666	3598820	1124379365865075
1177766	1158496	19270	3047	7811844	7491576	1124379375125555
0	0	0	0	0	0	0
1188008	1164712	23296	1420	4178844	4268964	1124379384591713
0	0	0	0	0	0	0
1179398	1158922	20476	4621	10676778	10639936	1124379403286961
779546	759824	19722	1886	5453646	4771802	1124379409795061
1175704	1156492	19212	4189	9852850	9778390	1124379421095143
1232620	1205210	27410	4642	11430784	10740314	1124379434029943
1176404	1157418	18986	2200	6290022	5796164	1124379441767685
0	0	0	0	0	0	0
1182046	1162830	19216	3859	9599932	9120154	1124379464163141
0	0	0	0	0	0	0
0	0	0	0	0	0	0
1184182	1156584	27598	3768	9355642	8941058	1124379493321073
302072	276732	25340	2718	7137620	5958512	1124379501036903
1175484	1156172	19312	3756	9212400	8907010	1124379511696229
680678	660284	20394	1692	5042936	4289700	1124379517691385
1179200	1156246	22954	4481	10757696	10360362	1124379529899819
1192044	1160878	31166	1863	5623372	5138246	1124379536986633
1177378	1158134	19244	2575	6950206	6547124	1124379545385869
1184166	1163828	20338	1574	4784442	4552438	1124379551636619
322088	301526	20562	4855	11689996	10252466	1124379563920423
470606	451516	19090	44	2067282	779628	1124379566730963
980586	960872	19714	4716	10836204	10633604	1124379578819291
1195864	1166278	29586	3488	8928760	8392838	1124379589216045
839130	816078	23052	2537	6944840	6134168	1124379597275251
1173914	1154808	19106	3773	9380660	8939622	1124379608105905
785262	756044	29218	320	2363164	1644496	1124379611525283
7427384	7424356	3028	1013	3431876	9674624	1124379622655345
0	0	0	0	0	0	0
1034678	1012218	22460	4795	11375378	10844324	1124379640012469
773546	753876	19670	1000	3385574	2992520	1124379644443299
1177370	1157550	19820	2181	6197800	5759036	1124379652089071
403674	382508	21166	4979	11471390	10582240	1124379664235245
747214	728050	19164	1799	5278464	4564930	1124379670532739
1006542	987360	19182	1483	4982034	4192334	1124379676792081
1154852	1129606	25246	1306	4537780	3986290	1124379682756291
522540	500374	22166	1083	3842684	2906990	1124379687391939
732292	713602	18690	2629	7228440	6213572	1124379695629611
1179692	1158660	21032	847	3638856	3094214	1124379700719031
387290	367568	19722	3437	8277028	7480330	1124379709654539
1140164	1116002	24162	2324	6520010	6007384	1124379717585333
1181204	1159906	21298	2335	6340946	6075100	1124379725378329
978508	955532	22976	4813	11225364	10825156	1124379737857561
445678	425764	19914	4546	11038014	9756604	1124379749612643
732980	713966	19014	3083	7976558	7119074	1124379758593839
1071804	1052104	19700	4348	10733332	9986900	1124379770670615
930800	909138	21662	1639	5064564	4428890	1124379776937563
0	0	0	0	0	0	0
0	0	0	0	0	0	0
1179244	1160278	18966	895	3688048	3189222	1124379805797761
1181830	1159402	22428	130	2333986	1662024	1124379809584299
450442	429980	20462	3547	8503212	7764672	1124379818808861
1176990	1156656	20334	2350	6497900	6096724	1124379826755349
553010	534006	19004	3611	8935368	7994818	1124379836515299
777298	758050	19248	3071	8124668	7139140	1124379845687539
658542	639742	18800	3121	8355504	7120278	1124379854972669
1183512	1159374	24138	3537	9017706	8477636	1124379865445593
1177948	1158792	19156	1541	4911310	4482514	1124379871805939
955266	936212	19054	4851	11273224	10881208	1124379884305211
1184598	1161972	22626	3520	8913136	8443254	1124379894674455
1209266	1190144	19122	3752	9371764	8933336	1124379905527031
0	0	0	0	0	0	0
835646	815826	19820	4751	11231500	10558504	1124379924789275
0	0	0	0	0	0	0
1183372	1162106	21266	3409	8542992	8221378	1124379942254875
1186364	1157540	28824	1582	5101498	4570432	1124379948813801
0	0	0	0	0	0	0
1183958	1162058	21900	3269	8327390	7942004	1124379963725273
1177128	1157904	19224	1444	4772824	4285122	1124379969946403
0	0	0	0	0	0	0
259122	239370	19752	4526	10258124	9547766	1124379984710299
623492	604454	19038	1010	4117014	2862720	1124379989722625
1175562	1156496	19066	3218	8424290	7831072	1124379999594631
1176726	1156600	20126	4507	11071280	10411786	1124380012113699
1175636	1155464	20172	3592	9026344	8580256	1124380022586435
438234	417550	20684	4429	10806996	9516392	1124380034102999
1177702	1158838	18864	2363	6552626	6123710	1124380042104419
1054440	1033996	20444	3697	9084650	8668504	1124380052515099
289044	256364	32680	765	3053222	2038808	1124380056127629
530000	511328	18672	3037	8142956	6824658	1124380065072579
1175898	1157454	18444	1186	4162634	3768274	1124380070682425
1178094	1158518	19576	2722	7068298	6841322	1124380079200563
1174862	1155556	19306	2586	6955908	6566906	1124380087607255
1177028	1157520	19508	2562	6721446	6525536	1124380095777373
943114	920818	22296	3618	9213920	8398328	1124380106205383
293760	270446	23314	410	2595374	1333572	1124380109365989
313600	276704	36896	4858	11121380	10248386	1124380121075695
809704	674568	135136	1582	5176506	4194290	1124380127333769
1177894	1157254	20640	3846	9196088	9089426	1124380137983875
780652	761334	19318	3808	9122940	8617184	1124380148158591
0	0	0	0	0	0	0
1278414	1238170	40244	730	2981118	3001584	1124380156374251
1279354	1159136	120218	4975	11992612	11449448	1124380169917119
1316526	1241262	75264	3171	8301276	7878296	1124380179806201
1178652	1158208	20444	3263	8449190	7925740	1124380189706261
1182404	1162624	19780	3658	9228220	8718290	1124380200387919
1195652	1175934	19718	2970	7905338	7356608	1124380209761123
1186794	1160126	26668	1899	5389202	5207810	1124380216608195
1175114	1155584	19530	4467	10580696	10329498	1124380228634419
1176380	1154002	22378	4256	10513526	9907446	1124380240595601
384860	358556	26304	1769	5356526	4142900	1124380246608039
561656	541960	19696	4276	10562468	9332548	1124380258002779
6128794	6126326	2468	301	2216812	6951146	1124380266619849
214854	192284	22570	3424	8488376	7282234	1124380275593819
0	0	0	0	0	0	0
1235390	1161110	74280	4112	9901140	9679502	1124380295234191
1179516	1158356	21160	4151	10046788	9701530	1124380306736245
936668	917888	18780	2256	6561256	5669172	1124380314505313
1184244	1160420	23824	4034	9839972	9472100	1124380325800839
185192	165012	20180	4903	11806580	10212410	1124380338063651
662506	643446	19060	1688	5401542	4258808	1124380344398961
1180038	1158528	21510	2109	6002392	5618000	1124380351852431
1215736	1195924	19812	1608	4882894	4650182	1124380358222071
1178470	1158084	20386	962	3768488	3322636	1124380363440779
1056630	1037504	19126	3338	8680288	7952256	1124380373448831
1177606	1158324	19282	735	3420280	2867124	1124380378317799
1178716	1158486	20230	1482	4523566	4362236	1124380384290845
1178416	1158034	20382	3071	7962144	7539184	1124380393702461
208618	179090	29528	4014	9511066	8459990	1124380403692579
999926	981042	18884	1443	4623378	4106002	1124380409587863
775682	755310	20372	1781	5252882	4562266	1124380415887545
1175766	1155800	19966	2561	6777070	6516892	1124380424111607
1290410	1270146	20264	2849	7451540	7207658	1124380433124189
1181820	1161504	20316	1244	4306722	3890068	1124380438883505
1176614	1157468	19146	2967	7739018	7330510	1124380448070243
1177164	1158062	19102	1604	5014160	4604214	1124380454532743
948550	928292	20258	39	1902542	1245270	1124380457654145
1178442	1158034	20408	1695	4934614	4792718	1124380464037975
581922	562718	19204	4374	10599002	9550518	1124380475491365
0	0	0	0	0	0	0
1181558	1160444	21114	2513	6949394	6427638	1124380494354853
1061716	1042076	19640	2483	6667524	6247878	1124380502354945
1174518	1156242	18276	4695	11260778	10783906	1124380515061645
1000704	981658	19046	2080	6117638	5379972	1124380522451801
1176460	1155630	20830	4985	11939424	11366742	1124380535839453
1253314	1226334	26980	4703	11131314	10879108	1124380548496223
1175106	1156254	18852	3532	8855054	8458624	1124380558799899
1326674	1162860	163814	2604	6971134	6754720	1124380567369409
1236334	1161864	74470	4218	10339558	9896134	1124380579231013
1192022	1167880	24142	596	3227696	2610966	1124380583932659
1182802	1157712	25090	4133	10077132	9668062	1124380595463355
905350	885700	19650	4664	11131296	10457026	1124380607771771
1278504	1159614	118890	3903	9526632	9304764	1124380618848835
1198776	1177078	21698	1905	5498004	5228848	1124380625817103
543804	523712	20092	3540	8783972	7843560	1124380635418019
1061490	1041408	20082	4592	10818046	10465742	1124380647573631
1400754	1380894	19860	4918	11658010	11455948	1124380660904803
861682	841792	19890	1158	4218176	3396734	1124380666255691
1224914	1164406	60508	856	3620862	3156772	1124380671372887
1185956	1164356	21600	3235	8170384	7874512	1124380681005835
951740	932086	19654	553	3112430	2277504	1124380685341613
1176340	1155640	20700	3179	8544416	7755104	1124380695342119
0	0	0	0	0	0	0
287748	268274	19474	4083	9997780	8673078	1124380718793353
440406	420112	20294	4279	10532822	9218748	1124380730037921
0	0	0	0	0	0	0
1183858	1157914	25944	1731	5246812	4866414	1124380747677243
707074	687750	19324	2542	6794714	6011190	1124380755450399
1124520	1104062	20458	1197	4523544	3738196	1124380761369785
1141456	1116016	25440	4572	11070284	10509912	1124380773856619
872972	853960	19012	4725	11261500	10543746	1124380786264051
1030372	1010564	19808	1616	5074168	4482026	1124380792639389
0	0	0	0	0	0	0
1187120	1159886	27234	2035	5930456	5476310	1124380809158019
230982	210636	20346	251	2325164	953104	1124380811985871
308574	280978	27596	4439	10285912	9407068	1124380822851389
0	0	0	0	0	0	0
0	0	0	0	0	0	0
1188064	1166706	21358	1843	5678576	5094500	1124380851602661
1225298	1204154	21144	2724	7317400	6893672	1124380860415833
827272	717840	109432	2228	6074946	5503906	1124380867589741
1179068	1157850	21218	4334	10048042	10067322	1124380879087469
0	0	0	0	0	0	0
1180392	1154220	26172	2469	6282492	6357304	1124380890590659
0	0	0	0	0	0	0
1174330	1155076	19254	3324	8445910	8042818	1124380912484459
664888	643404	21484	1701	5073346	4287708	1124380918494949
9103544	9100936	2608	2389	6745522	14101054	1124380934615535
352220	189248	162972	1254	4277234	3079324	1124380939516119
1085076	1064824	20252	1146	4198504	3597128	1124380945070933
1190826	1170214	20612	1524	4762104	4458624	1124380951294643
1003616	985360	18256	2838	7720820	6920474	1124380960295355
1177084	1158336	18748	757	3185852	2909756	1124380964928819
225922	206290	19632	1387	4800944	3218954	1124380970227601
0	0	0	0	0	0	0
1125302	1106400	18902	778	3450080	2902206	1124380981748885
1215804	1157416	58388	3625	9259806	8685862	1124380992495295
0	0	0	0	0	0	0
1179890	1159400	20490	4116	10206470	9630854	1124381009981259
1045518	1024776	20742	3541	8884312	8348226	1124381020182815
0	0	0	0	0	0	0
440912	421934	18978	138	2261536	937230	1124381030482123
1460492	1158088	302404	3398	8300212	8477238	1124381040515627
0	0	0	0	0	0	0
1084684	1064766	19918	4330	10747776	9963496	1124381057083719
1076470	1056658	19812	1997	5602550	5289274	1124381064033463
294816	274176	20640	751	3053576	2016684	1124381067653725
359828	338786	21042	304	2684500	1187864	1124381070968743
694102	674902	19200	1683	4768706	4280708	1124381076702971
0	0	0	0	0	0	0
394468	372500	21968	4052	9512514	8722354	1124381090117255
894696	875806	18890	1074	4022134	3263106	1124381095305445
0	0	0	0	0	0	0
347966	192194	155772	1046	3495868	2659180	1124381103006609
1179550	1160276	19274	1820	5340698	5039170	1124381109798179
0	0	0	0	0	0	0
1314512	1295620	18892	503	2976942	2541832	1124381120105079
953970	927862	26108	3001	7897784	7175570	1124381129228435
0	0	0	0	0	0	0
494016	474300	19716	3206	8326032	7130478	1124381150466289
725270	704338	20932	901	3736570	2747364	1124381155199529
1262124	1162550	99574	4711	11649406	10902794	1124381168386321
1177408	1157798	19610	1660	5206866	4717358	1124381175041553
274646	254584	20062	689	3260244	1873320	1124381178846749
0	0	0	0	0	0	0
674870	655584	19286	4450	10912000	9793812	1124381200786763
858498	839530	18968	3635	9382118	8348004	1124381211300325
1287044	1162354	124690	1159	4192000	3833116	1124381217054843
852434	831524	20910	4807	11493486	10685952	1124381229672119
555864	536652	19212	4644	11309790	10064402	1124381241809535
570636	551026	19610	339	2484880	1467456	1124381245136225
340102	315974	24128	3398	8201112	7356696	1124381253947633
1043192	1020684	22508	1625	4930992	4513854	1124381260192685
793866	773802	20064	3388	8791878	7789446	1124381270049245
1181896	1161962	19934	2588	7288988	6576846	1124381278793243
1182586	1162768	19818	4440	10461324	10282100	1124381290707825
188330	168600	19730	2426	6414748	5261024	1124381297581513
1177400	1157316	20084	1390	4461818	4182520	1124381303492559
0	0	0	0	0	0	0
1313586	1161662	151924	3612	8638466	8758192	1124381317320641
263978	244828	19150	3997	9711670	8477154	1124381327572919
1180742	1160392	20350	1515	4818354	4435396	1124381333843675
903554	882640	20914	4807	11349130	10737876	1124381346368363
0	0	0	0	0	0	0
450570	430070	20500	2777	7488008	6223972	1124381362145299
1308754	1156148	152606	1518	4937938	4565730	1124381368663391
565414	546238	19176	4911	11866060	10608160	1124381381365959
328758	308450	20308	1246	3869396	3041052	1124381385839259
1286818	1157586	129232	3597	9033168	8699716	1124381396431275
1182672	1162730	19942	3397	8755616	8196662	1124381406641059
219270	198320	20950	1898	5460660	4236064	1124381412593599
1314480	1157704	156776	3990	9861352	9514702	1124381424040743
1285018	1164030	120988	1573	5052426	4651758	1124381430649203
1177678	1158184	19494	2998	7783612	7393188	1124381439881809
392908	316514	76394	4025	9582462	8662302	1124381450128923
1090190	1070680	19510	903	3817902	3116922	1124381455308203
848536	828094	20442	4058	10025766	9187112	1124381466458451
1177192	1158194	18998	2849	7496500	7095588	1124381475403033
228836	204056	24780	2038	5911956	4528930	1124381481820645
1175390	1155842	19548	2576	7246260	6546426	1124381490513129
0	0	0	0	0	0	0
0	0	0	0	0	0	0
758786	739724	19062	1021	3764576	3020378	1124381511676365
1174820	1155424	19396	2521	7057974	6435752	1124381520180309
995312	976318	18994	256	2546550	1728216	1124381523992781
1188858	1166676	22182	1647	4721944	4723804	1124381530174263
1182260	1158356	23904	3051	7976708	7504602	1124381539605609
1176678	1157754	18924	82	1963266	1560310	1124381543015993
599626	579156	20470	3606	8638444	8032240	1124381552524865
199150	179346	19804	1823	5611372	4064320	1124381558606365
0	0	0	0	0	0	0
0	0	0	0	0	0	0
1174394	1155334	19060	4533	10990684	10460606	1124381594049313
495256	476066	19190	2314	6476518	5343824	1124381601292149
1179202	1160370	18832	1416	4706720	4233892	1124381607454041
0	0	0	0	0	0	0
1173582	1155590	17992	1925	5623358	5242936	1124381627496273
187698	168922	18776	804	3371100	2019702	1124381631326351
1177742	1157092	20650	3314	8652408	8029600	1124381641432329
892290	871062	21228	3590	8858848	8292894	1124381651454801
1180780	1160874	19906	4213	10499946	9827774	1124381663407185
825942	806534	19408	4843	11359658	10732404	1124381675868259
632566	608822	23744	2107	5681300	5071290	1124381682454849
0	0	0	0	0	0	0
27750	5220	22530	165	1755624	597954	1124381688078125
1175942	1156474	19468	3640	7522044	8675894	1124381697044115
266960	247668	19292	929	3392874	2345334	1124381700975069
0	0	0	0	0	0	0
0	0	0	0	0	0	0
0	0	0	0	0	0	0
241152	209602	31550	887	3194800	2294402	1124381731705651
1204752	1184636	20116	3960	9335998	9344348	1124381742518589
0	0	0	0	0	0	0
1180046	1157822	22224	256	2085326	1912058	1124381751587805
1334854	1169916	164938	2861	6855968	7276390	1124381760050513
1179690	1160166	19524	1736	5349692	4872244	1124381766851315
814282	722988	91294	747	3240378	2527016	1124381771177859
1178528	1158282	20246	4831	11664536	11063936	1124381784296025
1248940	1181456	67484	3066	8171200	7601310	1124381793988381
0	0	0	0	0	0	0
1177864	1157832	20032	840	3681052	3077274	1124381808097195
1180374	1161336	19038	3440	8748972	8280310	1124381818297619
334876	314346	20530	639	3280534	1832302	1124381822184095
1180430	1160156	20274	4969	11359784	11358116	1124381834995545
534722	513474	21248	2874	7497760	6502600	1124381843299763
729482	585052	144430	2794	7300074	6538092	1124381851604481
0	0	0	0	0	0	0
696766	677168	19598	3675	9144818	8266504	1124381868159623
0	0	0	0	0	0	0
1050722	933604	117118	2129	6081194	5529370	1124381883467455
1187216	1168952	18264	1178	4225974	3766016	1124381889151915
1180762	1158370	22392	4357	10548208	10113810	1124381901157365
0	0	0	0	0	0	0
1052774	1033790	18984	1728	5179834	4727262	1124381916727265
912144	753720	158424	1345	4417464	3821382	1124381922328573
415410	396034	19376	2397	6630162	5429814	1124381929645793
968024	946882	21142	4420	10785000	10026178	1124381941670293
0	0	0	0	0	0	0
965712	945946	19766	2509	6985754	6203170	1124381962249861
1180232	1160030	20202	2084	6142998	5567402	1124381969844361
1179510	1158350	21160	1008	3852940	3415598	1124381975147553
1181276	1161688	19588	989	3956064	3378272	1124381980555289
381132	361016	20116	2209	6248134	5019956	1124381987455085
1244016	1183134	60882	2132	6154648	5732146	1124381995125913
1181694	1160636	21058	529	2662416	2458666	1124381999241551
1012850	994220	18630	1889	5800316	5014448	1124382006330639
6787520	6784666	2854	480	2522374	7966818	1124382015911269
586058	567068	18990	1836	5527456	4478848	1124382022295773
1178508	1159406	19102	3609	9276532	8616836	1124382033022119
559988	540090	19898	3931	9578300	8642102	1124382043431501
1174654	1155862	18792	997	4091636	3388046	1124382048968169
0	0	0	0	0	0	0
516604	496920	19684	1970	5363824	4694914	1124382058746019
0	0	0	0	0	0	0
1175448	1155906	19542	3170	8543662	7736140	1124382072886763
0	0	0	0	0	0	0
1180788	1156194	24594	4075	10042258	9552204	1124382096675939
1174294	1155580	18714	1936	5429498	5265870	1124382103551353
1182224	1161528	20696	3810	9344808	9026882	1124382114349233
1177606	1158516	19090	4699	11104228	10796144	1124382126902513
1184774	1158298	26476	2703	7222656	6809714	1124382135581579
0	0	0	0	0	0	0
438752	419674	19078	2121	6257744	4900760	1124382146923459
1182326	1163382	18944	204	1892756	1809606	1124382150269041
440060	419860	20200	653	2603212	1967002	1124382153582743
535854	516574	19280	4899	11356252	10553168	1124382165746439
191216	169770	21446	1951	5884404	4313056	1124382172093755
1176334	1156928	19406	1533	4823292	4462526	1124382178364845
416928	397052	19876	875	3456460	2386402	1124382182509419
199114	177942	21172	1820	5767120	4059524	1124382188747515
822330	743334	78996	1624	4925620	4288402	1124382194766729
1182016	1159772	22244	4226	9890132	9853288	1124382206110329
1177496	1158014	19482	2530	6663506	6456252	1124382214221705
1191980	1163750	28230	287	1949258	1986080	1124382217634179
198350	177218	21132	2017	6126070	4451124	1124382224230495
917962	837200	80762	4637	10952236	10410996	1124382236372001
1180100	1159660	20440	3099	7791140	7597704	1124382245614119
1176036	1156314	19722	3072	7774054	7544070	1124382254835939
0	0	0	0	0	0	0
926476	907718	18758	2320	6575922	5786498	1124382274934273
1198752	1178400	20352	3691	9390622	8800710	1124382285794433
807972	788610	19362	3515	8799984	8059042	1124382295673579
827046	807398	19648	1689	5190678	4424876	1124382301962625
1176452	1157760	18692	4036	9791516	9468434	1124382313201991
885112	865568	19544	3330	8696076	7769448	1124382323058523
426248	405100	21148	3527	8701490	7699530	1124382332457599
0	0	0	0	0	0	0
1179138	1158596	20542	4272	10518522	9942512	1124382356172295
1178106	1156116	21990	2431	6383774	6260328	1124382364005225
1184882	1164472	20410	1271	4494020	3947442	1124382369955911
421196	402922	18274	270	2329256	1181632	1124382372978231
1302960	1159444	143516	1835	5071206	5192786	1124382379623965
635174	615786	19388	2272	6467902	5399124	1124382386998085
1072980	1054002	18978	1381	4641324	4055780	1124382392983879
1186526	1164668	21858	2583	7231494	6572492	1124382401673333
1176856	1157972	18884	4192	10347556	9779986	1124382413469571
1177956	1158696	19260	4268	10171968	9932398	1124382425090603
964914	946696	18218	2526	6513278	6236506	1124382432839475
0	0	0	0	0	0	0
1182526	1163556	18970	1343	4409912	4092286	1124382449430993
825296	805596	19700	2034	5730456	5112856	1124382456257671
0	0	0	0	0	0	0
1177194	1157424	19770	3835	9668538	9067586	1124382472703471
0	0	0	0	0	0	0
803020	782744	20276	3525	8742998	8072940	1124382488509169
1177274	1158022	19252	2292	6320588	5980378	1124382496277373
1225218	1156518	68700	421	2618222	2286552	1124382500393291
0	0	0	0	0	0	0
1190542	1160736	29806	1609	4952158	4628668	1124382512592525
1176558	1157802	18756	4497	10587804	10389974	1124382524628443
1179568	1160864	18704	1542	4566626	4483400	1124382530645419
1181030	1160778	20252	1225	4123418	3850224	1124382536220833
295872	277118	18754	3580	8957654	7674882	1124382545745561
496410	477530	18880	371	2461266	1458450	1124382548974079
1182482	1160326	22156	2230	5865144	5862218	1124382556294145
1155042	1113072	41970	2381	6819148	6136342	1124382564538611
0	0	0	0	0	0	0
0	0	0	0	0	0	0
550822	531988	18834	2149	5990530	5069756	1124382589342211
881170	862684	18486	4944	11754352	10993930	1124382602252425
0	0	0	0	0	0	0
232730	198098	34632	4539	10848862	9530198	1124382623223865
879878	861150	18728	192	2190796	1484154	1124382626570993
1179894	1157836	22058	2481	6365904	6360660	1124382634388923
421954	401198	20756	4389	10832666	9419108	1124382645914905
1184998	1163960	21038	2949	7500118	7302662	1124382654871909
789736	769864	19872	3720	9185950	8449542	1124382665118565
1180266	1159936	20330	4840	11428708	11080362	1124382677998993
990330	971000	19330	701	3046430	2611886	1124382682306999
1181436	1162316	19120	4793	11428144	10987422	1124382695188001
0	0	0	0	0	0	0
1163480	1141364	22116	3654	9143142	8692028	1124382714481915
0	0	0	0	0	0	0
310064	185686	124378	3618	9050366	7766184	1124382734036329
1186556	1167680	18876	937	3560634	3280490	1124382739054803
1184018	1161642	22376	2350	6710032	6104370	1124382747220199
258562	239662	18900	523	2648284	1525948	1124382750402711
32734	2600	30134	45	1664072	362216	1124382752371055
486826	460840	25986	445	1457458	1596520	1124382754586965
576872	557860	19012	445	2296372	1686784	1124382757730989
1177122	1157704	19418	4271	10357376	9937898	1124382769537133
4277816	4274322	3494	4308	10310068	13118720	1124382784395765
471508	452536	18972	4659	11130698	10009384	1124382796269319
407764	384588	23176	598	2980690	1823064	1124382799929549
0	0	0	0	0	0	0
1105092	1077542	27550	2527	6845616	6379496	1124382817204741
1177822	1158522	19300	2390	6603268	6178078	1124382825261411
907552	887796	19756	1682	5336054	4496252	1124382831781081
493746	474990	18756	1631	5231172	3976030	1124382837777239
1174700	1156050	18650	128	1640456	1654522	1124382840864189
1179458	1160206	19252	4569	10597788	10557330	1124382852912855
1178446	1158234	20212	126	2099166	1650514	1124382856461785
0	0	0	0	0	0	0
575022	554738	20284	3824	9607938	8446724	1124382869778259
544794	525120	19674	3739	9272304	8241894	1124382879867959
1176406	1157300	19106	3153	8265200	7702370	1124382889581529
0	0	0	0	0	0	0
0	0	0	0	0	0	0
518450	498680	19770	3238	8235308	7214634	1124382909271389
0	0	0	0	0	0	0
1229662	1160212	69450	3157	7868264	7783354	1124382922004525
1174990	1155878	19112	3223	8227538	7841034	1124382931677803
1193162	1174282	18880	243	2401058	1899642	1124382935543931
1181204	1162676	18528	467	3119616	2335914	1124382940115959
1176842	1158010	18832	4652	11583518	10699104	1124382953147451
1177340	1158144	19196	4695	11366782	10787706	1124382965967845
1335572	1316148	19424	762	3031564	3078666	1124382970606055
1176086	1157382	18704	963	3740576	3322636	1124382975794521
577256	558496	18760	400	2779194	1596140	1124382979421685
774828	756140	18688	3189	7783826	7372116	1124382988251173
0	0	0	0	0	0	0
1178932	1159978	18954	1819	5502894	5036666	1124383007859129
1113332	1093794	19538	895	3372526	3122758	1124383012615493
732202	713276	18926	320	2447306	1592594	1124383016066369
1193256	1168450	24806	3966	9238558	9345906	1124383026769315
1196148	1176696	19452	714	3401644	2843286	1124383031638145
1179500	1160486	19014	2764	7304938	6927044	1124383040393471
1179032	1160032	19000	1471	4649858	4340270	1124383046492961
0	0	0	0	0	0	0
506172	486278	19894	3201	8358112	7128296	1124383061965955
1185648	1164920	20728	1900	5745210	5205658	1124383069167389
1272688	1160354	112334	4672	10968996	10837232	1124383081684335
1262310	1162708	99602	153	2130064	1788196	1124383085347919
1187794	1166640	21154	3198	8619852	7803614	1124383095431319
1179448	1158214	21234	588	3165030	2575554	1124383100046983
586168	567012	19156	2721	7356444	6248454	1124383108261623
0	0	0	0	0	0	0
910484	737848	172636	2384	6479918	5898650	1124383121083851
1179370	1160356	19014	2908	7821700	7213770	1124383130356665
1183602	1162564	21038	372	7365712	2147578	1124383139176799
1318702	1159980	158722	3139	8172458	7816556	1124383148943819
1177458	1158310	19148	1263	4509704	3923382	1124383154902539
575756	556904	18852	2561	6570042	5917724	1124383162318773
1127262	1108976	18286	1519	4930690	4384832	1124383168648231
602376	583104	19272	1868	5551406	4557450	1124383175073291
1180222	1160454	19768	3472	8892750	8343664	1124383185417083
1180892	1156664	24228	4907	11714632	11217886	1124383198583675
1176702	1157732	18970	4167	10141836	9730590	1124383210173389
988144	969470	18674	951	3680434	3109582	1124383215112759
610594	591354	19240	1851	5488428	4532518	1124383221483183
0	0	0	0	0	0	0
0	0	0	0	0	0	0
1177736	1159612	18124	195	2436100	1786784	1124383235454225
1179204	1160538	18666	2721	6703884	6839396	1124383243609633
956792	930698	26094	2067	5732660	5314864	1124383250571143
521300	500860	20440	2388	6745610	5517172	1124383258109613
1175422	1155180	20242	4887	11537064	11169266	1124383271093621
1271472	1159720	111752	4998	11504758	11486938	1124383284141601
265342	244182	21160	1048	4031410	2581226	1124383288709395
419958	401236	18722	388	2656902	1415186	1124383292058009
1176862	1157678	19184	4060	9521742	9516144	1124383303028815
296390	266496	29894	918	3351244	2353744	1124383306948333
1178026	1157212	20814	3950	9982570	9297432	1124383318379901
1176780	1156506	20274	3299	8398536	7995538	1124383328226555
1178772	1153596	25176	2518	6919522	6434394	1124383336596463
1176350	1156620	19730	1972	5689870	5340852	1124383343734001
810462	782828	27634	2965	8029826	6960450	1124383352846071
719510	699756	19754	4362	10500208	9664524	1124383364337009
1186574	1158330	28244	4345	10080488	10095540	1124383375875989
0	0	0	0	0	0	0
1176862	1156310	20552	2260	5652998	5936296	1124383386800171
0	0	0	0	0	0	0
479874	442230	37644	1249	4518642	3197384	1124383400941079
284376	260296	24080	3482	8632658	7467892	1124383410129505
548994	529598	19396	578	3093600	1924958	1124383414044113
1182984	1164122	18862	3726	9645626	8855040	1124383425144029
1192470	1160128	32342	432	2638054	2275904	1124383429251459
1179058	1159964	19094	1476	5144812	4349368	1124383435850023
952874	930850	22024	1578	5103382	4328598	1124383442177761
1163864	1019110	144754	2249	6199720	5881012	1124383449812705
0	0	0	0	0	0	0
1188546	1166896	21650	38	1753704	1484714	1124383465187275
0	0	0	0	0	0	0
1071394	1051258	20136	2883	7825938	7058380	1124383478626011
1175960	1156980	18980	3978	9808224	9352198	1124383489882509
214750	179218	35532	3495	8568448	7423422	1124383498937219
1176848	1158184	18664	3730	9356344	8856460	1124383509741217
0	0	0	0	0	0	0
0	0	0	0	0	0	0
513646	486258	27388	2714	7394696	6161066	1124383535907835
1181936	1161294	20642	1225	4509218	3852842	1124383541870069
0	0	0	0	0	0	0
1305838	1163940	141898	4001	9871662	9528620	1124383561691839
1267020	1159770	107250	1268	4434058	4022142	1124383567664979
1201002	1166960	34042	1116	3971478	3651946	1124383573108919
732682	712316	20366	4282	10291194	9518094	1124383584404501
0	0	0	0	0	0	0
0	0	0	0	0	0	0
1175370	1155888	19482	4864	10887044	11123902	1124383603725039
5425470	5421946	3524	3641	9293040	12926822	1124383618715059
961748	942664	19084	3694	9384948	8569550	1124383629333231
694036	673054	20982	3797	9611898	8512326	1124383639915433
287256	266904	20352	360	2384490	1226804	1124383642858645
1125612	1106538	19074	3414	8231378	8173124	1124383652486911
497960	472840	25120	2952	7713130	6622676	1124383660969193
1178116	1159586	18530	4922	11826114	11240782	1124383674245285
453774	434188	19586	998	3816820	2669688	1124383678786875
384832	364550	20282	2081	5960988	4766886	1124383685403875
1185934	1163836	22098	121	1939668	1647444	1124383688804981
1175876	1155370	20506	741	2900812	2878182	1124383693152869
880268	719836	160432	2532	6852736	6164046	1124383701161215
796828	774708	22120	1722	5398612	4460710	1124383707633733
0	0	0	0	0	0	0
665652	645830	19822	1754	4914026	4393742	1124383716834499
1177442	1155748	21694	2074	6009062	5545680	1124383724292183
1174630	1155646	18984	2597	6955742	6588746	1124383732693315
0	0	0	0	0	0	0
407088	386512	20576	1836	5442038	4299368	1124383746001689
0	0	0	0	0	0	0
1059402	1039954	19448	2069	5286936	5416118	1124383756147937
1180850	1162432	18418	2678	7035806	6756474	1124383764635319
1255980	1234952	21028	4911	11583728	11296624	1124383777746319
1138726	1118356	20370	1080	3940536	3518478	1124383783097057
1178450	1158236	20214	967	3695768	3332474	1124383788242739
985920	853746	132174	2463	6871960	6132038	1124383796372119
1445280	1157584	287696	1022	3953146	3709230	1124383802041459
1184906	1165024	19882	3603	9183244	8611016	1124383812680995
1039536	1019022	20514	1355	4632044	3969272	1124383818623605
1311474	1292454	19020	3710	9112880	8952104	1124383829319413
315568	295704	19864	4999	11974836	10537272	1124383841885429
218586	199942	18644	3502	8807170	7442434	1124383851182395
363070	343194	19876	163	2271770	907904	1124383854092819
1186726	1160444	26282	2809	7132052	7024750	1124383862682459
1174690	1155984	18706	1627	5114140	4648470	1124383869242359
877238	857456	19782	2610	6731154	6316650	1124383877126845
0	0	0	0	0	0	0
1175402	1155758	19644	288	2013718	1972148	1124383891652919
811248	718248	93000	3458	8995282	7946542	1124383901730669
0	0	0	0	0	0	0
1240836	1157056	83780	986	3992230	3433334	1124383911214179
7716474	7713986	2488	2761	7379476	13458736	1124383926585763
785192	762084	23108	3415	8556280	7835678	1124383936198343
1228960	1161854	67106	1169	3847706	3786458	1124383941546065
1190884	1169348	21536	2529	6988474	6469396	1124383949997951
746296	726838	19458	2766	7346978	6498632	1124383958363315
1177288	1158318	18970	3818	9562482	9032130	1124383969374185
1176650	1157586	19064	1750	5168964	4896504	1124383975995489
1184014	1165182	18832	2372	6366460	6148784	1124383983816823
1179098	1160308	18790	1229	4398686	3856820	1124383989665863
0	0	0	0	0	0	0
0	0	0	0	0	0	0
1145800	1124266	21534	3125	7925858	7616580	1124384022078299
508362	488100	20262	1993	5753564	4715224	1124384028610819
1175236	1155750	19486	1045	3870324	3486426	1124384033927629
1181386	1160998	20388	4853	11536902	11107052	1124384046917719
1188016	1166712	21304	533	2625802	2473092	1124384051002313
1176158	1158226	17932	615	3286108	2626590	1124384055736439
1184896	1165670	19226	392	2668224	2188866	1124384059861099
1186812	1167306	19506	1915	6155820	5237286	1124384067474995
1182782	1157634	25148	3939	9967398	9280750	1124384078896839
811526	792720	18806	2399	6615664	5829270	1124384086595539
1180220	1160276	19944	503	2854598	2405954	1124384090902209
0	0	0	0	0	0	0
245368	178140	67228	256	2419648	976400	1124384098879309
467182	446582	20600	2662	6726264	6011412	1124384106345071
857530	837010	20520	4682	11027302	10440236	1124384118501323
1174374	1155454	18920	2947	7672540	7287754	1124384127620099
1182200	1159834	22366	3937	9620408	9276628	1124384138693813
1346490	1326976	19514	1218	4230398	4003594	1124384144542069
398052	366198	31854	367	2434214	1352088	1124384147645613
481790	461024	20766	4643	10688128	9987164	1124384159087229
676234	656132	20102	3985	9846190	8866162	1124384169881619
1180708	1156358	24350	1715	5200122	4830262	1124384176534041
1178790	1159802	18988	948	3643508	3294524	1124384181628083
0	0	0	0	0	0	0
963694	943844	19850	3084	7804930	7351546	1124384197554849
0	0	0	0	0	0	0
1174286	1155274	19012	82	1941398	1558074	1124384207717373
927962	908604	19358	541	2588146	2234858	1124384211505041
1180390	1161032	19358	1064	3716224	3528182	1124384216673435
932394	911522	20872	1438	4593902	4028582	1124384222471391
1177090	1158436	18654	4076	9800170	9548886	1124384233719989
0	0	0	0	0	0	0
561040	541784	19256	447	3042760	1674934	1124384241265885
438584	419800	18784	757	2676850	2171820	1124384244655413
0	0	0	0	0	0	0
913726	894514	19212	436	2453552	2006692	1124384260680441
1177024	1156162	20862	3427	8919292	8251358	1124384271047649
452344	432716	19628	270	2484652	1212554	1124384274272919
1181036	1160456	20580	3861	9181784	9123290	1124384284907539
1178140	1158042	20098	2504	6703748	6405468	1124384293060573
1189996	1156374	33622	748	3289042	2906354	1124384297810403
1194220	1166682	27538	979	3890236	3371494	1124384303166599
517814	497824	19990	2357	6613904	5452100	1124384310574113
1083166	1064168	18998	43	1998862	1390012	1124384313927441
0	0	0	0	0	0	0
1177454	1157636	19818	2468	6315010	6331840	1124384333755579
866380	848052	18328	1151	4191362	3388288	1124384339084485
1176066	1156086	19980	3447	8814694	8291110	1124384349346089
0	0	0	0	0	0	0
506776	487916	18860	1272	4404040	3269314	1124384364128695
330160	311986	18174	4199	10395800	8947828	1124384375125993
1187698	1166462	21236	1753	5213004	4914030	1124384381797483
0	0	0	0	0	0	0
884584	865852	18732	2978	7717572	7059796	1124384400012221
1175104	1156116	18988	4698	11387830	10789894	1124384412846653
567370	548280	19090	3538	8947590	7864192	1124384422632819
640776	621430	19346	1790	5573318	4441448	1124384429118203
666842	647294	19548	184	2365586	1254296	1124384432422209
1090844	1067426	23418	2449	6168256	6209484	1124384439952175
1194760	1175498	19262	4167	10233438	9748370	1124384451652013
1179056	1158166	20890	2790	7019256	6979642	1124384460122251
1244610	1160362	84248	8	1571246	1480494	1124384463209571
1180950	1162492	18458	345	2094166	2090690	1124384466760101
272516	254162	18354	2434	6754018	5360134	1124384474057569
1188578	1168604	19974	1518	4598472	4443504	1124384480115629
0	0	0	0	0	0	0
1187390	1157500	29890	475	2916040	2358622	1124384495398329
1244396	1223550	20846	628	3328136	2720198	1124384500247281
1184206	1164020	20186	3792	9428078	8987264	1124384511131029
0	0	0	0	0	0	0
1081222	1062810	18412	2550	6746412	6401280	1124384526695879
744312	580848	163464	138	1967690	1239906	1124384529678961
1182886	1159822	23064	4150	9702568	9702342	1124384540835455
439948	419800	20148	2659	7186150	5978752	1124384548732449
1176428	1157246	19182	1973	5483506	5341226	1124384555662885
490918	471770	19148	3768	9168024	8250796	1124384565593281
1177526	1156128	21398	4173	10357520	9743766	1124384577399791
1304806	1166536	138270	2066	5893044	5661978	1124384584873055
0	0	0	0	0	0	0
1174454	1155592	18862	3739	8883988	8875748	1124384598204591
321282	246352	74930	2993	7756832	6527012	1124384606553379
1188452	1157920	30532	728	3137622	2864798	1124384611150479
1173936	1155290	18646	183	2388534	1763018	1124384614987939
714858	695572	19286	4562	11342152	10063756	1124384627316735
1174906	1155320	19586	1618	4738084	4631494	1124384633520771
1179938	1160070	19868	970	3733896	3343548	1124384638705753
1203468	1165524	37944	4618	11182996	10660032	1124384651363213
1080048	1062144	17904	358	2331100	2015558	1124384655049761
1177188	1158400	18788	1157	4629172	3709730	1124384661126859
3037384	3035168	2216	3241	8145200	9738694	1124384672580965
1176068	1157486	18582	4692	10999086	10779492	1124384685027555
0	0	0	0	0	0	0
803238	781544	21694	546	2408362	2134176	1124384692266665
211682	175048	36634	3644	8451722	7719202	1124384701201043
1180650	1159642	21008	4623	11215274	10648926	1124384713871915
1200190	1179016	21174	2433	6461424	6285864	1124384721805379
0	0	0	0	0	0	0
0	0	0	0	0	0	0
1245786	1159404	86382	3548	8831008	8561164	1124384753710733
412374	313764	98610	901	3805120	2434740	1124384758199309
692092	672204	19888	193	2473730	1297680	1124384761636961
1178994	1157792	21202	897	3332228	3196338	1124384766419851
565628	546268	19360	687	3471966	2160542	1124384770728445
1186102	1166424	19678	4937	12070178	11279862	1124384784254833
1174270	1155484	18786	895	3720366	3184156	1124384789420935
880832	859424	21408	4204	10032448	9508326	1124384800605425
1179052	1159536	19516	1193	4317298	3784464	1124384806373601
357504	337114	20390	1157	8777530	2891246	1124384815780003
0	0	0	0	0	0	0
538936	519718	19218	3359	8671960	7476996	1124384831483301
402796	383172	19624	2438	6801270	5498266	1124384838959075
1321390	1162910	158480	912	3746182	3365130	1124384844297631
897056	875658	21398	3817	9223394	8750276	1124384854689221
349410	329848	19562	1772	5481984	4113230	1124384860791559
1176040	1156330	19710	834	3645286	3063518	1124384865884139
1176200	1156526	19674	2446	6730566	6287306	1124384874062245
462350	442728	19622	3018	7726648	6719396	1124384882522321
1216170	1161942	54228	1080	3922780	3595478	1124384887932129
0	0	0	0	0	0	0
1183390	1163862	19528	2323	7028308	6050416	1124384900205239
921848	903140	18708	168	2013516	1477486	1124384903411655
1040144	892738	147406	2089	5581670	5439004	1124384910303913
1203056	1183912	19144	2884	7816196	7190066	1124384919594733
1174400	1155194	19206	2153	5940068	5704456	1124384926980053
1178100	1158214	19886	2873	7426600	7142754	1124384935855643
0	0	0	0	0	0	0
395388	375954	19434	2046	5624470	4706456	1124384954834813
935718	915538	20180	3282	8329072	7719412	1124384964371063
1176434	1155552	20882	2183	6176766	5761916	1124384971995739
615806	596804	19002	1024	4166020	2884336	1124384977049041
1185220	1164714	20506	3381	8606570	8166074	1124384987112369
1181580	1159848	21732	2619	6893038	6638358	1124384995458679
238430	214490	23940	2207	6319620	4872716	1124385002287511
1176696	1158194	18502	2764	7183572	6925094	1124385010919711
1177392	1158234	19158	1235	4478032	3868360	1124385016846315
1113820	1093212	20608	4500	10908728	10333874	1124385029140679
279458	259404	20054	2002	5916012	4503406	1124385035612263
0	0	0	0	0	0	0
1177176	1158374	18802	1917	5806334	5230718	1124385047479869
1179380	1159242	20138	4866	11489182	11134628	1124385060419995
1233134	1160224	72910	1565	4963520	4582594	1124385066887703
846558	826000	20558	2710	7302624	6487662	1124385075309085
1177762	1157328	20434	3802	9311362	9001346	1124385086074195
363422	311990	51432	3889	9718692	8361656	1124385096427779
965730	946594	19136	1803	5568666	4792130	1124385103234009
0	0	0	0	0	0	0
1037362	1015556	21806	377	2412260	2010910	1124385116127531
735084	714598	20486	2894	7742624	6742162	1124385124877197
681664	662420	19244	1815	5124790	4530810	1124385130955739
355942	314096	41846	697	3351922	1970520	1124385134935975
1175356	1156126	19230	2187	6424756	5768984	1124385142807319
1167920	1147918	20002	3418	8463024	8222604	1124385152709867
1181404	1161384	20020	1080	4257288	3559894	1124385158419303
1177660	1157980	19680	4588	10882840	10573140	1124385170751431
0	0	0	0	0	0	0
1134626	1113960	20666	3070	7940440	7493012	1124385185898301
1179224	1158102	21122	785	3519716	2970276	1124385190868839
1177308	1157738	19570	2971	7878706	7339334	1124385200196843
1178844	1158060	20784	1889	5496144	5177850	1124385207142363
1062988	1043766	19222	3379	8520060	8040474	1124385217002429
812254	792880	19374	1766	5242138	4563024	1124385223327615
407014	388716	18298	3274	8471816	7177946	1124385232500325
0	0	0	0	0	0	0
1183700	1159388	24312	1844	5317914	5098320	1124385244796229
1298710	1279724	18986	4103	9608274	9724198	1124385255973829
1069344	992126	77218	2491	6845458	6271628	1124385264160425
1154006	1130186	23820	2528	6914914	6430766	1124385272501023
0	0	0	0	0	0	0
0	0	0	0	0	0	0
1265004	1160618	104386	4592	10759204	10669226	1124385302979777
651096	623176	27920	3249	8143532	7369764	1124385312045823
771866	753548	18318	4848	11313856	10686984	1124385324402501
1182150	1160526	21624	965	3837848	3332240	1124385329694739
1004580	983914	20666	2984	7516980	7196226	1124385338487081
1177040	1155914	21126	3223	8257684	7841906	1124385348193463
618018	557602	60416	2530	6850094	5897226	1124385355932381
1201438	1181694	19744	2681	7066600	6783382	1124385364471777
0	0	0	0	0	0	0
1001866	982814	19052	3364	8409290	7950150	1124385380554019
632768	610532	22236	3365	8730740	7583046	1124385390188857
546614	527374	19240	3213	8270104	7191908	1124385399276653
1175214	1156138	19076	1309	4298860	4012770	1124385405027239
0	0	0	0	0	0	0
906994	887516	19478	360	2581038	1846802	1124385418412891
1187548	1169196	18352	4757	10800434	10921852	1124385430671381
1146338	1118830	27508	142	1919340	1650746	1124385434008139
731292	712190	19102	2001	5403964	4953178	1124385440415015
1185278	1165696	19582	3810	9034546	9024194	1124385450904935
684924	666122	18802	1020	4005280	2944814	1124385455866513
188480	168688	19792	3852	9584334	8113002	1124385465910019
1011558	991918	19640	56	1934486	1344368	1124385469127063
977466	958442	19024	4159	9780364	9515786	1124385480160881
632258	612534	19724	3229	8379822	7309908	1124385489443641
554866	535902	18964	375	2652390	1527930	1124385492922201
1199900	1156710	43190	1427	4151974	4272956	1124385498545215
0	0	0	0	0	0	0
1176948	1157448	19500	88	1869054	1572096	1124385511862151
0	0	0	0	0	0	0
1195038	1174794	20244	4516	10903632	10446462	1124385533436071
1177620	1157718	19902	4325	10521430	10051956	1124385545406545
446618	319548	127070	1821	5479396	4325694	1124385551603513
1176080	1156974	19106	52	1918058	1500548	1124385554968959
1177376	1158224	19152	4542	10394602	10482304	1124385566812139
1219226	1199440	19786	291	2061138	2019924	1124385570363939
0	0	0	0	0	0	0
0	0	0	0	0	0	0
0	0	0	0	0	0	0
8398040	8387600	10440	2045	6144512	12708020	1124385618580459
945622	925390	20232	2378	6289786	5922226	1124385626087969
789918	770598	19320	3803	9521016	8615246	1124385636670159
962638	936150	26488	2660	7228322	6503050	1124385645132791
1176268	1156490	19778	4020	10067960	9443776	1124385656652349
693736	674692	19044	3310	8286438	7533348	1124385665903733
1183986	1163242	20744	3669	8852108	8742556	1124385676211935
0	0	0	0	0	0	0
1058726	1039954	18772	640	3044438	2558938	1124385690846553
803180	782264	20916	1712	5333810	4447570	1124385697254969
1182212	1160282	21930	2758	7237392	6917338	1124385705949943
0	0	0	0	0	0	0
1369042	1230056	138986	780	3467182	3148508	1124385715712665
1175204	1155598	19606	278	2319160	1951260	1124385719478799
493424	474470	18954	4858	11873020	10430278	1124385732116925
0	0	0	0	0	0	0
0	0	0	0	0	0	0
1179246	1157298	21948	3785	9514314	8969062	1124385759568573
1193770	1172040	21730	4697	11287008	10807196	1124385772320969
453002	432638	20364	2197	6383502	5067202	1124385779428149
1180642	1160854	19788	4071	10016360	9546052	1124385790895721
1073476	1053622	19854	3753	9008254	8799100	1124385801248469
1176694	1157656	19038	1188	4203334	3773582	1124385806903661
1177810	1158024	19786	1912	5798284	5220718	1124385814150693
720562	701830	18732	698	3018812	2337258	1124385818161433
333908	243820	90088	2219	6560504	4992012	1124385825326713
0	0	0	0	0	0	0
0	0	0	0	0	0	0
209544	178948	30596	2190	6258952	4809840	1124385851492145
676872	658208	18664	308	2283138	1516602	1124385854723441
196666	177028	19638	2187	5776874	4790200	1124385860969215
1177004	1158170	18834	1406	4759832	4208868	1124385867177501
1177760	1157172	20588	1209	4309030	3815950	1124385872940205
1282354	1187146	95208	2610	7066916	6722690	1124385881560725
230632	210400	20232	201	2211352	852128	1124385884274999
1183128	1164192	18936	1784	5020430	4970218	1124385890749441
1039538	1020508	19030	2659	6954100	6578156	1124385899013791
1285112	1265626	19486	2130	6052292	5765580	1124385906621315
896250	861024	35226	1284	4493592	3684518	1124385912282413
1188282	1168502	19780	2430	6864710	6268742	1124385920606371
1190478	1171344	19134	4695	11200828	10801342	1124385933268477
1175678	1155968	19710	4905	11670324	11210158	1124385946427575
1177236	1158352	18884	2076	6034572	5549156	1124385953911081
1177166	1157570	19596	2692	7271672	6779740	1124385962630919
0	0	0	0	0	0	0
1265808	1160244	105564	3979	9680926	9444220	1124385984595433
0	0	0	0	0	0	0
1182618	1161702	20916	551	2900194	2503726	1124385999616113
682534	663980	18554	1069	4051514	3040704	1124386004621959
1218074	1195444	22630	3150	8179876	7737770	1124386014291441
1261548	1230348	31200	3413	8927012	8307940	1124386024750839
559574	539764	19810	1759	5367594	4296680	1124386030948849
1182290	1159612	22678	1770	5389446	4941456	1124386037791461
1184754	1161672	23082	4588	11347084	10580348	1124386050593843
900802	880082	20720	1953	5963516	5026994	1124386057729843
1178874	1159890	18984	4215	10410250	9829692	1124386069589819
0	0	0	0	0	0	0
0	0	0	0	0	0	0
1179260	1160164	19096	308	2464832	2014168	1124386094222001
984432	962448	21984	4377	10025018	9980128	1124386105503121
374404	345364	29040	2844	7600150	6281380	1124386113749019
1025694	1006936	18758	137	2190956	1520086	1124386117236315
1027746	1007416	20330	1670	4739834	4587514	1124386123284275
1177710	1157556	20154	4240	10288840	9878234	1124386135026155
360510	340838	19672	4037	10108842	8655346	1124386145766891
241182	220778	20404	3400	8458992	7260124	1124386154737499
752066	645724	106342	120	2417546	1212740	1124386158178371
1186474	1166408	20066	2891	6949770	7188712	1124386166586713
705886	684950	20936	3402	8598154	7729544	1124386176162019
1181580	1160420	21160	4914	11696856	11228898	1124386189311619
0	0	0	0	0	0	0
