# Loop @ Start frequency 2500000Hz took 852.93 cycles
# Interval [849 ; 857]
# Q1 : 848 ; Q3 : 850
# Loop @ Target frequency 3100000Hz took 710.02 cycles
# Interval [707 ; 713]
# Q1 : 706 ; Q3 : 708
# Confidence intervals do not overlap, alternatives are statistically different with selected confidence level
Change time (with write) [cycles]	Change time [cycles]	Write cost [cycles]	Wait time [us]	Time since last frequency change request [cycles]	Time since last frequency change [cycles]	Detected frequency change timestamp [cycles]
1645456	1514302	131154	3567	244480516	244775704	1124762238344085
902940	882262	20678	4812	10966124	10736338	1124762250405489
1919112	1900892	18220	907	3212498	3942968	1124762255727631
1755880	1737488	18392	3036	6634882	8036918	1124762264304307
1583782	1560044	23738	4996	10988604	11784934	1124762277062143
1674720	1654156	20564	2463	6302346	6802156	1124762285213031
1640636	1615474	25162	4156	9317476	10161056	1124762296356857
1612300	1593894	18406	3982	9250588	9784364	1124762307408411
1665238	1642562	22676	4075	9540024	10023704	1124762318799253
857730	840858	16872	3998	8898884	9061436	1124762328741569
1466528	1448008	18520	3427	8224234	8518046	1124762338606313
1610900	1594698	16202	2191	5616202	6190272	1124762346006629
1266892	1246888	20004	4544	10459894	10553162	1124762357906603
0	0	0	0	0	0	0
1404468	1386290	18178	4101	9552426	9818168	1124762380186037
1416236	1394650	21586	3295	7980002	8214178	1124762389767745
1574786	1556342	18444	2535	6483782	6854602	1124762398012229
1202098	1184172	17926	27	1441030	1466000	1124762400841535
1588958	1524026	64932	2511	6448290	6819950	1124762409064281
1537682	1519384	18298	4626	10607554	11001736	1124762421394937
1400628	1379424	21204	4697	10624166	11003548	1124762433605829
775176	756168	19008	4859	11069164	10703486	1124762445636243
1482848	1461436	21412	1572	4543514	4834820	1124762451847851
726356	710196	16160	447	2265342	1818222	1124762455013271
1626742	1608068	18674	3556	7415912	8948408	1124762464235677
1435150	1293686	141464	4871	11093422	11386192	1124762476949965
1248018	1227592	20426	3275	7250922	8006294	1124762485634817
1438602	1418288	20314	1540	4462314	4728598	1124762491721321
1324158	1305560	18598	3078	7545858	7689330	1124762500776813
1095656	1077520	18136	1572	4530000	4449626	1124762506588271
1535854	1517690	18164	1286	3956338	4316984	1124762512266415
1577398	1561040	16358	4158	9335886	10102654	1124762523365789
702108	685424	16684	156	1180864	1212894	1124762525422479
1442254	1423902	18352	590	2548904	2818838	1124762529586557
1614566	1597894	16672	1788	4836130	5388406	1124762536210845
1543458	1525460	17998	4822	10451188	11385346	1124762548379649
449158	430416	18742	271	1928234	1187526	1124762550953309
1398282	1379656	18626	2722	6884512	7055768	1124762559426497
1521198	1501988	19210	3041	7335772	7813400	1124762568469335
1240978	1222962	18016	1519	3985160	4487454	1124762573885109
1676382	1656976	19406	1506	4423600	4897628	1124762580170439
0	0	0	0	0	0	0
1657596	1638596	19000	3273	7951724	8413858	1124762601093489
1634240	1616558	17682	1904	4769366	5650242	1124762607681961
880478	862224	18254	2294	5852198	5665932	1124762614588253
1018108	1000260	17848	1597	4577652	4421442	1124762620369857
873306	855180	18126	2113	5228484	5308604	1124762626661015
550714	532162	18552	412	2205218	1582426	1124762629602369
1755580	1734966	20614	138	1657700	2240610	1124762633201237
1000326	982094	18232	3347	7438880	7902856	1124762641825925
1155694	1137924	17770	16	1416434	1396022	1124762644583285
1329160	1310458	18702	1746	4874564	5029060	1124762650972669
1406988	1388540	18448	4935	10935166	11486236	1124762663500411
1145722	1126936	18786	3464	8219166	8283478	1124762673051081
0	0	0	0	0	0	0
1719018	1700528	18490	2732	6824364	7391546	1124762692454241
1650348	1489450	160898	1498	3985796	4855606	1124762698279393
1238422	1221840	16582	4146	9660214	9726214	1124762709351361
1770006	1643202	126804	1096	3014282	4158620	1124762714308919
1275750	1259552	16198	1260	3890814	3993558	1124762719648631
1410922	1390912	20010	4117	9607174	9842994	1124762730839707
1530902	1513922	16980	2011	5343848	5750198	1124762737887643
1186640	1169980	16660	172	1721294	1728242	1124762740969375
598412	577566	20846	2268	5984458	5347532	1124762747741173
1668602	1650474	18128	4094	9567674	10065152	1124762759163313
526110	508200	17910	745	2491538	2224950	1124762762366765
1588454	1569768	18686	2672	5572534	7141414	1124762769723077
1677762	1628276	49486	3355	8106252	8596506	1124762779692385
0	0	0	0	0	0	0
1231348	1213222	18126	4099	9585210	9641814	1124762796145763
0	0	0	0	0	0	0
1203684	1186752	16932	2673	6376934	6747340	1124762813025835
1608740	1590382	18358	2143	5661258	6095158	1124762820468861
855968	795480	60488	1737	4304808	4526358	1124762825806061
1044156	1026044	18112	1406	4182162	4052968	1124762831206169
354560	336286	18274	797	2024268	2145116	1124762833758569
822802	805968	16834	643	2654796	2305336	1124762837408799
776022	667386	108636	3558	8499214	8089422	1124762846857913
1646200	1629822	16378	4047	8892498	9937328	1124762857570031
1684968	1646812	38156	882	3056746	3646496	1124762862484751
1584282	1567132	17150	2473	5666310	6727402	1124762869912015
1092788	1075484	17304	1585	4504212	4460854	1124762875682475
1676518	1659360	17158	2540	6447560	6954382	1124762883980153
1671750	1617954	53796	4264	9252162	10397372	1124762895077297
1394362	1376586	17776	2738	6714932	7067582	1124762903359849
769954	737186	32768	2733	6844068	6433256	1124762911147399
1420656	1402230	18426	4271	9924794	10162816	1124762922665995
1395612	1377630	17982	2902	6801994	7396752	1124762931036893
1394644	1378668	15976	3628	8263048	8847406	1124762940867851
1458298	1438698	19600	3111	7608198	7878864	1124762950107561
1902158	1880214	21944	266	1945964	2642534	1124762954141373
1391842	1370398	21444	4833	10329658	11271188	1124762966048805
963650	945508	18142	157	1700362	1486250	1124762968898731
1245750	1227924	17826	226	1834578	1905842	1124762972164843
1587350	1568264	19086	1531	3662658	4857296	1124762977600377
1568718	1548674	20044	3004	7271272	7787070	1124762986625665
1757862	1738566	19296	3731	8461380	9428830	1124762997030653
1660614	1642488	18126	4131	9241024	10121268	1124763008105309
1401738	1383912	17826	3481	8333818	8561670	1124763018014393
947016	929192	17824	587	2170700	2317528	1124763021305599
957624	934628	22996	4252	8718718	9657794	1124763031160129
1740732	1594168	146564	3693	8762228	9328230	1124763041837177
1514912	1498138	16774	3638	8243638	8988418	1124763051769279
1541144	1522408	18736	2737	6845932	7213192	1124763060329575
1393590	1375452	18138	1854	4627194	5310154	1124763066535925
2008474	1990708	17766	262	1934456	2741790	1124763070664803
1713450	1696388	17062	2312	5443580	6545296	1124763078007719
1940586	1922626	17960	533	2358458	3214874	1124763082492801
1476958	1458904	18054	3593	7606376	8872572	1124763091765145
1180922	1162882	18040	99	1191232	1587906	1124763094323097
1586090	1564470	21620	4288	9971034	10369962	1124763106066213
1466350	1435254	31096	4109	9510352	9893416	1124763117228299
1411240	1392668	18572	2408	6254260	6436856	1124763125079149
1460054	1440742	19312	3027	7502622	7726456	1124763134227883
1565398	1548340	17058	4985	11310222	11743310	1124763147289029
1353926	1337890	16036	678	2635218	2906460	1124763151451517
1586754	1566244	20510	2117	5618058	6029794	1124763158842405
1643102	1624440	18662	2293	5971034	6437198	1124763166642719
1612594	1594718	17876	1789	4422970	5398054	1124763172864159
225046	181548	43498	914	2715590	2261696	1124763175990589
1180518	1160580	19938	4153	9693068	9695654	1124763187049933
1322708	1301514	21194	1515	4417546	4566160	1124763192976093
1286166	1268402	17764	1040	3465490	3578536	1124763197913537
1399554	1382010	17544	4496	10269812	10598680	1124763209768737
1479794	1459198	20596	3415	8202740	8506122	1124763219624897
641752	621350	20402	4104	9530248	9047064	1124763229970857
1494864	1474496	20368	3390	7874554	8483854	1124763239525893
1412282	1391506	20776	3186	7097526	7993386	1124763248221281
555526	520464	35062	4864	10713620	10492828	1124763259676415
1046760	1027210	19550	3823	9028780	8901154	1124763269937585
1655582	1638662	16920	4098	9679106	10058284	1124763281458217
1190056	1173928	16128	155	1679136	1697008	1124763284500631
1479290	1459834	19456	3875	9273734	9437136	1124763295455881
1434144	1415254	18890	4861	11078588	11364716	1124763308154651
1640356	1620306	20050	2928	7184182	7705340	1124763317164825
1250440	1161774	88666	110	1709842	1680532	1124763320310865
1413692	1392996	20696	1900	5189570	5422616	1124763327100083
1216972	1198640	18332	4545	10120626	10515150	1124763338623255
863996	843028	20968	3369	8121424	7811450	1124763347794233
1717894	1697840	20054	2297	5976138	6519946	1124763355674055
1698412	1680144	18268	4406	10098826	10719424	1124763367656491
1981712	1963808	17904	787	2829414	3763724	1124763372653735
1236414	1218338	18076	3521	7602712	8487084	1124763381678373
548510	509962	38548	2005	5393882	4766910	1124763387806421
1578194	1558904	19290	1318	4019482	4422858	1124763393590097
1481480	1394644	86836	4294	9844196	10278500	1124763405101129
2138116	2061388	76728	824	3022930	3986058	1124763410435771
941624	841104	100520	1278	3007458	3694580	1124763414561191
1523326	1507046	16280	2680	6105294	7081016	1124763422362853
1594096	1576888	17208	1094	3574394	3979592	1124763427707583
1064518	1045262	19256	3047	7479138	7355770	1124763436424061
1188600	1169392	19208	162	1706614	1722384	1124763439508133
1651636	1628730	22906	1420	4221808	4698852	1124763445567065
1526462	1508436	18026	1616	4479160	4965954	1124763451757899
1061176	1042936	18240	4621	10629446	10512308	1124763463634519
914772	896318	18454	1886	5157248	4895498	1124763469892067
1431820	1411840	19980	4189	9759522	10017220	1124763481269031
1719970	1700478	19492	4642	10484338	11215040	1124763493659077
1535570	1517392	18178	2200	5204310	6147856	1124763500584625
1395322	1377456	17866	4100	9051040	9802696	1124763511216167
948162	810878	137284	3859	8769390	8864082	1124763521106953
1718638	1700588	18050	1704	4406484	5322484	1124763527405505
1087182	1068384	18798	4153	9029934	9601606	1124763537707971
1395454	1375396	20058	3768	8917124	9140414	1124763548206175
1532008	1514078	17930	2718	6824656	7175974	1124763556748637
915948	896306	19642	3756	8527304	8636150	1124763566378763
873554	850094	23460	1692	4766662	4465314	1124763572208077
1332192	1312548	19644	4481	10348660	10504210	1124763584074617
705104	686566	18538	1863	5198112	4640964	1124763590163465
1635994	1507934	128060	2575	6033936	6994108	1124763598018311
713380	692854	20526	1574	4538660	4069274	1124763603455637
1773800	1667310	106490	4855	11094606	11692516	1124763616509957
1216986	1161222	55764	44	1285736	1513242	1124763619201131
1718680	1700252	18428	4716	10604550	11362988	1124763631710749
1677806	1659710	18096	3488	7637838	8865694	1124763641211813
817264	799100	18164	2537	5943242	6099990	1124763648157199
1503346	1482518	20828	3773	8929660	9258970	1124763658775211
1877236	1859160	18076	320	2029118	2725544	1124763662867071
1871232	1851168	20064	1013	2871736	4106682	1124763667795045
2241448	2221448	20000	613	2183386	3675748	1124763672405111
1323528	1307390	16138	4795	10007370	11111878	1124763683913073
1828416	1807612	20804	1000	3372540	4026208	1124763689288031
1572682	1554240	18442	2181	5250208	6144100	1124763696296247
1735774	1717462	18312	4979	10851238	11901662	1124763709069251
1669790	1649328	20462	1799	4316870	5476548	1124763715241229
1577762	1539242	38520	1483	3926862	4751338	1124763720931137
1582692	1564678	18014	1306	4002776	4402186	1124763726702065
1609882	1582336	27546	1083	3557938	3984642	1124763732055217
1495096	1468924	26172	2629	6642654	6963078	1124763740378333
1269974	1224806	45168	847	3007314	3171568	1124763744845177
0	0	0	0	0	0	0
1634230	1616310	17920	2324	6030350	6491848	1124763761407297
1624696	1330780	293916	2335	6002190	6503064	1124763769219721
1122290	1103532	18758	4813	10677100	10956456	1124763781205215
1111170	1091390	19780	4546	10705738	10413264	1124763793208025
1582570	1563798	18772	3083	7267380	7958190	1124763802243359
1428586	1383576	45010	4348	9593124	10332934	1124763813451265
1732932	1701112	31820	1639	4667780	5219522	1124763820037577
1392638	1375296	17342	4708	10105012	11015700	1124763831721071
715178	698402	16776	3991	9365978	8895164	1124763841975537
2025224	2008388	16836	895	3157146	4012196	1124763847331515
842958	826298	16660	130	911322	1299586	1124763849259253
1526294	1497926	28368	3547	8464046	8817860	1124763859422601
737134	595040	142094	2350	6021616	5647210	1124763866367439
1106890	1088088	18802	3611	8243636	8538354	1124763875907105
1398748	1377150	21598	3071	6975004	7750046	1124763884466897
1171758	1153022	18736	3121	7605352	7623366	1124763893433853
801896	782650	19246	3537	8456578	8084590	1124763902877897
1552166	1534464	17702	1541	4466338	4843354	1124763909082113
864632	846096	18536	4851	11098070	10778212	1124763921230457
1708822	1690138	18684	3520	8459324	8957716	1124763931584597
1730752	1710334	20418	3752	15640990	9444518	1124763949142401
1395632	1376840	18792	1926	5063498	5459650	1124763955787259
1466874	1448516	18358	4751	10742388	11176818	1124763968182377
1564802	1546736	18066	2108	5603576	5989354	1124763975536241
1640752	1621122	19630	3409	8075768	8667968	1124763985438151
1481630	1461594	20036	1582	4547768	4854028	1124763991652937
1578742	1559300	19442	1307	3996248	4400864	1124763997414011
1447814	1428830	18984	3269	7805514	8195352	1124764006853045
1681210	1662690	18520	1444	4292778	4777344	1124764013012371
1175748	1157310	18438	367	1707100	2117756	1124764016080885
1422618	1404476	18142	4526	10224760	10683592	1124764027913655
1556074	1538222	17852	1010	3215504	3784370	1124764032871095
1488512	1468308	20204	3218	6979922	8132400	1124764041525483
979194	959034	20160	4507	10449656	10202922	1124764053140047
723222	704938	18284	3592	8570880	8120760	1124764062619889
1197460	1179882	17578	4429	10229098	10252014	1124764074220039
1540188	1521440	18748	2363	6094938	6464148	1124764082028843
1652520	1633770	18750	3697	8789954	9255816	1124764092657069
769896	750088	19808	765	2255258	2508386	1124764095868429
1422722	1395046	27676	3037	6304182	7704600	1124764103787213
1386410	1365734	20676	1186	3763316	3967756	1124764109122837
1567574	1549386	18188	2722	6833954	7226042	1124764117709949
1395796	1377432	18364	2586	6220942	6777458	1124764125512135
1570754	1553284	17470	2562	6522726	6902474	1124764133791009
1114032	1094668	19364	3618	8641508	8559438	1124764143732213
608496	590736	17760	410	2204088	1637146	1124764146730629
996614	976080	20534	4858	11098178	10921518	1124764159010653
694796	670616	24180	1582	4549900	4072242	1124764164440811
1472180	1454222	17958	3846	9081052	9372948	1124764175184109
1619160	1600312	18848	3808	8854464	9447546	1124764185843015
2015802	1986930	28872	616	2753772	3457568	1124764190797631
1834736	1816282	18454	730	2860350	3504082	1124764195678523
1358272	1339520	18752	4975	10687402	11519736	1124764207909977
1629954	1607630	22324	3171	7721994	8180340	1124764217447549
927398	908728	18670	3263	7908868	7662484	1124764226468921
887070	868716	18354	3658	8385408	8411744	1124764235930525
1510482	1492398	18084	2970	7337598	7660614	1124764244963905
1141212	1123290	17922	1899	4913924	5148660	1124764251204545
1464722	1446846	17876	4467	10315284	10607710	1124764263170003
1000326	984090	16236	4256	9897586	9721492	1124764274253371
1543862	1525900	17962	1769	4918294	5278436	1124764280888893
1404368	1384908	19460	4276	9922718	10154454	1124764292389397
1177688	1158292	19396	301	1848536	1987330	1124764295604729
1556494	1538308	18186	3424	7076272	8613138	1124764304429469
1579964	1561958	18006	2861	6922192	7510856	1124764313120869
1401404	1382854	18550	4112	9628532	9838504	1124764324336215
1623348	1601694	21654	4151	9684296	10134136	1124764335842065
995812	977832	17980	2256	5813140	5717090	1124764342836453
0	0	0	0	0	0	0
1380646	1361162	19484	4903	11196626	11395896	1124764366291109
1208736	1189366	19370	1688	4851454	4793646	1124764372537175
1135254	1115200	20054	2109	5321736	5561606	1124764379179625
1433580	1412774	20806	1608	4236932	4857632	1124764385035909
1477062	1443822	33240	962	3288946	3613352	1124764389987389
932002	913852	18150	3338	8057630	7815874	1124764399162217
1895388	1876084	19304	735	2852140	3572734	1124764404095587
1290628	1270844	19784	1482	3945384	4462768	1124764409516777
859492	840984	18508	3071	7539840	7210398	1124764418101569
1112912	1092502	20410	4014	9409910	9349084	1124764428810935
1302988	1283994	18994	1443	4276842	4396786	1124764434576947
1253822	1234958	18864	1781	4945142	5024686	1124764440961717
1438440	1417892	20548	2561	6492632	6757518	1124764449066309
1705468	1614076	91392	2849	7059926	7615892	1124764458017257
1087374	1068406	18968	1244	3670922	3785156	1124764462961133
1511012	1488164	22848	2967	6468920	7653670	1124764471126711
1003214	985388	17826	1604	4140904	4421012	1124764476456843
1047054	911784	135270	39	1463016	1334794	1124764479156697
0	0	0	0	0	0	0
1665372	1646536	18836	4374	10087110	10622278	1124764497460851
0	0	0	0	0	0	0
1512442	1494330	18112	2513	6077688	6749762	1124764515073791
1416538	1398896	17642	2483	6353684	6594848	1124764523029817
1991642	1870820	120822	4695	10739712	11594172	1124764535946731
1566114	1550106	16008	2080	4770990	5923664	1124764542457159
1393156	1375794	17362	4985	10804964	11560414	1124764554832089
1412736	1391894	20842	4703	10887580	11016336	1124764567305681
494590	476268	18322	3532	8353318	7767584	1124764576339465
1409728	1390736	18992	2604	6594568	6827232	1124764584532557
0	0	0	0	0	0	0
424838	404992	19846	596	2485056	1827084	1124764599063547
1622508	1603616	18892	4133	9653766	10101844	1124764610525149
1428384	1410402	17982	4664	10714146	10965792	1124764622852913
1416242	1395630	20612	3903	9089830	9430906	1124764633544717
973172	955262	17910	1905	4998078	4991350	1124764639701565
1767548	1741102	26446	3540	8461302	9056060	1124764650115909
1538600	1521428	17172	4592	10574830	10931316	1124764662414715
1731366	1714740	16626	4918	11204634	11764270	1124764675527351
1101256	1084014	17242	1158	3677516	3614094	1124764680479241
2010224	1988086	22138	856	2343756	3919112	1124764685010173
970930	952364	18566	3235	7850626	7641606	1124764694004797
1795406	1777658	17748	553	2685790	3098876	1124764698659241
1671334	1653012	18322	3179	7186730	8225718	1124764707691125
1696654	1677062	19592	4849	10482912	11594662	1124764720044317
1442086	1425402	16684	4083	9023962	9805210	1124764730683677
551042	534094	16948	4279	10052816	9305824	1124764741460575
1704730	1675802	28928	3894	8783746	9693484	1124764752122153
816570	798754	17816	1731	4822022	4475844	1124764757933985
1246110	1226606	19504	2542	6451696	6527688	1124764765805431
1888386	1870082	18304	1197	3343640	4478982	1124764771211669
1404710	1387946	16764	4572	9948340	10746242	1124764782737931
1427594	1410572	17022	4725	10799762	11075568	1124764795138681
560378	540292	20086	1616	4591310	3994194	1124764800463549
1132614	1114490	18124	2907	7320596	7155978	1124764809105709
1773252	1755078	18174	2035	5455270	6054508	1124764816520305
1180130	1162166	17964	251	1776856	1889348	1124764819663157
1108602	1090392	18210	4439	9107946	10195546	1124764830071523
1291424	1272026	19398	4084	9553738	9669094	1124764841102279
1392766	1375322	17444	3836	9061342	9276442	1124764851741431
1738362	1721410	16952	1843	4668170	5620266	1124764858320989
1604418	1585788	18630	2724	6072602	7249536	1124764866170977
1514882	1498796	16086	2228	5828684	6167800	1124764873687423
1529586	1509792	19794	4334	9948132	10394574	1124764885338135
1177304	1157222	20082	220	1829164	1825452	1124764888529797
927926	909854	18072	2469	5173132	6075458	1124764894822373
510808	477074	33734	4381	10148046	9482382	1124764905667183
885124	865430	19694	3324	8031484	7741030	1124764914769405
1533894	1515858	18036	1701	4785190	5144816	1124764921274149
1519490	1404794	114696	2389	6160810	6505558	1124764929139695
1324464	1305754	18710	1254	3871608	4045008	1124764934520625
1467786	1448444	19342	1146	3676402	3967950	1124764939849889
1654238	1635020	19218	1524	4418732	4898856	1124764946096293
796190	777402	18788	2838	6450608	6680248	1124764953528217
2199226	2057592	141634	757	2895562	3921174	1124764958809213
1123266	1104308	18958	1387	3972832	4105628	1124764964091175
1555666	1536760	18906	1916	5217220	5597188	1124764971049575
0	0	0	0	0	0	0
1511564	1492978	18586	3625	8648372	8971238	1124764986749309
1151296	1133402	17894	1366	3992602	4092626	1124764992079041
1398326	1379604	18722	4116	9614804	9839444	1124765003277951
1129504	1107944	21560	3541	8425722	8420128	1124765013019087
1598366	1578810	19556	2343	6076646	6497546	1124765020879889
0	0	0	0	0	0	0
1432192	1408222	23970	3398	8200182	8436528	1124765033727577
419036	399266	19770	577	2554516	1782478	1124765036886437
1405712	1386312	19400	4330	8888652	10274530	1124765047373041
1423172	1355508	67664	1997	5376890	5625780	1124765054358435
1837364	1817832	19532	751	2885498	3548346	1124765059270561
1178004	1159466	18538	304	1184992	1993536	1124765061819177
771078	696114	74964	1683	4635644	4345894	1124765067412213
1074380	1057300	17080	24	1429586	1331412	1124765070101507
1170922	1149736	21186	4052	9486142	9482526	1124765080943977
1561402	1541666	19736	1074	3533152	3920790	1124765086224403
1189388	1161398	27990	192	1626628	1781682	1124765089226361
1418190	1399592	18598	1046	3404582	3719254	1124765094235135
1689860	1669032	20828	1820	5032128	5538614	1124765101142757
1596708	1577270	19438	1357	3580244	4519528	1124765106505557
1741016	1721854	19162	503	2332688	2955510	1124765110767805
1672250	1638130	34120	3001	6805030	7883872	1124765119431021
1616162	1598950	17212	4432	9692038	10687612	1124765130924741
1551838	1533998	17840	3206	7784620	8160564	1124765140434325
1884002	1866540	17462	901	2839268	3884212	1124765145334435
1158636	1137986	20650	4711	9816888	10777702	1124765156483017
857646	836646	21000	1660	4696866	4375502	1124765162219949
758412	740946	17466	689	2253462	2332796	1124765165404699
1403120	1383558	19562	3718	7650158	9035622	1124765174637365
1794962	1776988	17974	4450	10135622	10891612	1124765186741203
1331144	1311920	19224	3635	8706004	8809452	1124765196963307
1496634	1478838	17796	1159	3713388	4026524	1124765202358777
861106	842506	18600	4807	10558114	10683444	1124765213967109
1396402	1377796	18606	4644	10801438	10892366	1124765226350357
565852	545826	20026	339	2064756	1451988	1124765229169749
1613810	1478342	135468	3398	8202064	8619504	1124765239171665
1651856	1630946	20910	1625	4639824	5110914	1124765245649645
892360	872454	19906	3388	7963030	7878476	1124765254690079
695342	658188	37154	2588	6562246	6080072	1124765262133005
1488634	1469646	18988	4440	10268986	10575434	1124765274076109
993076	964900	28176	2426	6253662	6040958	1124765281496513
1372948	1354606	18342	1390	4150784	4349746	1124765287194333
6141114	6138988	2126	517	2401922	7371266	1124765295910441
1455482	1435348	20134	3612	8619168	8888214	1124765306170829
1149896	1131776	18120	3997	9375858	9351962	1124765316883175
1588202	1569546	18656	1515	4382310	4827970	1124765323039417
1589988	1571774	18214	4807	11003794	11417530	1124765335819081
1720614	1699034	21580	2226	5450500	6380856	1124765343175657
1462786	1443700	19086	2777	6479688	7225572	1124765351303763
1530542	1511878	18664	1518	4419498	4775772	1124765357439493
1561652	1543898	17754	4911	11203678	11592344	1124765370390521
1421546	1402628	18918	1246	4076674	4122082	1124765376078361
593108	575128	17980	3597	8582084	7996340	1124765385439843
1476172	1457162	19010	3397	8175318	8478444	1124765395276855
813324	782990	30334	1898	5101880	4819108	1124765401377937
1624402	1606272	18130	3990	8873112	9812588	1124765412060935
0	0	0	0	0	0	0
1480674	1462046	18628	2998	6942942	7685822	1124765426859089
1162486	1143446	19040	4025	9443788	9421128	1124765437650815
1938302	1918916	19386	903	3194086	3953460	1124765442968611
959740	940824	18916	4058	8643244	9284100	1124765452757969
1746802	1685710	61092	2849	7064614	7641286	1124765461742863
1400176	1383154	17022	2038	4990288	5674044	1124765468306161
1586828	1567562	19266	2576	6520480	6935764	1124765476586857
0	0	0	0	0	0	0
862488	842684	19804	3309	8006994	7689050	1124765491466411
1839012	1818922	20090	1021	3455518	4090414	1124765496946909
1655242	1635168	20074	2521	5598874	6905480	1124765504387081
501270	482784	18486	256	1885042	1222320	1124765506963095
746206	727652	18554	1647	4693386	4252588	1124765512587963
882994	864858	18136	3051	7486200	7194990	1124765521142697
1181958	1161798	20160	82	1553360	1559060	1124765524063661
1543168	1524622	18546	3606	8424220	8964714	1124765534216769
972888	954094	18794	1823	5036806	4827284	1124765540412459
1125906	1105212	20694	2797	6977818	6929584	1124765548705373
1492228	1451836	40392	2847	7076794	7395332	1124765557459667
903178	884156	19022	4533	10335730	10176056	1124765568884385
1609734	1593706	16028	2314	6064926	6435052	1124765576732909
1394042	1377970	16072	1416	3763146	4422726	1124765582063145
854152	835170	18982	4815	10956780	10682816	1124765594047257
801878	783886	17992	1925	5233410	4861760	1124765600268961
1846214	1826260	19954	804	2992134	3663798	1124765605293277
1700186	1680692	19494	3314	7626262	8537816	1124765614805161
1242748	1221006	21742	3590	7990456	8630318	1124765624223653
1550462	1534294	16168	4213	9808368	10184510	1124765635769173
1137174	1120548	16626	4843	10648282	11021912	1124765647727797
447288	395876	51412	2107	5585624	4858950	1124765653933853
1802674	1785848	16826	466	2298984	2931246	1124765658209227
693386	677292	16094	165	930060	1220862	1124765660005917
1398962	1381786	17176	3640	8647596	8875410	1124765670225435
0	0	0	0	0	0	0
1706916	1689112	17804	4618	10633398	11152388	1124765688059359
1632598	1613928	18670	3585	8027474	9011178	1124765697904921
1195456	1164764	30692	169	1088328	1742846	1124765700373817
988404	863874	124530	887	3192040	2971802	1124765704742721
1704720	1685136	19584	3960	8906024	9832152	1124765715538935
1498968	1478878	20090	1222	3293724	4155542	1124765720517143
1194832	1177008	17824	256	1043732	1915198	1124765722941015
1624364	1605614	18750	2861	7166164	7548184	1124765731914345
1505592	1383424	122168	1736	4852626	5174562	1124765738445535
1555598	1539522	16076	747	2839884	3247620	1124765743017501
1476796	1455656	21140	4831	11109098	11338986	1124765755776711
581974	561638	20336	3066	7515906	6922948	1124765764059805
728678	696718	31960	3173	7770100	7322386	1124765772744479
2120850	2101728	19122	840	3062468	4009816	1124765778122575
1492654	1472562	20092	3440	7675646	8581352	1124765787476323
1794600	1776180	18420	639	2167682	3284704	1124765791624253
1680302	1661478	18824	4969	11463586	11826928	1124765804953845
1814252	1794450	19802	2874	7136016	7774254	1124765814089721
782030	763846	18184	2794	7001962	6579160	1124765822059429
1545614	1524588	21026	1947	5278528	5647764	1124765829068937
1581090	1562174	18916	3675	8738622	9143026	1124765839574385
1647448	1627418	20030	2683	6750986	7222480	1124765848158679
1382700	1363742	18958	2129	5180908	5849096	1124765854907869
1395846	1375944	19902	1178	3740058	3960890	1124765860228977
1638352	1617578	20774	4357	10102802	10560646	1124765872155377
658924	639378	19546	2768	6881808	6402904	1124765879891873
787706	767838	19868	1728	4839552	4452452	1124765885704651
1437308	1418296	19012	1345	4070160	4335920	1124765891398183
1068726	1049894	18832	2397	5788664	6074182	1124765898441583
1514676	1381658	133018	4420	10223130	10562750	1124765910367303
711282	679346	31936	4668	10640852	10243242	1124765921909817
1490284	1472790	17494	2509	6395208	6705018	1124765929968771
892576	874774	17802	2084	5538652	5258194	1124765936573085
1799272	1778924	20348	1008	3407696	4023552	1124765941965805
2122400	2104292	18108	989	3165308	4310210	1124765947438853
1528804	1510252	18552	2209	5644030	6156694	1124765954797203
1618492	1600244	18248	2132	5119134	6091308	1124765961720835
1903768	1883198	20570	529	2444026	3169986	1124765966254111
1702500	1666276	36224	1889	5138674	5689832	1124765973280757
1821788	1792780	29008	480	2170338	2993724	1124765977458029
1723800	1703130	20670	1836	4368338	5605206	1124765983735975
0	0	0	0	0	0	0
930422	910252	20170	3931	9281992	9001746	1124766003996477
1442768	1424680	18088	997	9601870	3645440	1124766015226697
957122	939306	17816	83	1551610	1332512	1124766017921029
869190	850782	18408	1970	5323402	5017840	1124766024299053
2033470	2014382	19088	897	3178814	4037428	1124766029697333
1467082	1446476	20606	3170	7016796	8018766	1124766038366869
1672522	1654746	17776	4614	10186072	11109524	1124766050414245
790230	772014	18216	4075	8894230	9149028	1124766060287857
764198	743614	20584	1936	5255954	4845062	1124766066493759
1530616	1511774	18842	3810	9007206	9358826	1124766077220121
1399782	1380940	18842	4699	10297100	11004996	1124766089103051
1662690	1645854	16836	2703	6438964	7266182	1124766097377895
1875976	1857496	18480	571	2519636	3215228	1124766101947127
1548778	1531562	17216	2121	4922860	5987502	1124766108591889
1190542	1173866	16676	204	1483710	1795682	1124766111439609
1512666	1494730	17936	653	2569588	3027646	1124766115711837
1318934	1301556	17378	4899	11138226	11324982	1124766128354037
1154730	1105534	49196	1951	5286396	5265158	1124766134983733
1637364	1617260	20104	1533	3962054	4911038	1124766140768347
1386866	1258924	127942	875	2988632	3345384	1124766145329799
1290298	1271764	18534	1820	5035830	5139608	1124766151841217
1048490	1030410	18080	1624	4630458	4504526	1124766157705345
1628112	1608498	19614	4226	9833648	10289138	1124766169352873
1593558	1576698	16860	2530	6050516	6854586	1124766177170169
0	0	0	0	0	0	0
1608136	1589264	18872	2017	5406788	5839030	1124766186680777
1432964	1414322	18642	4637	10684016	10915068	1124766198983493
1407008	1388222	18786	3099	7519820	7814506	1124766208095519
1799870	1667536	132334	3072	7483862	8151858	1124766217564271
1648864	1629992	18872	4460	10111050	10778596	1124766229509171
1681930	1664118	17812	2320	5511942	6521778	1124766236876069
1443356	1424448	18908	3691	8724834	9021696	1124766247217447
1532062	1508458	23604	3515	8459794	8759744	1124766257382145
1404294	1374884	29410	1689	4256030	4990144	1124766263228349
1554256	1536436	17820	4036	9374172	9835714	1124766274342219
1411002	1392748	18254	3330	7938410	8278680	1124766283880869
1297122	1278270	18852	3527	8349310	8560110	1124766293712977
1368176	1349344	18832	4512	10411712	10601482	1124766305677805
1585610	1550280	35330	4272	9916268	10328410	1124766317353255
1453054	1434650	18404	2431	6190142	6523566	1124766325182617
1186978	1168006	18972	1271	3931826	3938422	1124766330486533
1177458	1158770	18688	270	1351602	1927124	1124766333205017
1571838	1548180	23658	1835	5094724	5449716	1124766340057317
1729406	1710636	18770	2272	5928164	6483382	1124766347900843
1044302	1024910	19392	1381	4153296	4015446	1124766353283663
1715510	1696654	18856	2583	6639228	7091220	1124766361824827
789444	769706	19738	4192	9334450	9381030	1124766372134657
1115108	1087902	27206	4268	9916300	9859012	1124766383352229
1635528	1617500	18028	2526	6435302	6895600	1124766391608623
1506596	1488698	17898	4175	9384680	10064164	1124766402685491
0	0	0	0	0	0	0
669434	648922	20512	2034	5440074	4935486	1124766414334337
1976796	1930204	46592	894	3167726	3972842	1124766419667651
1470134	1450406	19728	3835	8299360	9348804	1124766429622893
1620838	1598064	22774	1528	4315662	4885480	1124766435745589
986700	967786	18914	3525	7988490	8246144	1124766444907345
532174	514318	17856	2292	5971180	5325622	1124766451596785
2270152	2252146	18006	421	2290146	3321206	1124766456342761
1252926	1234962	17964	1282	3386818	4024458	1124766461171497
984336	965382	18954	1609	4735754	4400262	1124766467064845
996262	976158	20104	4497	10379850	10202886	1124766478626677
1089442	1070762	18680	1542	4468144	4383548	1124766484369803
1402516	1382480	20036	1225	3829690	4060468	1124766489790855
1440592	1422678	17914	3580	8665516	8809738	1124766500082847
1860580	1842462	18118	371	2036480	2811302	1124766504164805
1143374	1124312	19062	2230	5075524	5811872	1124766510569563
1493268	1475440	17828	2381	6133188	6452626	1124766518369273
1446160	1427258	18902	2057	5006136	5756990	1124766524998105
1438236	1421990	16246	3524	7992580	8682654	1124766534602113
710568	692240	18328	2149	5300184	5205826	1124766540786411
1746894	1635116	111778	4944	11257968	11832208	1124766553964631
1547932	1530032	17900	3449	7777752	8642968	1124766563463617
1641954	1625792	16162	4539	10260366	10917426	1124766575539529
647444	630928	16516	192	1412838	1227650	1124766577773017
1491004	1452558	38446	2481	6337338	6650090	1124766585774641
1848456	1813004	35452	4389	10232886	10836440	1124766598041965
1759688	1740302	19386	2949	6795474	7866544	1124766606783157
1660354	1641732	18622	3720	8286244	9310210	1124766616915737
1625580	1605958	19622	4840	10710096	11514286	1124766629436849
1038234	1022108	16126	701	2772278	2636732	1124766633421345
1762574	1622784	139790	4793	10408312	11557324	1124766645777749
629164	610810	18354	2731	6221894	6299684	1124766652814245
829278	811146	18132	3654	8381678	8346884	1124766662210309
1419938	1401076	18862	3423	8229296	8475012	1124766672044909
1591814	1452650	139164	3618	8620310	9037188	1124766682442669
2041836	2023772	18064	937	3143462	4124326	1124766687816549
1453072	1394922	58150	2350	6176758	6351124	1124766695619869
1901036	1870238	30798	523	2437102	3156570	1124766700143811
1187396	1157496	29900	45	587684	1486286	1124766702104117
1327140	1162318	164822	445	2304964	2426088	1124766705921861
1104186	1084252	19934	445	1853308	2203100	1124766709064839
0	0	0	0	0	0	0
1381302	1361590	19712	4308	10000722	10206300	1124766730225837
1411330	1387946	23384	4659	10701378	10938454	1124766742523745
2202194	2056436	145758	598	2594506	3607442	1124766747506563
1276264	1258176	18088	2719	6386444	6927448	1124766755354599
781304	761416	19888	2527	6436208	6043622	1124766762757557
1536690	1378744	157946	2390	6162902	6525326	1124766770642877
1420988	1400810	20178	1682	4387400	4994044	1124766776637147
949482	931370	18112	1631	4647466	4419662	1124766782419585
809002	790694	18308	128	1644976	1275038	1124766785063095
1463818	1445532	18286	4569	10525748	10815742	1124766797237847
1177100	1159370	17730	126	1160244	1627218	1124766799748959
1955514	1864964	90550	87	1551694	2336988	1124766803429483
1476100	1457834	18266	3824	8587124	9337302	1124766813677981
1588988	1569776	19212	3739	8864504	9275838	1124766824316797
852518	834680	17838	3153	7245780	7367050	1124766832604269
592090	573406	18684	318	2025688	1436506	1124766835407813
1428744	1379052	49692	2058	5498830	5753234	1124766842520425
0	0	0	0	0	0	0
1102018	1082618	19400	312	1912326	1935334	1124766855253575
1314412	1296064	18348	3157	6549976	7837086	1124766863309931
1507840	1488886	18954	3223	7827466	8162210	1124766872831269
1176186	1158944	17242	243	1785914	1870334	1124766875979589
1176482	1157586	18896	467	1161032	2318432	1124766878509877
460666	437036	23630	4652	10686094	9973218	1124766889841977
1423694	1403514	20180	4695	10769942	11021884	1124766902220921
427708	409092	18616	762	2610916	2159624	1124766905444865
1181110	1162586	18524	963	2141876	3303518	1124766908964137
1746292	1726040	20252	400	2213366	2747126	1124766913097317
1393576	1374410	19166	3189	7875720	7980620	1124766922552605
1546912	1526874	20038	4682	10349098	11120218	1124766934633873
1605020	1586836	18184	1819	4811704	5452342	1124766941235949
1952024	1934104	17920	895	2909368	3955188	1124766946282905
372772	320104	52668	320	1902504	1221380	1124766948743625
1481428	1462152	19276	3966	9383800	9620904	1124766959794219
371232	352404	18828	714	2552724	2008262	1124766962903949
1682266	1662218	20048	2764	6899000	7417298	1124766971670945
1752416	1732346	20070	1471	4288308	4903122	1124766977897043
1012098	993420	18678	1798	4980378	4815702	1124766984074669
1568414	1550200	18214	3201	7786484	8179264	1124766993614945
987118	967030	20088	1900	4595850	4998926	1124766999383549
664864	647568	17296	4672	10743286	10215290	1124767010977131
1190950	1174872	16078	153	1755566	1697316	1124767014097195
1087476	1070858	16618	3198	7635732	7680344	1124767022993625
1930870	1914624	16246	588	2550884	3308402	1124767027648991
760382	743398	16984	2721	6814112	6399570	1124767035396475
1541364	1525022	16342	1103	3578266	3944394	1124767040689391
1532944	1514356	18588	2384	5681434	6498774	1124767048076931
896292	879318	16974	2908	7194006	6910214	1124767056340195
642502	614356	28146	372	2115238	1584708	1124767059274365
1580364	1562154	18210	3139	7732984	8067286	1124767068778273
1571572	1548082	23490	1263	3522056	4305278	1124767074057443
776330	758354	17976	2561	6518794	6106670	1124767081538173
1729502	1708996	20506	1519	4422030	4977430	1124767087875381
1429068	1411292	17776	1868	4484412	5374540	1124767093974819
1411244	1378556	32688	3472	8325268	8564234	1124767103896909
1433906	1417104	16802	4907	11165252	11457746	1124767116681355
854528	836204	18324	4167	9716830	9384972	1124767127425899
444744	428500	16244	951	2590032	2543358	1124767130634065
1853676	1834822	18854	1851	3924546	5753132	1124767136590965
1435896	1418766	17130	1590	3735000	4814282	1124767141935191
1796260	1775754	20506	589	2552672	3171476	1124767146457507
1251350	1159718	91632	195	1280046	1838782	1124767149192557
1595768	1573026	22742	2721	6667430	7255444	1124767157629037
1405974	1380634	25340	2067	5519032	5748694	1124767164739161
994740	975494	19246	2388	6144506	5978496	1124767172063909
1400050	1382170	17880	4887	11155874	11381272	1124767184805129
819134	795996	23138	4998	10950480	11023496	1124767196760091
1739542	1612894	126648	1048	3465594	4032750	1124767202138333
1969992	1952582	17410	388	1983160	2942760	1124767206264765
922358	904108	18250	4060	8728744	9255240	1124767216089161
1884388	1866506	17882	918	2838780	3929058	1124767220997153
1333276	1314960	18316	3950	9289956	9445030	1124767231805997
1258690	1240366	18324	3299	7983110	8065804	1124767241233341
1637504	1618802	18702	2518	6000074	6883092	1124767249056065
1621332	1598412	22920	1972	5287100	5779426	1124767256149851
1611900	1591680	20220	2965	6742626	7739274	1124767264678217
1396230	1371448	24782	4362	9627066	10316804	1124767275874453
1439168	1420374	18794	4345	9952986	10327698	1124767287439337
1236086	1162400	73686	252	1733318	1936906	1124767290582249
1202726	1183992	18734	2260	5898790	5920254	1124767297856797
1087660	1068622	19038	3056	7328292	7396336	1124767306445763
1381162	1363004	18158	1249	3880794	4087860	1124767311897233
473980	436444	37536	3482	8353682	7646188	1124767320909977
1451970	1434094	17876	578	2539794	2817120	1124767325087933
1395164	1376034	19130	3726	8840124	9059280	1124767335509045
457244	294410	162834	432	2285166	1529818	1124767338437121
705436	686198	19238	1476	4335844	3866022	1124767343667299
1028928	1009116	19812	1578	4540626	4394092	1124767349422723
1299914	1282576	17338	2249	5880044	6005856	1124767356787559
1654744	1638496	16248	4532	10434382	10916668	1124767369050277
960782	944562	16220	38	1457866	1238778	1124767371642269
1456432	1438670	17762	701	2773596	3055524	1124767376046049
858936	840954	17982	2883	7153516	6834136	1124767384244457
1584252	1562690	21562	3978	9337686	9748014	1124767395351665
1479314	1461532	17782	3495	7855916	8678454	1124767404872705
1599668	1580800	18868	3730	8842684	9268310	1124767415500989
1471792	1433338	38454	4538	10462380	10756794	1124767427620889
1657510	1632010	25500	1181	5658580	4216568	1124767435110655
1256972	1238452	18520	2714	6816834	6898840	1124767443370057
1335470	1316080	19390	1225	3835484	3995578	1124767448726511
1461704	1442290	19414	2628	6142890	6926854	1124767456516695
1146934	973564	173370	4001	9389082	9358098	1124767467237825
1133236	1115354	17882	1268	3585658	3878688	1124767472142139
1459804	1437002	22802	1116	3645556	3901294	1124767477432617
560772	541286	19486	4282	9966236	9334266	1124767488145389
289216	272424	16792	493	2355924	1472370	1124767490963837
1164110	1147442	16668	556	2485294	2476604	1124767494786713
1411840	1393230	18610	4864	11108356	11336560	1124767507480305
1471046	1454914	16132	3641	8656774	8950736	1124767517781465
1396066	1379300	16766	3694	8757586	8981940	1124767528108409
544064	526088	17976	3797	9082616	8335354	1124767537908385
562742	544922	17820	360	2108006	1492344	1124767540765105
1539414	1512012	27402	3414	8211018	8576228	1124767550745669
1681814	1660540	21274	2952	6855414	7795572	1124767559468053
1121108	1100496	20612	4922	11004562	11174358	1124767571779213
1835636	1816134	19502	998	3384418	4042036	1124767577185717
1601912	1582766	19146	2081	4876772	5972854	1124767583849917
1176600	1159078	17522	121	1060220	1615376	1124767586260483
1592696	1574646	18050	741	2712152	3283694	1124767590738695
818196	799638	18558	2532	6045512	6090390	1124767597788119
1185012	1154672	30340	1722	4827738	4838878	1124767603986881
1187858	1167292	20566	58	1501362	1513228	1124767606861707
1589452	1570454	18998	1754	4742470	5306894	1124767613379255
846010	827654	18356	2074	5092508	5205898	1124767619503761
1806328	1620562	185766	2597	6249724	7208368	1124767627746035
1239786	1220708	19078	2080	5549712	5607788	1124767634721411
638532	618394	20138	1836	5056276	4519918	1124767640602137
940050	922198	17852	130	1643406	1408388	1124767643371611
901966	884216	17750	2069	5522170	5247716	1124767649981477
807300	789410	17890	2678	6738146	6372660	1124767657712623
1615762	1598786	16976	4911	11189026	11634824	1124767670690993
1256062	1227554	28508	1080	3038952	3613360	1124767675159247
1831228	1812734	18494	967	3304470	3963134	1124767680468399
804288	787642	16646	2463	5583920	5928238	1124767687033427
1680398	1663228	17170	1022	3422182	3926492	1124767692309501
1755912	1678788	77124	3603	8612216	9159024	1124767702850935
1401108	1375676	25432	1355	3474356	4319282	1124767707912177
1439970	1410888	29082	3710	8697008	9069356	1124767718234969
1591366	1572478	18888	4999	11380542	11797898	1124767731392257
1698642	1679188	19454	3502	7957328	8914782	1124767741233443
1175958	1157672	18286	163	1149592	1711264	1124767743744745
1394390	1374914	19476	2809	7012322	7220552	1124767752337121
656864	635102	21762	1627	4546606	4118688	1124767757729583
1407904	1389804	18100	2610	6661652	6836162	1124767765984545
1679560	1661552	18008	3908	9200372	9705426	1124767777050109
441720	423206	18514	288	1440960	1226132	1124767779118229
1724734	1703342	21392	3458	8308676	8854586	1124767789337177
0	0	0	0	0	0	0
1179506	1161882	17624	986	2205952	3362026	1124767796133907
0	0	0	0	0	0	0
790444	771562	18882	3415	8055868	7829200	1124767817792707
1544994	1526484	18510	1169	3723894	4092004	1124767823247205
1301212	1279908	21304	2529	6255728	6572162	1124767830989337
1550674	1532844	17830	2766	6401070	7291102	1124767839126777
1659266	1640528	18738	3818	8896138	9508144	1124767849867265
1055940	1038140	17800	1750	4882748	4763992	1124767855991897
1561500	1543502	17998	2372	6126590	6513938	1124767863865423
1640692	1620812	19880	1229	3252794	4306774	1124767868944547
1740784	1720482	20302	4289	9965960	10530694	1124767880836535
739570	720562	19008	3973	8635554	8893810	1124767890397265
1271254	1252726	18528	3125	7635714	7728960	1124767899492869
1528802	1510782	18020	1993	5368954	5722538	1124767906576365
937204	917838	19366	1045	3469448	3236306	1124767911168749
1063550	1047030	16520	4853	10230108	10978348	1124767922648863
1485058	1468132	16926	533	2436858	2749138	1124767926744373
1811308	1793538	17770	615	2625166	3249268	1124767931366697
389754	372004	17750	392	2166886	1382356	1124767934109097
1711314	1692240	19074	1915	5222014	5751292	1124767941228641
1585446	1503738	81708	3939	9285270	9671302	1124767952284685
1014394	995636	18758	2399	6180964	6022444	1124767959665577
398466	379040	19426	503	2389902	1614468	1124767962639601
1463386	1442054	21332	766	2921948	3204684	1124767967210475
2031280	2011854	19426	256	1902976	2751416	1124767971330361
1405122	1387306	17816	2662	5940880	6937318	1124767978862145
1111346	1091508	19838	4682	10753514	10683352	1124767990912243
1216064	1196322	19742	2947	7279232	7319474	1124767999592945
1393444	1376810	16634	3937	9256304	9477644	1124768010428097
1781252	1762528	18724	1218	3438488	4414160	1124768015823857
1875806	1858670	17136	367	2017230	2806248	1124768019890409
1405638	1388760	16878	4643	9971354	10888026	1124768031440129
1309006	1292404	16602	3985	9219348	9475300	1124768042141439
1245716	1218500	27216	1715	4774296	4873506	1124768048334089
1952630	1936098	16532	948	3265216	4046206	1124768053728943
1608464	1589072	19392	1741	3944306	5287582	1124768059454747
1222500	1206300	16200	3084	7160396	7591572	1124768068010753
1413684	1396740	16944	1612	4174098	4833820	1124768073771869
1195848	1177452	18396	82	1538994	1557734	1124768076680027
1526722	1464852	61870	541	2331680	2816806	1124768080728963
1789950	1633904	156046	1064	2935556	4127650	1124768085640145
1558346	1539676	18670	1438	4100406	4643892	1124768091484505
955880	937768	18112	4076	9538072	9315912	1124768102163949
600744	582992	17752	224	1828890	1257976	1124768104778785
1544902	1526870	18032	447	2277768	2646706	1124768108786905
1946586	1928608	17978	757	2901320	3668106	1124768113820585
1814762	1796122	18640	4618	9897828	11263958	1124768125718679
1077884	1058512	19372	436	1861622	2157442	1124768128843769
839934	823236	16698	3427	8236660	7902362	1124768138105617
521356	505324	16032	270	1924724	1259398	1124768140725037
1690772	1673424	17348	3861	9093264	9609378	1124768151682373
1752134	1639552	112582	2504	5881728	6958150	1124768159489677
550550	533266	17284	748	2424522	2248170	1124768162638057
1625364	1607026	18338	979	3327494	3781618	1124768167764827
876254	859280	16974	2357	5640796	5788614	1124768174455645
1174898	1158816	16082	43	1455562	1457872	1124768177262313
1506646	1489534	17112	4633	10627896	10971148	1124768189569941
1423206	1403066	20140	2468	5769504	6560942	1124768196936437
1598770	1569922	28848	1151	3683094	4101536	1124768202391969
1425438	1407782	17656	3447	8278140	8516244	1124768212272569
1648774	1630524	18250	3099	7578326	8044694	1124768221673925
1589902	1568916	20986	1272	3657220	4342060	1124768227107035
1396396	1377724	18672	4199	9602656	10007234	1124768238291417
1561334	1543302	18032	1753	4897972	5276354	1124768244936317
1695940	1674418	21522	3094	7575700	8096338	1124768254392851
1695764	1671040	24724	2978	7198710	7861814	1124768263476615
1355660	1339464	16196	4698	10366352	10960338	1124768275384287
1659716	1642884	16832	3538	8445254	8932262	1124768285662309
1548226	1528996	19230	1790	4490738	5325580	1124768291874881
1174976	1156630	18346	184	1274456	1752492	1124768294509617
1712566	1693684	18882	2449	6289898	6818566	1124768302697149
594558	574250	20308	4167	9099232	9136592	1124768312577001
1441792	1422418	19374	2790	7084406	7231444	1124768321288203
1185022	1160732	24290	8	1306256	1409468	1124768323965229
0	0	0	0	0	0	0
1373748	1355298	18450	2434	6259656	6450126	1124768335392041
1531398	1515136	16262	1518	4422328	4776888	1124768341532009
1418778	1401998	16780	3876	9121050	9368622	1124768352244825
659572	643142	16430	475	1859558	1806838	1124768354937645
897236	880610	16626	628	2488572	2350506	1124768358497273
1505822	1489742	16080	3792	8513414	9285436	1124768368689773
1579774	1528184	51590	2114	5598366	6005094	1124768376041657
946098	928258	17840	2550	6278984	6243512	1124768383439901
914472	896114	18358	138	1644786	1387508	1124768386172297
641480	621034	20446	4150	9670226	9139386	1124768396657187
1154350	1134666	19684	2659	6685486	6668326	1124768404669997
1078946	931558	147388	1973	5320294	5223048	1124768411242693
1508428	1421882	86546	3768	8568902	9253134	1124768421506081
885260	866118	19142	4173	9749990	9440956	1124768432326851
1411026	1392898	18128	2066	5158558	5751944	1124768439086569
1239448	1220846	18602	157	1703492	1767088	1124768442214957
1529090	1511010	18080	3739	7708858	9218178	1124768451644521
1476260	1458364	17896	2993	7266898	7672096	1124768460573603
1597442	1577300	20142	728	2417910	3263146	1124768464774785
1023856	1005126	18730	183	1748782	1598732	1124768467733163
848478	828496	19982	4562	10516116	10180816	1124768479283655
1444576	1422144	22432	1618	4621436	4889858	1124768485535737
1881298	1798392	82906	970	3321626	4029614	1124768490924415
660234	642370	17864	4618	10111018	10104282	1124768501881257
281842	262654	19188	358	2099638	1205416	1124768504448857
1426660	1408712	17948	1157	3698788	3950190	1124768509763631
1045214	1026414	18800	3241	7865654	7736658	1124768518860121
1518264	1497472	20792	4692	10240884	11111478	1124768530805079
819426	801386	18040	411	2207474	1849548	1124768534018201
1184018	1162710	21308	546	1323328	2483702	1124768536714803
967362	948808	18554	3644	8678350	8464132	1124768546546055
1455288	1436478	18810	4623	10630848	10910012	1124768558817917
0	0	0	0	0	0	0
626926	597310	29616	3730	8674644	8296128	1124768581369341
650168	628664	21504	3606	8595658	8071224	1124768590800531
457996	431068	26928	3548	8479820	7762734	1124768599924277
1952002	1885322	66680	901	3183964	3962774	1124768605246269
1179436	1159162	20274	193	1550674	1778054	1124768608161665
1219770	1197978	21792	897	3056934	3222272	1124768612623979
439680	419362	20318	687	2156210	2021974	1124768615405869
1258578	1241668	16910	4937	11120836	11342054	1124768627970571
1976718	1958890	17828	895	3175858	3963918	1124768633296773
1593760	1574820	18940	4204	9811452	10210740	1124768644887729
1411406	1393316	18090	1193	3768498	4006060	1124768650253317
1857710	1816582	41128	1157	3292714	4379974	1124768655589575
1399948	1380558	19390	1775	4934340	5159420	1124768662109737
1634464	1612424	22040	3359	7972166	8560918	1124768671902213
1546734	1528716	18018	2438	5639822	6631314	1124768679274417
1319480	1236758	82722	912	3065496	3351732	1124768683845133
583450	564702	18748	3817	8288718	8428448	1124768692903001
1548722	1532594	16128	1772	4488706	5301330	1124768699126153
1867006	1847990	19016	834	2495604	3733012	1124768703662397
975762	957518	18244	2446	5433942	6064436	1124768710245201
1457962	1437194	20768	3018	7416350	7702614	1124768719305335
1529116	1510574	18542	1080	3548524	3898800	1124768724568467
1974428	1956650	17778	326	1936952	2835924	1124768728665749
1742296	1724530	17766	2323	5501954	6596684	1124768736095577
662026	643984	18042	168	1725766	1206582	1124768738669253
1485926	1462696	23230	2089	5656418	5873188	1124768745997097
1402372	1383284	19088	2884	7158512	7379440	1124768754743479
1459718	1441830	17888	2153	5697958	5975296	1124768762086783
1345662	1319632	26030	2873	7128362	7300022	1124768770746647
901678	883088	18590	4577	10534766	10264264	1124768782368561
1220992	1202564	18428	2046	5476922	5523184	1124768789255855
1743072	1722906	20166	3282	7967556	8515602	1124768799151769
1029942	1011738	18204	2183	5095190	5592314	1124768805450569
1837880	1821792	16088	1024	3418466	4082862	1124768810880477
1595260	1489428	105832	3381	7308442	8555016	1124768819957783
1210944	1194804	16140	2619	6101632	6645190	1124768827443393
666928	649086	17842	2207	5784868	5278976	1124768834069431
1657940	1638732	19208	2764	6447136	7396428	1124768842360405
959850	939434	20416	1235	3444862	3639108	1124768846954249
1505476	1486776	18700	4500	9644690	10714078	1124768858289839
1410586	1391562	19024	2002	5270792	5623964	1124768865156881
604794	587064	17730	758	2337680	2329302	1124768868285045
1383936	1364902	19034	1917	5219820	5427232	1124768875074135
1396748	1379872	16876	4866	10724372	11339006	1124768887380769
1061926	1044674	17252	1565	4497726	4388612	1124768893113869
1708044	1672790	35254	2710	6794500	7328904	1124768901789957
956112	923730	32382	3802	8510610	8757080	1124768911429937
1777862	1761182	16680	3889	9146320	9752462	1124768922527573
1722356	1704350	18006	1803	4634930	5526704	1124768929058047
1435902	1419200	16702	3098	7191952	7827976	1124768937859493
2365896	2349194	16702	377	1982918	3317752	1124768942381487
1402958	1379842	23116	2894	6257338	7405238	1124768950218597
1654384	1636382	18002	1815	5123258	5493434	1124768957181957
421026	403218	17808	697	2396512	2024042	1124768960184589
751122	733084	18038	2187	5609540	5332886	1124768966730615
1059922	1041184	18738	3418	8222790	8104278	1124768976199345
1710002	1690078	19924	1080	3544592	4078384	1124768981639389
926818	908418	18400	4588	10048698	10311552	1124768992800033
956564	938664	17900	1679	4643482	4512538	1124768998573757
1496514	1477860	18654	3070	7509936	7833738	1124769007753609
1876976	1859436	17540	785	2940260	3643266	1124769012744029
1634606	1502836	131770	2971	6371886	7774694	1124769020923573
1460544	1379232	81312	1889	4985954	5436400	1124769027543471
1668140	1647954	20186	3379	8101728	8621900	1124769037487011
1682136	1665660	16476	1766	4310808	5411480	1124769043652949
1489940	1473804	16136	3274	7340754	8237542	1124769052656693
1981578	1960890	20688	1153	3287308	4485834	1124769058098249
1402786	1384814	17972	1844	5021020	5287964	1124769064695407
1516698	1499670	17028	4103	9445662	9919196	1124769075831277
1296538	1280350	16188	2491	6356112	6474652	1124769083657035
1629652	1612904	16748	2528	6428304	6884156	1124769091888091
1697258	1678994	18264	2361	5978834	6615822	1124769099737729
1430502	1410882	19620	3613	8617156	8866234	1124769109970889
1535066	1513848	21218	4592	10639886	10928146	1124769122331413
1592224	1571450	20774	3249	7710470	8299278	1124769131822479
1505060	1485880	19180	4848	11079842	11409920	1124769144593203
1898946	1880104	18842	965	2859254	4037192	1124769149537097
1554174	1533990	20184	2984	7221614	7730318	1124769158498253
1471482	1451268	20214	3223	7761674	8126990	1124769167917443
1264276	1246082	18194	2530	6331340	6534170	1124769175698225
449950	431388	18562	2681	6745850	6020822	1124769183079817
984230	966326	17904	1560	4514208	4315398	1124769188763941
1157182	1140982	16200	3364	8098406	8082806	1124769198192831
1142640	1120292	22348	3365	8102964	8070978	1124769207612309
1427264	1407996	19268	3213	7809578	8063118	1124769217034867
1532242	1513508	18734	1309	4004786	4362180	1124769222757825
1522342	1503888	18454	3605	8149802	8940456	1124769232615823
1183958	1165424	18534	360	1560098	2113588	1124769235545399
1340822	1322164	18658	4757	10728288	11062990	1124769247800173
981470	962906	18564	142	1665446	1474580	1124769250632829
1598188	1579330	18858	2001	5441726	5798150	1124769257855497
1183576	1163402	20174	3810	9007688	9012382	1124769268232791
1490736	1472688	18048	1020	3426540	3740468	1124769273335897
1499840	1481874	17966	3852	8227764	9412106	1124769283248945
1273884	1161500	112384	56	1322738	1598560	1124769286030963
841098	822628	18470	4159	9716100	9368544	1124769296774061
1704546	1683688	20858	3229	7883756	8370762	1124769306547497
287086	267264	19822	375	2133244	1245448	1124769309153963
1386732	1368836	17896	1427	4237018	4450102	1124769314963611
1323974	1305572	18402	3318	7575158	8169524	1124769324048761
1175020	1156870	18150	88	862210	1560558	1124769326271799
1494048	1466548	27500	3309	8011618	8320744	1124769335962755
875178	855582	19596	4516	10430414	10115224	1124769347453797
1656912	1636446	20466	4325	10035098	10516062	1124769359331419
1442714	1424058	18656	1821	4561170	5292538	1124769365521217
1183028	1163916	19112	52	1129428	1495166	1124769368019469
1741082	1721530	19552	4542	10473700	11033726	1124769380419445
1178300	1159952	18348	291	1444024	1968684	1124769383230621
1512934	1493666	19268	3259	7790222	8243772	1124769392719213
696926	678436	18490	4029	9447278	8963588	1124769403049117
1656414	1638242	18172	4554	10095060	10973966	1124769414986537
1382930	1362202	20728	2045	5063612	5681910	1124769421618857
1561370	1543102	18268	2378	6128144	6514940	1124769429481331
1117726	1098660	19066	3803	8988866	8932280	1124769439773629
1637858	1618018	19840	2660	6350710	7165796	1124769447947685
1171212	1151524	19688	4020	9010042	9420318	1124769458314997
896956	878962	17994	3310	8001410	7725528	1124769467402679
1570768	1554064	16704	3669	8081162	9116216	1124769477240271
1395110	1377008	18102	3489	8349750	8570806	1124769487158631
2169034	2149796	19238	640	2667290	3658190	1124769492180577
1521334	1498302	23032	1712	4011298	5153866	1124769497898801
1714078	1695368	18710	2758	6748986	7439202	1124769506547509
2267306	2249268	18038	1168	3004354	4811692	1124769512004667
0	0	0	0	0	0	0
765452	724652	40800	278	2037634	1530160	1124769519646721
1813706	1735474	78232	4858	11101184	11737736	1124769532746935
0	0	0	0	0	0	0
1509426	1490706	18720	2268	5726954	6253386	1124769548402481
1169476	1150264	19212	3785	8467648	8948834	1124769558228479
3575780	3573600	2180	4697	10232836	13179016	1124769572222575
1675574	1657784	17790	2197	5230608	6266492	1124769579302327
825454	807416	18038	4071	9056738	9165028	1124769589358213
0	0	0	0	0	0	0
1495244	1476660	18584	1188	3760316	4079680	1124769604609901
1705778	1680652	25126	1912	5165308	5739166	1124769611666375
556740	538084	18656	698	2314296	2160978	1124769614723299
511736	475902	35834	2219	5678006	5158538	1124769621098271
1041636	1021348	20288	4056	9501368	9366058	1124769631826091
1392770	1374994	17776	2425	6230816	6450220	1124769639635049
1486492	1470466	16026	2190	5756174	6063798	1124769647050707
540098	522842	17256	308	1992304	1356682	1124769649756315
1661540	1638670	22870	2187	5817478	6243986	1124769657425809
1533626	1514130	19496	1406	4064814	4554434	1124769663209857
1335300	1309860	25440	1209	3800800	3963328	1124769668531489
1078672	1052676	25996	2610	6600858	6506878	1124769676396803
874294	844836	29458	201	1788228	1485450	1124769679248359
671204	641682	29522	1784	4952064	4447674	1124769685057273
1697544	1677892	19652	2659	6707688	7228082	1124769693661505
1293704	1275648	18056	2130	5591288	5763432	1124769700731627
1329766	1309662	20104	1284	3536386	4105780	1124769705783669
1514192	1408914	105278	2430	6252700	6582792	1124769713735993
1188360	1167914	20446	4695	10773886	10787442	1124769725884067
1644522	1624388	20134	4905	11302234	11663374	1124769739016149
1406346	1387848	18498	2076	5439740	5771502	1124769746047905
1604538	1488638	115900	2692	6476162	7196482	1124769754314085
1338654	1318984	19670	3880	9149606	9306958	1124769764992109
1548740	1529958	18782	3979	9341378	9717916	1124769776068115
1457012	1438274	18738	4091	8985572	9848316	1124769786696297
1938256	1864734	73522	551	2513532	3248852	1124769791333493
1820820	1795788	25032	1069	3334168	4168372	1124769796674039
1624112	1607516	16596	3150	7681484	8133660	1124769806165109
1619560	1601970	17590	3413	8054684	8642538	1124769816012483
1398986	1376370	22616	1759	4276246	5114306	1124769821861913
1395820	1377348	18472	1770	5051870	5132096	1124769828482775
1397848	1379694	18154	4588	10534700	10782300	1124769840600725
1676680	1655858	20822	1953	5160404	5791132	1124769847623469
1107308	1088578	18730	4215	9369914	9745530	1124769858286019
1369874	1350832	19042	4713	10811028	11004626	1124769870652497
1395938	1378876	17062	2835	7052064	7274816	1124769879286393
840970	823178	17792	308	1986794	1655224	1124769882287409
912516	896286	16230	4377	10129844	9864590	1124769893502869
0	0	0	0	0	0	0
1175592	1158296	17296	137	1147638	1645642	1124769905011847
1403580	1385084	18496	1670	4635186	4959902	1124769911223823
712976	694324	18652	4240	9873114	9400796	1124769921995205
1453854	1426198	27656	4037	9517348	9736390	1124769933152015
1453728	1434990	18738	3400	8228468	8463100	1124769943019829
1177038	1158172	18866	120	1726678	1625552	1124769946109083
1496766	1433088	63678	2891	7173694	7487168	1124769954964759
1467326	1449316	18010	3402	8197280	8483338	1124769964815269
1570016	1551534	18482	4914	11059050	11606002	1124769977629871
1490640	1472716	17924	4014	9408296	9726918	1124769988714387
