# Loop @ Start frequency 2500000Hz took 850.08 cycles
# Interval [849 ; 851]
# Q1 : 848 ; Q3 : 850
# Loop @ Target frequency 2400000Hz took 887.71 cycles
# Interval [886 ; 890]
# Q1 : 882 ; Q3 : 884
# Confidence intervals do not overlap, alternatives are statistically different with selected confidence level
Change time (with write) [cycles]	Change time [cycles]	Write cost [cycles]	Wait time [us]	Time since last frequency change request [cycles]	Time since last frequency change [cycles]	Detected frequency change timestamp [cycles]
822120	789552	32568	3567	242728364	243302256	1124710962404535
287044	265204	21840	4812	11015066	10120556	1124710973925389
924330	904054	20276	907	4737868	2951384	1124710979804611
0	0	0	0	0	0	0
1190028	1161844	28184	4996	12655356	11390094	1124711002722151
789184	768876	20308	2463	7695032	5923492	1124711011425253
1179248	1158774	20474	4156	11529766	9700932	1124711024351185
599466	581160	18306	3982	11162042	8772702	1124711036329357
0	0	0	0	0	0	0
1175650	1152682	22968	3998	11231988	9380440	1124711061011359
1175832	1148632	27200	3427	9893768	8240056	1124711072297441
1178734	1159382	19352	2191	5771512	5769458	1124711079464269
0	0	0	0	0	0	0
1175386	1157116	18270	3891	11019042	9165800	1124711103782773
0	0	0	0	0	0	0
1177708	1156580	21128	3295	9687566	7975816	1124711126572883
281666	186136	95530	2535	7815384	5561674	1124711134886797
1177018	1159022	17996	27	3316000	1440952	1124711139600123
1143164	1120010	23154	2511	6427996	6375294	1124711147388201
802534	783176	19358	4626	10717750	10266738	1124711159125483
991518	973076	18442	4697	12288296	10594986	1124711172622375
831222	810910	20312	4859	11112256	10761100	1124711184781965
1370218	1291410	78808	1572	5797858	4722790	1124711192168899
340604	322606	17998	447	2272998	1431954	1124711194987137
1175020	1157578	17442	3556	8486886	8484468	1124711204853515
281538	259370	22168	4871	12800358	10220282	1124711218143889
1181582	1162742	18840	3275	9753316	7928594	1124711229283981
331418	310776	20642	1540	4469882	3619424	1124711234301789
1177480	1155896	21584	3078	9065678	7541586	1124711244761771
1240430	1222228	18202	1572	6048534	4593710	1124711252270653
497518	478600	18918	1286	5672640	3278726	1124711258657677
1172182	1154050	18132	4158	9551462	9696506	1124711269598267
1179340	1160076	19264	156	1710720	1700946	1124711272705409
268720	245292	23428	590	2599724	1658324	1124711275794779
1215438	1157296	58142	1788	6696296	5005506	1124711283923439
377204	356256	20948	4822	12877626	10230146	1124711297395109
770798	751518	19280	271	3508202	1522282	1124711301890641
677296	658570	18726	2722	6832830	6331288	1124711309617099
1182258	1159470	22788	3041	8956494	7472912	1124711319971979
1180086	1159962	20124	1519	4434918	4427016	1124711325803733
946312	927808	18504	1506	5820720	4168166	1124711332787951
186144	165990	20154	4306	11737386	9007856	1124711344931655
926670	906278	20392	3273	7865256	7681902	1124711353940149
1187148	1166134	21014	1904	6854794	5203504	1124711362198523
1181052	1161470	19582	2294	5795076	5978042	1124711369390389
1183106	1162092	21014	1597	4598550	4591450	1124711375388401
1177650	1158556	19094	2113	6908088	5613080	1124711383690907
1199734	1179144	20590	412	3790426	2232694	1124711388896919
1176942	1158774	18168	138	3761090	1660630	1124711394054173
434112	415934	18178	3347	8024034	7337024	1124711402729189
1182136	1162060	20076	16	3067322	1422816	1124711407199173
1187450	1165452	21998	1746	4887682	4888522	1124711413490451
1173164	1153172	19992	4935	12856498	11251724	1124711427736045
1183784	1165050	18734	3464	10063912	8323706	1124711439200587
1029920	1011700	18220	3745	10719176	8728202	1124711451166641
506100	476810	29290	2732	8178208	6178288	1124711460066769
1175758	1154812	20946	1498	4390194	4380024	1124711465848359
435364	417122	18242	4146	11173388	8939886	1124711477673897
663748	645492	18256	1096	5186746	3065956	1124711483740219
1287342	1156378	130964	1260	5624536	4023536	1124711490867777
1202176	1185608	16568	4117	9617992	9634084	1124711501896387
252658	235666	16992	2011	5398994	4472650	1124711507752833
1144336	1117558	26778	172	1722252	1686276	1124711510824517
1172400	1153230	19170	2268	7478938	5905452	1124711519684561
1199674	1160034	39640	4094	9508686	9595426	1124711530609783
1189614	1159262	30352	745	4673084	2888814	1124711536689669
789438	769408	20030	2672	6641178	6344364	1124711544337427
499012	480604	18408	3355	9841854	7417334	1124711554894919
439990	421316	18674	1239	5432780	3126300	1124711560987877
1044410	1024008	20402	4099	10839786	9451898	1124711573088189
0	0	0	0	0	0	0
1171296	1152470	18826	2673	8270092	6729732	1124711593532935
0	0	0	0	0	0	0
1177220	1157780	19440	1737	6568254	4859550	1124711608488763
626130	602930	23200	1406	4215674	3653040	1124711613547281
1220714	1160248	60466	797	2994886	3024472	1124711617980081
1182618	1164036	18582	643	2549880	2665814	1124711621917921
401772	383262	18510	3558	8294388	7715252	1124711630818989
1176430	1156780	19650	4047	9470340	9467774	1124711641673573
456512	435084	21428	882	4676630	2418206	1124711647011701
765956	747344	18612	2473	6342476	5920570	1124711654337167
1175270	1157108	18162	1585	6061434	4553818	1124711661790417
850524	830554	19970	2540	6470170	6139978	1124711669327575
1180378	1158056	22322	4264	11376448	9921770	1124711682101037
1179972	1161864	18108	2738	8384096	6864144	1124711691880867
1148114	1127226	20888	2733	8481024	6828576	1124711701726937
793404	773624	19780	4271	9929418	9543724	1124711712666163
1172588	1153770	18818	2902	8707612	7185936	1124711722763243
493826	472978	20848	3628	10738022	7958700	1124711734214377
1175734	1157532	18202	3111	9331136	7606156	1124711744938205
1183684	1163884	19800	266	1929744	1925514	1124711748268137
1234760	1159052	75708	4833	12739728	11110230	1124711762459135
869424	841560	27864	157	3242548	1392094	1124711766787745
1035028	1016836	18192	226	1838946	1695256	1124711769883349
1191704	1171190	20514	1531	4452254	4463054	1124711775743961
485126	464852	20274	3004	9241166	6701944	1124711785687289
1188350	1169294	19056	3731	10172918	8859372	1124711797264415
379130	360202	18928	4131	9565404	8850338	1124711807463121
1188436	1155986	32450	3481	9629838	8358878	1124711818498399
433290	413732	19558	587	4236448	1815468	1124711823385159
225882	184174	41708	4252	9898628	8945186	1124711833725669
659690	638528	21162	3693	8775412	8253426	1124711843377437
790992	675002	115990	3638	10220494	8275510	1124711854604641
497906	479116	18790	2737	8304168	6180800	1124711863623495
1177270	1158662	18608	1854	6565104	5094112	1124711871582777
0	0	0	0	0	0	0
0	0	0	0	0	0	0
1174132	1156152	17980	533	2564006	2449414	1124711886211533
558932	525566	33366	3593	10081218	7955276	1124711897068257
26678	8236	18442	99	1594364	435674	1124711898905985
1017790	998794	18996	4288	10252202	9802418	1124711910396989
486024	467298	18726	4109	11079562	8911762	1124711922179185
1185116	1163388	21728	2408	6203482	6209886	1124711929784181
910146	893418	16728	3027	8729994	7173626	1124711939641049
1185310	1163212	22098	4985	12767290	11353744	1124711953798191
341374	304252	37122	678	4706336	1905952	1124711959062213
1181000	1156908	24092	2117	5625950	5623616	1124711966085789
1169210	1148370	20840	2293	7321078	5967214	1124711974791969
0	0	0	0	0	0	0
1177090	1158892	18198	914	4882854	3213318	1124711987429715
1175860	1157660	18200	4153	11175998	9691186	1124711999998387
607728	589806	17922	1515	5947446	3846250	1124712006770209
1172216	1152690	19526	1040	3470286	3460190	1124712011632671
601252	581946	19306	4496	12257350	9805120	1124712024707601
1178454	1152918	25536	3415	8218626	8217052	1124712034324721
1177906	1155586	22320	4104	11065006	9594894	1124712046784081
313520	293986	19534	3390	9820160	7302000	1124712057137639
1171680	1153680	18000	3186	9360160	7752498	1124712067885681
1176548	1158328	18220	4864	12560028	11117004	1124712081838469
1043950	1018258	25692	3823	10491844	8899590	1124712093591789
1177750	1159806	17944	4098	11307816	9586044	1124712106293511
1120792	1101510	19282	155	2945916	1638654	1124712110576477
1183020	1166124	16896	3875	9140560	9142194	1124712121116553
797846	781374	16472	4861	11106366	10717342	1124712133225237
1127132	1110158	16974	2928	7231916	7180020	1124712141788493
996756	962004	34752	110	3242016	1420896	1124712146232179
1178830	1152682	26148	1900	5193162	5187666	1124712152820205
216612	178338	38274	4545	11802366	9516100	1124712165059923
1173366	1153734	19632	3369	11986898	8120592	1124712178436553
0	0	0	0	0	0	0
0	0	0	0	0	0	0
1176172	1158200	17972	787	4238338	2959532	1124712206287131
718880	700778	18102	3521	8433586	7970556	1124712215655783
1174804	1156768	18036	2005	6784678	5392814	1124712223831549
1177656	1155642	22014	1318	5432446	4011586	1124712230646481
1178424	1159010	19414	4294	9901754	9975366	1124712241943161
1176682	1157574	19108	824	4643416	3032866	1124712247979351
601572	583670	17902	1278	5242676	3367218	1124712254040147
378340	359608	18732	2680	8502342	5945616	1124712263136899
748588	727950	20638	1094	5404810	3145268	1124712269507077
1178194	1160338	17856	3047	7488544	7484946	1124712278390617
1367166	1349700	17466	162	3237720	1900008	1124712283211527
1219280	1158438	60842	1420	6306508	4267458	1124712290953601
1187156	1168552	18604	1616	6299190	4628518	1124712298657413
1026122	1008618	17504	4621	12512882	10475400	1124712312412297
1176690	1158664	18026	1886	6813588	5157114	1124712320618785
742198	723778	18420	4189	11452994	9327774	1124712333030213
1244670	1161898	82772	4642	12341306	10736894	1124712346832573
672666	655018	17648	2200	5798896	5280584	1124712353524521
1171186	1152642	18544	4100	9452874	9584908	1124712364364961
1022400	1003234	19166	3859	10526268	8948072	1124712376130081
1173920	1155264	18656	1704	6404794	4791414	1124712383925575
1236946	1155188	81758	4153	9645602	9751640	1124712395024481
1174240	1155974	18266	3768	10306244	8919246	1124712406721655
413682	393942	19740	2718	8542006	6058044	1124712415897085
638794	620376	18418	3756	10433500	8363440	1124712427186089
788314	768146	20168	1692	4811358	4380232	1124712433001593
1177030	1157044	19986	4481	12161386	10347990	1124712446556189
1175404	1155864	19540	1863	6544396	5111634	1124712454492489
288262	269326	18936	2575	6557722	5647098	1124712461555283
1000666	981836	18830	1574	4536752	4358644	1124712467309669
1185574	1167172	18402	4855	11116110	11107952	1124712479828455
1172736	1154168	18568	44	2902266	1470630	1124712484119631
1237500	1162954	74546	4716	10734678	10878434	1124712496308259
1181954	1161202	20752	3488	9919336	8366160	1124712507626663
1229190	1210290	18900	2537	7831508	6512392	1124712516903805
1180716	1162034	18682	3773	10568420	8936436	1124712528873237
903868	885462	18406	320	3664146	1752482	1124712533662373
1199828	1181660	18168	1013	3417166	3435388	1124712538496283
968886	950832	18054	613	4689424	2403976	1124712544371309
1177460	1159690	17770	4795	12512372	10976956	1124712558277741
1213808	1194438	19370	1000	5037742	3422410	1124712564746059
1224136	1158982	65154	2181	7548632	5794954	1124712573738349
1172384	1153424	18960	4979	13141336	11339498	1124712588268481
211276	168290	42986	1799	6252842	4017088	1124712594949289
1165210	1146988	18222	1483	5909154	4339744	1124712602241199
1171504	1153350	18154	1306	5350280	3992364	1124712608979427
1175550	1157286	18264	1083	5306180	3550524	1124712615677399
1182636	1164530	18106	2629	8527414	6650168	1124712625604423
297576	269168	28408	847	5091516	2269944	1124712631210519
350536	330402	20134	3437	8266320	7433808	1124712640044191
1175082	1156886	18196	2324	7282532	6032960	1124712648718721
226540	205846	20694	2335	5812042	5105396	1124712654978085
622406	603184	19222	4813	11018116	10457634	1124712666835817
1173474	1155368	18106	4546	12167206	10475320	1124712680396849
1176016	1157928	18088	3083	9471654	7550732	1124712691261307
1191878	1173832	18046	4348	10093234	10096152	1124712702763095
1171708	1153710	17998	1639	4521336	4657908	1124712708676869
1182454	1162902	19552	4708	10629546	10806926	1124712720705509
540592	522472	18120	3991	9366852	8731396	1124712730833579
0	0	0	0	0	0	0
488420	487010	1410	130	462220	944742	1124712735479251
589872	571268	18604	3547	12582522	7891966	1124712748856715
813522	789284	24238	2350	6085562	5721460	1124712755976339
1176916	1157632	19284	3611	10513830	8608818	1124712767883625
1281736	1157146	124590	3071	7298256	7632110	1124712776680405
1191602	1162506	29096	3121	7643308	7642760	1124712785732187
1102912	1085538	17374	3537	8437900	8383536	1124712795489309
754492	735878	18614	1541	5749916	4033144	1124712802198945
1178936	1160204	18732	4851	12630174	11089682	1124712816225283
1178830	1158582	20248	3520	9890988	8428590	1124712827511109
1124982	1105460	19522	3752	8856420	8841322	1124712837709131
1174826	1155728	19098	1926	5278816	5235610	1124712844378973
1171654	1153368	18286	4751	12656838	10882292	1124712858423703
1177048	1158476	18572	2108	5604200	5601238	1124712865421037
1186686	1168526	18160	3409	9898572	8213604	1124712876722589
743672	722490	21182	1582	6018842	4116542	1124712883705481
1190124	1171994	18130	1307	5431054	4012152	1124712890543899
1175958	1157996	17962	3269	9610908	7924210	1124712901547677
1209518	1188626	20892	1444	4283630	4307702	1124712907257157
1312706	1294056	18650	367	3982074	2254728	1124712912768335
917640	897594	20046	4526	10332952	10179184	1124712924239171
1175382	1156808	18574	1010	3412284	3404870	1124712929042877
1182820	1162560	20260	3218	9416596	7829246	1124712939858255
544942	526322	18620	4507	12318820	9768986	1124712952938225
1196214	1175936	20278	3592	10169300	8589418	1124712964521403
1198126	1179442	18684	4429	10247708	10265316	1124712976183235
1173612	1154624	18988	2363	7481598	6107534	1124712985054651
1177978	1159692	18286	3697	10298506	8779514	1124712996746937
312942	294998	17944	765	4289720	2051660	1124713001569871
1175360	1155418	19942	3037	9358576	7460998	1124713012320201
761328	743214	18114	1186	3760428	3342278	1124713017058157
1173680	1154732	18948	2722	8840092	6827456	1124713027288401
966424	874600	91824	2586	8252434	6346638	1124713036725067
529658	508444	21214	2562	8205942	5850826	1124713045678257
1177574	1157350	20224	3618	10388144	8625652	1124713057460077
0	0	0	0	0	0	0
0	0	0	0	0	0	0
619022	599622	19400	1582	4557538	3991378	1124713079983357
1176888	1157324	19564	3846	9080928	9077690	1124713090457153
1118074	1101152	16922	3808	10738116	8941398	1124713102530127
1175360	1157234	18126	616	4144520	2605754	1124713108055481
1177364	1158960	18404	730	4215628	2850172	1124713113665469
459612	440810	18802	4975	12828466	10618372	1124713127169601
807632	790404	17228	3171	7731522	7359728	1124713135925551
1176610	1156342	20268	3263	9683826	7911264	1124713147002437
1170564	1153592	16972	3658	10010656	8696726	1124713158400177
1176908	1158088	18820	2970	8808742	7314470	1124713168590575
211552	176260	35292	1899	6434424	4219016	1124713175453177
1172600	1154472	18128	4467	10379268	10318668	1124713187222135
1173658	1155448	18210	4256	9848964	9894262	1124713198461063
1114318	1096242	18076	1769	6513672	4860570	1124713206305721
1179284	1160608	18676	4276	11618772	9941094	1124713219320561
1176464	1158440	18024	301	2000524	1990524	1124713222713735
286050	267460	18590	3424	8245376	7343346	1124713231465249
1176412	1158072	18340	2861	7113416	7111270	1124713239971537
389754	371714	18040	4112	11075062	8827046	1124713251652789
1172722	1153258	19464	4151	10997482	9683746	1124713264039681
1185748	1167244	18504	2256	5856748	5906984	1124713271298645
1176130	1157702	18428	4034	9463270	9457510	1124713282154933
980324	963558	16766	4903	11065292	10994656	1124713294416925
672132	654714	17418	1688	6230978	4245302	1124713301524689
1141868	1124966	16902	2109	7006750	5556814	1124713309878365
1176066	1158528	17538	1608	4618852	4592324	1124713315878491
552436	536068	16368	962	3172826	2673612	1124713319808841
848302	830304	17998	3338	8055904	7724278	1124713328918625
878180	857050	21130	735	4557036	2544888	1124713334558489
1177248	1159192	18056	1482	4202218	4338750	1124713340143495
1181950	1164656	17294	3071	8921750	7521386	1124713350452119
226470	209580	16890	4014	9361378	8451010	1124713360244575
1173338	1156594	16744	1443	4263152	4257188	1124713365885379
1180818	1162614	18204	1781	6536118	4944980	1124713373806937
689242	670638	18604	2561	6518310	6020952	1124713381231281
1174732	1155572	19160	2849	8487276	7082368	1124713391110755
678944	660144	18800	1244	3876900	3375628	1124713395882855
1178530	1158826	19704	2967	9006108	7320238	1124713406284371
461922	358422	103500	1604	4621014	3877538	1124713411583737
1370536	1158380	212156	39	3121394	1656902	1124713416292339
1175428	1157198	18230	1695	4703218	4773706	1124713422387187
369556	350458	19098	4374	11653042	9326228	1124713434627171
799272	779850	19422	3531	8450202	8070116	1124713444092863
1175100	1157168	17932	2513	7926388	6410160	1124713453412583
224986	206096	18890	2483	7660388	5400814	1124713461514417
1171356	1152774	18582	4695	10722394	10773232	1124713473624579
485690	468844	16846	2080	5527754	4844924	1124713479842879
1176362	1157266	19096	4985	11347064	11344306	1124713492571433
1175700	1158934	16766	4703	10784916	10779192	1124713504736675
572894	556648	16246	3532	9989922	7834222	1124713515507799
1175390	1158708	16682	2604	6587876	6583504	1124713523476229
551688	534044	17644	4218	9695504	9188194	1124713533928439
1179006	1160614	18392	596	2703436	2569736	1124713538015741
6361656	6359578	2078	4133	9510224	14825512	1124713554092329
791622	772218	19404	4664	10881346	10328816	1124713565986603
1181132	1162188	18944	3903	9024436	9196818	1124713576409689
1180362	1162444	17918	1905	5202588	5199590	1124713583008871
711870	692670	19200	3540	8475014	8000852	1124713592412323
1184290	1164508	19782	4592	10833376	10577774	1124713604646507
1172308	1154384	17924	4918	11211598	11207164	1124713617236435
1184832	1168600	16232	1158	3468800	3698366	1124713622094951
1174528	1157486	17042	856	3090438	3083762	1124713626564613
858166	841306	16860	3235	7816208	7526410	1124713635444193
19724	1996	17728	553	2486732	1328738	1124713638155705
1170020	1152914	17106	3179	7110662	7757918	1124713646641941
886770	870172	16598	4849	10934564	10781296	1124713658668589
1174604	1157192	17412	4083	9543966	9538820	1124713669592325
944308	925054	19254	4279	11235922	9699924	1124713681978069
630908	609112	21796	3894	10982848	8628920	1124713693808575
1157640	1129686	27954	1731	4851352	4829682	1124713700035241
836362	816796	19566	2542	7889844	6133488	1124713708977925
525778	505994	19784	1197	3644466	3129750	1124713713365323
1191556	1155614	35942	4572	11804032	10545274	1124713726577007
882674	861832	20842	4725	12421558	10542318	1124713740097969
935702	916462	19240	1616	4625028	4376902	1124713745874943
603670	584974	18696	2907	8726596	6631246	1124713755422869
1189234	1171344	17890	2035	6873638	5467712	1124713763702403
839366	819492	19874	251	3228154	1550446	1124713767986449
1311470	1158658	152812	4439	10112906	10397840	1124713779626481
1182278	1162732	19546	4084	9563440	9558276	1124713790589197
491392	472602	18790	3836	9062800	8372926	1124713800360257
825064	805852	19212	1843	5087576	4722186	1124713806489867
361006	340442	20564	2724	8533526	6018060	1124713815601741
0	0	0	0	0	0	0
1177478	1158496	18982	4334	10008748	10055614	1124713836384077
0	0	0	0	0	0	0
1177538	1157068	20470	2469	6373672	6325058	1124713847350059
1177986	1158780	19206	4381	10069688	10149516	1124713858814401
359276	338396	20880	3324	9641054	7214462	1124713869035569
1382064	1364016	18048	1701	6589904	4993940	1124713877224369
0	0	0	0	0	0	0
1187640	1168622	19018	1254	3895710	3904016	1124713889781841
304770	279160	25610	1146	3685912	2805044	1124713893988923
427548	408992	18556	1524	5902602	3689084	1124713900535631
348806	326456	22350	2838	9045880	6234076	1124713910146819
427166	408028	19138	757	2762002	2150040	1124713913553169
983384	961640	21744	1387	5966892	3959554	1124713920717321
1256164	1154226	101938	1916	6919912	5297584	1124713929114033
1120196	1101780	18416	778	2948710	2884704	1124713933400037
1174268	1154250	20018	3625	8642674	8638004	1124713943434039
1358470	1159700	198770	1366	5504914	4298952	1124713950514205
1176096	1156788	19308	4116	11278422	9617218	1124713963185745
1180384	1161514	18870	3541	9867428	8471712	1124713974449921
1180092	1161474	18618	2343	7816776	6074978	1124713983663547
762706	744400	18306	138	1552960	1249574	1124713986196161
285228	255500	29728	3398	9722444	7289616	1124713996420599
1176570	1157856	18714	577	4132138	2540184	1124714001945919
290642	271152	19490	4330	11832322	9160724	1124714014285879
757140	741016	16124	1997	5382732	4959796	1124714020642219
1177544	1160930	16614	751	4169642	2876976	1124714026194585
552566	535458	17108	304	3515182	1358088	1124714030467593
1059866	1041422	18444	1683	4932680	4636188	1124714036680919
1180822	1162918	17904	24	1442304	1438982	1124714039519889
410386	389690	20696	4052	9500160	8759988	1124714049647335
1100678	1082998	17680	1074	3542876	3457188	1124714054507599
1206626	1187254	19372	192	1775946	1800746	1124714057707521
1177546	1159154	18392	1046	3487028	3477928	1124714062588415
1176758	1158534	18224	1820	4909392	5024918	1124714068891589
1175056	1155764	19292	1357	4046948	4099244	1124714074333911
437590	419490	18100	503	3816572	1653736	1124714078804323
1161000	1140792	20208	3001	7388162	7371174	1124714087573683
0	0	0	0	0	0	0
732774	714050	18724	3206	9623544	7341322	1124714109785279
999234	980040	19194	901	4484132	3010500	1124714115485685
546722	528130	18592	4711	12586102	10176762	1124714128835083
0	0	0	0	0	0	0
735646	716712	18934	689	2773588	2322674	1124714140297903
1320432	1169182	151250	3718	8823984	8964686	1124714150658615
1170306	1152060	18246	4450	12288616	10279732	1124714164322401
0	0	0	0	0	0	0
734496	716292	18204	1159	5577356	3260490	1124714186698411
1183032	1164696	18336	4807	10862194	11006720	1124714198964881
1180696	1162064	18632	4644	11926158	10678008	1124714212288455
961910	857214	104696	339	3615002	1848332	1124714217081591
866054	847244	18810	3398	8134932	7870750	1124714226299641
1023828	1004442	19386	1625	6269442	4481534	1124714233809363
1178388	1156274	22114	3388	8163514	8162488	1124714243367857
706980	687968	19012	2588	6571164	6096032	1124714250862393
1200052	1179696	20356	4440	10265028	10287880	1124714262547401
731208	712504	18704	2426	7686302	5781080	1124714271182391
571482	554646	16836	1390	5686344	3549104	1124714277644607
21500	3908	17592	517	2413562	1255602	1124714280284611
658736	641832	16904	3612	8104984	8079794	1124714289253779
1187344	1169720	17624	3997	10750374	9379520	1124714301396311
1175320	1157030	18290	1515	5734170	4401768	1124714308510203
616876	598902	17974	4807	10989692	10428940	1124714320321689
1112486	1093464	19022	2226	7339990	5761178	1124714328979201
266090	247622	18468	2777	8802064	6024770	1124714338252841
1177164	1158916	18248	1518	6070986	4422472	1124714345717867
1314678	1160636	154042	4911	13254272	11345140	1124714360503309
1258644	1218996	39648	1246	3896598	3958456	1124714365875201
877868	858432	19436	3597	10340918	8279506	1124714377310335
1175758	1157600	18158	3397	8257550	8183666	1124714386960169
192810	174488	18322	1898	6865268	4197570	1124714394235119
406878	388274	18604	3990	10814360	8595490	1124714405673061
1175778	1158596	17182	1573	6207292	4522690	1124714413261881
1171894	1153300	18594	2998	7377286	7366198	1124714422015929
1171018	1152700	18318	4025	11179364	9418276	1124714434571089
1180296	1161138	19158	903	4854544	3194464	1124714440822279
1272496	1162672	109824	4058	9341262	9597470	1124714451690399
1112414	1092080	20334	2849	8471922	7020004	1124714461490281
1203906	1159236	44670	2038	7055248	5530480	1124714469965663
1175796	1157836	17960	2576	6541858	6535436	1124714477909491
0	0	0	0	0	0	0
0	0	0	0	0	0	0
423986	405920	18066	1021	3438562	2675298	1124714500537507
1262116	1158998	103118	2521	6538092	6514396	1124714508553597
968590	950550	18040	256	3209528	1690484	1124714512948013
923208	895682	27526	1647	4710234	4414370	1124714518796489
1190360	1172368	17992	3051	8882530	7489768	1124714529077669
1055916	1038080	17836	82	3421344	1429900	1124714533771223
1178670	1159028	19642	3606	8601682	8600510	1124714543767909
1084322	1066302	18020	1823	6650586	4943842	1124714551719481
249832	227920	21912	2797	8512424	6052950	1124714560698895
888706	862012	26694	2847	8633166	6792498	1124714570441707
1174944	1156758	18186	4533	12276438	10448698	1124714584109855
478724	458838	19886	2314	6024988	5316618	1124714590829565
895006	876656	18350	1416	4222508	3935128	1124714596167809
709684	690748	18936	4815	12582414	10548452	1124714609676403
1175492	1156406	19086	1925	5237228	5233064	1124714616306173
1179740	1159362	20378	804	2994612	2997152	1124714620696387
572772	554572	18200	3314	9337566	7410478	1124714630827323
1234904	1158944	75960	3590	10052698	8625678	1124714642335345
1179306	1160732	18574	4213	9902832	9813908	1124714653633707
990314	971688	18626	4843	11080034	10884572	1124714665920585
0	0	0	0	0	0	0
987202	970790	16412	466	2231326	2116390	1124714678203257
1184016	1160774	23242	165	1709744	1711336	1124714681302061
1186246	1165668	20578	3640	9923654	8662758	1124714692616309
328572	309030	19542	929	4689812	2395898	1124714697850587
1178092	1157860	20232	4618	10452828	10623892	1124714709698067
755556	737062	18494	3585	8365620	8134936	1124714719035451
0	0	0	0	0	0	0
1176264	1157760	18504	887	3163552	3159548	1124714728134055
665382	646664	18718	3960	10921090	8794544	1124714739937093
488080	468834	19246	1222	3678158	3141052	1124714744319761
1179990	1161198	18792	256	3201410	1901206	1124714748917641
1192530	1173534	18996	2861	7122914	7126666	1124714757450119
1183382	1164006	19376	1736	6624896	4864454	1124714765474919
1280534	1261262	19272	747	4478340	2983442	1124714771450003
1174522	1155402	19120	4831	12544430	11045956	1124714785385911
1199120	1178480	20640	3066	7432288	7543334	1124714794234415
1219132	1153350	65782	3173	7732270	7774954	1124714803402401
1186626	1166106	20520	840	2928016	3076186	1124714807733815
945256	925624	19632	3440	8268778	8034430	1124714817164373
1085976	1065654	20322	639	4002508	2572298	1124714822469081
979384	962548	16836	4969	11367166	11114750	1124714835030249
1176354	1158432	17922	2874	8781892	7120812	1124714845193185
1184932	1162468	22464	2794	6964928	6971158	1124714853547663
1176862	1159528	17334	1947	5270428	5268366	1124714860199549
1179292	1159580	19712	3675	10164070	8727924	1124714871748009
1173738	1153648	20090	2683	8250478	6748330	1124714881388389
668604	650018	18586	2129	7173464	5136160	1124714889447201
787256	767338	19918	1178	5438882	3353376	1124714895889777
1182236	1162716	19520	4357	10102546	10104718	1124714907390677
1173622	1157004	16618	2768	6831176	6922326	1124714915611873
1172974	1154064	18910	1728	6633302	4830038	1124714923623319
864594	845928	18666	1345	3900606	3767034	1124714928604889
536634	518314	18320	2397	7720822	5540254	1124714937078851
1123302	1105562	17740	4420	10278794	10173010	1124714948697441
180560	162488	18072	4668	10542370	9724746	1124714959640611
0	0	0	0	0	0	0
1173836	1154494	19342	2084	6961854	5539496	1124714976993757
1183270	1163442	19828	1008	5083548	3407272	1124714983477149
678298	660398	17900	989	3318174	2869182	1124714987690125
1171780	1153118	18662	2209	7109052	5799478	1124714996187565
680280	662400	17880	2132	5661770	5152694	1124715002745999
275796	168702	107094	529	4002870	1542754	1124715007245477
751666	731156	20510	1889	5166084	4738320	1124715013379309
1178054	1159836	18218	480	3648152	2347294	1124715018421669
0	0	0	0	0	0	0
1176142	1156534	19608	3609	10419750	8603630	1124715038865581
1230560	1162318	68242	3931	11113414	9301026	1124715051429921
0	0	0	0	0	0	0
766360	747488	18872	83	2896074	1145096	1124715061841615
503154	484898	18256	1970	5335024	4653322	1124715067896377
1179574	1161044	18530	897	4534666	3181790	1124715073826773
1118306	1098378	19928	3170	7659908	7666682	1124715082821425
778868	755146	23722	4614	10620976	10215386	1124715094441881
251958	233416	18542	4075	11328660	8610878	1124715106238881
745504	728052	17452	1936	5261104	4825812	1124715112462265
878702	860796	17906	3810	10449706	8695596	1124715123995377
1181690	1155160	26530	4699	10774402	10776728	1124715136156401
0	0	0	0	0	0	0
333732	312676	21056	571	4833346	1684438	1124715151772307
1175240	1154674	20566	2121	7221844	5629866	1124715160385761
760418	742434	17984	204	3419974	1377630	1124715164782921
0	0	0	0	0	0	0
463368	446454	16914	4899	12940332	10470726	1124715182511581
408340	390340	18000	1951	5277744	4508610	1124715188402551
194886	173822	21064	1533	5996300	3457532	1124715194799041
0	0	0	0	0	0	0
437400	221648	215752	1820	6462410	4275022	1124715206429549
1176088	1157852	18236	1624	4666134	4633602	1124715212488211
367406	344480	22926	4226	11268566	9028312	1124715224341441
1175560	1156598	18962	2530	6454272	6444594	1124715232187569
705136	686696	18440	287	3481856	1488122	1124715236591085
539598	520392	19206	2017	5356800	4783280	1124715242703467
797606	779532	18074	4637	10664248	10279700	1124715254385415
1117756	1098660	19096	3099	7585916	7524224	1124715263305491
1180748	1160694	20054	3072	9340094	7533652	1124715274042415
1263732	1245212	18520	4460	12194828	10392680	1124715287717293
1176510	1158378	18132	2320	5851436	6025370	1124715294962027
424656	405912	18744	3691	10778830	8014418	1124715306382095
1171682	1153502	18180	3515	10116716	8409974	1124715317887015
1286838	1262082	24756	1689	4774086	4874242	1124715324164083
1177756	1159088	18668	4036	9234516	9457258	1124715334792833
1175558	1158236	17322	3330	9476252	8033172	1124715345652539
545574	526604	18970	3527	8379860	7796686	1124715354782523
1176596	1159154	17442	4512	12041822	10397546	1124715368209403
1181820	1162640	19180	4272	11192264	9925920	1124715380788563
352574	334632	17942	2431	6158374	5412168	1124715387507239
1174660	1158048	16612	1271	3920346	3913542	1124715392807337
1351046	1171450	179596	270	3361580	2089478	1124715397727649
1196050	1175436	20614	1835	6884492	5076026	1124715406024729
1200758	1182686	18072	2272	5935062	5952708	1124715413377355
347936	328604	19332	1381	4158720	3322120	1124715418100525
1235826	1157666	78160	2583	6519572	6610404	1124715426072317
482908	464624	18284	4192	11252252	9076162	1124715438023331
383832	361914	21918	4268	11400662	9165084	1124715450024175
1183038	1164814	18224	2526	7847724	6447726	1124715459271253
1170986	1152758	18228	4175	9678312	9730514	1124715470337151
442332	421630	20702	1343	3876430	3337884	1124715474872451
1173266	1154594	18672	2034	7139288	5437886	1124715483405335
634236	453578	180658	894	3187694	2638696	1124715487444289
892590	872632	19958	3835	16645422	8772284	1124715505198503
1178006	1159850	18156	1528	6285164	4444312	1124715512877849
1152760	1129700	23060	3525	9919782	8410092	1124715524170529
1246422	1162638	83784	2292	5974872	6040752	1124715531608149
557932	415314	142618	421	3835016	1609164	1124715536217599
321710	190236	131474	1282	3797282	3094000	1124715540553349
1171374	1153372	18002	1609	5825308	4598056	1124715547766961
591282	514130	77152	4497	10337792	9794026	1124715558912799
522942	503362	19580	1542	5879926	3815676	1124715565532397
829468	808170	21298	1225	5656600	3492264	1124715572234879
1194570	1165610	28960	3580	8556102	8566738	1124715582201881
20498	1980	18518	371	2150794	978552	1124715584589699
1238468	1160932	77536	2230	6174842	5895366	1124715592207571
1177642	1158570	19072	2381	7858944	6136764	1124715601448813
1174762	1154404	20358	2057	5509760	5501232	1124715608349911
1005744	986846	18898	3524	8328710	8262110	1124715617900759
1148238	1118700	29538	2149	6942012	5655186	1124715626207249
877492	858052	19440	4944	12595002	10975030	1124715639896363
1177214	1157462	19752	3449	8285576	8283988	1124715649576043
1184726	1164030	20696	4539	12121968	10470844	1124715663099415
940192	921080	19112	192	3338580	1534286	1124715667594859
1177050	1158362	18688	2481	6391408	6349862	1124715675379675
982554	963022	19532	4389	12230250	9974206	1124715688809043
432226	414158	18068	2949	7286922	6539372	1124715696748655
0	0	0	0	0	0	0
275492	257296	18196	4840	11068692	10163618	1124715717453785
1174996	1157300	17696	701	2796200	2790038	1124715721641249
1315692	845748	469944	4793	10974090	11110912	1124715734147779
192366	172074	20292	2731	6864800	5864106	1124715741410483
1172280	1153552	18728	3654	8729486	8695564	1124715751528307
543750	524870	18880	3423	9553142	7599386	1124715761841721
0	0	0	0	0	0	0
0	0	0	0	0	0	0
1175590	1155800	19790	2350	7607600	6084096	1124715788565319
498820	480668	18152	523	4135992	1753954	1124715793416529
23656	4114	19542	45	1493044	329578	1124715795149377
1033536	1014096	19440	445	2736054	2133278	1124715799135199
546730	528252	18478	445	2278710	1646708	1124715802176399
0	0	0	0	0	0	0
1261488	1161712	99776	4308	11818450	10085182	1124715828484957
0	0	0	0	0	0	0
0	0	0	0	0	0	0
1178240	1158968	19272	2719	8533246	6813354	1124715856157469
1173798	1154602	19196	2527	6351292	6437716	1124715863898993
940270	921456	18814	2390	6170256	5929564	1124715871225405
1313656	1295178	18478	1682	6641404	4887514	1124715879396715
1171652	1152776	18876	1631	4784202	4642204	1124715885568641
483402	464902	18500	128	3252464	948930	1124715889520371
1167080	1143260	23820	4569	10367642	10516460	1124715901271961
1176832	1157400	19432	126	1460370	1636338	1124715904125709
596394	573566	22828	87	2952374	979670	1124715907891229
765840	747782	18058	3824	8886848	8622136	1124715917760625
1189272	1169682	19590	3739	10203420	8875362	1124715929369961
1177272	1158780	18492	3153	9336422	7692028	1124715940099881
538858	520698	18160	318	2111848	1383712	1124715942967427
841414	821302	20112	2058	7227010	5165696	1124715951251921
1174536	1155934	18602	3238	10067882	7864180	1124715962710953
582554	564116	18438	312	3341314	1416722	1124715966854929
1171432	1153098	18334	3157	7606002	7693938	1124715975851753
233214	213882	19332	3223	9168234	6887988	1124715985469429
722656	702738	19918	243	3532070	1418298	1124715989940857
1174432	1155824	18608	467	2320666	2316244	1124715993652629
773744	755412	18332	4652	12826806	10287358	1124716007469839
670832	652822	18010	4695	10788038	10272424	1124716019144825
1171658	1153200	18458	762	4529162	2904178	1124716025061601
182368	164328	18040	963	3323556	2318376	1124716028784279
760042	720844	39198	400	2194404	1768710	1124716031957961
1198768	1180138	18630	3189	7681286	7787188	1124716041054623
681314	662652	18662	4682	10784362	10253638	1124716052737037
706554	688648	17906	1819	5027756	4553490	1124716058692249
1175174	1155402	19772	895	3178760	3174220	1124716063266829
1174206	1155808	18398	320	3306442	2022502	1124716067963809
1174372	1154654	19718	3966	9245294	9314372	1124716078599907
1174230	1155712	18518	714	4393606	2812694	1124716084383735
460116	441294	18822	2764	6913214	6195810	1124716091973571
405254	386096	19158	1471	5731552	3560190	1124716098326653
539480	518828	20652	1798	6578344	4344580	1124716105660811
1177672	1158064	19608	3201	7794288	7788760	1124716114848945
447324	427336	19988	1900	7288296	4456552	1124716122804511
1179964	1161734	18230	4672	12292548	10734356	1124716136497057
828740	810716	18024	153	3385908	1342652	1124716140927829
520356	500396	19960	3198	7784938	7125258	1124716149449347
769922	751968	17954	588	4024762	2155532	1124716154460881
1171510	1153228	18282	2721	6833676	6822674	1124716162682417
1171500	1153078	18422	1103	3398346	3587004	1124716167472365
206528	176332	30196	2384	7738168	5183038	1124716175633319
1182560	1164146	18414	2908	8691112	7208524	1124716185723281
261252	244718	16534	372	2148602	1211498	1124716188349853
1177022	1158266	18756	3139	9240172	7653350	1124716198971551
1325556	1295020	30536	1263	3916588	4050604	1124716204418051
1168950	1152996	15954	2561	6505836	6488256	1124716212297375
1156798	1137958	18840	1519	5996258	4391798	1124716219655253
754692	735102	19590	1868	6720556	4699582	1124716227347117
1171844	1153784	18060	3472	8368522	8328380	1124716237104179
1180242	1158724	21518	4907	11082726	11203052	1124716249584457
1175936	1154860	21076	4167	11211652	9718816	1124716262188079
548598	529784	18814	951	4611398	2659238	1124716267564707
1178772	1160388	18384	1851	6864786	5093586	1124716275824721
1177046	1158812	18234	1590	6306966	4554726	1124716283513033
1179812	1161628	18184	589	2368126	2570570	1124716287277771
1212786	1182660	30126	195	3505994	1811806	1124716292212721
947832	928592	19240	2721	6830670	6599586	1124716300207703
374434	356492	17942	2067	5522826	4717874	1124716306322249
416554	395858	20696	2388	7877062	5401522	1124716314832309
1182010	1161918	20092	4887	12471164	11164480	1124716328705663
1178468	1160494	17974	4998	13036510	11384386	1124716343149893
743658	725534	18124	1048	5108628	3036480	1124716349207151
234366	216014	18352	388	2163880	1218534	1124716351821829
483308	464704	18604	4060	10781160	8811566	1124716363302709
1175974	1157844	18130	918	4621604	3220962	1124716369317321
1173012	1152464	20548	3950	10839506	9282312	1124716381546247
1171964	1154092	17872	3299	9564622	7978476	1124716392499147
1175564	1157780	17784	2518	6343588	6420270	1124716400234685
1179564	1159260	20304	1972	6942092	5331858	1124716408572615
1177960	1158564	19396	2965	8712380	7317632	1124716418678921
888920	870618	18302	4362	9900350	9821246	1124716429687815
454590	435564	19026	4345	11864140	9356876	1124716442223353
1176800	1156756	20044	252	1744932	1889668	1124716445361547
1364722	1212458	152264	2260	5720390	6094094	1124716452663309
1181970	1162492	19478	3056	7494714	7490968	1124716461544469
1154120	1135622	18498	1249	5687390	3853094	1124716468590691
1179346	1160196	19150	3482	10141396	8352336	1124716480127825
600808	582738	18070	578	2338146	1966362	1124716483283297
1174120	1154492	19628	3726	10297174	8834798	1124716494970493
833778	815750	18028	432	3584872	1906646	1124716499606125
679580	660984	18596	1476	4350102	3842640	1124716504851869
1051708	1032556	19152	1578	4546108	4417202	1124716510669959
1283206	1156316	126890	2249	5887724	5989232	1124716518061423
1179752	1161720	18032	4532	17169880	10451588	1124716536627803
1175036	1157164	17872	38	1477500	1459284	1124716539497051
0	0	0	0	0	0	0
263998	245488	18510	2883	7253704	6239928	1124716552139927
1173450	1153718	19732	3978	10639234	9343498	1124716564169305
852428	834106	18322	3495	8334016	8050538	1124716573572189
730568	711970	18598	3730	8851046	8400358	1124716583370279
963640	947376	16264	4538	10566810	10251314	1124716595117151
795588	776636	18952	1181	5523040	3363080	1124716601641171
1018418	999224	19194	2714	6816600	6654700	1124716609691927
0	0	0	0	0	0	0
0	0	0	0	0	0	0
597894	475058	122836	4001	10719496	8809106	1124716634817209
633974	614874	19100	1268	3927962	3379230	1124716639599269
618692	599572	19120	1116	5321042	3062814	1124716645755933
270436	251374	19062	4282	11201134	9042958	1124716657443571
482228	463294	18934	493	2386448	1681028	1124716660529331
1175136	1156564	18572	556	4208868	2496736	1124716666130203
1176864	1157944	18920	4864	12651876	11114484	1124716680175867
593828	575266	18562	3641	10100290	8084302	1124716691086731
1172334	1153886	18448	3694	8781360	8771624	1124716701257159
1183126	1162952	20174	3797	10828216	8986712	1124716713485855
22394	4156	18238	360	1976326	957920	1124716715701121
0	0	0	0	0	0	0
632426	613096	19330	2952	7298138	6745262	1124716733031011
1177292	1159100	18192	4922	13054814	11229690	1124716747479771
1179812	1156486	23326	998	4762312	3385522	1124716753638201
567126	549252	17874	2081	5433482	4937806	1124716759855469
1114126	1095820	18306	121	3442822	1564740	1124716764628443
1206132	1157764	48368	741	2871286	2895944	1124716768922427
893522	820668	72854	2532	8205466	6166614	1124716778237735
1174758	1156934	17824	1722	4655692	4827866	1124716784284941
1176662	1152678	23984	58	2980650	1501608	1124716788658833
0	0	0	0	0	0	0
1180894	1161962	18932	2074	5539094	5538004	1124716801890909
0	0	0	0	0	0	0
1178086	1159228	18858	2080	5548760	5547422	1124716816871911
975248	957330	17918	1836	6373280	4844316	1124716824429009
1174972	1158768	16204	130	1469414	1633446	1124716827278695
1176136	1158100	18036	2069	5343930	5528170	1124716834003937
1174246	1154438	19808	2678	6549130	6739276	1124716841943989
1178004	1159816	18188	4911	12651094	11211870	1124716855989631
1173036	1154468	18568	1080	5165806	3541014	1124716862544637
1174350	1156444	17906	967	3354402	3317530	1124716867289881
1112590	1094338	18252	2463	6330958	6251620	1124716874950081
1183214	1164660	18554	1022	5024868	3437096	1124716881374643
354632	334528	20104	3603	8598038	7773176	1124716890558015
455820	437570	18250	1355	5650998	3374628	1124716896881139
1173610	1154718	18892	3710	8761238	8802350	1124716907032885
527012	509666	17346	4999	13237646	10722304	1124716921014067
1173978	1155650	18328	3502	9846588	8376954	1124716932238913
1173294	1157088	16206	163	1711052	1697658	1124716935328225
1101590	1083212	18378	2809	8445940	6917454	1124716945080549
1179566	1160214	19352	1627	6363574	4642304	1124716952840477
766570	748000	18570	2610	8017940	6195222	1124716961845385
1181376	1161680	19696	3908	9024710	9206638	1124716972268135
1196682	1171084	25598	288	3556536	1982998	1124716977237399
1083436	1065342	18094	3458	10212734	8209120	1124716988750065
752892	734340	18552	299	1986616	1559656	1124716991709509
286022	263106	22916	986	4870432	2466990	1124716997082573
646300	604788	41512	2761	8527184	6376716	1124717006472671
786300	767978	18322	3415	8138878	7813296	1124717015602587
441286	423940	17346	1169	5420956	2980374	1124717021669541
1181366	1159734	21632	2529	7802310	6436596	1124717030857683
1086526	1068632	17894	2766	8628156	6826664	1124717040792783
0	0	0	0	0	0	0
1173104	1155104	18000	1750	4797700	4882764	1124717057431199
1270566	1252626	17940	2372	5954162	6223978	1124717064872645
0	0	0	0	0	0	0
897582	878782	18800	4289	11577522	9688812	1124717084481505
1169288	1153088	16200	3973	9334174	9323792	1124717095200977
0	0	0	0	0	0	0
1174696	1155726	18970	1993	7284098	5359038	1124717112782373
0	0	0	0	0	0	0
1429886	1161638	268248	4853	11092560	11344512	1124717130277429
442848	423212	19636	533	3983940	1718760	1124717134920343
382070	362034	20036	615	2620508	1821690	1124717138139539
602900	581870	21030	392	3633448	1596454	1124717142592343
0	0	0	0	0	0	0
756186	737184	19002	3939	9267674	8843832	1124717158669497
0	0	0	0	0	0	0
1186448	1164398	22050	503	2414826	2401802	1124717169893699
1224642	1162832	61810	766	4338510	2968590	1124717175673829
0	0	0	0	0	0	0
1162480	1142934	19546	2662	6712668	6694526	1124717188771575
1174070	1155296	18774	4682	12213628	10747682	1124717202379085
0	0	0	0	0	0	0
1172496	1153710	18786	3937	9268052	9254552	1124717222371349
1181044	1163090	17954	1218	5355124	3825698	1124717229123829
1053016	1027496	25520	367	3582402	1996198	1124717233975775
1174164	1153580	20584	4643	12584028	10669676	1124717247950833
1184240	1165962	18278	3985	10800934	9365946	1124717260152801
1182654	1163880	18774	1715	6348856	4821970	1124717267901149
1175646	1156184	19462	948	4984778	3281638	1124717274278091
1131394	1113744	17650	1741	6345354	4822944	1124717281971779
1174330	1156760	17570	3084	7558256	7550998	1124717290920641
0	0	0	0	0	0	0
1293048	1272580	20468	82	1574280	1665850	1124717299031301
954640	916752	37888	541	2245854	2246728	1124717302448903
890014	872162	17852	1064	5544628	3226172	1124717309100105
1176222	1157900	18322	1438	4269512	4262322	1124717314762371
204870	166514	38356	4076	11261156	8564356	1124717326448905
1177214	1157162	20052	224	3710978	1833404	1124717331553227
1183570	1162174	21396	447	2080620	2290374	1124717335033585
691346	672646	18700	757	2908016	2413906	1124717338849321
0	0	0	0	0	0	0
0	0	0	0	0	0	0
1311726	1161178	150548	3427	8253770	8374950	1124717365693373
1247602	1158252	89350	270	3231814	1984796	1124717370377205
1173016	1154862	18154	3861	11095592	9092276	1124717382850645
1052068	1032414	19654	2504	8084092	6269520	1124717392207639
206444	187998	18446	748	2845084	1911560	1124717395475975
1186378	1159164	27214	979	4863102	3352498	1124717401741885
1177972	1159772	18200	2357	6162898	6101830	1124717409299375
1265744	1151454	114290	43	3256122	1561560	1124717414037119
1189850	1159378	30472	4633	10493902	10664004	1124717425937147
1060408	997720	62688	2468	7625312	6205114	1124717434839625
938826	914420	24406	1151	5191108	3448398	1124717441190001
5766934	5764594	2340	3447	8282624	12869238	1124717455456065
1178424	1158088	20336	3099	9396264	7585290	1124717466247409
1182734	1164042	18692	1272	5632680	3935418	1124717473279681
0	0	0	0	0	0	0
1173412	1154602	18810	1753	6613606	4887682	1124717493322227
254264	235468	18796	3094	9056390	6651120	1124717502848987
302920	276990	25930	2978	8768006	6468096	1124717512139593
1170424	1151854	18570	4698	10786136	10776584	1124717524312985
1175392	1156278	19114	3538	10089222	8460382	1124717535793835
1264192	1246394	17798	1790	6606588	5056446	1124717543880609
1173444	1153442	20002	184	3281250	1753680	1124717548551815
1176040	1158158	17882	2449	6216468	6282346	1124717556160361
1178182	1157984	20198	4167	9733412	9720814	1124717567288437
1178712	1159450	19262	2790	8547874	6968150	1124717577230881
21670	2112	19558	8	1166286	248988	1124717578635623
989816	971818	17998	345	2578612	1888618	1124717582419937
1177290	1159120	18170	2434	6255704	6253450	1124717590069353
393816	375850	17966	1518	6144000	3639096	1124717596823817
938948	919718	19230	3876	11055626	8899628	1124717609038839
503564	485056	18508	475	2338530	1662420	1124717612097443
1180762	1161944	18818	628	4258360	2645962	1124717617752615
312070	276680	35390	3792	8739428	8105760	1124717627019841
1176454	1157196	19258	2114	7064014	5613692	1124717635476149
0	0	0	0	0	0	0
1176518	1158686	17832	138	1696590	1649872	1124717645736023
1186774	1165440	21334	4150	10964554	9683816	1124717658092321
506014	488012	18002	2659	8317070	6032470	1124717667131485
0	0	0	0	0	0	0
1171806	1153656	18150	3768	10774446	8916380	1124717688145109
1175314	1156966	18348	4173	9780094	9730974	1124717699316529
936674	918022	18652	2066	5647644	5284226	1124717706117809
1189622	1159552	30070	157	1525308	1712688	1124717709048783
204890	182122	22768	3739	8741572	7891198	1124717718211945
403308	383810	19498	2993	9085830	6599132	1124717727918321
1290868	1223362	67506	728	2844098	2956774	1124717732269801
1178556	1160480	18076	183	3446508	1743194	1124717737099391
1183858	1165208	18650	4562	10336250	10515630	1124717748824709
1177506	1158242	19264	1618	4446612	4622674	1124717754668329
1176280	1154400	21880	970	4636470	3324668	1124717760701071
651136	632862	18274	4618	12438872	10095788	1124717774011803
911814	892310	19504	358	1966338	1835948	1124717777106441
415868	394234	21634	1157	5586110	2939306	1124717783324453
1214200	1160142	54058	3241	9749118	7905656	1124717794504709
0	0	0	0	0	0	0
1295694	1159040	136654	411	2214954	2327988	1124717811852081
1179502	1153100	26402	546	2523906	2479654	1124717815771835
457676	438380	19296	3644	8683986	7953586	1124717825129935
1172136	1153434	18702	4623	12141866	10627938	1124717838660161
320374	302542	17832	2433	6154796	5383034	1124717845340343
435036	418334	16702	3730	8708406	8091658	1124717854688939
847392	829030	18362	3606	10138686	8257576	1124717865883215
970200	953434	16766	3548	9997482	8267670	1124717877055949
1176958	1159978	16980	901	3182434	3176416	1124717881620681
1251782	1158982	92800	193	3176128	1835398	1124717886253477
1028324	1009642	18682	897	3247412	3036534	1124717890734095
418656	400220	18436	687	2584956	2002484	1124717893958391
673940	655368	18572	4937	11146502	10760184	1124717905995577
1172196	1153860	18336	895	3179462	3171408	1124717910563819
1300648	1160844	139804	4204	11379492	9918026	1124717923460199
0	0	0	0	0	0	0
854300	834918	19382	1157	3701314	3376848	1124717933441757
1185566	1166928	18638	1775	4941008	4947754	1124717939784943
1175276	1156010	19266	3359	9425660	8091866	1124717950600625
1178308	1158686	19622	2438	7754004	6263190	1124717959749539
1186786	1153826	32960	912	4545074	3218638	1124717965698001
1179372	1158754	20618	3817	9036232	9021040	1124717976130481
1187682	1165364	22318	1772	4934034	4941844	1124717982468763
419894	362156	57738	834	3065840	2296810	1124717986170893
1179550	1162256	17294	2446	7625880	6279402	1124717995192431
1041210	1022600	18610	3018	8691994	7275652	1124718005130093
0	0	0	0	0	0	0
0	0	0	0	0	0	0
1046262	1027480	18782	2323	6033192	5901188	1124718023017037
1077346	1059594	17752	168	1725186	1622144	1124718026036091
1174668	1154618	20050	2089	6949604	5565054	1124718034377323
1178476	1156060	22416	2884	8576966	7221662	1124718044349065
747082	728160	18922	2153	5705158	5261544	1124718051017601
540382	522328	18054	2873	8662486	6494534	1124718060436877
1301288	1160550	140738	4577	12119014	10663224	1124718074073651
1294746	1155294	139452	2046	5366106	5596940	1124718080951077
1178314	1159686	18628	3282	9722782	7951180	1124718092068557
1207540	1163030	44510	2183	5752772	5783004	1124718099245723
509110	490600	18510	1024	3444036	2766038	1124718103415253
402694	385438	17256	3381	8154146	7378058	1124718112188789
1178530	1158104	20426	2619	6626444	6624052	1124718120210555
1171484	1152162	19322	2207	7517172	5794810	1124718129115467
991870	973160	18710	2764	6919744	6729306	1124718137243747
676686	658522	18164	1235	5557814	3355106	1124718143694549
907296	888984	18312	4500	10389948	10115976	1124718155209081
1172756	1154114	18642	2002	6850846	5386024	1124718163448451
1278290	1163442	114848	758	4451112	3003690	1124718169393945
1175402	1155376	20026	1917	7021530	5217614	1124718177807001
1176868	1157640	19228	4866	11028100	11117354	1124718190228391
1037988	1020018	17970	1565	4518362	4375984	1124718196001429
7193810	7191718	2092	2710	8635488	12823108	1124718212047201
1190226	1160560	29666	3802	8995688	9003374	1124718222449455
1303924	1275208	28716	3889	9248580	9291782	1124718233219099
701266	682298	18968	1803	4995624	4516346	1124718239132401
269918	249516	20402	3098	7588092	6676898	1124718247206935
1177398	1158332	19066	377	3955894	2128188	1124718252554283
788572	768782	19790	2894	9082240	6773054	1124718262629533
1178402	1159586	18816	1815	6316854	5017536	1124718270341295
1177358	1159596	17762	697	2793194	2781140	1124718274528203
623588	603116	20472	2187	5836004	5208922	1124718281204389
1176182	1157526	18656	3418	9839202	8221444	1124718292436893
1274700	1156036	118664	1080	3575178	3643582	1124718297503357
1200462	1159048	41414	4588	12374496	10588640	1124718311294907
1001400	985318	16082	1679	6395082	4556496	1124718318895797
1307340	1280690	26650	3070	7515796	7644990	1124718327923693
480902	450254	30648	785	2951680	2247520	1124718331561201
1168924	1148690	20234	2971	8588418	7308338	1124718341523281
678922	660210	18712	1889	6651310	4666086	1124718349069201
793772	773636	20136	3379	9910774	7761292	1124718359989987
1178636	1157764	20872	1766	6516024	4920266	1124718367900779
230654	205868	24786	3274	9373160	6991592	1124718377720711
1179146	1160666	18480	1153	5139312	3693510	1124718384255139
864130	844782	19348	1844	5078700	4761496	1124718390414079
1175680	1157906	17774	4103	11423256	9589920	1124718403229549
929852	912008	17844	2491	6371596	6121218	1124718410747663
1225184	1205526	19658	2528	6447902	6490282	1124718418640937
1183996	1166676	17320	2361	6126624	6111830	1124718426167579
878186	859832	18354	3613	10218978	8300596	1124718437469695
916382	897868	18514	4592	10408914	10300902	1124718448999779
1174328	1156680	17648	3249	9179440	7869450	1124718459557633
1174706	1156616	18090	4848	11074982	11069220	1124718472011947
341566	323286	18280	965	3146250	2469286	1124718475704773
1171750	1153830	17920	2984	9024012	7341142	1124718486104887
1174052	1155962	18090	3223	7961704	7818418	1124718495445121
1177030	1160086	16944	2530	6355214	6437570	1124718503182021
971236	953830	17406	2681	8178390	6531656	1124718512536147
329626	311924	17702	1560	4498156	3647020	1124718517568517
615988	598772	17216	3364	8107022	7540838	1124718526496801
1173514	1157324	16190	3365	9769238	8099868	1124718537644229
0	0	0	0	0	0	0
1182400	1161660	20740	1309	3849776	4008256	1124718553505117
1182326	1162132	20194	3605	10480868	8606322	1124718565384949
240450	210282	30168	360	3599394	1170058	1124718569441053
1175440	1154800	20640	4757	10909148	10902266	1124718581741923
735186	717352	17834	142	1671776	1227920	1124718584365681
889798	870430	19368	2001	7200440	5101452	1124718592672237
846414	828290	18124	3810	10824458	8674844	1124718604562761
1180930	1161192	19738	1020	3428912	3430720	1124718609389213
370264	352690	17574	3852	9108828	8287042	1124718619084385
1171678	1154992	16686	56	1490350	1481454	1124718621951783
1175754	1157962	17792	4159	9645274	9691606	1124718632977789
1180482	1160826	19656	3229	7785294	7835748	1124718642148451
923694	905348	18346	375	3682538	1870806	1124718646959709
598560	579870	18690	1427	4245950	3664376	1124718652020547
408006	389490	18516	3318	8016762	7253874	1124718660661937
1194174	1166680	27494	88	3187624	1580076	1124718665264077
1174970	1155710	19260	3309	8090986	8005356	1124718674746811
548306	529742	18564	4516	11872044	9787934	1124718687388001
1188070	1163906	24164	4325	11572558	10047230	1124718700365693
608808	591112	17696	1821	5035546	4460376	1124718706226383
1170786	1152410	18376	52	3016950	1484720	1124718710630321
1182832	1164880	17952	4542	10484614	10475528	1124718722514167
1226832	1158902	67930	291	1882274	2005754	1124718725828155
1307968	1289530	18438	3259	7752100	8023434	1124718735093215
481834	463336	18498	4029	11053478	8738622	1124718746833097
183328	164706	18622	4554	10632614	9500878	1124718757868503
1174946	1156298	18648	2045	6915840	5477160	1124718766176067
217820	180226	37594	2378	5979450	5182986	1124718772588947
1182544	1154632	27912	3803	8994242	8997294	1124718782981531
1175122	1157392	17730	2660	8486958	6704356	1124718792859929
1159836	1126904	32932	4020	9418776	9396562	1124718803646557
1169614	1152966	16648	3310	7999232	7987444	1124718813020247
1073118	1056768	16350	3669	10195362	8607454	1124718824493685
1265224	1155924	109300	3489	9874434	8439998	1124718835837799
1259056	1158058	100998	640	4153972	2751446	1124718841467601
898056	880150	17906	1712	6521072	4530954	1124718849102521
0	0	0	0	0	0	0
1142112	1124098	18014	1168	5387550	3685800	1124718866050497
1193220	1159854	33366	780	2947304	2961202	1124718870407559
1189840	1168416	21424	278	1859856	1956454	1124718873674149
969922	951734	18188	4858	11047788	10895020	1124718885908123
1183630	1164734	18896	2826	7039588	7044396	1124718894347765
1171990	1152766	19224	2268	7125074	5905464	1124718902860081
987190	969484	17706	3785	8957582	8765682	1124718913025175
429736	411654	18082	4697	12252708	10032240	1124718925923629
537286	518082	19204	2197	7492044	5139480	1124718934169109
0	0	0	0	0	0	0
0	0	0	0	0	0	0
0	0	0	0	0	0	0
0	0	0	0	0	0	0
407170	388000	19170	698	4371884	2000858	1124718975892705
0	0	0	0	0	0	0
1177132	1158336	18796	4056	11353704	9496828	1124718995864491
751992	733490	18502	2425	8108116	5810908	1124719004941283
1175384	1157176	18208	2190	5589964	5763374	1124719011922641
1157880	1138628	19252	308	3492366	1985698	1124719016789109
1170434	1152038	18396	2187	5765744	5752854	1124719023959571
301608	279172	22436	1406	4244798	3322056	1124719028722711
1188000	1170004	17996	1209	3809388	3814042	1124719033941069
587342	564502	22840	2610	8063332	6010102	1124719042806343
1179718	1158864	20854	201	3114338	1791160	1124719047320693
1273854	1161038	112816	1784	4969342	5055202	1124719053780803
1039646	1020330	19316	2659	11843648	6567534	1124719066880481
0	0	0	0	0	0	0
1173308	1155290	18018	1284	5867574	3951150	1124719081179989
1179472	1160026	19446	2430	6237914	6248376	1124719088814121
1172370	1153602	18768	4695	12173236	10771004	1124719102380939
1175624	1155568	20056	4905	12529104	11194440	1124719116302077
490962	472482	18480	2076	7089294	4852246	1124719124099335
1177458	1159164	18294	2692	6772388	6770734	1124719132265809
1179148	1160414	18734	3880	10772000	9147388	1124719144433389
1175868	1157416	18452	3979	11132426	9344058	1124719156958043
1185462	1164428	21034	4091	11299346	9576196	1124719169659515
1187072	1167280	19792	551	2604092	2497602	1124719173667109
1036476	922244	114232	1069	4886526	3384012	1124719179806451
1181822	1163636	18186	3150	9003046	7690030	1124719190207733
1174386	1156212	18174	3413	8219686	8210894	1124719199818187
509158	449326	59832	1759	6511720	4239814	1124719207054909
1174240	1156098	18142	1770	6334496	4922820	1124719214779947
1172650	1153656	18994	4588	12206820	10558358	1124719228380241
613434	594846	18588	1953	5234806	4729456	1124719234444989
362148	338746	23402	4215	11593766	9000242	1124719246617589
1191120	1174360	16760	4713	12312842	10825890	1124719260338343
1175556	1157216	18340	2835	8804274	7042672	1124719270522839
858588	840132	18456	308	3474200	1682926	1124719275071843
343178	324628	18550	4377	10145008	9305752	1124719285776325
762398	743820	18578	2844	7075882	6658986	1124719293831521
1185634	1167682	17952	137	1663636	1669430	1124719296896737
891704	872480	19224	1670	4729846	4440662	1124719302734709
1066794	1047404	19390	4240	9869940	9755474	1124719313891715
231032	209992	21040	4037	11038794	8523764	1124719325377895
294016	269332	24684	3400	8204496	7306058	1124719334092801
1015282	996040	19242	120	1651258	1464268	1124719336976069
1172552	1153402	19150	2891	7022496	7163954	1124719345387247
1176518	1157786	18732	3402	9528508	8189014	1124719356309117
1181944	1163910	18034	4914	13137368	11218752	1124719370844471
1175124	1155568	19556	4014	10868128	9412498	1124719383107539
