# Loop @ Start frequency 2500000Hz took 856.32 cycles
# Interval [846 ; 866]
# Q1 : 848 ; Q3 : 850
# Loop @ Target frequency 900000Hz took 2386.68 cycles
# Interval [2367 ; 2406]
# Q1 : 2352 ; Q3 : 2360
# Confidence intervals do not overlap, alternatives are statistically different with selected confidence level
Change time (with write) [cycles]	Change time [cycles]	Write cost [cycles]	Wait time [us]	Time since last frequency change request [cycles]	Time since last frequency change [cycles]	Detected frequency change timestamp [cycles]
1303926	1270222	33704	3567	246818236	246530094	1124577939309317
1184768	1166238	18530	4812	11249694	11017672	1124577952222063
1222044	1160708	61336	907	3353870	3244662	1124577957273275
530358	508784	21574	3036	7848042	6812988	1124577966125543
1210352	1179360	30992	4996	11719310	11411888	1124577979529423
1181574	1162816	18758	2463	6400816	6305440	1124577987594507
519700	502826	16874	4156	9927696	9027788	1124577998526503
1249196	1166652	82544	3982	9605324	9411630	1124578009844035
1188842	1161784	27058	4075	10046528	9547416	1124578021575605
1304400	1162772	141628	3998	9739852	9508642	1124578033113067
1101346	1083212	18134	3427	8581482	8164558	1124578043267961
1189502	1165358	24144	2191	6279040	5779834	1124578051209925
1199968	1183094	16874	4544	10833254	10484878	1124578063704303
342554	323782	18772	3891	9711526	8324956	1124578074236765
1178900	1162086	16814	4101	9896760	9578020	1124578085773075
658188	641862	16326	3295	8359774	7449316	1124578095260277
1241900	1171138	70762	2535	6805856	6509076	1124578103769921
1177506	1160182	17324	27	1830594	1432740	1124578107247515
973780	956380	17400	2511	5953530	6194092	1124578114637733
1260864	1158330	102534	4626	11261308	10710156	1124578127618733
1191618	1163494	28124	4697	10726172	10782354	1124578140015365
347452	329854	17598	4859	11332694	10267046	1124578152159107
532904	515402	17502	1572	5000998	3875274	1124578158154517
384392	364980	19412	447	2512426	1476424	1124578161511961
1176560	1158294	18266	3556	8500164	8485884	1124578171658085
1179106	1161592	17514	4871	11495342	11119088	1124578184800503
1175540	1158810	16730	3275	7946300	7922804	1124578194384863
1218794	1166924	51870	1540	4606292	4497184	1124578200670081
1197582	1181254	16328	3078	7870326	7550972	1124578210198783
446174	428288	17886	1572	4368750	3788872	1124578215475361
551886	535632	16254	1286	4283940	3321512	1124578220785013
1175874	1158718	17156	4158	10013378	9690070	1124578232434933
1181024	1162542	18482	156	1943328	1689618	1124578236020055
627960	611032	16928	590	2116878	2004734	1124578239224973
344168	321606	22562	1788	5355894	4117814	1124578245387125
1178520	1159384	19136	4822	11414116	11018916	1124578258441361
1244022	1193738	50284	271	2225578	1983880	1124578262370823
1199188	1180046	19142	2722	7283936	6841764	1124578271337925
235966	214326	21640	3041	7728726	6515780	1124578279762667
618448	602096	16352	1519	4888872	3857714	1124578285741143
575608	559320	16288	1506	4616424	3785626	1124578291404215
1120600	1101996	18604	4306	10296702	9931022	1124578303281107
1177592	1161516	16076	3273	8221154	7922132	1124578313142001
1178394	1160640	17754	1904	5723024	5185200	1124578320504801
442436	424662	17774	2294	6404888	5227922	1124578327812747
680318	662640	17678	1597	5038934	4076598	1124578334004613
1179476	1161036	18440	2113	6038104	5602304	1124578341683715
1186052	1168468	17584	412	2378970	2208634	1124578345718235
1175720	1159074	16646	138	1962854	1649278	1124578349333881
1176726	1160392	16334	3347	7659474	8067588	1124578358630835
1193736	1162666	31070	16	1883118	1424364	1124578362169787
1175242	1158520	16722	1746	4658100	4865822	1124578368463325
557624	540934	16690	4935	11667988	10624456	1124578381149555
1183790	1166920	16870	3464	8831610	8309874	1124578391625615
890908	872898	18010	3745	9174132	8579468	1124578402162675
1123134	1105674	17460	2732	7283454	6784310	1124578411030801
1124306	1106788	17518	1498	4242584	4318512	1124578416857935
1185490	1169246	16244	4146	9575580	9675664	1124578428081045
1203654	1163482	40172	1096	3749224	3596792	1124578433495173
1175072	1158062	17010	1260	4050646	3891942	1124578439190573
1182192	1164630	17562	4117	9893752	9614484	1124578450727557
1174592	1158000	16592	2011	5399420	5393854	1124578457763919
1053642	1036928	16714	172	2138736	1598818	1124578461426961
751592	732040	19552	2268	5941378	5502716	1124578468580823
1185164	1166048	19116	4094	9908602	9571556	1124578480136361
1038970	1016088	22882	745	3412062	2726972	1124578485048095
1185028	1163322	21706	2672	6795984	6727942	1124578493490115
1183070	1164132	18938	3355	8084570	8091240	1124578503230063
1314614	1160606	154008	1239	4050638	3991110	1124578509055547
1248580	1160772	87808	4099	9645810	9645488	1124578520409453
1117642	1099866	17776	3278	8127950	7872002	1124578530116427
1003106	984050	19056	2673	6593214	6547556	1124578538173943
838568	818584	19984	2143	6137596	5334728	1124578545623365
300048	281564	18484	1737	5257272	3982422	1124578551664765
1183864	1165886	17978	1406	4619496	4208308	1124578557960521
1200096	1168632	31464	797	3338934	3004030	1124578562972733
770336	752158	18178	643	2984982	2266186	1124578567200973
1195400	1173106	22294	3558	9111640	8520528	1124578577981921
993120	975850	17270	4047	9978036	9296876	1124578589425463
264492	247814	16678	882	3179620	2226022	1124578593332787
726650	709292	17358	2473	6570884	5871902	1124578601090895
368860	352120	16740	1585	4879214	3736932	1124578606803075
1020468	1002910	17558	2540	6484704	6297708	1124578614768635
1178170	1161846	16324	4264	10225606	9903290	1124578626634213
785628	768078	17550	2738	7294732	6460574	1124578635175615
1177276	1159934	17342	2733	7501008	6841108	1124578644315205
1178256	1161432	16824	4271	10107932	9917560	1124578656062103
1181956	1165056	16900	2902	7104108	7183612	1124578664809705
987492	970446	17046	3628	8962560	8441994	1124578675221155
967632	949444	18188	3111	7817390	7388210	1124578684467227
1184146	1166830	17316	266	1905490	1914454	1124578688015717
1265040	1239004	26036	4833	11675170	11129016	1124578701416503
359058	341940	17118	157	2005414	871264	1124578704240525
957356	940736	16620	226	1938260	1608128	1124578707596773
1059096	900096	159000	1531	4734770	4318362	1124578713862463
1175598	1158670	16928	3004	7302646	7382070	1124578722810925
434362	417048	17314	3731	8589880	8094210	1124578732295615
194596	175448	19148	4131	9775946	8653288	1124578742725765
1059368	1043030	16338	3481	8655636	8219732	1124578752902467
1176206	1158382	17824	587	3089826	2547016	1124578757631285
533130	516370	16760	4252	10161080	9235528	1124578768796103
1178022	1160538	17484	3693	9049008	8760986	1124578779484893
1177412	1161234	16178	3638	8917068	8651536	1124578790048241
397456	380734	16722	2737	6811912	6068942	1124578797720205
1178262	1161486	16776	1854	5524346	5087462	1124578804892965
212330	193986	18344	262	1789092	932988	1124578807356995
1174938	1157944	16994	2312	6009122	5996472	1124578815001555
1146276	1118952	27324	533	2412008	2410418	1124578819020885
1183934	1163968	19966	3593	9024248	8567374	1124578829690423
1174704	1157662	17042	99	1610224	1570624	1124578832945183
752634	700580	52054	4288	9634936	9525894	1124578843793045
1179484	1162648	16836	4109	9992848	9598704	1124578855435795
308512	288026	20486	2408	6081996	5321756	1124578862286783
1115208	1097814	17394	3027	7904112	7366720	1124578871767415
496158	479348	16810	4985	11758762	10667634	1124578884494241
1178394	1162288	16106	678	3264286	2732728	1124578889396463
284944	264696	20248	2117	5802616	4716382	1124578895944935
789180	772416	16764	2293	6192660	5575730	1124578903387143
1188550	1170162	18388	1789	5178924	4963824	1124578910214457
807352	788946	18406	914	3384608	2833224	1124578914867183
1188806	1171294	17512	4153	9995854	9691348	1124578926512595
916652	898166	18486	1515	4581802	4144002	1124578932472365
1179870	1159590	20280	1040	4185382	3459098	1124578938299653
1034176	1014634	19542	4496	10672052	10235908	1124578950477881
265312	246144	19168	3415	8587900	7303266	1124578959802955
2733586	2730680	2906	4104	10081898	11149984	1124578973113121
748918	732276	16642	3390	8576700	7737050	1124578982910281
551072	440762	110310	3186	8289720	7120448	1124578992210335
1179874	1162394	17480	4864	11432664	11105842	1124579005285041
1180582	1164604	15978	3823	8995370	9024720	1124579015921685
703272	686968	16304	4098	9798436	9099156	1124579026892303
955682	936086	19596	155	2074878	1462384	1124579030384675
1180994	1164738	16256	3875	9205562	9145030	1124579041231921
691444	673574	17870	4861	11164236	10611116	1124579053548281
1177924	1159422	18502	2928	7756208	7233084	1124579062958675
875912	859854	16058	110	1827498	1292822	1124579066122623
1181312	1163606	17706	1900	5190120	5182692	1124579072955975
1178168	1161922	16246	4545	10646682	10464982	1124579085238743
1238562	1151710	86852	3369	8445386	8174004	1124579095383063
1092782	1075208	17574	2297	5992502	5884224	1124579102929227
814024	792444	21580	4406	10538296	9823854	1124579114742343
1185818	1167090	18728	787	3300564	2958104	1124579119690143
1182484	1164456	18028	3521	8414304	8421618	1124579129764735
1003596	985356	18240	2005	5194102	5210996	1124579136479863
1200162	1171566	28596	1318	3895026	4044828	1124579142048375
422002	403818	18184	4294	10504026	9219230	1124579153446161
1177936	1160110	17826	824	3368714	3035320	1124579158466055
1183930	1164156	19774	1278	4233638	3949338	1124579164356009
1176592	1158374	18218	2680	6867676	6746494	1124579172870615
0	0	0	0	0	0	0
1181134	1161108	20026	3047	7357572	7483920	1124579187189041
1181802	1163888	17914	162	1686620	1713982	1124579190527685
1189894	1170982	18912	1420	4135044	4259734	1124579196325721
1177106	1158320	18786	1616	4874988	4617940	1124579202850881
1178326	1159726	18600	4621	11083520	10628922	1124579215583921
1198510	1180654	17856	1886	5613236	5168836	1124579222868023
1184536	1167526	17010	4189	10326370	9759694	1124579234839987
1179066	1162560	16506	4642	10862086	10660400	1124579247342375
1188042	1171306	16736	2200	6268816	5786464	1124579255259325
1199176	1180514	18662	4100	9871700	9597674	1124579266790383
532514	473676	58838	3859	9320466	8448068	1124579277103635
770128	752970	17158	1704	5027606	4375074	1124579283361215
910420	892898	17522	4153	9916440	9414774	1124579294649395
1308074	1287366	20708	3768	9298188	9041854	1124579305714965
970734	954164	16570	2718	7165226	6605812	1124579314327561
729658	710780	18878	3756	9137822	8441290	1124579324656027
1232640	1164416	68224	1692	4991010	4814754	1124579331339343
1142718	1125790	16928	4481	10396470	10301250	1124579343339335
1176420	1158860	17560	1863	5529442	5100192	1124579350504955
623140	606054	17086	2575	6769540	5971080	1124579358357613
1003958	987644	16314	1574	4752354	4349176	1124579364574405
497248	480904	16344	4855	11598482	10404872	1124579377129615
1084052	1066358	17694	44	1826944	1369372	1124579380500401
654976	637276	17700	4716	10821016	10284556	1124579392437187
793558	776844	16714	3488	8858272	7966720	1124579402549725
1181596	1163492	18104	2537	6736426	6452806	1124579410927663
1181014	1163772	17242	3773	9221290	8925802	1124579421791025
1240446	1163726	76720	320	2101686	2078404	1124579425604435
1185378	1162728	22650	1013	3837688	3408684	1124579431099307
1211074	1162500	48574	613	3365370	2634240	1124579436136961
1254884	1164310	90574	4795	10731320	11043590	1124579448584685
510468	493328	17140	1000	4047532	2707680	1124579453602223
1178274	1162082	16192	2181	6359478	5740190	1124579461609957
1097584	1080312	17272	4979	11727044	11252376	1124579474903183
856862	839346	17516	1799	5331592	4651938	1124579481552401
1186382	1169080	17302	1483	4671156	4348890	1124579487877893
1262894	1164464	98430	1306	4289630	4075088	1124579493900285
1180790	1163810	16980	1083	3867250	3548262	1124579499418223
654032	637396	16636	2629	6862328	6109314	1124579507395375
1188834	1172092	16742	847	3542726	3080724	1124579512588143
1189312	1160248	29064	3437	8527918	8259672	1124579522766533
1175086	1157660	17426	2324	5934448	6019900	1124579530336277
5820940	5818456	2484	2335	6148020	10687060	1124579542766075
447678	431412	16266	4813	11461520	10271096	1124579555136693
965148	939838	25310	4546	10431196	10254832	1124579566994037
797568	777102	20466	3083	7797272	7172894	1124579576338503
1176952	1158840	18112	4348	9968594	10086782	1124579587957823
1176456	1157988	18468	1639	4971038	4667720	1124579594577255
1183214	1162950	20264	4708	11026666	10809596	1124579607257925
1176782	1160674	16108	3991	9368038	9369110	1124579618275285
528286	511286	17000	895	3284936	2514712	1124579622548743
461276	444564	16712	130	2016156	919348	1124579625487747
580884	564788	16096	3547	8063516	7872998	1124579634605281
1176488	1158764	17724	2350	5866040	6074804	1124579642108835
1094226	1076764	17462	3611	8980268	8514294	1124579652644467
470822	452690	18132	3071	7627350	6810530	1124579661204995
292656	270932	21724	3121	7846608	6732726	1124579669806757
1180462	1162326	18136	3537	8737832	8452858	1124579680562637
1303136	1283372	19764	1541	4252238	4595574	1124579686591241
330646	312406	18240	4851	11430362	10242662	1124579698826685
1181480	1160580	20900	3520	8853996	8431498	1124579709335423
1176000	1157828	18172	3752	8685582	8889146	1124579719671867
1175622	1158864	16758	1926	5778790	5227966	1124579727133293
1154008	1125094	28914	4751	11085044	10854496	1124579739833613
1182164	1165128	17036	2108	5822566	5595798	1124579747307685
1178904	1162074	16830	3409	7964634	8194234	1124579756912361
1264768	1165448	99320	1582	4609280	4625904	1124579763246183
1185760	1169146	16614	1307	4249116	3999032	1124579769143103
1185794	1169090	16704	3269	8391058	7921644	1124579779181107
1229574	1212340	17234	1444	4493550	4316052	1124579785366787
1187932	1169620	18312	367	2370752	2118852	1124579789387187
1091804	1073974	17830	4526	10834378	10341604	1124579801774907
503438	486456	16982	1010	3777944	2724720	1124579806526543
528690	511096	17594	3218	8426764	7162722	1124579815943721
1179276	1161832	17444	4507	10683854	10394412	1124579828268183
252524	234806	17718	3592	8837742	7633014	1124579837819373
970218	875168	95050	4429	10574574	10029604	1124579849832987
1176476	1160246	16230	2363	6312266	6101418	1124579857793183
501004	484362	16642	3697	9221916	8095638	1124579867987601
1177602	1160154	17448	765	3135998	2907786	1124579872762165
1178612	1159884	18728	3037	7819302	7450616	1124579882221115
226294	206558	19736	1186	4063502	2796854	1124579886972757
1063062	1045766	17296	2722	7339990	6704846	1124579895837453
457464	440174	17290	2586	6588662	5827256	1124579903351801
1275426	1162390	113036	2562	6804670	6597486	1124579911893733
1177744	1159460	18284	3618	8596860	8609844	1124579922137947
1175934	1158180	17754	410	2709950	2194168	1124579926484107
999054	979980	19074	4858	11393568	10912900	1124579939337125
917448	900226	17222	1582	4876232	4279464	1124579945591507
213306	193286	20020	3846	9316040	8103790	1124579955591281
1189250	1161972	27278	3808	9218522	9002834	1124579966469121
983438	966838	16600	616	2910002	2412460	1124579970825263
291414	273750	17664	730	2861004	1948614	1124579974437213
210458	192922	17536	4975	10926386	10356482	1124579986036161
0	0	0	0	0	0	0
1179394	1163314	16080	3263	8261344	7903544	1124580005156961
919074	902384	16690	3658	8522188	8432396	1124580015060565
1191080	1174688	16392	2970	7545352	7327448	1124580024256517
198834	181388	17446	1899	5275322	4194310	1124580030190197
508142	491050	17092	4467	10607880	9639598	1124580041769467
721594	705374	16220	4256	10169548	9432242	1124580053130823
608452	589172	19280	1769	5448778	4343710	1124580059647715
1192658	1172268	20390	4276	10413720	9959122	1124580071749841
386668	368260	18408	301	2361888	1201178	1124580074983761
1180960	1160484	20476	3424	8245346	8237948	1124580084882041
0	0	0	0	0	0	0
636274	619668	16606	4112	9691330	9069876	1124580104615067
935388	917048	18340	4151	10256260	9436064	1124580116266111
646446	628348	18098	2256	6372092	5357250	1124580123747133
883668	865882	17786	4034	9753150	9149312	1124580134854253
218976	200756	18220	4903	11490170	10222090	1124580147025601
1198946	1180466	18480	1688	4759716	4784066	1124580153457507
1180066	1162120	17946	2109	6134690	5608414	1124580161266601
1175642	1157040	18602	1608	4868126	4601444	1124580167782111
694102	676096	18006	962	3714618	2830338	1124580172672503
472360	453990	18370	3338	8598872	7357640	1124580182216707
1307478	1161336	146142	735	2895292	2990704	1124580186891775
260958	244436	16522	1482	4780294	3422564	1124580192405107
260992	242548	18444	3071	8127520	6601068	1124580201255077
6044510	6042390	2120	4014	9326020	14271256	1124580217086503
1196538	1168402	28136	1443	4803228	4291302	1124580223562561
1204548	1186536	18012	1781	5572440	4978832	1124580230832521
1291256	1166730	124526	2561	6899922	6622732	1124580239497143
1184974	1164820	20154	2849	7395604	7091706	1124580248570801
1311826	1294338	17488	1244	4302970	4008866	1124580254657601
1177052	1160016	17036	2967	7858108	7319716	1124580264164685
1195978	1179420	16558	1604	4600830	4604614	1124580270423543
1182678	1165254	17424	39	1798202	1458066	1124580273866205
759178	741718	17460	1695	4438352	4346804	1124580279534655
668570	652362	16208	4374	10513980	9612898	1124580291187965
967574	938396	29178	3531	9020038	8227366	1124580301636893
315072	285506	29566	2513	6922936	5541566	1124580309344355
1230542	1165592	64950	2483	6706204	6393990	1124580317741743
1239926	1158442	81484	4695	10879914	10827402	1124580330333041
1174228	1157550	16678	2080	5863872	5532090	1124580337831295
800714	784318	16396	4985	11573596	10968024	1124580350683693
1179502	1163322	16180	4703	11010062	10783596	1124580363334365
991624	971056	20568	3532	8839026	8252992	1124580373624405
1161070	1143262	17808	2604	6972850	6567630	1124580382233797
664518	648384	16134	4218	10388460	9297946	1124580393745143
312778	295048	17730	596	2692008	1701772	1124580397219361
1174376	1158158	16218	4133	9233124	9637402	1124580408086895
0	0	0	0	0	0	0
1176764	1160700	16064	3903	9617368	9181028	1124580431897107
233962	195424	38538	1905	5486504	4245558	1124580438086241
1291624	1274690	16934	3540	8689544	8568298	1124580448527855
1295164	1164284	130880	4592	10527808	10678008	1124580460811307
1188528	1172314	16214	4918	11305512	11222592	1124580473766543
510506	489836	20670	1158	3975174	3023820	1124580478722503
1154422	1126952	27470	856	2981630	3063206	1124580483320355
1276152	1166270	109882	3235	8069536	7943908	1124580493126013
1159150	1141728	17422	553	2741530	2462528	1124580497488975
339304	321448	17856	3179	8142546	6893892	1124580506439055
501866	483564	18302	4849	11542316	10397246	1124580518943543
0	0	0	0	0	0	0
1180378	1160984	19394	4279	10265272	9937160	1124580542337983
579366	561528	17838	3894	9208918	8576276	1124580552598885
999040	981216	17824	1731	5331880	4670650	1124580559400543
193256	174298	18958	2542	6342708	5486502	1124580566408685
1181954	1163180	18774	1197	4356778	3784406	1124580572421315
1179974	1157546	22428	4572	10841778	10532960	1124580584917255
994102	976078	18024	4725	10978062	10653818	1124580597363285
866956	847868	19088	1616	4769492	4307310	1124580603470115
1022840	1002802	20038	2907	7443770	7046806	1124580612429903
1177494	1160110	17384	2035	5868168	5457518	1124580619948383
508726	491912	16814	251	1772202	1209216	1124580622689583
1297058	1168944	128114	4439	10262112	10371710	1124580634707863
1180522	1162154	18368	4084	9534960	9546896	1124580645883255
722598	706454	16144	3836	9010264	8592304	1124580656087245
1184950	1168950	16000	1843	5523960	5068238	1124580663257533
1190040	1171614	18426	2724	7076800	6835742	1124580671984543
1178868	1160030	18838	2228	6362340	5832096	1124580679985325
1093144	1076912	16232	4334	10341684	9957198	1124580691879503
1173090	1156962	16128	220	1797178	1811332	1124580695321441
1180036	1162264	17772	2469	5838644	6315650	1124580702800303
302592	184036	118556	4381	10365096	9262804	1124580713928783
1180202	1162224	17978	3324	8541668	8025604	1124580724110325
1112846	1096574	16272	1701	5029368	4712912	1124580730712917
1265034	1244912	20122	2389	6401004	6241440	1124580738841013
819526	801516	18010	1254	4262104	3525284	1124580744381485
1174136	1157398	16738	1146	3910512	3664076	1124580749928045
275342	259236	16106	1524	4478506	3521200	1124580755143213
976462	959644	16818	2838	7278596	6850094	1124580763858263
1193934	1174468	19466	757	3117088	2908776	1124580768639725
581056	564212	16844	1387	4110454	3553134	1124580773792765
936560	919424	17136	1916	5717662	4966572	1124580780916223
787060	676468	110592	778	3225726	2541010	1124580785390707
779976	760996	18980	3625	8911290	8228778	1124580795541521
1175692	1158722	16970	1366	4185908	4104854	1124580801383223
1177078	1157536	19542	4116	9520954	9606334	1124580812542495
878252	861364	16888	3541	8677180	8157560	1124580822557623
1189318	1170246	19072	2343	6168846	6073514	1124580830376605
410686	394138	16548	138	1742232	883824	1124580832989973
1181192	1162370	18822	3398	8186892	8174644	1124580842818405
1180878	1162508	18370	577	2576828	2531910	1124580847036053
1176372	1160090	16282	4330	10373840	10032666	1124580859047467
935148	915490	19658	1997	5308146	5126844	1124580865750197
1325422	1194878	130544	751	3226858	3028006	1124580870772413
1191676	1174012	17664	304	2289626	1996652	1124580874714627
534918	518850	16068	1683	5575420	4098756	1124580881287845
1174116	1157412	16704	24	1508192	1420756	1124580884431023
826224	807290	18934	4052	9127296	9130840	1124580894847063
1317058	1299086	17972	1074	3759822	3662570	1124580900385835
0	0	0	0	0	0	0
1273380	1163296	110084	1046	3477526	3563238	1124580908954063
1190952	1171546	19406	1820	9940800	5028608	1124580920545575
1284388	1166590	117798	1357	4375296	4195244	1124580926666965
1184118	1165920	18198	503	2719016	2387116	1124580931030667
1179816	1160498	19318	3001	7902984	7379802	1124580940574401
1186168	1166340	19828	4432	10533942	10259378	1124580952768675
1180048	1161910	18138	3206	7827010	7800488	1124580962248463
0	0	0	0	0	0	0
1443514	1164268	279246	4711	11136046	11074080	1124580980249681
1175622	1159354	16268	1660	5056386	4693124	1124580986941733
834474	817176	17298	689	2807636	2410922	1124580991044573
1178474	1161658	16816	3718	9284992	8812324	1124581001968467
560808	543012	17796	4450	10490700	9661928	1124581013480743
1190980	1172664	18316	3635	8870492	8658040	1124581024012845
1181200	1162874	18326	1159	3677092	3697002	1124581029332995
994312	976800	17512	4807	11405448	10805794	1124581042194023
803728	787362	16366	4644	10463134	10289776	1124581053923343
338040	320786	17254	339	2483850	1213354	1124581057205623
1186836	1168710	18126	3398	8183778	8181214	1124581067038357
1178808	1161160	17648	1625	5066552	4626460	1124581073746263
1175034	1157722	17312	3388	8091224	8148776	1124581083492423
239002	212828	26174	2588	6715972	5612790	1124581090926415
1046386	1027616	18770	4440	10754350	10134966	1124581103201731
1182182	1161604	20578	2426	6368996	6243584	1124581111223463
0	0	0	0	0	0	0
1188648	1167860	20788	517	2890600	2431776	1124581121551865
1208216	1188808	19408	3612	8698934	8640768	1124581131941355
531892	513786	18106	3997	9788686	8734132	1124581142736841
447946	429576	18370	1515	4671160	3674862	1124581148316841
291224	248020	43204	4807	11484322	10102926	1124581160554161
1188474	1169582	18892	2226	5876626	5850022	1124581168145315
1182270	1162492	19778	2777	7400516	6945138	1124581177201041
1181400	1162130	19270	1518	4774386	4426430	1124581183630161
1102492	1084114	18378	4911	11390330	11135166	1124581196605115
1317958	1298330	19628	1246	3885962	4019176	1124581202282533
265408	247116	18292	3597	8999020	7668600	1124581212019801
497152	477540	19612	3397	8397550	7493318	1124581221375503
1188346	1171754	16592	1898	5572060	5182148	1124581228596601
1186202	1169402	16800	3990	9586338	9362716	1124581239828415
1180792	1162984	17808	1573	4313746	4526298	1124581245794943
1178418	1161788	16630	2998	7551922	7370838	1124581255004475
1181154	1164440	16714	4025	9405632	9427772	1124581266053121
523768	507482	16286	903	3015764	2527070	1124581270053733
659174	642896	16278	4058	9885164	8973622	1124581281059053
751264	734472	16792	2849	7134276	6647792	1124581289405055
1180774	1162266	18508	2038	5855538	5454102	1124581296902525
635638	617910	17728	2576	6775910	5985436	1124581304775321
208626	176650	31976	1794	5229282	3994518	1124581310674281
513788	493606	20182	3309	8535310	7328772	1124581320183361
595390	578782	16608	1021	3927516	2836084	1124581325166961
1183278	1164108	19170	2521	6446580	6423798	1124581333258765
1215314	1194180	21134	256	2142026	1924664	1124581337078755
888404	729938	158466	1647	5336542	4392722	1124581343781921
457426	438258	19168	3051	7246792	6768930	1124581351972881
852196	833860	18336	82	1886054	1225156	1124581355181637
1186892	1167146	19746	3606	8623340	8607824	1124581365464215
1177716	1158956	18760	1823	5357254	5031290	1124581372481025
1175054	1158446	16608	2797	7244448	6978470	1124581381376165
1174078	1156886	17192	2847	7408386	7065470	1124581390419157
1184030	1164938	19092	4533	10549116	10446504	1124581402613013
327354	310462	16892	2314	6198228	5151712	1124581409600223
1174956	1158580	16376	1416	4352368	4204578	1124581415595841
594214	577910	16304	4815	11271618	10421996	1124581427942993
1240674	1163494	77180	1925	5460770	5292454	1124581435103405
1323474	1305250	18224	804	3610482	3128980	1124581440496161
626458	565998	60460	3314	8243068	7453172	1124581449825041
1319416	1301100	18316	3590	8442264	8697274	1124581460055921
1180830	1161242	19588	4213	9843760	9807100	1124581471541267
1179454	1162084	17370	4843	11065400	11064196	1124581484257797
393414	375008	18406	2107	6013938	4806154	1124581491123685
396358	380150	16208	466	2687212	1525196	1124581494668605
1201212	1180204	21008	165	1734196	1745982	1124581498063613
1184036	1164416	19620	3640	8227752	8661288	1124581507936215
291596	272624	18972	929	3138190	2347310	1124581511827693
1070684	1054004	16680	4618	11092506	10504660	1124581524472725
930640	912108	18532	3585	8834260	8297962	1124581534698595
829188	812628	16560	169	2044270	1364550	1124581538035103
966030	948870	17160	887	3081822	2937986	1124581542541933
1180938	1163712	17226	3960	9524248	9299020	1124581553706743
1249032	1164632	84400	1222	3667916	3890254	1124581559094815
1325516	1308910	16606	256	1758500	2034850	1124581562639281
285872	182808	103064	2861	7912706	6530752	1124581571299533
922406	904606	17800	1736	5340180	4592222	1124581578024027
1178236	1161576	16660	747	3181882	2870278	1124581582845813
989122	972220	16902	4831	11112198	10848646	1124581595406627
255208	236752	18456	3066	7887284	6585322	1124581604010627
749090	731456	17634	3173	7706542	7293270	1124581612926455
691878	673918	17960	840	3611928	2570118	1124581617691205
1196214	1174720	21494	3440	8579328	8273244	1124581627937475
883996	866882	17114	639	3053182	2359600	1124581632335223
859816	760714	99102	4969	11513788	10996898	1124581645170921
1175254	1158536	16718	2874	7413884	7120148	1124581654220303
282980	260586	22394	2794	7219668	6067194	1124581662183943
1177044	1158968	18076	1947	5507170	5269110	1124581669329957
1174078	1157934	16144	3675	8815772	8720400	1124581679778925
1182906	1165136	17770	2683	6607784	6746634	1124581688043695
1181768	1163686	18082	2129	5955730	5637530	1124581695642495
1176134	1160076	16058	1178	3940972	3729714	1124581701228801
507616	489866	17750	4357	10072628	9419624	1124581712270227
5140710	5137288	3422	2768	7289410	10873676	1124581725159223
1297460	1161670	135790	1728	5069470	4962364	1124581732000015
1194290	1176014	18276	1345	4388892	4093038	1124581738056837
1177678	1158974	18704	2397	6575190	6179976	1124581746282121
671100	652384	18716	4420	10622376	9720704	1124581758049463
1185246	1165918	19328	4668	10523966	10730488	1124581770233555
1182098	1165180	16918	2509	6439182	6398090	1124581778328195
1177876	1161406	16470	2084	5770574	5543844	1124581785737943
1180952	1162436	18516	1008	3545568	3395226	1124581790942961
312302	278876	33426	989	3313990	2487832	1124581795030293
1177750	1160372	17378	2209	6140152	5794234	1124581802807675
703606	686918	16688	2132	5687446	5165310	1124581809659453
224246	206540	17706	529	2674038	1480118	1124581813036107
1186736	1166986	19750	1889	5165374	5162884	1124581819850547
1176976	1159340	17636	480	2887756	2335062	1124581824386733
1084274	1066554	17720	1836	5169314	4953414	1124581831098001
1177076	1160824	16252	3609	8514424	8593408	1124581841250695
1186888	1166848	20040	3931	9664032	9247338	1124581852564455
797854	781382	16472	997	3567998	2988666	1124581857391373
899558	881758	17800	83	1780774	1264476	1124581860533027
1178570	1160486	18084	1970	5327396	5315908	1124581867498001
811070	792840	18230	897	3656848	2803154	1124581872438435
1185800	1167496	18304	3170	8142250	7722720	1124581882229103
680904	663948	16956	4614	10831278	10105820	1124581894202143
1176842	1160014	16828	4075	9749416	9524160	1124581905590001
1180710	1163902	16808	1936	5650298	5249782	1124581912893813
1184888	1165726	19162	3810	9146044	9002202	1124581923685893
1177430	1160206	17224	4699	10858452	10773610	1124581936194325
1178996	1159352	19644	2703	6637876	6782202	1124581944471845
937032	920410	16622	571	2815996	2276000	1124581948687823
1179396	1161954	17442	2121	5986916	5619318	1124581956314175
1177976	1161118	16858	204	2418994	1784188	1124581960372677
1178410	1160544	17866	653	3304116	2681482	1124581965317109
482148	464710	17438	4899	11720580	10477410	1124581977982743
1188310	1157532	30778	1951	5512352	5290800	1124581985144835
1186752	1170182	16570	1533	4850210	4451376	1124581991643237
1010370	993812	16558	875	3703762	2960860	1124581996828795
436986	419768	17218	1820	5341064	4275648	1124582003067365
764616	747648	16968	1624	5246344	4209796	1124582009538961
1021252	1003252	18000	4226	10060606	9671322	1124582021089503
1040304	1023074	17230	2530	6969250	6297916	1124582029560515
596718	580010	16708	287	2289330	1369142	1124582032914885
1219314	1202138	17176	2017	5420330	5450548	1124582040015441
1191434	1174190	17244	4637	11210538	10663586	1124582052877427
1182268	1163770	18498	3099	8054372	7577722	1124582062574241
1194334	1163852	30482	3072	7374816	7536036	1124582071604195
1015916	999052	16864	4460	10526252	10132252	1124582083615703
1175368	1159030	16338	2320	6310602	6013568	1124582091571103
1185654	1156140	29514	3691	8942558	8765608	1124582102179315
1178224	1159150	19074	3515	8845338	8406682	1124582112663775
1180188	1161622	18566	1689	4996194	4756056	1124582119301715
956030	937392	18638	4036	9663458	9226012	1124582130381463
1188768	1158080	30688	3330	8322672	8045556	1124582140354125
511234	493296	17938	3527	8533646	7762024	1124582149858521
1181084	1162374	18710	4512	10661974	10419708	1124582162192401
1176536	1157766	18770	4272	10169842	9929004	1124582174011725
1178702	1160356	18346	2431	6564198	6250474	1124582182227861
0	0	0	0	0	0	0
518024	498206	19818	270	2172964	1266624	1124582190949095
1189290	1168536	20754	1835	5080670	5069938	1124582197692321
563622	546720	16902	2272	6146880	5306030	1124582204884485
1189224	1172498	16726	1381	4585958	4148458	1124582211120063
0	0	0	0	0	0	0
446434	426038	20396	4192	10055778	9028302	1124582229525093
1183030	1162542	20488	4268	9807574	9915998	1124582241073645
1227940	1176870	51070	2526	6729080	6476628	1124582249492475
1197448	1178040	19408	4175	10042130	9744514	1124582261203881
1182622	1164828	17794	1343	4519418	4067262	1124582267367023
7767508	7765332	2176	2034	5488470	12034216	1124582281081841
1031056	1010972	20084	894	3227042	3027834	1124582285813405
1182578	1164544	18034	3835	9304452	9065390	1124582296794805
1188930	1169752	19178	1528	4358568	4454754	1124582302815183
0	0	0	0	0	0	0
1224258	1206094	18164	2292	6468912	6018740	1124582321660353
1176686	1158312	18374	421	2061444	2226702	1124582325384765
1202340	1181480	20860	1282	4610758	3979400	1124582331670343
1165710	1146726	18984	1609	4464024	4582088	1124582337779575
1181848	1163558	18290	4497	10695102	10377838	1124582350169725
981892	963310	18582	1542	4506770	4279448	1124582356129703
1191222	1173350	17872	1225	4141476	3851324	1124582361935013
1181382	1163280	18102	3580	8787320	8554488	1124582372377103
259912	179272	80640	371	2529200	1210220	1124582375637605
1206786	1188750	18036	2230	5857386	5875052	1124582383184413
1302800	1166594	136206	2381	6380894	6261494	1124582391338255
882454	865216	17238	2057	5921772	5194892	1124582398601841
1187198	1170512	16686	3524	8969502	8433594	1124582409218495
964006	946954	17052	2149	5927230	5459354	1124582416569237
0	0	0	0	0	0	0
1313348	1297128	16220	3449	8453972	8411662	1124582440126435
1175854	1158002	17852	4539	10693954	10452128	1124582452456853
1175000	1157458	17542	192	2035934	1756232	1124582456129935
1191156	1162588	28568	2481	6192616	6368820	1124582463974035
1175450	1157626	17824	4389	10444958	10149862	1124582476056263
1175724	1158774	16950	2949	7523268	7271006	1124582485216445
856898	840646	16252	3720	9394560	8495360	1124582495929535
473928	455842	18086	4840	11125672	10352442	1124582507992515
1179712	1162042	17670	701	3274884	2779120	1124582512906223
0	0	0	0	0	0	0
1184318	1166700	17618	2731	6769388	6843044	1124582533890667
314146	280668	33478	3654	9345382	7819872	1124582544030435
547804	530810	16994	3423	8657254	7591284	1124582553696005
1176544	1159780	16764	3618	8837260	8610436	1124582564180707
1157396	1136902	20494	937	3760746	3228896	1124582569559463
535224	518440	16784	2350	6515506	5432774	1124582577089255
1272518	1162818	109700	523	2789650	2514810	1124582581612503
1178172	1160602	17570	45	1423158	1466372	1124582584684143
1174980	1159008	15972	445	1913250	2261750	1124582588232955
456204	438526	17678	445	2725356	1545382	1124582591874103
1177494	1158506	18988	4271	9951982	9935916	1124582603479321
882396	799482	82914	4308	10148662	9695452	1124582614988135
1179788	1162834	16954	4659	11194632	10696436	1124582627823465
1177672	1160688	16984	598	2523174	2571930	1124582631995281
1183128	1164684	18444	2719	6924912	6821628	1124582640564695
1176358	1160296	16062	2527	6764442	6428020	1124582648965855
558142	541270	16872	2390	6678632	5534986	1124582656663557
863656	846992	16664	1682	4576550	4424592	1124582662565041
1180440	1159962	20478	1631	5189468	4640866	1124582669395801
800034	783222	16812	128	1894684	1252594	1124582672551315
1195398	1177780	17618	4569	10528508	10531932	1124582684736627
1177952	1161770	16182	126	2068476	1628138	1124582688443143
1176200	1157960	18240	87	1091760	1547822	1124582691171383
1055284	1038556	16728	3824	9250688	8900602	1124582701938387
876220	858780	17440	3739	9376886	8552116	1124582712651227
327774	308996	18778	3153	8289934	6831602	1124582721730703
735686	713994	21692	318	2238602	1569884	1124582725172595
207958	173186	34772	2058	5521268	4539906	1124582731362787
1153498	1131846	21652	3238	8445542	7828560	1124582741422303
422862	406172	16690	312	2468210	1244920	1124582744775605
1181778	1165404	16374	3157	7750440	7694094	1124582754168453
1176298	1159656	16642	3223	8172272	7820978	1124582763976903
1109474	1092286	17188	243	2248510	1793448	1124582767796063
1050248	1032782	17466	467	3069806	2182646	1124582772386815
1179250	1162126	17124	4652	11364564	10680390	1124582785391717
1178572	1161830	16742	4695	10569966	10765120	1124582797598933
1189752	1173138	16614	762	2769830	2911672	1124582802028063
1175660	1158700	16960	963	3294680	3299262	1124582806959955
1188230	1170806	17424	400	2240582	2185622	1124582810848475
1184756	1165180	19576	3189	8076464	7760444	1124582820572955
1179974	1163136	16838	4682	10764628	10740646	1124582832976055
1181780	1165106	16674	1819	5484068	5017276	1124582840103805
298242	278746	19496	895	3055958	2286456	1124582843918227
611274	594532	16742	320	2248520	1453014	1124582847239235
1187688	1169594	18094	3966	9319742	9318326	1124582858205613
308498	283328	25170	714	2764720	1936448	1124582861738375
1181206	1160894	20312	2764	7530544	6907552	1124582870931005
1185216	1166760	18456	1471	4601854	4325158	1124582877178965
215394	183802	31592	1798	5499202	4010470	1124582883355103
523894	507150	16744	3201	8294738	7123586	1124582892633553
300624	281862	18762	1900	5492126	4297876	1124582898886213
1181606	1162694	18912	4672	11056030	10723734	1124582911583077
1177432	1158316	19116	153	2052500	1681392	1124582915282915
1178088	1161238	16850	3198	7435344	7772218	1124582924355495
303442	286630	16812	588	2795684	1676266	1124582927914801
926246	901262	24984	2721	7667340	6565402	1124582936969547
750212	731126	19086	1103	3379410	3154100	1124582941559595
1045680	1026568	19112	2384	6383760	6023368	1124582949468983
371060	350888	20172	2908	7429820	6395800	1124582957774303
517862	499696	18166	372	2359272	1470278	1124582961135077
682130	662506	19624	3139	7384522	7169394	1124582969673315
1138638	1119154	19484	1263	4214296	3874212	1124582975519761
1188620	1170356	18264	2561	6782046	6520552	1124582983983561
0	0	0	0	0	0	0
1184672	1166426	18246	1868	5495256	5118280	1124582996391503
1174796	1157224	17572	3472	8358604	8315170	1124583006385547
229154	188412	40742	4907	11217992	10241362	1124583018293827
887864	860428	27436	4167	10037352	9418556	1124583029680467
1184602	1166096	18506	951	3305024	3284906	1124583034639161
1200782	1182972	17810	1851	5085192	5099548	1124583041385295
521704	505414	16290	1590	4817504	3899636	1124583047186143
573598	557512	16086	589	2391410	1948628	1124583050609995
1280244	1160680	119564	195	1362756	1891438	1124583053712863
472638	452690	19948	2721	6675660	6112052	1124583061331001
782120	765602	16518	2067	6028866	5113436	1124583068604427
1189470	1170038	19432	2388	6458610	6162430	1124583076713681
581294	564462	16832	4887	11187634	10551802	1124583088943445
360488	342702	17786	4998	11606428	10554868	1124583101370521
1177224	1159898	17326	1048	3940094	3469694	1124583106949213
1174984	1157532	17452	388	1952308	2147824	1124583110536973
1180422	1163090	17332	4060	9805614	9497956	1124583121982321
1010036	993238	16798	918	3209670	3042812	1124583126661867
1179000	1162044	16956	3950	9500474	9276372	1124583137802755
1183866	1162460	21406	3299	8256534	8009360	1124583147711703
0	0	0	0	0	0	0
1184264	1164094	20170	1972	5996546	5349022	1124583163049957
1184074	1163914	20160	2965	7406418	7323412	1124583172111715
1178618	1158966	19652	4362	10500440	10112568	1124583184264143
317248	300016	17232	4345	10253192	9204064	1124583195306575
937122	919312	17810	252	1959896	1638366	1124583198664441
1182262	1165256	17006	2260	5924334	5918446	1124583206231543
1226306	1163440	62866	3056	7880112	7536614	1124583215799507
1176290	1159464	16826	1249	4186102	3873930	1124583221639415
1184434	1166486	17948	3482	8611738	8345376	1124583231907475
383320	364778	18542	578	2799706	1739234	1124583235552333
1177684	1160084	17600	3726	9535738	8828654	1124583246736645
935096	918298	16798	432	2079364	1996574	1124583250210015
1192320	1174410	17910	1476	3944872	4359918	1124583255807175
825036	808236	16800	1578	4505422	4178298	1124583261607863
735544	719348	16196	2249	6141808	5432144	1124583268954295
413346	392282	21064	4532	16880166	9674110	1124583286707975
907920	891320	16600	38	1696986	1181576	1124583289772547
1176432	1159908	16524	701	2793860	2775676	1124583294212995
1177152	1161092	16060	2883	7388952	7140220	1124583303239655
561816	544728	17088	3978	9612304	8716618	1124583313876263
902466	884072	18394	3495	8861974	8089262	1124583324112823
1176228	1159812	16416	3730	9321394	8834566	1124583335072517
1175416	1158070	17346	4538	10797646	10449942	1124583347505605
1180190	1159412	20778	1181	3856370	3739952	1124583353014343
618552	599670	18882	2714	6694140	6245416	1124583360788613
677520	660944	16576	1225	4179296	3324898	1124583366105573
1182582	1165392	17190	2628	7014088	6635438	1124583374762573
1177426	1160452	16974	4001	9677316	9377378	1124583386079307
1177520	1160914	16606	1268	3932768	3915404	1124583391651355
288640	272132	16508	1116	4173410	2721936	1124583396582423
0	0	0	0	0	0	0
1182364	1162770	19594	493	2809728	2366392	1124583412632035
1179264	1162640	16624	556	2966270	2489110	1124583417238895
882070	865448	16622	4864	11137326	10808388	1124583429719601
1178628	1159952	18676	3641	8914790	8658892	1124583440284103
1001388	984612	16776	3694	9099600	8586352	1124583450846801
1207132	1190284	16848	3797	9477552	8999192	1124583461990427
1030876	1014620	16256	360	2098088	1949458	1124583465580147
1173880	1157542	16338	3414	7786190	8216504	1124583475011075
1191594	1175066	16528	2952	7503056	7294088	1124583484166765
727942	710084	17858	4922	11373666	10769030	1124583496728973
1061250	1043842	17408	998	3608430	3255188	1124583501860241
1183020	1164424	18596	2081	5931108	5542994	1124583509443983
829802	810602	19200	121	1847798	1270214	1124583512592721
1173880	1157332	16548	741	2865152	2852668	1124583517092787
1179376	1161554	17822	2532	6415646	6440860	1124583525148223
1180468	1162268	18200	1722	5054320	4821324	1124583531845223
1189064	1168830	20234	58	1741558	1506018	1124583535245823
903052	886296	16756	1754	4506228	4608248	1124583541115761
694372	676116	18256	2074	5488322	5039784	1124583547759147
1191034	1160924	30110	2597	6439148	6594596	1124583555873743
693504	630690	62814	2080	5918126	5062194	1124583562980173
1115780	1095418	20362	1836	5396200	5330778	1124583569964755
877096	857750	19346	130	1942624	1347132	1124583573257667
299294	280358	18936	2069	5065706	4647152	1124583579095815
702332	683414	18918	2678	7262176	6268022	1124583587532823
1179828	1161630	18198	4911	11450652	11211062	1124583600646103
469036	449634	19402	1080	3898666	2826736	1124583605475267
1180086	1162652	17434	967	3761064	3311306	1124583610886253
1177214	1159312	17902	2463	6626814	6299838	1124583619151361
779048	762414	16634	1022	3725214	3020828	1124583624117165
1180340	1162846	17494	3603	8954740	8583994	1124583634712321
1175198	1157358	17840	1355	4262260	4082646	1124583640611165
1008064	991066	16998	3710	9289896	8626684	1124583651369961
1178426	1159546	18880	4999	11603106	11374596	1124583664610187
1163640	1144560	19080	3502	8645442	8366110	1124583674879335
662010	645246	16764	163	2064376	1186468	1124583678067681
1064994	1048890	16104	2809	7008212	6884146	1124583686600601
825952	808234	17718	1627	4961950	4277480	1124583692849503
1185550	1165704	19846	2610	6868730	6604458	1124583701365041
1182526	1164540	17986	3908	9551318	9195340	1124583712559947
1178352	1162276	16076	288	2339978	1951660	1124583716539735
1185188	1166986	18202	3458	7949280	8320658	1124583726134521
725182	708702	16480	299	1971538	1522918	1124583729292463
342022	319310	22712	986	3358102	2510966	1124583733455245
614184	597474	16710	2761	7400702	6333512	1124583741949361
567088	549738	17350	3415	8517804	7593798	1124583751496173
1001436	984492	16944	1169	4041102	3537336	1124583757008503
1180604	1162502	18102	2529	6253388	6435782	1124583764901597
1289494	1268220	21274	2766	7139850	7017886	1124583773790557
912372	890706	21666	3818	9463022	8761488	1124583784649355
456238	438152	18086	1750	5199730	4164240	1124583790777183
1290372	1159728	130644	2372	6046342	6243808	1124583798587255
1182314	1161960	20354	1229	4314784	3848888	1124583804557143
1181510	1162112	19398	4289	9828156	9968518	1124583816038253
977886	961732	16154	3973	9594002	9121314	1124583827082435
1179550	1161152	18398	3125	7992822	7628688	1124583836715995
1181170	1163526	17644	1993	5898804	5365076	1124583844257557
1178790	1162496	16294	1045	3407826	3470844	1124583849305173
1191750	1175090	16660	4853	11334972	11096436	1124583862292037
1166106	1145018	21088	533	2560546	2429796	1124583866480347
1174328	1158226	16102	615	3117378	2602002	1124583871230547
1175866	1158008	17858	392	2102666	2157938	1124583874970053
1206042	1170466	35576	1915	5436998	5234778	1124583882074161
1181014	1161300	19714	3939	9785098	9256270	1124583893501027
1177646	1160498	17148	2399	6363204	6173114	1124583901511637
1251404	1162042	89362	503	2771650	2456098	1124583906005361
567434	551120	16314	766	2895372	2296084	1124583909929321
1260064	1222862	37202	256	2505508	1970592	1124583914155955
241254	207066	34188	2662	7357492	5763670	1124583922215041
1184962	1167720	17242	4682	11241948	10745682	1124583935102693
215920	183826	32094	2947	7548648	6307592	1124583943327543
1180124	1162078	18046	3937	9481806	9252872	1124583954449703
1179916	1162588	17328	1218	3923604	3814470	1124583960015463
428362	412196	16166	367	2368838	1360792	1124583963273855
1203398	1168568	34830	4643	10670620	10687376	1124583975608823
1334950	1171222	163728	3985	9599010	9503346	1124583987012293
1185874	1168616	17258	1715	4806832	4813344	1124583993465133
542174	525814	16360	948	3354106	2636420	1124583997831395
1176014	1159272	16742	1741	4742634	4856992	1124584004219191
1322538	1167550	154988	3084	7467622	7690622	1124584013469685
1179538	1163034	16504	1612	5134488	4600506	1124584020252623
1175436	1158250	17186	82	1409832	1540376	1124584023298481
1185044	1167216	17828	541	2212810	2464650	1124584027158081
1184022	1166712	17310	1064	3938618	3509772	1124584032740983
538384	521588	16796	1438	4490686	3611590	1124584038231315
1281736	1255446	26290	4076	10038046	9632062	1124584050012565
250896	234446	16450	224	2131974	895826	1124584052857703
306544	254816	51728	447	2279220	1398464	1124584055903359
289466	271610	17856	757	3145408	2004038	1124584059798217
754092	737332	16760	4618	11531978	10188908	1124584072562755
578808	562614	16194	436	2443312	1649272	1124584076047455
1209310	1193006	16304	3427	8265166	8284384	1124584085979877
232894	216724	16170	270	2140524	970110	1124584088923445
893600	875604	17996	3861	9113310	8812518	1124584099390085
1186592	1167082	19510	2504	6475440	6391724	1124584107513005
874740	858440	16300	748	3170748	2567600	1124584112029125
1203868	1169774	34094	979	3642506	3358642	1124584117336197
1182086	1162646	19440	2357	6409914	6094240	1124584125388365
564742	546674	18068	43	1880806	849378	1124584128319001
1624022	1621840	2182	4633	10664014	11087978	1124584141068183
881614	863658	17956	2468	6377988	6015380	1124584148787695
1177964	1160084	17880	1151	3915328	3677092	1124584154341995
1176168	1159380	16788	3447	8344232	8267994	1124584164322155
1029166	1011390	17776	3099	7423792	7430052	1124584173235053
1271732	1255244	16488	1272	4237908	4012358	1124584179205605
1174860	1158056	16804	4199	9856554	9770118	1124584190696641
1197134	1176022	21112	1753	5029884	4902266	1124584197384845
358074	341440	16634	3094	7876416	6742848	1124584206079717
1068022	1051280	16742	2978	7698288	7220980	1124584215305625
204320	184892	19428	4698	11305040	9797528	1124584227275823
4330558	4328542	2016	3538	9020752	11603080	1124584241087973
685196	666470	18726	1790	5298914	4473548	1124584247548627
574248	556468	17780	184	2252752	1153506	1124584250857675
1180644	1161748	18896	2449	6296182	6287804	1124584258806027
1176584	1157770	18814	4167	10225852	9719212	1124584270681877
1178148	1158420	19728	2790	7384592	6966754	1124584279717337
1200054	1166100	33954	8	1398964	1425710	1124584282807045
1175852	1158050	17802	345	2087352	2075414	1124584286542987
1177930	1160078	17852	2434	6489826	6255720	1124584294680943
0	0	0	0	0	0	0
1177240	1161166	16074	3876	9363782	9126254	1124584311140125
1298800	1169294	129506	475	2551918	2445564	1124584315451613
385814	367422	18392	628	3050026	1839226	1124584319356583
1181614	1164838	16776	3792	9588200	8961970	1124584330586321
731244	714416	16828	2114	5690626	5156040	1124584337467893
1183174	1161878	21296	2550	6809512	6479750	1124584345931761
1197932	1179704	18228	138	1987828	1670984	1124584349578507
1155708	1134088	21620	4150	9489546	9671776	1124584360696215
1156410	1136298	20112	2659	7254776	6672948	1124584369568823
1251984	1235820	16164	1973	5703092	5395432	1124584376996343
688568	672438	16130	3768	9406200	8421582	1124584387552863
1226052	1205974	20078	4173	9944826	9768634	1124584399196275
701272	684030	17242	2066	5682794	5030352	1124584406041383
1188484	1170628	17856	157	1866000	1703482	1124584409556587
1186628	1170602	16026	3739	8537172	8861720	1124584419748663
528236	504504	23732	2993	7647312	6712080	1124584428392183
1185644	1168372	17272	728	3157352	2839368	1124584433195601
883456	865418	18038	183	1860042	1447294	1124584436399361
957740	933110	24630	4562	10110822	10279986	1124584447927557
1014610	997782	16828	1618	4873580	4451124	1124584454276395
1174888	1158268	16620	970	3771238	3312550	1124584459682641
1178518	1161744	16774	4618	10954020	10611572	1124584472284133
674198	657560	16638	358	2488590	1587084	1124584475907783
0	0	0	0	0	0	0
1191496	1173450	18046	3241	7725110	7870106	1124584490655001
1177996	1161004	16992	4692	10697018	10760738	1124584502991387
622504	605908	16596	411	2490958	1642056	1124584506565863
448660	430886	17774	546	2502132	1758118	1124584509975965
1179932	1163612	16320	3644	8237712	8665346	1124584519855187
1028240	1010474	17766	4623	10613868	10471482	1124584531977441
1176124	1159850	16274	2433	6477826	6245244	1124584540091267
1177894	1160718	17176	3730	9188676	8834494	1124584550918903
374896	357938	16958	3606	8458934	7784896	1124584560211867
879950	861964	17986	3548	8522958	8172998	1124584570074823
1184840	1167400	17440	901	3521350	3184680	1124584575241685
1212040	1195510	16530	193	1783712	1795234	1124584578698845
1442448	1161200	281248	897	3826380	3433616	1124584584427223
905562	886912	18650	687	2975108	2477828	1124584588768315
557706	540974	16732	4937	11710304	10629162	1124584601496383
993410	977368	16042	895	3595990	2980660	1124584606556023
1253072	1165300	87772	4204	9758138	9858704	1124584618027535
1193050	1175704	17346	1193	4183642	3776132	1124584623865507
1182902	1165642	17260	1157	4023270	3697930	1124584629541355
1178540	1161854	16686	1775	5358282	4927114	1124584636546925
1177642	1161428	16214	3359	8128878	8092818	1124584646313943
1177840	1159150	18690	2438	6448446	6250172	1124584654402093
852832	836860	15972	912	7699008	2874852	1124584663413005
1194616	1176332	18284	3817	9462054	9026216	1124584674530733
663978	646954	17024	1772	5354542	4406138	1124584681010045
1193992	1176056	17936	834	3665368	3060238	1124584686330001
896682	879176	17506	2446	6537692	5985826	1124584694224655
588940	572702	16238	3018	7660274	6822126	1124584702934815
1179376	1159962	19414	1080	3786082	3536410	1124584708359201
1161754	1144644	17110	326	2331788	2011038	1124584712311565
1177558	1160318	17240	2323	6787694	6021700	1124584720737307
516542	499968	16574	168	1900280	1051110	1124584723614277
1180562	1162858	17704	2089	5564878	5555704	1124584730830235
1181850	1165014	16836	2884	7446550	7148376	1124584739919463
1181458	1162982	18476	2153	6126670	5684436	1124584747688983
1319136	1165252	153884	2873	7156846	7263044	1124584756636623
1186718	1169502	17216	4577	10705374	10537738	1124584768990093
1267914	1250624	17290	2046	5828656	5558798	1124584776547223
1184290	1167424	16866	3282	8222722	7946876	1124584786413515
1188848	1169552	19296	2183	6034492	5753752	1124584794098035
858686	842510	16176	1024	3861020	3104520	1124584799277813
276760	260702	16058	3381	8367790	7236430	1124584808383805
0	0	0	0	0	0	0
1150982	989290	161692	2207	6100084	5763302	1124584824589933
1183742	1158694	25048	2764	7268556	6908904	1124584833502641
447340	430612	16728	1235	4383558	3117412	1124584838808213
1106222	1081252	24970	4500	10601296	10303898	1124584850976995
828702	811332	17370	2002	5697992	5030210	1124584857965375
1178412	1161590	16822	758	3357906	2893006	1124584862963075
627308	561576	65732	1917	5645472	4659148	1124584869697915
1246012	1157930	88082	4866	11092628	11175124	1124584882514547
1209450	1163198	46252	1565	4912106	4538262	1124584889095943
1182342	1163720	18622	2710	6874446	6799950	1124584897612735
472286	454346	17940	3802	9154812	8275246	1124584907708613
1184462	1153706	30756	3889	9692968	9160244	1124584919056667
916544	899080	17464	1803	5460874	4720154	1124584925894721
1100202	1082300	17902	3098	7858554	7496494	1124584935314321
659640	642708	16932	377	2564796	1610896	1124584938999721
345232	326548	18684	2894	7970670	6330958	1124584947775263
570674	552734	17940	1815	5338120	4406748	1124584954154635
1342424	1314106	28318	697	3032420	2933882	1124584958990365
1175852	1158866	16986	2187	6089508	5748448	1124584966715743
1184024	1167438	16586	3418	8262712	8218192	1124584976621813
1180618	1164360	16258	1080	3762240	3536972	1124584982024361
1259856	1235830	24026	4588	10290282	10634612	1124584994035543
979000	962748	16252	1679	4956252	4534416	1124585000430607
1179234	1162216	17018	3070	7960234	7517124	1124585010030775
370134	343362	26772	785	3240648	2137122	1124585014103663
600162	583914	16248	2971	8082890	6739226	1124585023247555
965700	949458	16242	1889	5379934	4940742	1124585030053075
1197404	1181000	16404	3379	8608058	8153670	1124585040320703
1177966	1161984	15982	1766	5325296	4908204	1124585047285237
1180428	1161506	18922	3274	8061046	7925364	1124585056987635
1174318	1157342	16976	1153	3959472	3676876	1124585062581485
776584	760408	16176	1844	5122608	4661666	1124585068939695
1184672	1165110	19562	4103	9888746	9588514	1124585080475663
1321626	1298214	23412	2491	6222570	6501790	1124585088480561
1170402	1152954	17448	2528	6643998	6423084	1124585096755285
449152	431776	17376	2361	6589528	5368880	1124585104256001
658960	640562	18398	3613	8887530	8083344	1124585114263703
1177412	1161042	16370	4592	11064006	10558532	1124585126964081
427446	409706	17740	3249	7932418	7122602	1124585135784037
1179196	1161686	17510	4848	11328954	11075894	1124585148763707
409394	391222	18172	965	3734702	2537464	1124585153369879
1152190	1132172	20018	2984	7700132	7318362	1124585162682575
1181658	1162628	19030	3223	8283880	7826130	1124585172607975
201206	182748	18458	2530	6440314	5460092	1124585179709477
1189000	1165442	23558	2681	7021538	6748858	1124585188389161
1180770	1163030	17740	1560	5094570	4499250	1124585195124915
0	0	0	0	0	0	0
877504	860906	16598	3365	8295790	7805272	1124585214057495
1174310	1157832	16478	3213	8340606	7799056	1124585224032241
1190428	1173100	17328	1309	4066186	4008690	1124585229748321
1178544	1162126	16418	3605	8663034	8587262	1124585240070373
1040560	1024562	15998	360	2269728	1958236	1124585243842325
1177548	1159864	17684	4757	11386394	10890020	1124585256877223
509350	491374	17976	142	1945338	991550	1124585259792965
1175754	1158638	17116	2001	5392166	5375896	1124585266829361
606624	590224	16400	3810	9359540	8423204	1124585277256147
669976	653034	16942	1020	3901914	2907240	1124585282291423
1175852	1158676	17176	3852	9511250	9077718	1124585293439245
1260800	1157770	103030	56	1577218	1571354	1124585296748161
1316234	1298012	18222	4159	9681544	9849738	1124585308207521
1209020	1189896	19124	3229	7882662	7863808	1124585317760215
437730	420978	16752	375	2544714	1388472	1124585321212881
1214450	1197824	16626	1427	4239280	4266962	1124585327127575
248576	230220	18356	3318	8075966	7083244	1124585335911663
1079790	1063002	16788	88	1782222	1457138	1124585339234813
659520	641096	18424	3309	8004648	7474950	1124585348362493
368910	351958	16952	4516	10898578	9598322	1124585360089813
1187848	1169682	18166	4325	10336010	10034542	1124585372074623
1245800	1175544	70256	1821	5331774	5085820	1124585379112547
1178428	1162420	16008	52	1739532	1480122	1124585382491155
1292342	1166036	126306	4542	10327498	10573430	1124585394570997
215740	199170	16570	291	4741664	994674	1124585399988285
1175368	1158590	16778	3259	7905872	7890680	1124585409529907
769142	751598	17544	4029	9535008	9024076	1124585420305573
257266	238302	18964	4554	11022476	9562340	1124585432045623
1274640	1256304	18336	2045	5857238	5562182	1124585439638903
792686	775116	17570	2378	6354984	5746812	1124585447256933
1334728	1170024	164704	3803	9444192	9139088	1124585458498863
1184874	1167260	17614	2660	7053040	6701308	1124585467196955
318038	299594	18444	4020	9861566	8556570	1124585477836005
903494	886224	17270	3310	8221386	7725306	1124585487431441
1225506	1170998	54508	3669	9191250	8761834	1124585498319361
0	0	0	0	0	0	0
1176104	1159774	16330	640	2881644	2652670	1124585512869855
1179466	1161606	17860	1712	5385236	4800464	1124585519895143
1263120	1170820	92300	2758	7128796	6979718	1124585528748721
1176952	1160082	16870	1168	3765334	3710146	1124585534150521
1176114	1160102	16012	780	3396418	2933656	1124585539183653
935020	918356	16664	278	2284770	1688498	1124585542862493
1186170	1167052	19118	4858	11121490	11117624	1124585555629555
796654	779582	17072	2826	7544322	6648866	1124585564439973
1205206	1174890	30316	2268	6371592	5939246	1124585573260453
1178132	1161362	16770	3785	9333602	8946418	1124585584233339
1184248	1166726	17522	4697	10959172	10775324	1124585596837355
1102938	1085964	16974	2197	6048754	5693874	1124585604449955
437656	419830	17826	4071	9938784	8776368	1124585615288583
1181382	1162746	18636	3753	9270142	8883714	1124585626202245
434650	416050	18600	1188	3925320	3008352	1124585631021477
472304	455194	17110	1912	5584304	4494422	1124585637539103
772278	754266	18012	698	3202236	2365556	1124585641982995
1191836	1160070	31766	2219	6037594	5830592	1124585649674515
895016	878480	16536	4056	9858488	9207724	1124585660907645
419452	403168	16284	2425	6453058	5467780	1124585668241987
1441444	1424902	16542	2190	5701016	6022168	1124585675845955
4219542	4217442	2100	308	2519316	5032916	1124585683058023
758756	738568	20188	2187	6111454	5341720	1124585690389223
1114884	1094774	20110	1406	4524968	4136186	1124585696501307
1184612	1161722	22890	1209	4173054	3812132	1124585702331001
333850	314630	19220	2610	6612500	5762274	1124585709750195
472250	453846	18404	201	2161842	1087414	1124585712868573
1179928	1161488	18440	1784	4964538	4957622	1124585719486183
1177714	1158020	19694	2659	6834896	6704624	1124585727981895
1177308	1160112	17196	2130	5922904	5646880	1124585735555355
1178588	1162524	16064	1284	4130184	3945684	1124585741334555
1182898	1160810	22088	2430	6309000	6241440	1124585749286801
1180358	1160012	20346	4695	11090792	10769136	1124585762018165
1166208	1145524	20684	4905	11405308	11172862	1124585775049943
475706	453402	22304	2076	5787480	4825300	1124585781773361
1173992	1157694	16298	2692	7234222	6755650	1124585790661601
1068704	1051656	17048	3880	9280608	9027600	1124585801472215
670516	654122	16394	3979	9721920	8825494	1124585812333957
1180498	1162176	18322	4091	9784906	9559806	1124585823759845
1317410	1298924	18486	551	2352430	2617510	1124585827900735
718648	700946	17702	1069	3733226	3058586	1124585832813915
1175620	1158858	16762	3150	7900746	7673222	1124585842352867
802512	783948	18564	3413	8387228	7824732	1124585852003675
458460	440504	17956	1759	5291116	4175082	1124585858215547
235904	206904	29000	1770	5246244	3973136	1124585864158961
1251362	1175870	75492	4588	11065858	10624846	1124585876936341
687028	669990	17038	1953	5350794	4790468	1124585883433955
1182046	1162508	19538	4215	10315350	9810724	1124585895404841
515660	393954	121706	4713	11224670	10138880	1124585907606383
1177032	1160028	17004	2835	7136882	7043406	1124585916387675
1180058	1163034	17024	308	2124906	1994610	1124585920152707
1291234	1163794	127440	4377	9669300	10260686	1124585931573761
864172	845596	18576	2844	7662112	6754140	1124585940568667
0	0	0	0	0	0	0
550686	531984	18702	1670	4753362	4104692	1124585949523205
860188	841336	18852	4240	10302176	9549886	1124585961168617
1189368	1171248	18120	4037	9722302	9473542	1124585972553675
1190100	1171496	18604	3400	8249470	8199064	1124585982466383
1221740	1202412	19328	120	1651462	1670566	1124585985811965
936940	916156	20784	2891	7112686	6948032	1124585994359103
1175434	1158794	16640	3402	8439754	8176730	1124586004447401
724548	706742	17806	4914	11523650	10749448	1124586017154413
1188028	1162890	25138	4014	9606004	9413664	1124586028409855
