# Loop @ Start frequency 2600000Hz took 817.46 cycles
# Interval [816 ; 819]
# Q1 : 814 ; Q3 : 816
# Loop @ Target frequency 1800000Hz took 1182.48 cycles
# Interval [1181 ; 1184]
# Q1 : 1176 ; Q3 : 1180
# Confidence intervals do not overlap, alternatives are statistically different with selected confidence level
Change time (with write) [cycles]	Change time [cycles]	Write cost [cycles]	Wait time [us]	Time since last frequency change request [cycles]	Time since last frequency change [cycles]	Detected frequency change timestamp [cycles]
1211602	1178436	33166	3567	240502798	239953872	1124935187695215
1130500	1109126	21374	4812	11473282	10957198	1124935200570033
0	0	0	0	0	0	0
0	0	0	0	0	0	0
0	0	0	0	0	0	0
0	0	0	0	0	0	0
1177834	1159148	18686	4156	10125692	9693308	1124935247174989
721518	703038	18480	3982	9820020	8891942	1124935257988473
0	0	0	0	0	0	0
1184646	1164352	20294	3998	9917008	9372480	1124935280617553
936370	912112	24258	3427	8890302	7994986	1124935290711201
1181550	1163864	17686	2191	6200068	5767964	1124935298360339
1179880	1159450	20430	4544	11200494	10472766	1124935311008553
682708	664992	17716	3891	9487094	8668706	1124935321449301
0	0	0	0	0	0	0
502092	484292	17800	3295	8454168	7295082	1124935341922519
1173174	1157004	16170	2535	6759866	6448126	1124935350123431
698286	680872	17414	27	2146448	944604	1124935353224513
683322	666968	16354	2511	6394648	5896886	1124935360559495
1024590	1007472	17118	4626	11244228	10468104	1124935373084691
0	0	0	0	0	0	0
1184432	1165884	18548	4859	11374314	11094736	1124935398102351
938732	922432	16300	1572	4773964	4275280	1124935404072595
0	0	0	0	0	0	0
0	0	0	0	0	0	0
0	0	0	0	0	0	0
1180068	1160932	19136	3275	8254562	7936780	1124935441229779
1175970	1157832	18138	1540	4873572	4462760	1124935447547625
0	0	0	0	0	0	0
0	0	0	0	0	0	0
1176854	1158738	18116	1286	4111632	3952788	1124935468826361
1172414	1141670	30744	4158	10105100	9692724	1124935480371687
1176238	1159724	16514	156	1665906	1680684	1124935483469483
1178608	1159760	18848	590	2355858	2567726	1124935487259973
0	0	0	0	0	0	0
1178372	1160350	18022	4822	11633956	11024558	1124935506891559
0	0	0	0	0	0	0
521990	502184	19806	2722	6854404	6191620	1124935518203123
0	0	0	0	0	0	0
702686	685028	17658	1519	4879894	3944980	1124935533639585
1176394	1159738	16656	1506	4774086	4380340	1124935539847219
1175702	1156376	19326	4306	10409326	9978510	1124935551688583
1210602	1160530	50072	3273	8062758	7959632	1124935561229405
1185146	1164502	20644	1904	5540922	5197280	1124935568765893
0	0	0	0	0	0	0
0	0	0	0	0	0	0
361324	340558	20766	2113	5993956	4791312	1124935589029899
0	0	0	0	0	0	0
1076968	1058680	18288	138	1689802	1557768	1124935595181491
1174864	1156584	18280	3347	8530920	8075802	1124935605159309
1211882	1189962	21920	16	1774772	1446332	1124935608418289
1321124	1166734	154390	1746	4877716	5017796	1124935614885393
0	0	0	0	0	0	0
1178280	1160326	17954	3464	8671612	8298474	1124935637520373
617456	600768	16688	3745	9089496	8303570	1124935647483461
1176930	1159328	17602	2732	7378380	6832270	1124935656294895
0	0	0	0	0	0	0
223472	205826	17646	4146	9710334	8707050	1124935672269267
616682	599552	17130	1096	3848254	2999418	1124935676990451
663384	647058	16326	1260	4336644	3375068	1124935682253119
0	0	0	0	0	0	0
1175312	1157514	17798	2011	5684862	5388564	1124935700246923
332740	252856	79884	172	2280054	868566	1124935703116315
0	0	0	0	0	0	0
1175148	1156172	18976	4094	9776144	9566018	1124935721684671
1173208	1155490	17718	745	3287388	2868238	1124935726412745
1292896	1159952	132944	2672	7461544	6840350	1124935735434365
0	0	0	0	0	0	0
191230	170942	20288	1239	4292414	2877554	1124935749992565
1066262	1049214	17048	4099	10149064	9467582	1124935761475425
964060	942606	21454	3278	8615840	8098986	1124935771311239
1177878	1157976	19902	2673	7110378	6731832	1124935779866993
0	0	0	0	0	0	0
1175432	1158440	16992	1737	5293974	4852302	1124935793740459
0	0	0	0	0	0	0
758574	740366	18208	797	3362706	2557232	1124935804497481
466200	447688	18512	643	2868040	1955458	1124935808099083
274326	254980	19346	3558	9162974	7593808	1124935817803159
1176040	1156000	20040	4047	9523722	9474032	1124935828770793
1017428	999032	18396	882	3317020	2985380	1124935833372101
1449728	1431640	18088	2473	6757630	6599952	1124935841846393
1203676	1158592	45084	1585	5294284	4577058	1124935848612255
187132	169254	17878	2540	6935062	5469826	1124935856001693
0	0	0	0	0	0	0
214982	197866	17116	2738	6940158	5882528	1124935875237259
1176970	1157660	19310	2733	6850832	6834374	1124935883521181
1173706	1156620	17086	4271	10308914	9908330	1124935895259839
1178404	1156754	21650	2902	7354068	7172948	1124935904048453
646032	629100	16932	3628	9024320	8093314	1124935913974041
235546	209668	25878	3111	8002074	6649862	1124935922467461
968948	953004	15944	266	2128712	1692112	1124935925820845
1243308	1226214	17094	4833	11058354	11120022	1124935938379115
1184280	1165530	18750	157	2076436	1690530	1124935941896021
0	0	0	0	0	0	0
1344576	1326484	18092	1531	4782676	4609938	1124935951594403
848130	821558	26572	3004	7771792	7059616	1124935960481843
1174670	1155754	18916	3731	9398772	8840018	1124935971322351
0	0	0	0	0	0	0
938746	914772	23974	3481	14542066	8103968	1124935998312231
0	0	0	0	0	0	0
1177922	1158682	19240	4252	10371018	9875816	1124936014477243
0	0	0	0	0	0	0
1177806	1158906	18900	3638	9267108	8656862	1124936034686985
0	0	0	0	0	0	0
0	0	0	0	0	0	0
1281310	1160370	120940	262	2339350	2010376	1124936054402329
451112	432678	18434	2312	6779354	5277860	1124936061900099
1239608	1221612	17996	533	2907052	2508874	1124936066314553
1062182	1046208	15974	3593	8794920	8454388	1124936076438921
533870	517350	16520	99	1873664	923938	1124936079102603
0	0	0	0	0	0	0
1176910	1159626	17284	4109	10149128	9586180	1124936102065453
1171658	1155098	16560	2408	6427480	6179264	1124936109920171
600976	495918	105058	3027	8022388	6846190	1124936118799409
261684	193330	68354	4985	11658146	10426086	1124936130976001
1173018	1157000	16018	678	3217988	2721724	1124936135635325
1175692	1158894	16798	2117	5648904	5604606	1124936142715935
208920	192564	16356	2293	6392236	4986140	1124936149573095
1160026	1141998	18028	1789	5148852	4933712	1124936156138171
1270298	1159236	111062	914	3420172	3290180	1124936161084489
378436	359312	19124	4153	10239414	8892360	1124936171974561
1175620	1158244	17376	1515	4819802	4408664	1124936178237745
0	0	0	0	0	0	0
1187944	1170054	17890	4496	10323680	10383360	1124936195285895
1175710	1157256	18454	3415	8720046	8208684	1124936205449601
1176068	1157186	18882	4104	9814410	9591778	1124936216707761
1178938	1156432	22506	3390	8749452	8150754	1124936226892539
430374	411440	18934	3186	8401050	6997662	1124936235980015
1187078	1168594	18484	4864	11237962	11118578	1124936248672603
0	0	0	0	0	0	0
0	0	0	0	0	0	0
477610	458570	19040	155	2194610	992332	1124936275646959
0	0	0	0	0	0	0
1178552	1161562	16990	4861	11110608	11093832	1124936298911631
1126524	1108732	17792	2928	7539216	7174524	1124936307833459
406870	390748	16122	110	2021520	818424	1124936310517809
448700	334236	114464	1900	5169350	4440632	1124936316391629
1177658	1160056	17602	4545	10574062	10460858	1124936328399099
905652	887094	18558	3369	8521628	7835196	1124936338082519
500284	481264	19020	2297	6701856	5298538	1124936345553089
1178398	1160484	17914	4406	10740554	10194196	1124936357739145
1178546	1158478	20068	787	3270016	2956944	1124936362455225
1198032	1176786	21246	3521	8598104	8443660	1124936372518659
1113182	1096570	16612	2005	5462994	5327542	1124936379361635
1176378	1158192	18186	1318	4617660	4004322	1124936385410889
1174842	1157092	17750	4294	10293570	9970088	1124936397147285
639976	622302	17674	824	3562334	2495260	1124936401636349
1178954	1158536	20418	1278	4159506	3937466	1124936407243305
1279076	1258444	20632	2680	7186950	6874432	1124936415977361
1184650	1166082	18568	1094	3829920	3577638	1124936421258905
0	0	0	0	0	0	0
897922	878272	19650	162	2222652	1424564	1124936433928083
1174326	1156418	17908	1420	4302942	4296188	1124936439672411
1186520	1168206	18314	1616	4999924	4621548	1124936446126559
592154	572246	19908	4621	11183992	10037978	1124936458170139
879938	860798	19140	1886	5593646	4855400	1124936464911845
1255538	1165300	90238	4189	10084952	9837104	1124936476519413
1180644	1161070	19574	4642	11314638	10668198	1124936489282357
921888	902180	19708	2200	6290164	5525216	1124936496761535
1243472	1166036	77436	4100	9704592	9646518	1124936507976945
1173768	1157882	15886	3859	9624768	9082968	1124936519031135
1178168	1159268	18900	1704	5186648	4778692	1124936525655595
0	0	0	0	0	0	0
632164	612568	19596	3768	9317558	8375916	1124936547407461
1174680	1156874	17806	2718	7326428	6813628	1124936556175883
363846	345586	18260	3756	8860172	8078592	1124936565666981
743682	727536	16146	1692	5118554	4318622	1124936571794679
0	0	0	0	0	0	0
1182456	1162636	19820	1863	5701174	5101456	1124936591241395
1179944	1154984	24960	2575	6628462	6533932	1124936599316829
558826	540776	18050	1574	4812300	3913670	1124936604955685
770932	751840	19092	4855	11578134	10685388	1124936617577681
0	0	0	0	0	0	0
0	0	0	0	0	0	0
1177390	1158932	18458	3488	8771216	8345812	1124936643253929
886866	868944	17922	2537	7041770	6165368	1124936651449351
1278778	1162558	116220	3773	9525064	9029180	1124936662521205
1176818	1158826	17992	320	2260452	2023178	1124936666225215
1164104	1145780	18324	1013	4227240	3393456	1124936671884429
1283138	1160724	122414	613	2980016	2713028	1124936676415469
598316	577870	20446	4795	11349054	10392320	1124936688630545
0	0	0	0	0	0	0
0	0	0	0	0	0	0
310340	278126	32214	4979	11638622	10472770	1124936712968343
0	0	0	0	0	0	0
1289230	1158884	130346	1483	4791228	4458158	1124936728757131
1290078	1159080	130998	1306	4645220	4107758	1124936734959971
1088788	1071284	17504	1083	3559678	3457590	1124936739880605
1179348	1161638	17710	2629	6921244	6641288	1124936748249085
1238266	1219136	19130	847	3510894	3136798	1124936753265985
820728	802784	17944	3437	8579838	7913894	1124936762934359
1189264	1158174	31090	2324	6549548	6040350	1124936770940749
709070	690792	18278	2335	6320264	5571380	1124936778226573
619050	599936	19114	4813	11476068	10448360	1124936790588483
0	0	0	0	0	0	0
1297778	1157238	140540	3083	7955628	7666398	1124936812579025
752728	734960	17768	4348	10370970	9652870	1124936823969931
875220	784762	90458	1639	5039762	4356812	1124936830152241
668570	652142	16428	4708	11256948	10276890	1124936842333463
672990	656108	16882	3991	9575000	8847152	1124936852837831
1176442	1159238	17204	895	3426876	3157480	1124936857697239
1285146	1160598	124548	130	1615030	1740246	1124936860853959
1174182	1156634	17548	3547	8453014	8478178	1124936870737029
825902	798696	27206	2350	6195416	5728972	1124936878026669
1176564	1156648	19916	3611	8821050	8601112	1124936888291255
1174254	1156706	17548	3071	8162794	7519886	1124936897894859
942838	924512	18326	3121	8148472	7388046	1124936907253273
1177550	1157692	19858	3537	9041174	8444008	1124936917727899
1244788	1155734	89054	1541	4856088	4519438	1124936924085081
0	0	0	0	0	0	0
1026462	995904	30558	3520	8875062	8258496	1124936946398583
1178462	1161304	17158	3752	13658670	8873562	1124936961492481
1177332	1159382	17950	1926	5606074	5224766	1124936968531429
1176438	1158714	17724	4751	11207212	10882256	1124936981182401
401400	382690	18710	2108	6165430	4824826	1124936988021311
789676	771154	18522	3409	8524164	7810350	1124936997601549
0	0	0	0	0	0	0
1277764	1258210	19554	1307	4263600	4094970	1124937009539539
1269442	1253830	15612	3269	8159094	7998774	1124937019235035
1182554	1163912	18642	1444	4271342	4262704	1124937024946085
263336	244380	18956	367	2183490	1189792	1124937027648869
1177140	1159202	17938	4526	10426568	10425690	1124937039508549
425944	408112	17832	1010	3690118	2638224	1124937043881345
0	0	0	0	0	0	0
1178600	1159676	18924	4507	10956272	10385590	1124937065301833
0	0	0	0	0	0	0
1178418	1158854	19564	4429	10549064	10239992	1124937087465595
1177538	1159922	17616	2363	6415250	6106300	1124937095326671
1176120	1158136	17984	3697	9407516	8774224	1124937106177161
720132	702488	17644	765	3052134	2453400	1124937110217095
1174000	1157566	16434	3037	7680734	7450972	1124937119338819
1177334	1158570	18764	1186	3961076	3742402	1124937124732101
312920	296460	16460	2722	7387398	5949046	1124937132687653
1177812	1157038	20774	2586	6956876	6542440	1124937141078487
0	0	0	0	0	0	0
1178878	1158892	19986	3618	8884620	8606402	1124937159249419
1172130	1156162	15968	410	2373090	2182912	1124937163050629
1225250	1156430	68820	4858	11592330	11136224	1124937176127621
1176600	1158684	17916	1582	4863236	4532950	1124937182422939
468296	448122	20174	3846	9387358	8353560	1124937192534679
1181266	1162578	18688	3808	9547406	9000132	1124937203531565
0	0	0	0	0	0	0
381864	362922	18942	730	3117204	2048712	1124937211420099
577956	444038	133918	4975	11921334	10730894	1124937224188093
838414	818162	20252	3171	7887410	7385324	1124937233180499
382736	365104	17632	3263	8510088	7113068	1124937242344723
1172684	1155088	17596	3658	8800386	8692290	1124937252584595
1176686	1158282	18404	2970	7947506	7320094	1124937261976401
1172278	1156436	15842	1899	5793260	5162760	1124937269197939
1235808	1160102	75706	4467	10713634	10372206	1124937281407391
1180202	1163232	16970	4256	10529790	9884000	1124937293373713
518094	494900	23194	1769	5344822	4248500	1124937299493535
635680	617724	17956	4276	10558042	9379060	1124937310943055
0	0	0	0	0	0	0
1173828	1156420	17408	3424	8252664	8245014	1124937324411223
1179180	1159798	19382	2861	7308854	7104864	1124937333166489
1178982	1159418	19564	4112	10034684	9609234	1124937344652195
0	0	0	0	0	0	0
1217408	1157504	59904	2256	6284688	5932778	1124937364114369
1173566	1157782	15784	4034	9918408	9432838	1124937375462349
744140	725014	19126	4903	11770496	10741746	1124937388232895
0	0	0	0	0	0	0
1243694	1159314	84380	2109	6211856	5653476	1124937402942355
1177196	1160598	16598	1608	4939738	4588606	1124937409315831
541462	525518	15944	962	3307408	2656416	1124937413420043
392006	374654	17352	3338	8569028	7259766	1124937422636519
216044	198404	17640	735	3156256	1877554	1124937426264511
1279056	1157510	121546	1482	4269054	4452918	1124937432069489
200874	180540	20334	3071	7586280	6534492	1124937440113225
1178660	1159754	18906	4014	10048440	9397636	1124937451596985
3834770	3832584	2186	1443	4508870	6913850	1124937460197003
734282	705604	28678	1781	5619780	4499294	1124937466806561
0	0	0	0	0	0	0
1175040	1156420	18620	2849	7720112	7077150	1124937484023201
0	0	0	0	0	0	0
0	0	0	0	0	0	0
1186688	1165834	20854	1604	4838768	4598244	1124937504210681
1177984	1159298	18686	39	2043708	1459544	1124937507699985
1044676	1026040	18636	1695	4703096	4642164	1124937513714615
1178166	1159770	18396	4374	10702056	10129756	1124937525862011
0	0	0	0	0	0	0
1175280	1156792	18488	2513	6860448	6405400	1124937543898891
537714	520800	16914	2483	6735880	5695072	1124937551429215
1185008	1168084	16924	4695	11063562	10771510	1124937563934449
0	0	0	0	0	0	0
708258	688872	19386	4985	11625512	10884368	1124937583347645
859394	839030	20364	4703	11230238	10468192	1124937595704691
1077024	1058372	18652	3532	8463862	8348560	1124937605512241
0	0	0	0	0	0	0
1277230	1259090	18140	4218	10049876	9917512	1124937625582191
1192606	1161104	31502	596	2833170	2576912	1124937629863559
1242212	1161310	80902	4133	9682926	9699848	1124937641045067
0	0	0	0	0	0	0
282634	266266	16368	3903	9765888	8280260	1124937663873305
910718	893318	17400	1905	5273372	4913532	1124937670313351
1201000	1172338	28662	3540	8646688	8473840	1124937680417551
1174864	1155530	19334	4592	11003104	10551466	1124937692851443
1180280	1160392	19888	4918	11597328	11221460	1124937705896753
1175998	1156856	19142	1158	4309524	3694826	1124937711650411
950918	929414	21504	856	3209480	2867164	1124937716079311
1173742	1156080	17662	3235	8469906	7848148	1124937725990041
0	0	0	0	0	0	0
1295754	1159292	136462	3179	7908060	7856580	1124937739949859
1172652	1155630	17022	4849	11289968	11061444	1124937752668655
1175420	1157426	17994	4083	9829490	9534606	1124937763929339
587150	568926	18224	4279	10432026	9336400	1124937775204971
0	0	0	0	0	0	0
968962	950712	18250	1731	5441904	4623836	1124937792740789
191492	172564	18928	2542	6997324	5479182	1124937800197231
1046778	1028286	18492	1197	4397132	3643756	1124937805908499
962198	942792	19406	4572	10819248	10309000	1124937817957811
469316	450122	19194	4725	11278084	10124440	1124937829972851
1257866	1163952	93914	1616	4986734	4694178	1124937836485245
1179910	1160346	19564	2907	7588696	7186816	1124937845509219
0	0	0	0	0	0	0
0	0	0	0	0	0	0
1009152	992932	16220	4439	10252032	10079076	1124937867658305
1178706	1160366	18340	4084	9848900	9539206	1124937878941745
377112	325308	51804	3836	9571132	8240226	1124937889150085
835578	818374	17204	1843	5216180	4714008	1124937895462481
1175388	1157744	17644	2724	7242588	6815582	1124937904136219
1173902	1157188	16714	2228	6266304	5822402	1124937911832715
987162	969714	17448	4334	10526250	9846284	1124937923601981
926106	906302	19804	220	2053296	1570282	1124937926848911
0	0	0	0	0	0	0
0	0	0	0	0	0	0
7169540	7163294	6246	3324	8348066	14021754	1124937961634131
1185164	1164758	20406	1701	4774668	4793920	1124937967861645
1176268	1157142	19126	2389	6553912	6157804	1124937975858675
838684	820636	18048	1254	4190020	3550298	1124937981155059
1235392	1158808	76584	1146	3901396	3730242	1124937986563761
0	0	0	0	0	0	0
1188518	1169990	18528	2838	7086078	7089250	1124938000934731
450698	431746	18952	757	3174956	2168648	1124938004832889
1189748	1169740	20008	1387	4727736	4166460	1124938011017899
1219730	1159272	60458	1916	5844546	5247712	1124938018351841
1256886	1239382	17504	778	3295324	3017428	1124938023170973
1185370	1165284	20086	3625	9166984	8643154	1124938033795329
0	0	0	0	0	0	0
1190472	1168906	21566	4116	9998414	9626532	1124938050918319
1291860	1183594	108266	3541	8954470	8577910	1124938061431633
1260630	1169812	90818	2343	6657854	6139428	1124938069606245
1173576	1157926	15650	138	2207490	1641692	1124938073243135
1177244	1159090	18154	3398	8125034	8181360	1124938082800861
527064	508244	18820	577	2903902	1884914	1124938086498639
457984	437980	20004	4330	10771700	9321772	1124938097995463
624142	605914	18228	1997	5649312	4821870	1124938104535563
0	0	0	0	0	0	0
580634	563164	17470	304	2695108	1393040	1124938111822001
972164	954372	17792	1683	4756316	4542350	1124938117817499
1179392	1163756	15636	24	1790126	1420190	1124938121052593
1176366	1158688	17678	4052	9198706	9483966	1124938131705593
0	0	0	0	0	0	0
1181252	1162530	18722	192	1831496	1767834	1124938140386391
949966	931482	18484	1046	3280368	3245066	1124938144885065
0	0	0	0	0	0	0
589646	571092	18554	1357	4500264	3507498	1124938156494693
930280	911326	18954	503	2447754	2138922	1124938160139295
1175906	1158162	17744	3001	7873184	7380854	1124938169454829
1171550	1155716	15834	4432	10449526	10242816	1124938181344305
0	0	0	0	0	0	0
305022	274086	30936	901	3409972	2310852	1124938195193733
683124	398444	284680	4711	11045078	10308334	1124938207295803
1215816	1191756	24060	1660	5179368	4774422	1124938213958449
401568	266628	134940	689	3158990	1982182	1124938217786161
1176272	1156584	19688	3718	9547948	8816652	1124938228776759
1176964	1157684	19280	4450	10772168	10279812	1124938240993391
1181938	1160586	21352	3635	8595680	8657956	1124938251046249
306296	276572	29724	1159	3990866	2827404	1124938255614565
0	0	0	0	0	0	0
1183812	1164404	19408	4644	11390224	10664178	1124938281501911
774958	754416	20542	339	2620718	1657412	1124938285164999
213608	177882	35726	3398	8181026	7213814	1124938293831625
628872	601882	26990	1625	5245198	4081978	1124938299972821
0	0	0	0	0	0	0
887316	869288	18028	2588	6840768	6267434	1124938318127129
1178744	1158460	20284	4440	10838002	10263018	1124938330410495
1175112	1158044	17068	2426	6375284	6231116	1124938338228679
769518	751748	17770	1390	4688550	3741570	1124938343943005
1174474	1157580	16894	517	3002918	2399832	1124938348375971
1189116	1168742	20374	3612	8992290	8605354	1124938358812475
982934	966340	16594	3997	9982776	9169492	1124938370034273
1175300	1157204	18096	1515	4921040	4397890	1124938376386639
282074	259414	22660	4807	11401928	10099916	1124938388337341
1176316	1156692	19624	2226	6234606	5832750	1124938396015553
0	0	0	0	0	0	0
0	0	0	0	0	0	0
817532	704558	112974	4911	11115960	10842950	1124938422230431
1173778	1157306	16472	1246	3964416	3858164	1124938427624659
862406	845254	17152	3597	8580210	8251744	1124938437323209
408882	390916	17966	3397	8421912	7397746	1124938446409615
500128	477024	23104	1898	5447212	4487754	1124938452612821
1179650	1162366	17284	3990	9569252	9351714	1124938463618233
0	0	0	0	0	0	0
436256	419800	16456	2998	7863390	6624672	1124938478360749
1177154	1160656	16498	4025	10047306	9418256	1124938489841575
1185188	1167242	17946	903	3414888	3183414	1124938494697555
834162	815690	18472	4058	9839096	9143306	1124938505626419
292536	209136	83400	2849	7723746	6182344	1124938513898863
1175464	1156370	19094	2038	6047952	5455426	1124938521389729
1314366	1273588	40778	2576	7035314	6669500	1124938530006593
955740	937486	18254	1794	5444126	4746708	1124938536673919
0	0	0	0	0	0	0
1186710	1166704	20006	1021	3964442	3432408	1124938551640743
1176988	1156474	20514	2521	6727508	6421428	1124938559812961
3974514	3971750	2764	256	2155678	4678226	1124938566210345
0	0	0	0	0	0	0
1182870	1163670	19200	3051	7771572	7490974	1124938581358683
1177036	1158516	18520	82	1834070	1548580	1124938584636821
953844	935398	18446	3606	8435410	8368552	1124938594293559
0	0	0	0	0	0	0
1176302	1157828	18474	2797	7431108	6974690	1124938609875879
1173622	1155230	18392	2847	7260188	7071308	1124938618577201
1187676	1170180	17496	4533	10973832	10457890	1124938631005103
1012050	993082	18968	2314	6542316	5846088	1124938638847449
1196866	1157706	39160	1416	4458556	4231948	1124938644770213
571682	553662	18020	4815	11036460	10405904	1124938656680943
802266	784528	17738	1925	5781916	4857260	1124938663533443
0	0	0	0	0	0	0
0	0	0	0	0	0	0
1228950	1170454	58496	3590	9100104	8613250	1124938688627953
410116	387356	22760	4213	10129986	9040076	1124938699434903
0	0	0	0	0	0	0
0	0	0	0	0	0	0
1173740	1156274	17466	466	2684068	2296364	1124938722902389
0	0	0	0	0	0	0
0	0	0	0	0	0	0
575718	557886	17832	929	3589596	2638576	1124938740544333
658706	640548	18158	4618	10715446	10098814	1124938752185201
1061922	1044134	17788	3585	8983244	8434810	1124938762498381
0	0	0	0	0	0	0
1177382	1159852	17530	887	3165534	3154538	1124938770051761
708336	692426	15910	3960	9945518	8831646	1124938780972499
1322174	1157940	164234	1222	4349334	3959108	1124938786904299
0	0	0	0	0	0	0
0	0	0	0	0	0	0
1176298	1157164	19134	1736	5355842	4852354	1124938806746411
1177758	1158560	19198	747	3166682	2874732	1124938811357815
869064	850640	18424	4831	11728880	10733626	1124938824223029
742980	724534	18446	3066	8131946	7077878	1124938833364851
0	0	0	0	0	0	0
747426	729972	17454	840	3343468	2631992	1124938847019219
1165824	1124076	41748	3440	8747048	8248874	1124938857203543
1180936	1163512	17424	639	3136886	2666750	1124938861788623
0	0	0	0	0	0	0
0	0	0	0	0	0	0
1178572	1160990	17582	2794	7465706	6958998	1124938893017921
4586552	4584608	1944	1947	5930704	8676956	1124938903795831
641694	623658	18036	3675	9145200	8183454	1124938913838867
512726	496332	16394	2683	7342594	6071052	1124938921949843
1087524	1071162	16362	2129	5994780	5537366	1124938929288585
822390	804632	17758	1178	4383746	3432180	1124938934751381
1385328	1366566	18762	4357	10487432	10291614	1124938946880261
1020462	1002856	17606	2768	7101016	6747172	1124938955257313
1178060	1161336	16724	1728	5348428	4826022	1124938962038863
1371626	1257452	114174	1345	4501254	4252850	1124938968168379
0	0	0	0	0	0	0
774308	756070	18238	4420	10858678	9816664	1124938988111041
1177256	1158348	18908	4668	10986270	10716394	1124939000541875
1301724	1180228	121496	2509	7115450	6522582	1124939009226289
1196372	1178692	17680	2084	6129060	5567396	1124939016818891
1176046	1158068	17978	1008	3905756	3384880	1124939022166505
858714	840778	17936	989	3481878	3040038	1124939026775145
0	0	0	0	0	0	0
510414	492536	17878	2132	5739568	4982388	1124939040166761
0	0	0	0	0	0	0
993156	974874	18282	1889	5189302	5001408	1124939050083401
0	0	0	0	0	0	0
1461412	1290468	170944	1836	5786022	5339554	1124939061289573
1281462	1159510	121952	3609	8600796	8703512	1124939071439459
675530	659164	16366	3931	9514794	8731622	1124939081885423
1513802	1247144	266658	997	3864368	3699720	1124939087519699
1178306	1157554	20752	83	2165998	1536730	1124939091120123
739444	722504	16940	1970	5379320	4871510	1124939097499183
0	0	0	0	0	0	0
744498	727268	17230	3170	7991644	7279412	1124939111404155
422406	399908	22498	4614	10956906	9844356	1124939123039995
0	0	0	0	0	0	0
0	0	0	0	0	0	0
1104264	1088360	15904	3810	9432850	8917634	1124939152119605
923880	907402	16478	4699	11287690	10513824	1124939164587155
1114186	1097476	16710	2703	7283494	6712940	1124939173241369
1175350	1159598	15752	571	2995706	2513180	1124939177668531
489692	472822	16870	2121	5735874	4922544	1124939184150815
5586246	5583958	2288	204	2471936	6186692	1124939192465325
664238	647364	16874	653	3074652	2173130	1124939196471371
621890	603508	18382	4899	11632446	10623228	1124939208992935
0	0	0	0	0	0	0
1179596	1159516	20080	1533	4247770	4470832	1124939221026563
1002440	976234	26206	875	3369314	2955320	1124939225671363
942346	923546	18800	1820	5554552	4785328	1124939232435213
1340922	1262738	78184	1624	4938310	4793864	1124939238981731
1175240	1156722	18518	4226	10120704	9831452	1124939250549999
1182296	1164076	18220	2530	6971514	6445854	1124939258970943
1276226	1162982	113244	287	2684426	2057924	1124939263202873
1207368	1187022	20346	2017	6070484	5445440	1124939270747933
1279782	1157992	121790	4637	11143258	10757866	1124939283438241
1236758	1218962	17796	3099	8168126	7639034	1124939293111123
1188202	1170664	17538	3072	7987650	7538574	1124939302558535
0	0	0	0	0	0	0
0	0	0	0	0	0	0
1181046	1162386	18660	3691	9176310	8766804	1124939333449165
757290	738678	18612	3515	8949250	7990676	1124939343423303
1077342	1058070	19272	1689	5212828	4659002	1124939349981281
998880	979802	19078	4036	9866232	9262064	1124939361112751
1175026	1156934	18092	3330	8374270	8039312	1124939370934851
1051166	1032058	19108	3527	8854840	8309064	1124939381114905
1178970	1159038	19932	4512	10946996	10410528	1124939393512595
1225074	1164486	60588	4272	10041778	9976622	1124939405046613
989704	968468	21236	2431	6665524	6054456	1124939412973201
0	0	0	0	0	0	0
0	0	0	0	0	0	0
427374	407674	19700	1835	5817976	4304376	1124939428926711
579392	563186	16206	2272	6659078	5331306	1124939436436599
1186856	1161108	25748	1381	6496994	4143292	1124939444376129
1176214	1157342	18872	2583	7061834	6546072	1124939452881399
739238	719394	19844	4192	10044250	9326706	1124939463932363
1175150	1156500	18650	4268	10195368	9915040	1124939475570189
579668	561188	18480	2526	6673622	5836360	1124939483090641
1177044	1157132	19912	4175	9974314	9731070	1124939494513791
1205342	1187400	17942	1343	4391498	4083754	1124939500366173
1208816	1159154	49662	2034	5733826	5480526	1124939507575553
342592	324474	18118	894	3621260	2333240	1124939511805343
0	0	0	0	0	0	0
1266150	1247818	18332	1528	4967634	4525978	1124939529390763
4089462	4087466	1996	3525	8676510	11346558	1124939542423999
0	0	0	0	0	0	0
851182	834944	16238	421	2593270	1884896	1124939553523495
398808	381732	17076	1282	3717636	3156072	1124939557895089
1302318	1164802	137516	1609	5433618	5021518	1124939564886641
1177774	1158262	19512	4497	11026446	10377538	1124939577358041
1174266	1155758	18508	1542	5078238	4462430	1124939583878417
0	0	0	0	0	0	0
573740	556086	17654	3580	8917684	7936872	1124939598539833
301460	275780	25680	371	2760924	1249090	1124939601869503
1209872	1160836	49036	2230	6479548	5873802	1124939609825875
1243998	1227592	16406	2381	6533108	6208928	1124939617869811
287202	268558	18644	2057	6124198	4593774	1124939624537059
1176546	1159030	17516	3524	8545694	8429372	1124939634526359
1398568	1293958	104610	2149	6105260	5900282	1124939642298331
1177070	1158734	18336	4944	11718160	11267160	1124939655460699
1110778	1091792	18986	3449	8839184	8211362	1124939665678365
0	0	0	0	0	0	0
940656	918450	22206	192	2062596	1528204	1124939680780125
0	0	0	0	0	0	0
0	0	0	0	0	0	0
1179556	1161126	18430	2949	7582434	7280574	1124939709552803
0	0	0	0	0	0	0
1194248	1165042	29206	4840	11138862	11177534	1124939732702989
3284746	3282594	2152	701	3352066	4889982	1124939739611765
871392	852972	18420	4793	11265882	10660676	1124939752016319
0	0	0	0	0	0	0
730854	712078	18776	3654	9098680	8242570	1124939770637633
977184	958488	18696	3423	8499014	8028830	1124939780381871
245500	218204	27296	3618	9052848	7685140	1124939789947993
616224	597206	19018	937	3689168	2682164	1124939794508693
847628	829706	17922	2350	6471218	5739400	1124939802084041
368732	352766	15966	523	3018966	1607380	1124939805727131
1177400	1157926	19474	45	1477226	1474552	1124939808653885
0	0	0	0	0	0	0
204844	186144	18700	445	3052574	1298782	1124939815599259
556196	538084	18112	4271	9716040	9300840	1124939826138561
1096988	1079236	17752	4308	10594958	9916320	1124939838097229
1179986	1159190	20796	4659	11227994	10701922	1124939850772109
618670	596168	22502	598	2848692	2018272	1124939854506795
489692	471630	18062	2719	7442304	6136574	1124939862705761
955208	929852	25356	2527	6454824	6210268	1124939870383121
1244578	1186814	57764	2390	6417158	6217128	1124939878300501
1174882	1156754	18128	1682	5371794	4742350	1124939885112789
1177646	1159948	17698	1631	5043640	4644300	1124939891605465
1174186	1156198	17988	128	2117114	1633774	1124939895163999
839976	821902	18074	4569	10429558	10180492	1124939906705709
0	0	0	0	0	0	0
1131726	1114216	17510	87	1567510	1508774	1124939913215411
1174284	1156570	17714	3824	9469016	9032518	1124939924125903
200416	172780	27636	3739	9104784	7881354	1124939933697939
304396	283920	20476	3153	8125926	6812666	1124939942395843
0	0	0	0	0	0	0
608828	589974	18854	2058	6195750	4930540	1124939952940221
788052	770016	18036	3238	8402820	7467374	1124939962403345
594480	577026	17454	312	2632924	1421280	1124939965897739
0	0	0	0	0	0	0
0	0	0	0	0	0	0
1175132	1157392	17740	243	2370400	1864466	1124939988504265
234426	214994	19432	467	3113690	1372256	1124939992119521
1140806	1115716	25090	4652	10464228	10648798	1124940003991825
0	0	0	0	0	0	0
0	0	0	0	0	0	0
766924	748710	18214	963	3879060	2900754	1124940025973771
435602	416596	19006	400	2818340	1439418	1124940029494379
1025426	997112	28314	3189	7898744	7610470	1124940038686175
1175506	1159112	16394	4682	11217274	10742588	1124940051346039
397732	279538	118194	1819	5428276	4228414	1124940057428219
0	0	0	0	0	0	0
1241382	1161862	79520	320	2237080	2073288	1124940066267761
623934	606896	17038	3966	15398500	8747610	1124940082546203
210670	178716	31954	714	2889818	1830222	1124940085902909
1175198	1159562	15636	2764	6918866	6912944	1124940094253393
1177376	1161152	16224	1471	4593350	4311808	1124940100279505
1194044	1175118	18926	1798	5336686	4981252	1124940107066271
1123628	1104226	19402	3201	7886108	7730542	1124940116347755
829482	811998	17484	1900	5460890	4832918	1124940122905575
1246326	1158670	87656	4672	11070610	10796696	1124940135490339
1180402	1160098	20304	153	2259400	1689206	1124940139198341
906468	888516	17952	3198	7605794	7506738	1124940147978401
728346	711328	17018	588	3047324	2096770	1124940152020123
453562	434910	18652	2721	7473836	6098960	1124940160219389
1179086	1158956	20130	1103	3913094	3589352	1124940165578859
0	0	0	0	0	0	0
725178	707560	17618	2908	7416996	6745174	1124940181954803
1379178	1159704	219474	372	2573636	2326582	1124940186174835
1201056	1181446	19610	3139	7973200	7683042	1124940195616615
1188238	1169632	18606	1263	4289466	3917952	1124940201361745
0	0	0	0	0	0	0
1174254	1155852	18402	1519	4825032	4415532	1124940215369655
356660	337504	19156	1868	5427846	4298174	1124940221422013
1188046	1168722	19324	3472	8759540	8335330	1124940231637305
1188416	1170728	17688	4907	11582922	11206434	1124940244675569
476468	458252	18216	4167	10194264	9014022	1124940255613461
1174114	1157034	17080	951	3941700	3267260	1124940260985053
1175894	1159958	15936	1851	5265332	5069580	1124940267686755
1301322	1160488	140834	1590	5085394	4673668	1124940274330241
765388	746882	18506	589	3219338	2146296	1124940278582295
836268	713348	122920	195	2313422	1431874	1124940281999163
1263474	1166310	97164	2721	7106004	6909062	1124940290636279
0	0	0	0	0	0	0
1242792	1224264	18528	2388	6615390	6222492	1124940305949491
1173220	1155804	17416	4887	11693860	11151456	1124940319083709
1179420	1163008	16412	4998	12022638	11371420	1124940332545813
1303824	1156200	147624	1048	3819286	3592626	1124940337924309
1251638	1166626	85012	388	2892234	2230940	1124940342336045
575406	557686	17720	4060	9917570	8902058	1124940353095739
440358	418122	22236	918	3687356	2483132	1124940357494693
1182500	1161764	20736	3950	9860558	9288082	1124940368804713
1176824	1157268	19556	3299	8383888	7977960	1124940378632973
579872	563626	16246	2518	6478702	5819610	1124940385959833
0	0	0	0	0	0	0
1179206	1160168	19038	2965	7441556	7313184	1124940401445181
914066	893184	20882	4362	10557908	9842018	1124940413183933
0	0	0	0	0	0	0
1081974	1064284	17690	252	1975638	1788898	1124940428041763
1311558	1277954	33604	2260	5793004	6034850	1124940435413291
1027118	1011268	15850	3056	8121538	7341590	1124940444828641
1275286	1163468	111818	1249	4167032	3965632	1124940450526759
1123516	1104320	19196	3482	8704056	8278688	1124940460611041
375492	348132	27360	578	2767318	1735682	1124940464020991
748282	729464	18818	3726	8702440	8404122	1124940473739683
1000794	983378	17416	432	2496106	2068866	1124940477504185
0	0	0	0	0	0	0
1335606	1177056	158550	1578	4910746	4694838	1124940490454913
1176304	1156658	19646	2249	6348534	5877322	1124940498247511
1297720	1158228	139492	4532	11018410	10566040	1124940510844881
1181414	1161740	19674	38	1702256	1460240	1124940513996519
1201078	1158940	42138	701	2796462	2806362	1124940518262173
653838	634670	19168	2883	7560174	6623900	1124940526742855
868274	849948	18326	3978	9915066	9027742	1124940537793211
500830	482520	18310	3495	8964438	7694776	1124940547525709
1239868	1222426	17442	3730	9140190	8902976	1124940558172673
1104020	1085194	18826	4538	11062378	10383286	1124940570606591
1109814	1092682	17132	1181	4217438	3663122	1124940576190331
1174482	1158040	16442	2714	7076966	6793530	1124940584696913
0	0	0	0	0	0	0
1169654	1152508	17146	2628	6951918	6618090	1124940598560011
0	0	0	0	0	0	0
368506	284464	84042	1268	4530592	3108554	1124940614662859
1174666	1156388	18278	1116	3957544	3609876	1124940620062985
1175668	1156338	19330	4282	10204516	9945396	1124940631709895
1178616	1160556	18060	493	2872748	2368070	1124940636028795
1184222	1165934	18288	556	2735888	2500416	1124940640216389
774372	756116	18256	4864	11288454	10707150	1124940652546429
2322764	2320806	1958	3641	9216306	9796152	1124940664350619
826518	809638	16880	3694	9098898	8406386	1124940674532311
1186068	1155468	30600	3797	9120966	8971652	1124940685095795
1175450	1157832	17618	360	2814476	2087286	1124940689345105
774946	758292	16654	3414	8818212	7797366	1124940699194519
1090906	1073798	17108	2952	7514830	7185784	1124940708056431
202214	184352	17862	4922	11757428	10238784	1124940720271761
1236120	1161110	75010	998	3824620	3436120	1124940725599639
1177490	1158500	18990	2081	5917418	5542666	1124940732960947
1084084	1065916	18168	121	2014254	1529712	1124940736331473
0	0	0	0	0	0	0
1185734	1162446	23288	2532	7057014	6453364	1124940748345059
0	0	0	0	0	0	0
689932	671766	18166	58	6651990	1009722	1124940762931161
389822	373376	16446	1754	4893290	4101456	1124940768484883
1175802	1157290	18512	2074	6153038	5514188	1124940776068803
820072	800386	19686	2597	7006458	6205402	1124940784151005
0	0	0	0	0	0	0
848080	827468	20612	1836	5612114	4724456	1124940797447053
0	0	0	0	0	0	0
1177126	1159320	17806	2069	5624232	5518672	1124940807968001
572190	552098	20092	2678	7274452	6132100	1124940816082979
665036	646602	18434	4911	11480434	10691820	1124940828495783
1118842	1102434	16408	1080	3964004	3470694	1124940833845401
1188948	1172718	16230	967	3695004	3315124	1124940838985491
732464	716074	16390	2463	6878936	5853202	1124940846856951
1171950	1155282	16668	1022	3943030	3408578	1124940852228365
0	0	0	0	0	0	0
634490	613548	20942	1355	4692882	3548046	1124940868426891
0	0	0	0	0	0	0
510030	492024	18006	4999	11781504	10711258	1124940891614255
769466	751892	17574	3502	8572614	7976910	1124940901223639
1191564	1172448	19116	163	1777236	1722028	1124940904459673
0	0	0	0	0	0	0
1182052	1164448	17604	1627	5096480	4628820	1124940919461953
1225332	1159106	66226	2610	7161486	6637410	1124940928105219
1025058	1008772	16286	3908	9780970	9032278	1124940939166829
0	0	0	0	0	0	0
756182	737332	18850	3458	8399780	7875744	1124940952231945
903046	884424	18622	299	2190506	1707096	1124940955592805
1264178	1161190	102988	986	4269362	3439702	1124940961393889
0	0	0	0	0	0	0
928718	906754	21964	3415	8448266	7965562	1124940979802279
1188898	1170546	18352	1169	4274178	3730846	1124940985532459
1173320	1157640	15680	2529	7032364	6434220	1124940994004673
708636	691698	16938	2766	7121964	6432072	1124941002091919
790746	773686	17060	3818	9433072	8619386	1124941012571939
1313606	1295352	18254	1750	5562030	5004394	1124941019702789
536844	520270	16574	2372	6663020	5471832	1124941027157949
1178298	1161194	17104	1229	4330592	3832528	1124941032929339
1175508	1158416	17092	4289	10003340	9944950	1124941044368483
0	0	0	0	0	0	0
0	0	0	0	0	0	0
450618	434052	16566	1993	5939742	4628640	1124941071067379
1174796	1157698	17098	1045	3968482	3459580	1124941076471533
1172232	1156332	15900	4853	11107166	11070448	1124941089006893
536278	520470	15808	533	2967598	1794516	1124941092770851
1146056	1128138	17918	615	3489618	2584484	1124941097676763
0	0	0	0	0	0	0
0	0	0	0	0	0	0
1312002	1167812	144190	3939	9704128	9393440	1124941118782521
1078818	1060500	18318	2399	6439582	6081114	1124941126569259
0	0	0	0	0	0	0
1184256	1164842	19414	766	3042296	2920726	1124941134360675
0	0	0	0	0	0	0
0	0	0	0	0	0	0
869946	850430	19516	4682	10732704	10438032	1124941158704163
1176354	1158944	17410	2947	7262174	7273062	1124941167410503
1024534	1008056	16478	3937	9566290	9105040	1124941178268495
493168	472312	20856	1218	4302254	3121514	1124941183319173
0	0	0	0	0	0	0
1183276	1163226	20050	4643	10677280	10671678	1124941198557199
0	0	0	0	0	0	0
0	0	0	0	0	0	0
754586	736146	18440	948	3578118	2854138	1124941221228299
1123348	1102258	21090	1741	5110462	4808958	1124941227729041
0	0	0	0	0	0	0
1512710	1247234	265476	1612	4776796	4929856	1124941243622171
1175496	1159676	15820	82	1804794	1532076	1124941246858915
1181820	1163018	18802	541	2466146	2471506	1124941250763345
588074	570354	17720	1064	3665420	2919394	1124941255283545
1176980	1159188	17792	1438	4550910	4263106	1124941261278399
1175476	1155922	19554	4076	9366462	9531802	1124941272086813
206106	187932	18174	224	2464758	860322	1124941275025453
480838	462786	18052	447	3284478	1578918	1124941279062131
1261950	1159490	102460	757	2899488	2979754	1124941283495219
1178702	1160700	18002	4618	11004296	10617920	1124941295945841
0	0	0	0	0	0	0
0	0	0	0	0	0	0
6464600	6462376	2224	270	2517584	7208748	1124941317533643
0	0	0	0	0	0	0
1164394	1133762	30632	2504	6761676	6376316	1124941336045249
1217040	1171264	45776	748	3292256	2916778	1124941340821859
1177752	1158920	18832	979	3873398	3340098	1124941346140541
0	0	0	0	0	0	0
830598	812006	18592	43	3181320	1122140	1124941358457279
686546	669520	17026	4633	12373986	10158286	1124941371785033
903454	870838	32616	2468	6756014	6030712	1124941379699869
1175166	1158638	16528	1151	4106606	3671156	1124941385237543
1173324	1156082	17242	3447	8276360	8260602	1124941394943615
907050	756626	150424	3099	8012960	7298062	1124941404123409
1177444	1159566	17878	1272	4168904	3925132	1124941409737741
0	0	0	0	0	0	0
0	0	0	0	0	0	0
595816	577252	18564	3094	7857678	6987374	1124941436653925
658966	640188	18778	2978	7644304	6818754	1124941445225009
0	0	0	0	0	0	0
526840	510908	15932	3538	8865086	7794708	1124941467308595
427432	409152	18280	1790	5183224	4198392	1124941473175145
874172	777144	97028	184	2223970	1437158	1124941476529831
394220	299942	94278	2449	6049838	5484120	1124941483229833
1258792	1161838	96954	4167	10089474	9787654	1124941494834365
225740	204074	21666	2790	7217460	5997232	1124941502533233
1172636	1157108	15528	8	1680330	1380418	1124941505641925
0	0	0	0	0	0	0
916962	896482	20480	2434	6322178	5976956	1124941516384351
1320800	1188552	132248	1518	4725240	4550774	1124941522686145
1376338	1355886	20452	3876	9126960	9320098	1124941533445711
0	0	0	0	0	0	0
0	0	0	0	0	0	0
305792	288038	17754	3792	9773528	8095340	1124941551559019
1293254	1274332	18922	2114	5986992	5723406	1124941559106421
1177052	1158366	18686	2550	6816598	6481058	1124941567372179
0	0	0	0	0	0	0
775650	759276	16374	4150	9687574	9278536	1124941581866549
1177880	1160306	17574	2659	7354250	6687552	1124941590654699
1111594	1093878	17716	1973	5945356	5249420	1124941597968351
1181352	1153182	28170	3768	9244152	8909486	1124941608650033
949816	930932	18884	4173	10011684	9493148	1124941619868515
395974	378290	17684	2066	5800944	4730460	1124941626332643
0	0	0	0	0	0	0
783092	763902	19190	3739	8900312	8490378	1124941639597645
970710	952946	17764	2993	7792310	7160154	1124941648627181
1309710	1281780	27930	728	3447980	2968746	1124941653652161
253356	223016	30340	183	2297706	823316	1124941656469783
681086	653842	27244	4562	10511116	10008000	1124941667929423
995890	977668	18222	1618	5072718	4434526	1124941674266149
746194	723084	23110	970	5390106	2888900	1124941680668425
1138508	1120884	17624	4618	10837178	10579092	1124941692910681
1188522	1169470	19052	358	2386194	2109252	1124941696764641
1178200	1158442	19758	1157	4236280	3699890	1124941702446279
365490	347866	17624	3241	7878188	7050184	1124941710957371
1174458	1157548	16910	4692	11254110	10749836	1124941723646253
1284870	1163510	121360	411	2676618	2298598	1124941727862671
1173756	1156280	17476	546	2919174	2469530	1124941732211609
738916	721136	17780	3644	8894520	8230212	1124941742112669
1173286	1155462	17824	4623	10861412	10623480	1124941754414983
1137106	1119284	17822	2433	6891586	6210438	1124941762710751
1186760	1168314	18446	3730	9117346	8849884	1124941773282311
1185682	1168438	17244	3606	8743354	8590476	1124941783477015
922252	901944	20308	3548	9045784	8222266	1124941793717625
1401034	1288272	112762	901	3810112	3405996	1124941799196371
411344	391976	19368	193	1776170	1001310	1124941801650663
1175170	1157738	17432	897	3185530	3177018	1124941806278453
0	0	0	0	0	0	0
249320	230186	19134	4937	11552516	10330624	1124941822490479
1199604	1162702	36902	895	3767768	3192858	1124941827724751
695348	677630	17718	4204	10044608	9312292	1124941838732375
1176430	1158776	17654	1193	6213294	3766530	1124941846389435
868070	850052	18018	1157	4250412	3385342	1124941851774981
1361026	1287718	73308	1775	5442930	5113958	1124941858845935
0	0	0	0	0	0	0
1281818	1163682	118136	2438	6688620	6361470	1124941877100563
1332330	1158410	173920	912	7715466	3363922	1124941886424989
500018	345650	154368	3817	9564298	8336838	1124941896756505
1018172	1001148	17024	1772	5414524	4752954	1124941903444591
1179024	1160010	19014	834	3507520	3039344	1124941908387443
627544	610608	16936	2446	6689654	5711964	1124941915959899
1176774	1159784	16990	3018	7806786	7403818	1124941925199035
1177548	1159392	18156	1080	4151498	3528734	1124941930783787
481798	463378	18420	326	2386730	1327684	1124941933907991
1027120	1008104	19016	2323	7005326	5866864	1124941942196741
970780	954024	16756	168	2092684	1498152	1124941945514919
205634	178674	26960	2089	5549252	4575028	1124941951525675
1179396	1160846	18550	2884	7733016	7140174	1124941960693393
1122938	1104460	18478	2153	5720140	5621542	1124941967793019
1189026	1170450	18576	2873	7533928	7137542	1124941976783013
1136800	1116106	20694	4577	11060012	10493994	1124941989246711
282992	259666	23326	2046	5826194	4586864	1124941995622839
258198	240418	17780	3282	8501830	7025428	1124942004649949
1204402	1173392	31010	2183	5958842	5773728	1124942012080005
967204	950874	16330	1024	3694708	3206646	1124942016998775
349788	332614	17174	3381	8483960	7303098	1124942026093393
1182900	1161524	21376	2619	6946924	6624864	1124942034490439
1317780	1291982	25798	2207	6479774	5936260	1124942042555239
512538	493988	18550	2764	7406644	6243770	1124942050741985
1177588	1158814	18774	1235	4421620	3850486	1124942056608981
0	0	0	0	0	0	0
1197886	1167944	29942	2002	5572958	5405032	1124942075819139
1460966	1442918	18048	758	3394410	3180816	1124942080942171
1179010	1160796	18214	1917	5644838	5216116	1124942088038143
0	0	0	0	0	0	0
1185900	1166432	19468	1565	4907722	4519834	1124942107250773
0	0	0	0	0	0	0
889396	743936	145460	3802	9413014	8696834	1124942126218269
1373454	1163894	209560	3889	9673326	9355254	1124942137532213
1189682	1156588	33094	1803	5625692	4998926	1124942144614379
1186826	1156402	30424	3098	8256980	7586936	1124942154325479
792690	769436	23254	377	2551950	1751628	1124942157937309
1184392	1165766	18626	2894	7192108	7196300	1124942166580939
1173032	1154666	18366	1815	5394874	4994054	1124942173413425
1012990	947534	65456	697	2866392	2598690	1124942177549343
831570	814226	17344	2187	5936978	5398082	1124942184573863
1176142	1159994	16148	3418	12798438	8203690	1124942198804335
405584	388810	16774	1080	3537802	2756736	1124942203003739
1177440	1159204	18236	4588	10825518	10546462	1124942215267489
1177390	1159138	18252	1679	5086552	4730070	1124942221787383
1189082	1170928	18154	3070	7840348	7521496	1124942231073019
1182162	1161838	20324	785	3756292	2943750	1124942236272215
1185382	1165966	19416	2971	7866232	7332122	1124942245591349
701862	676928	24934	1889	5696828	4684104	1124942252257761
0	0	0	0	0	0	0
1176252	1157800	18452	1766	5593076	4912876	1124942269298033
0	0	0	0	0	0	0
748390	729112	19278	1153	4244906	3258132	1124942284133947
0	0	0	0	0	0	0
906472	882910	23562	4103	9990768	9306674	1124942302145849
471692	451844	19848	2491	8813610	5657770	1124942311687145
468144	448098	20046	2528	7102412	5728422	1124942319525511
1181186	1162810	18376	2361	6663522	6106552	1124942327638499
1177650	1158982	18668	3613	8888638	8607342	1124942337972903
398304	380652	17652	4592	11125332	9786532	1124942349763455
0	0	0	0	0	0	0
618676	509414	109262	4848	11336962	10505350	1124942371409549
0	0	0	0	0	0	0
1023840	1007240	16600	2984	7593476	7186306	1124942384850619
1017188	1000586	16602	3223	8174658	7655770	1124942394297885
1180298	1161246	19052	2530	6834702	6432178	1124942402568961
682162	664538	17624	2681	7187368	6236028	1124942410694765
0	0	0	0	0	0	0
1175612	1156770	18842	3364	8624854	8096158	1124942427266085
1183394	1166336	17058	3365	8546004	8109536	1124942437251791
1127884	1111506	16378	3213	8190180	7750356	1124942446826179
1177798	1158374	19424	1309	4166942	3988408	1124942452426161
1173536	1156102	17434	3605	8842654	8586654	1124942462709849
943696	921760	21936	360	2634874	1867392	1124942466555949
574628	459334	115294	4757	11676470	10293012	1124942479074801
1178106	1158882	19224	142	1895240	1665748	1124942482420271
334320	306048	28272	2001	5259984	4539886	1124942488282415
0	0	0	0	0	0	0
713890	696268	17622	1020	4187044	2957906	1124942504375869
0	0	0	0	0	0	0
899482	881334	18148	56	1994860	1215212	1124942518509361
1373280	1172390	200890	4159	9784862	9883054	1124942529933067
1182548	1164108	18440	3229	8091212	7844106	1124942539474241
1187674	1169530	18144	375	2584104	2141158	1124942543513371
1181532	1163418	18114	1427	4718684	4240110	1124942549681151
0	0	0	0	0	0	0
1228482	1166130	62352	88	2054124	1608620	1124942563140019
0	0	0	0	0	0	0
1251006	1165082	85924	4516	10605142	10486996	1124942584620373
1177898	1158184	19714	4325	10471848	10031392	1124942596537179
1180046	1159820	20226	1821	5571692	5014348	1124942603557143
1179016	1159888	19128	52	1957688	1475732	1124942606950103
393222	373306	19916	4542	10411062	9686606	1124942618014355
716904	699170	17734	291	2399848	1503382	1124942621397983
960694	940710	19984	3259	7904476	7681406	1124942630529735
1174822	1156466	18356	4029	10156984	9436502	1124942642129769
1179118	1159232	19886	4554	10789506	10490466	1124942654365945
606496	590596	15900	2045	5897658	4900590	1124942661137149
1182182	1161860	20322	2378	6415514	6129416	1124942668994809
686286	669878	16408	3803	9627960	8488292	1124942679568827
0	0	0	0	0	0	0
1181546	1156580	24966	4020	9945384	9413668	1124942699523945
1178744	1159432	19312	3310	8577580	7989758	1124942709537065
1175028	1156770	18258	3669	9297450	8705750	1124942720265283
0	0	0	0	0	0	0
1174594	1158274	16320	640	2751258	2646218	1124942734764715
0	0	0	0	0	0	0
1173928	1157562	16366	2758	7360556	6880990	1124942750051925
1253062	1159630	93432	1168	4078772	3780284	1124942755639005
390816	372726	18090	780	3636484	2143484	1124942759922739
918166	902186	15980	278	2341024	1664364	1124942763438045
999786	983386	16400	4858	10908196	10908088	1124942775601615
1177830	1161962	15868	2826	7326114	7022076	1124942784361563
1244074	1157748	86326	2268	6026616	5973094	1124942791887751
1186148	1169536	16612	3785	9311964	8947224	1124942802641755
1181214	1158914	22300	4697	11032136	10766330	1124942815110829
772136	753782	18354	2197	6266568	5373990	1124942822421683
1224216	1206496	17720	4071	10190020	9569874	1124942834103701
0	0	0	0	0	0	0
1175236	1157296	17940	1188	4121196	3757428	1124942850556613
1177828	1161168	16660	1912	4991540	5204714	1124942856993009
704472	686432	18040	698	3086872	2292858	1124942861049625
193426	173686	19740	2219	6205574	4823838	1124942867708539
7913822	7911844	1978	4056	9807622	16217208	1124942885686823
945924	925616	20308	2425	6731410	5999300	1124942893636915
1179662	1159514	20148	2190	6133042	5763706	1124942901216609
1271044	1251202	19842	308	2270872	2093916	1124942905025981
0	0	0	0	0	0	0
1175410	1156964	18446	1406	4506006	4190772	1124942918634241
1178556	1159136	19420	1209	3951604	3799688	1124942924031343
816186	797040	19146	2610	7158934	6238846	1124942932272885
0	0	0	0	0	0	0
1209850	1190272	19578	1784	4991370	5002016	1124942942542493
242514	224106	18408	2659	7237880	5753160	1124942950287093
1176936	1158996	17940	2130	5927234	5640874	1124942957659435
1190792	1166102	24690	1284	4190030	3963742	1124942963307285
0	0	0	0	0	0	0
871394	851822	19572	4695	11192788	10465412	1124942983691743
817146	798496	18650	4905	11598074	10829746	1124942996373399
0	0	0	0	0	0	0
1180778	1160406	20372	2692	7372192	6767978	1124943011380883
1200602	1184350	16252	3880	9485368	9164756	1124943022334539
0	0	0	0	0	0	0
1176708	1156954	19754	4091	9784814	9551528	1124943044862601
1224708	1207166	17542	551	2650502	2528962	1124943049004535
928082	908502	19580	1069	3583308	3269840	1124943053787909
893622	873700	19922	3150	8227760	7395982	1124943063175361
0	0	0	0	0	0	0
1194260	1175974	18286	1759	5234198	4915002	1124943080131863
480116	461276	18840	1770	5480204	4223552	1124943086359629
1026232	1008254	17978	4588	10682956	10406002	1124943098335679
302986	268726	34260	1953	5804500	4412374	1124943104710401
1178718	1160046	18672	4215	10133318	9812402	1124943116290029
0	0	0	0	0	0	0
881050	863926	17124	2835	7478290	6754812	1124943137432079
1106464	1090244	16220	308	2424508	1914700	1124943141219513
1182102	1163830	18272	4377	10811498	10127074	1124943153469145
1181620	1163614	18006	2844	7318596	7072884	1124943162236561
1182876	1165404	17472	137	2184020	1659552	1124943165869821
1188480	1170994	17486	1670	4535890	4735858	1124943171861349
1174674	1156090	18584	4240	10153902	9857738	1124943183457499
1181376	1165530	15846	4037	9584724	9463326	1124943194489995
0	0	0	0	0	0	0
1176244	1159824	16420	120	2358478	1610000	1124943208598745
0	0	0	0	0	0	0
0	0	0	0	0	0	0
989240	971414	17826	4914	11727682	11024214	1124943240161615
1176174	1158006	18168	4014	9933542	9408296	1124943251538495
