# Loop @ Start frequency 2700000Hz took 787.68 cycles
# Interval [786 ; 789]
# Q1 : 784 ; Q3 : 786
# Loop @ Target frequency 2200000Hz took 971.64 cycles
# Interval [967 ; 976]
# Q1 : 962 ; Q3 : 966
# Confidence intervals do not overlap, alternatives are statistically different with selected confidence level
Change time (with write) [cycles]	Change time [cycles]	Write cost [cycles]	Wait time [us]	Time since last frequency change request [cycles]	Time since last frequency change [cycles]	Detected frequency change timestamp [cycles]
1185816	1155672	30144	3567	233813298	233242370	1125247311123095
1121996	1104412	17584	4812	11894820	10945474	1125247324373217
1069130	1046974	22156	907	3892770	3084334	1125247329566301
993220	975374	17846	3036	8267988	7264536	1125247339058337
0	0	0	0	0	0	0
1193026	1162712	30314	2463	7325844	6321244	1125247360651941
0	0	0	0	0	0	0
1198276	1169588	28688	3982	9399600	9361346	1125247382239045
877326	855838	21488	4075	9812854	9229422	1125247393160003
1314318	1159336	154982	3998	10133960	9512192	1125247404838901
572636	553640	18996	3427	8561196	7626706	1125247414207139
1178714	1159306	19408	2191	6635166	5759170	1125247422251191
1295520	1163674	131846	4544	11092406	10582546	1125247434869885
1184056	1162902	21154	3891	9940146	9155052	1125247446224335
350678	331394	19284	4101	10149442	8751270	1125247456954889
0	0	0	0	0	0	0
626902	555548	71354	2535	7329980	5896078	1125247475498937
1182294	1160984	21310	27	1342512	1440322	1125247478254339
0	0	0	0	0	0	0
1272812	1155086	117726	4626	11293398	10723770	1125247498816695
1177766	1158832	18934	4697	11179418	10772716	1125247511407551
765026	746718	18308	4859	11728030	10681166	1125247524130737
688734	669894	18840	1572	5180546	4032760	1125247530230357
769020	752886	16134	447	2963366	1849780	1125247534190501
620068	600816	19252	3556	8520830	7940400	1125247543565593
450666	433230	17436	4871	11751350	10393560	1125247555998111
1091954	1072862	19092	3275	8381130	7841838	1125247565701657
1180654	1160264	20390	1540	5084282	4458570	1125247572197985
1177818	1158362	19456	3078	8295404	7533330	1125247581901081
1174998	1157440	17558	1572	5094070	4516936	1125247588400217
1178372	1160974	17398	1286	4628420	3950398	1125247594437525
1261424	1243934	17490	4158	10535676	9780612	1125247606464483
1173234	1155192	18042	156	2236852	1683170	1125247610104255
887138	867938	19200	590	2700508	2275772	1125247613922161
1185830	1166850	18980	1788	4921046	4960506	1125247620258791
1178940	1156746	22194	4822	11301780	11024974	1125247632969787
899584	881020	18564	271	2588826	1643246	1125247636688419
1177694	1159040	18654	2722	6803036	6822598	1125247644902471
1177442	1157162	20280	3041	8309442	7458654	1125247654620129
0	0	0	0	0	0	0
1181912	1161044	20868	1506	4861784	4395202	1125247666046523
1189120	1168398	20722	4306	10740012	10001228	1125247678205623
1030520	1013990	16530	3273	8444238	7774634	1125247687910955
1317716	1298222	19494	1904	5032818	5324502	1125247694492109
496212	476296	19916	2294	7020088	5580064	1125247702238545
0	0	0	0	0	0	0
747588	728380	19208	2113	6478094	5172448	1125247716295785
343882	325620	18262	412	3057928	1366762	1125247719928077
1174840	1156200	18640	138	1655634	1650360	1125247722989031
1190096	1170452	19644	3347	8978186	8085596	1125247733388203
344694	325874	18820	16	2129670	577492	1125247736092777
386718	367144	19574	1746	4917636	4077654	1125247741626727
1174372	1155158	19214	4935	12070818	11246612	1125247755102297
1175232	1156916	18316	3464	9317514	8300940	1125247765825067
654496	637820	16676	3745	9588604	8346586	1125247776298271
1176886	1157690	19196	2732	7722982	6840398	1125247785428563
1172604	1155160	17444	1498	5218512	4368086	1125247792050261
1173102	1154644	18458	4146	9730450	9664148	1125247803184673
306772	288040	18732	1096	4166962	2696954	1125247807888315
1282756	1158608	124148	1260	4367170	4004208	1125247813768241
1173910	1156502	17408	4117	10307264	9608854	1125247825479295
1183322	1162966	20356	2011	6374786	5404620	1125247833266651
1174152	1158668	15484	172	1700910	1719814	1125247836371339
881364	862092	19272	2268	6815280	5620706	1125247844286615
1045350	1027152	18198	4094	10386672	9432352	1125247855948517
1301230	1282334	18896	745	3600370	2991460	1125247861080347
1189732	1170608	19124	2672	7658690	6733202	1125247870158805
770942	752728	18214	3355	8762312	7678908	1125247879921915
857684	839036	18648	1239	4551708	3536516	1125247885560641
1177484	1159142	18342	4099	10378798	9576398	1125247897346323
0	0	0	0	0	0	0
1310194	1292924	17270	2673	7538766	6858150	1125247917050877
810778	788514	22264	2143	6097704	5295398	1125247924189389
1282724	1265022	17702	1737	4663056	4957388	1125247930365297
1226048	1168432	57616	1406	4893158	4237414	1125247936714615
1197630	1179572	18058	797	2827344	2993440	1125247940974155
0	0	0	0	0	0	0
345852	327704	18148	3558	8504176	7670076	1125247953734257
1177652	1156802	20850	4047	10556016	9470530	1125247965697977
314012	254610	59402	882	4158164	2275660	1125247970400293
539246	503332	35914	2473	6903554	5685412	1125247978073457
681876	662314	19562	1585	5556878	4049386	1125247984542031
0	0	0	0	0	0	0
1182094	1158938	23156	4264	10790026	9908610	1125248005720117
923288	903870	19418	2738	7485728	6596838	1125248014359231
292342	271490	20852	2733	7540042	5958412	1125248022422257
1184672	1162404	22268	4271	10673586	9927490	1125248034510483
0	0	0	0	0	0	0
852560	833962	18598	3628	9488230	8307756	1125248054272197
937902	916994	20908	3111	8695578	7362852	1125248064135457
594896	576700	18196	266	2980244	1328120	1125248067940433
1177626	1159290	18336	4833	10899208	11045206	1125248080247113
1174196	1156610	17586	157	2309708	1686364	1125248083961629
1182620	1163134	19486	226	1819650	1833422	1125248087194031
1175870	1157258	18612	1531	5124602	4439224	1125248093723201
1306808	1156846	149962	3004	7787806	7515010	1125248103048083
441238	423742	17496	3731	9743838	8102504	1125248113462417
652570	634420	18150	4131	10484816	9113106	1125248124829709
1253520	1161026	92494	3481	9349902	8414866	1125248135666551
604418	587144	17274	587	2979022	1975996	1125248139479441
1176760	1157302	19458	4252	9711006	9883778	1125248150597699
1259416	1158080	101336	3693	9382972	8843224	1125248161470109
893356	877172	16184	3638	9489524	8359054	1125248172071989
6224734	6222370	2364	2737	7446530	11884892	1125248185961445
0	0	0	0	0	0	0
228814	211436	17378	262	2797710	951654	1125248195961379
685760	668286	17474	2312	6000834	5508244	1125248202878303
1283898	1158668	125230	533	3430230	2548712	1125248207822369
935344	916406	18938	3593	9642658	8322908	1125248218629775
1106528	1088948	17580	99	2285052	1509420	1125248222254929
1291780	1161010	130770	4288	9932942	10068612	1125248233710043
359680	339890	19790	4109	10524182	8776340	1125248244823875
0	0	0	0	0	0	0
1180346	1163148	17198	3027	7433510	7435304	1125248261410417
941928	921048	20880	4985	11781528	11110924	1125248274363923
454036	438590	15446	678	3410122	1996420	1125248278455871
705950	585984	119966	2117	6300824	5138808	1125248285695815
1322410	1303032	19378	2293	6792058	6106712	1125248294040237
1249914	1230944	18970	1789	4963890	5029196	1125248300483693
1319044	1159204	159840	914	4072094	3349388	1125248306104809
1184834	1164756	20078	4153	10306874	9688932	1125248317826495
1202226	1183132	19094	1515	4782868	4435046	1125248324041521
1215874	1198646	17228	1040	3462174	3496868	1125248328949457
1175678	1156898	18780	4496	10663904	10373244	1125248341019169
1184368	1164694	19674	3415	9023962	8214652	1125248351457751
443850	426064	17786	4104	10369962	8853480	1125248362501175
500794	484854	15940	3390	8903988	7484490	1125248372135883
1173150	1157052	16098	3186	8735864	7732030	1125248382264197
999316	982770	16546	4864	11834074	10914626	1125248395316267
1118218	1098864	19354	3823	9825994	8950356	1125248406479201
317070	296110	20960	4098	10406440	8717488	1125248417431947
906558	887678	18880	155	2507140	1415316	1125248421075379
379284	361810	17474	3875	9125684	8327220	1125248430810081
1177296	1157732	19564	4861	12179192	11101782	1125248444400053
1175410	1159706	15704	2928	8324308	7229038	1125248454129895
1175504	1157912	17592	110	2437424	1580816	1125248457961951
1176112	1157726	18386	1900	5292024	5179752	1125248464648655
1155692	1136690	19002	4545	10499472	10445052	1125248476538125
956752	931400	25352	3369	8788524	7893728	1125248486513121
626836	607794	19042	2297	6477636	5419522	1125248493847153
1043860	1024880	18980	4406	10035026	10057230	1125248505156083
449424	431052	18372	787	3962298	2222680	1125248509797601
1228230	1155282	72948	3521	9410456	8471768	1125248520666323
1163332	1146070	17262	2005	5473438	5372062	1125248527537355
569010	551648	17362	1318	3980648	3406348	1125248532317045
420656	400950	19706	4294	10871152	9206110	1125248543838595
1066206	1047514	18692	824	3532836	2912668	1125248548668091
619778	602508	17270	1278	4497608	3379040	1125248554019627
0	0	0	0	0	0	0
293682	275576	18106	1094	4095796	2680246	1125248567701407
987332	969864	17468	3047	8018606	7283132	1125248576937035
830250	760868	69382	162	2414038	1355266	1125248580411885
1177586	1159222	18364	1420	4165498	4220234	1125248585985203
1176392	1159108	17284	1616	5352018	4608960	1125248592743925
1174672	1156734	17938	4621	11176782	10619592	1125248605330135
1174756	1157596	17160	1886	5892978	5148202	1125248612628173
1177086	1157100	19986	4189	10668796	9753810	1125248624708389
1182368	1162290	20078	4642	11435136	10668374	1125248637559587
751628	733500	18128	2200	6657690	5352376	1125248645198797
0	0	0	0	0	0	0
345316	327598	17718	3859	9781450	8262392	1125248667568287
369662	350834	18828	1704	5734142	3977068	1125248673902593
1179698	1160242	19456	4153	10381826	9686748	1125248685694521
0	0	0	0	0	0	0
1173578	1156826	16752	2718	7490466	6810412	1125248704988151
0	0	0	0	0	0	0
1015466	998028	17438	1692	5646210	4589114	1125248721903935
1175640	1157532	18108	4481	11255716	10324132	1125248734554111
502880	452068	50812	1863	6110630	4427706	1125248741397285
584652	567084	17568	2575	14369792	5936770	1125248756580937
515372	497248	18124	1574	5463216	3861468	1125248762789617
263204	245152	18052	4855	11600268	10175854	1125248774887337
1000482	982140	18342	44	2176636	1288990	1125248778294635
1185202	1164790	20412	4716	10815940	10815676	1125248790525275
298798	267474	31324	3488	9110778	7480240	1125248800164737
1221624	1204284	17340	2537	7095196	6495748	1125248808711521
0	0	0	0	0	0	0
1219248	1160638	58610	320	3073574	2058282	1125248823795037
618058	600472	17586	1013	4200772	2841808	1125248828843817
456654	438026	18628	613	3633818	1881180	1125248833164381
1174688	1158424	16264	4795	11796826	10966258	1125248846366209
1208612	1097528	111084	1000	4066248	3396734	1125248851860209
876394	854746	21648	2181	6737650	5436874	1125248859703893
378156	360036	18120	4979	11903480	10534756	1125248872215591
244528	211362	33166	1799	5568072	4041252	1125248878257893
1183724	1164236	19488	1483	5147260	4350788	1125248884819041
1275524	1161084	114440	1306	4786534	4089074	1125248891114795
1177784	1158756	19028	1083	4630474	3540886	1125248897153007
1203532	1185384	18148	2629	7373062	6662070	1125248905998729
1044900	1025568	19332	847	4044508	2936684	1125248911318057
0	0	0	0	0	0	0
1173272	1156204	17068	2324	6891934	6020592	1125248929142267
859502	841514	17988	2335	6060612	5729708	1125248936292457
1178902	1159206	19696	4813	11899754	11003628	1125248949601777
290290	271498	18792	4546	10510846	9584038	1125248960633041
1196568	1178800	17768	3083	8049154	7561278	1125248970121159
1177510	1157330	20180	4348	11048322	10059728	1125248982566121
557654	540766	16888	1639	5742480	4034086	1125248989096197
409390	391258	18132	4708	11482622	10024660	1125249001217813
1178574	1156924	21650	3991	10168396	9362658	1125249012794953
457768	438648	19120	895	3823034	2449638	1125249017310083
1173792	1155558	18234	130	2299714	1632066	1125249021014095
652030	634850	17180	3547	8410136	7947464	1125249030306241
701100	685042	16058	2350	6984954	5600298	1125249038221151
411244	394248	16996	3611	9390070	7823580	1125249048241227
1294524	1278324	16200	3071	8185656	7622146	1125249057940427
1174694	1158692	16002	3121	8536462	7603802	1125249067870505
890374	872836	17538	3537	9278096	8150960	1125249078258097
1393558	1374714	18844	1541	5387310	4662938	1125249085257389
1174646	1156438	18208	4851	11056210	11084202	1125249097718323
1179418	1159190	20228	3520	9139354	8420722	1125249108267019
1250442	1230688	19754	3752	9802572	8952460	1125249119549985
1174450	1157326	17124	1926	5899416	5225130	1125249126853967
1178100	1156132	21968	4751	11311166	10881988	1125249139573483
931462	910852	20610	2108	6175934	5346318	1125249146910791
942768	924656	18112	3409	8205960	7961778	1125249156290017
1178816	1159036	19780	1582	5230238	4543434	1125249162930027
0	0	0	0	0	0	0
311304	291772	19532	3269	8728402	7048618	1125249178228381
1024624	1006418	18206	1444	4825160	4111738	1125249184307699
1161156	1141768	19388	367	1923366	2093464	1125249187622191
1197952	1166116	31836	4526	10980470	10448134	1125249200030885
1174476	1157076	17400	1010	4176194	3392492	1125249205611377
1172374	1154774	17600	3218	8472860	7805974	1125249215487205
1257568	1240430	17138	4507	11615648	10470518	1125249228590273
1175634	1157018	18616	3592	8964650	8558444	1125249238960259
775900	758298	17602	4429	11078580	9831494	1125249251044465
1132240	1114074	18166	2363	7002448	6056832	1125249259408713
373510	318384	55126	3697	9510038	7965322	1125249269521945
950130	931492	18638	765	3816488	2678184	1125249274518483
876684	856368	20316	3037	7961082	7150650	1125249283586987
0	0	0	0	0	0	0
1180144	1159726	20418	2722	7911398	6822270	1125249298618315
1201818	1183384	18434	2586	6983972	6571614	1125249307041921
645204	627750	17454	2562	6504472	5969202	1125249314421247
790694	642584	148110	3618	9312588	8225388	1125249324754673
1179504	1158926	20578	410	2839116	2204120	1125249329007469
293498	206076	87422	4858	11598192	10211000	1125249341129391
1174246	1155284	18962	1582	5344454	4536514	1125249347878039
836622	818542	18080	3846	9767606	8727220	1125249358712335
244388	226296	18092	3808	9493102	8059926	1125249368684039
699504	683770	15734	616	3042744	2117066	1125249372658993
1074428	1057822	16606	730	3503338	2724792	1125249377459879
182568	163560	19008	4975	12040906	10320274	1125249389901959
1032808	1006678	26130	3171	8360598	7562908	1125249399514113
659136	642728	16408	3263	8778282	7374790	1125249409170335
1041370	1024958	16412	3658	9408298	8544398	1125249419838541
310432	293994	16438	2970	8089712	6437292	1125249428457479
832542	816074	16468	1899	5902730	4817978	1125249435411569
1181722	1164324	17398	4467	11074504	10302990	1125249447886795
1181914	1157454	24460	4256	10699730	9894734	1125249459998843
1176296	1157132	19164	1769	5124314	4914552	1125249466529207
309382	291232	18150	4276	9935316	9062428	1125249477004193
986876	969000	17876	301	2435170	1787384	1125249480655687
1190542	1170400	20142	3424	8387132	8246924	1125249490467285
429794	411158	18636	2861	7795578	6337510	1125249498920469
967284	941212	26072	4112	10532366	9389480	1125249510649869
6873220	6871098	2122	4151	10287036	15376736	1125249528043697
1176872	1159346	17526	2256	6791052	5888204	1125249536241243
479748	462056	17692	4034	10050938	8747358	1125249547002065
1267634	1164674	102960	4903	11778644	11271702	1125249560277817
1186068	1168618	17450	1688	5838814	4768922	1125249567532207
0	0	0	0	0	0	0
891244	873072	18172	1608	5324950	4308164	1125249581455255
1173372	1155414	17958	962	3774456	3296652	1125249586633377
1314018	1161952	152066	3338	9083800	8191422	1125249597265895
700284	681994	18290	735	3581976	2371682	1125249601778155
1174972	1157092	17880	1482	5102626	4339560	1125249608284817
1175538	1157450	18088	3071	8370770	7516318	1125249618061297
1202032	1164626	37406	4014	10008882	9428742	1125249629501695
743952	726572	17380	1443	5282354	3828278	1125249635757601
820554	801992	18562	1781	5867432	4580508	1125249642676123
1182604	1161352	21252	2561	7163148	6506532	1125249651256097
463610	446024	17586	2849	7841618	6359956	1125249659791041
1204330	1183960	20370	1244	4889942	3890800	1125249666115737
636100	617594	18506	2967	8073556	6768436	1125249675055437
0	0	0	0	0	0	0
1183586	1161054	22532	39	1467132	1463046	1125249684688837
0	0	0	0	0	0	0
1174700	1156944	17756	4374	10451666	10130194	1125249702813777
1252046	1233948	18098	3531	8996838	8516598	1125249713297057
1066620	1047834	18786	2513	7105480	6290992	1125249721699593
1175474	1156500	18974	2483	7219146	6339796	1125249730324401
1182134	1160964	21170	4695	11768712	10776628	1125249743504935
275906	254522	21384	2080	6387394	4635656	1125249750398637
1183186	1164592	18594	4985	11937266	11352800	1125249763749847
1176434	1157374	19060	4703	11836570	10780910	1125249776992977
1182630	1162554	20076	3532	9340222	8445428	1125249787747115
1224556	1168456	56100	2604	7051532	6631350	1125249796252951
1184164	1165720	18444	4218	10733438	9819388	1125249808400349
1257230	1169498	87732	596	2562918	2643930	1125249812439389
1179162	1160774	18388	4133	11008762	9646928	1125249824857345
1178506	1158788	19718	4664	11428922	10707542	1125249837694575
1176682	1157772	18910	3903	9884088	9181564	1125249848984679
1306194	1159080	147114	1905	5706706	5314998	1125249856228137
537540	519934	17606	3540	9514076	7822924	1125249866509385
1178656	1160216	18440	4592	11208746	10563142	1125249879126401
652284	634678	17606	4918	11675116	10687022	1125249891683961
1179602	1158770	20832	1158	4489588	3697018	1125249897583251
1174578	1157346	17232	856	3686476	3086372	1125249902674175
1174900	1157080	17820	3235	8739956	7843798	1125249912822377
324648	274854	49794	553	3161714	1632184	1125249916542123
0	0	0	0	0	0	0
585982	568592	17390	4849	11661414	10482990	1125249937825289
541248	522474	18774	4083	10570164	8906876	1125249949166481
1173622	1156284	17338	4279	10824292	9917584	1125249961392747
1184846	1166872	17974	3894	9861872	9173624	1125249972669895
0	0	0	0	0	0	0
1324060	1282764	41296	2542	6420426	6609774	1125249987487001
1175740	1156910	18830	1197	4438084	3771378	1125249993330653
1177602	1159172	18430	4572	11539872	10520418	1125250006278407
402034	382436	19598	4725	11536182	10051118	1125250018446749
0	0	0	0	0	0	0
369858	352124	17734	2907	7950206	6385300	1125250036552409
1175886	1158458	17428	2035	6394214	5445384	1125250044352401
821766	799836	21930	251	2830348	1524942	1125250048234241
1243972	1160920	83052	4439	10066550	10321278	1125250059774377
506390	465306	41084	4084	10429938	8873014	1125250070940681
1179396	1159336	20060	3836	9912862	9048976	1125250082263621
1174840	1156634	18206	1843	5750674	5062586	1125250089419005
1175998	1157330	18668	2724	7501312	6825256	1125250098326083
1310678	1290358	20320	2228	6257806	5953664	1125250106124599
1175658	1157316	18342	4334	10816604	10033664	1125250118335601
1162132	1142324	19808	220	2702036	1804418	1125250122430037
1188924	1169482	19442	2469	6134864	6326100	1125250129984773
1180856	1159298	21558	4381	10148214	10143752	1125250141544597
1191766	1174376	17390	3324	8977434	8038624	1125250151943441
973584	920204	53380	1701	5728218	4574056	1125250158875217
1301848	1278406	23442	2389	6006748	6278502	1125250166413445
1150682	1129400	21282	1254	4394258	3858442	1125250172188233
1294380	1156782	137598	1146	3616702	3787238	1125250177329857
250390	232024	18366	1524	4703548	3499202	1125250182513841
1173594	1155970	17624	2838	7915238	7051878	1125250191832975
288022	269886	18136	757	3638538	2004414	1125250195989395
1175128	1156944	18184	1387	4936024	4151160	1125250202330433
583464	566158	17306	1916	5854710	4615440	1125250208998709
873448	856208	17240	778	3612942	2628650	1125250213714683
1174268	1155482	18786	3625	8986614	8626358	1125250224105415
248148	228562	19586	1366	4911826	3178804	1125250229495225
1009954	990236	19718	4116	10043966	9443302	1125250240778937
1184216	1165200	19016	3541	9401754	8464482	1125250251599141
1124318	1104290	20028	2343	6519550	6009946	1125250259473175
1160086	1141822	18264	138	2461052	1625826	1125250263322827
1186266	1168262	18004	3398	8046394	8180696	1125250272789057
789972	771682	18290	577	3529434	2142322	1125250277342727
1176638	1158950	17688	4330	10664652	10037574	1125250289413301
1175220	1156732	18488	1997	5985150	5367250	1125250296803803
0	0	0	0	0	0	0
540532	522106	18426	304	2960000	1347134	1125250303925049
865730	846702	19028	1683	4743354	4430254	1125250309764233
696672	651482	45190	24	2088826	942200	1125250312779137
699736	639924	59812	4052	9520946	9000824	1125250323234133
1175126	1157414	17712	1074	3978668	3524486	1125250328617453
1241834	1223338	18496	192	2562480	1827336	1125250332656171
1175710	1157266	18444	1046	3268592	3469880	1125250337334005
1176898	1159436	17462	1820	5724254	5016934	1125250344465109
1174750	1156946	17804	1357	4704984	4088440	1125250350574937
1181844	1161288	20556	503	3074056	2392698	1125250355061975
1176738	1159328	17410	3001	8174062	7378062	1125250364642801
705034	686096	18938	4432	11000666	9773892	1125250376582977
1214024	1160548	53476	3206	8431732	7828056	1125250386457941
870172	794264	75908	901	3885546	2874242	1125250391444029
368538	348926	19612	4711	11444274	9991596	1125250403486321
912082	894136	17946	1660	5271092	4429944	1125250409899843
0	0	0	0	0	0	0
1082260	1064928	17332	3718	9543364	8718452	1125250425637865
1179414	1159238	20176	4450	10865752	10276812	1125250437912951
6414794	6411742	3052	3635	9468234	13882344	1125250454026217
927628	908304	19324	1159	4471090	3444048	1125250459654973
1175760	1157310	18450	4807	11562718	10987816	1125250472622995
1173244	1157028	16216	4644	11496168	10658762	1125250485530289
0	0	0	0	0	0	0
1178844	1157838	21006	3398	8954808	8161346	1125250500489855
1187622	1168082	19540	1625	5174702	4636896	1125250507082633
882796	731810	150986	3388	8720478	7857102	1125250516915707
204272	183194	21078	2588	6780334	5579424	1125250524131123
981154	962000	19154	4440	11023040	10062560	1125250536365897
1183542	1159102	24440	2426	7032398	6234386	1125250544812241
1185782	1156878	28904	1390	5244444	4164544	1125250551482443
1183620	1163584	20036	517	2421982	2419104	1125250555318243
299730	275076	24654	3612	9519762	7721682	1125250565368277
1175206	1156336	18870	3997	10529548	9370750	1125250577303635
1182496	1162958	19538	1515	4766944	4410672	1125250583482929
1224486	1156556	67930	4807	11772878	11037178	1125250596710801
1177202	1158562	18640	2226	6123040	5830808	1125250604245373
1228966	1157612	71354	2777	7542384	6981436	1125250613247149
1173106	1155188	17918	1518	4155178	4408426	1125250618805245
1177264	1159510	17754	4911	12177576	11197204	1125250632395275
1177338	1158802	18536	1246	4750312	3873094	1125250638553341
1005830	985822	20008	3597	9158756	8399774	1125250648947753
837938	820280	17658	3397	8924634	7830714	1125250658939773
1185902	1159462	26440	1898	5963248	5182448	1125250666319673
484382	459326	25056	3990	10178206	8663962	1125250677212131
984214	966970	17244	1573	4470956	4330942	1125250682897879
518412	500976	17436	2998	8451236	6716242	1125250692098007
309328	290058	19270	4025	9969236	8558582	1125250702606823
655342	638054	17288	903	3860004	2663288	1125250707356801
791984	773400	18584	4058	10364826	9109440	1125250718743367
1175012	1156894	18118	2849	7668962	7075974	1125250727822327
1170066	1154640	15426	2038	6420266	5444840	1125250735643205
1179710	1160082	19628	2576	6518866	6520680	1125250743560781
753792	677024	76768	1794	5995320	4528586	1125250750528909
1010444	991766	18678	3309	8026548	7826198	1125250759795521
1320500	1299446	21054	1021	4197472	3561330	1125250765543521
208928	177376	31552	2521	7319572	5451550	1125250773301915
634558	617364	17194	256	2849152	1346132	1125250777015509
1181960	1162776	19184	1647	4671676	4674788	1125250783098873
1174408	1156320	18088	3051	8445346	7475262	1125250792949217
1128864	1108044	20820	82	2145602	1491094	1125250796453661
1217076	1198470	18606	3606	8419122	8627726	1125250806319767
322196	205808	116388	1823	5862688	4166762	1125250812734887
1215064	1185128	29936	2797	8001806	7038320	1125250822185655
967620	950134	17486	2847	8107264	6862898	1125250831500151
1176982	1159396	17586	4533	11309886	10441376	1125250844217413
1177822	1160512	17310	2314	7003104	6006824	1125250852628189
1193988	1159068	34920	1416	5053802	4226166	1125250859110313
814478	796146	18332	4815	11526226	10643338	1125250871680687
1175200	1157228	17972	1925	5450876	5226718	1125250878537365
750422	733240	17182	804	3508878	2557338	1125250883026553
576962	559030	17932	3314	8949646	7405324	1125250892783035
1173868	1156216	17652	3590	9594024	8551680	1125250903783833
708276	692616	15660	4213	10899856	9333072	1125250915622037
1177098	1158758	18340	4843	11890858	11053608	1125250928908907
307326	288726	18600	2107	6331030	4721980	1125250935777055
314920	295406	19514	466	2720758	1446744	1125250939042611
1178876	1161628	17248	165	1717588	1707256	1125250942168557
772214	752656	19558	3640	9285158	8250000	1125250952455819
1175074	1156994	18080	929	4209540	3231438	1125250958070615
1175662	1156384	19278	4618	11694984	10611724	1125250971171097
642734	624606	18128	3585	9140312	8011154	1125250981184097
0	0	0	0	0	0	0
1021834	1004494	17340	887	3296770	3004272	1125250989497139
1175126	1157684	17442	3960	9956524	9297090	1125251000858371
1188956	1157484	31472	1222	10286576	3838150	1125251012564087
927130	899676	27454	256	2910946	1637328	1125251016632245
874262	851686	22576	2861	7160970	6794670	1125251024901297
696520	677758	18762	1736	4895968	4369094	1125251030723529
777608	760182	17426	747	3718612	2470538	1125251035454575
856246	838160	18086	4831	11748246	10715954	1125251048289109
1176102	1157100	19002	3066	8300474	7513744	1125251057995857
0	0	0	0	0	0	0
1233338	1161520	71818	840	3921168	3112200	1125251072807893
1183658	1161952	21706	3440	9078740	8251008	1125251083292293
561682	544458	17224	639	3814016	2038360	1125251087898241
288806	269374	19432	4969	11846646	10427356	1125251100263295
1146852	1126628	20224	2874	8105178	7096698	1125251109745247
1173952	1157222	16730	2794	7508890	6959354	1125251118658307
1175304	1155204	20100	1947	5941358	5273544	1125251126009567
1176692	1159276	17416	3675	9637044	8724396	1125251137052881
1531866	1277366	254500	2683	7291510	7095096	1125251146105977
1186554	1161674	24880	2129	5435784	5642814	1125251152958605
0	0	0	0	0	0	0
1176934	1158782	18152	4357	10864916	10091994	1125251171026851
0	0	0	0	0	0	0
1173394	1154920	18474	1728	4835710	4829902	1125251186199217
1189948	1172078	17870	1345	4922898	4078508	1125251192541739
1188842	1168710	20132	2397	6860568	6186098	1125251200820567
1175568	1156590	18978	4420	10813854	10214446	1125251213039207
1140996	1120668	20328	4668	11438514	10678304	1125251225848509
1213786	1158620	55166	2509	6933104	6430352	1125251234225221
0	0	0	0	0	0	0
0	0	0	0	0	0	0
596346	577388	18958	989	3987370	2775680	1125251251195675
465924	449110	16814	2209	6571872	5084578	1125251258463073
723376	706062	17314	2132	6075152	5174026	1125251265480481
1172808	1156788	16020	529	2902082	2417934	1125251269773851
1182048	1157820	24228	1889	5846366	5146718	1125251277021081
1206518	1155882	50636	480	2771228	2353628	1125251281217487
1175650	1157306	18344	1836	5802934	5037110	1125251288414687
580174	562874	17300	3609	9548096	7999888	1125251298773145
506328	487166	19162	3931	10131066	8567186	1125251309647203
1175816	1158556	17260	997	4109336	3370350	1125251315162647
1359276	1168846	190430	83	2468514	1725000	1125251319220099
266114	248812	17302	1970	5321422	4407880	1125251325036897
1181616	1160794	20822	897	4211872	3173714	1125251330660343
1175572	1156836	18736	3170	8144138	7716290	1125251340214231
1183358	1163210	20148	4614	11100688	10609232	1125251352727895
1051346	1033376	17970	4075	10330668	9400234	1125251364343817
1174224	1156266	17958	1936	5951748	5247788	1125251371698643
468254	450862	17392	3810	9249716	8277092	1125251381646457
815600	800050	15550	4699	11746698	10400626	1125251394427723
1174018	1157626	16392	2703	7651926	6769854	1125251403472057
838022	818312	19710	571	2377386	2171000	1125251406906045
596078	578002	18076	2121	6477364	5024330	1125251414198179
669712	651090	18622	204	2762500	1277276	1125251417859787
497704	480030	17674	653	2771940	2001780	1125251421359757
878192	858152	20040	4899	11946694	10877750	1125251434414123
1183384	1158666	24718	1951	6113810	5287332	1125251441941283
1176868	1159204	17664	1533	5145822	4443512	1125251448494687
1178556	1158684	19872	875	3863090	3132510	1125251453766367
1177534	1158908	18626	1820	5921594	5016976	1125251461095285
1176116	1158316	17800	1624	4566522	4623390	1125251467067699
1175856	1159538	16318	4226	10585374	9817296	1125251479047321
592370	576368	16002	2530	6898838	5837928	1125251486757757
830312	813210	17102	287	2545270	1594954	1125251490355713
374474	357160	17314	2017	5398522	4595022	1125251496347787
1182692	1167052	15640	4637	11530336	10647442	1125251509279955
1172886	1154972	17914	3099	8368410	7558600	1125251519040177
1294802	1170062	124740	3072	8172884	7639082	1125251528738027
689784	672122	17662	4460	11147236	9807456	1125251540808899
1173942	1155852	18090	2320	6721116	6016422	1125251548938989
894442	876056	18386	3691	9503976	8476984	1125251559567419
1176064	1156958	19106	3515	9157012	8407506	1125251570130953
741892	722310	19582	1689	5643514	4319628	1125251576746741
0	0	0	0	0	0	0
759046	741686	17360	3330	8515544	7617096	1125251597407737
1000178	982492	17686	3527	8932400	8252954	1125251607570789
1180230	1161358	18872	4512	11077244	10402686	1125251620058769
2333388	2331412	1976	4272	10483516	11076446	1125251633105837
552052	534660	17392	2431	6990714	5611826	1125251640878431
1264038	1246806	17232	1271	4931596	4005656	1125251647304329
450858	431022	19836	270	1923528	1196538	1125251649909133
1185526	1165940	19586	1835	5875130	5056816	1125251657199737
1184518	1166996	17522	2272	6420034	5927598	1125251665034713
439958	420412	19546	1381	5089908	3400882	1125251670794075
591486	573792	17694	2583	7523286	5956902	1125251679149577
1177338	1158506	18832	4192	10273994	9759556	1125251690831321
871090	852132	18958	4268	10730270	9605508	1125251702662989
1179366	1161862	17504	2526	7100984	6432932	1125251711177201
1172516	1155350	17166	4175	10660108	9721656	1125251723240233
677210	659782	17428	1343	4763280	3563656	1125251728910919
1179208	1160426	18782	2034	6306946	5446456	1125251736626831
1180830	1159776	21054	894	3674506	3169068	1125251741716435
1175816	1158376	17440	3835	9742396	9048248	1125251752865333
467800	449890	17910	1528	5195754	3722152	1125251758759275
1187114	1163786	23328	3525	9445340	8437350	1125251769626471
823300	804760	18540	2292	6798756	5605992	1125251777478645
597220	577792	19428	421	2232144	1649942	1125251780538509
762734	744168	18566	1282	3942304	3524726	1125251785473981
209580	173520	36060	1609	5427728	3630188	1125251791340779
764382	743256	21126	4497	11116158	9957850	1125251803451497
1173958	1156330	17628	1542	5047712	4455976	1125251809903057
1175914	1156872	19042	1225	4616144	3823988	1125251815924961
694750	566526	128224	3580	9394004	8054142	1125251826243715
1030086	1012690	17396	371	6800516	1974266	1125251834304991
1278034	1159540	118494	2230	6585960	5937584	1125251842398829
742330	724562	17768	2381	7107276	5706192	1125251850479113
1181042	1161032	20010	2057	6171040	5497264	1125251858061777
371068	352562	18506	3524	8907228	7617522	1125251867569687
1176480	1157058	19422	2149	6110702	5673562	1125251875087045
1175804	1158578	17226	4944	11269450	11265868	1125251887762189
1173062	1156734	16328	3449	8753612	8257432	1125251897907367
1175174	1156898	18276	4539	11077778	10440482	1125251910379339
1193028	1173294	19734	192	2791214	1764538	1125251914583211
0	0	0	0	0	0	0
1174012	1156776	17236	4389	10167862	10160738	1125251933738153
1182108	1163398	18710	2949	7287638	7281436	1125251942438201
206796	188830	17966	3720	9605914	7849506	1125251952480791
404310	385996	18314	4840	11619020	10283732	1125251964734207
1363212	1169410	193802	701	3872796	2951850	1125251970203069
1177266	1158824	18442	4793	11645100	10962264	1125251983255037
1150248	1119034	31214	2731	7114516	6812332	1125251991749951
1177646	1158910	18736	3654	9421640	8686670	1125252002579249
1185270	1159212	26058	3423	8684796	8229560	1125252012682823
963648	946798	16850	3618	8624928	8401926	1125252022504985
887274	869080	18194	937	3961706	2951828	1125252027572685
810660	788584	22076	2350	6677420	5708658	1125252035290025
0	0	0	0	0	0	0
1179832	1160828	19004	45	1958218	1468554	1125252041539147
1176850	1158256	18594	445	2079894	2269216	1125252045026161
678836	585030	93806	445	2976604	1767110	1125252048912105
1173778	1156988	16790	4271	9887424	9915074	1125252060202935
1175332	1157104	18228	4308	10731726	9989160	1125252072340393
1180328	1161198	19130	4659	11614148	10700116	1125252085365323
1181630	1164484	17146	598	3227310	2575516	1125252090004597
1047796	1030678	17118	2719	7730014	6687376	1125252099012687
1176910	1160130	16780	2527	6704642	6435806	1125252107123601
1173120	1156722	16398	2390	6565980	6140092	1125252115081751
1528652	1296720	231932	1682	5744064	5078436	1125252122573241
1311694	1159340	152354	1631	4644906	4762386	1125252128748247
1186070	1169150	16920	128	2730066	1628026	1125252132886555
267160	249508	17652	4569	10544766	9606536	1125252143931715
0	0	0	0	0	0	0
23020	2224	20796	87	1568922	406064	1125252149825617
1023848	1005932	17916	3824	8129300	8868902	1125252159208269
656058	636630	19428	3739	9562210	8335934	1125252169656401
491318	473134	18184	3153	8618130	6995956	1125252178995605
1177148	1158296	18852	318	2830618	2015020	1125252183233407
1287496	1160768	126728	2058	6146578	5603422	1125252190897677
1190762	1172646	18116	3238	8654244	7868178	1125252200972881
1174900	1156914	17986	312	2723672	1999944	1125252205100985
1176212	1156608	19604	3157	8445078	7688484	1125252214952233
1000776	983610	17166	3223	8658006	7645700	1125252224840679
1099128	1080258	18870	243	2213860	1789272	1125252228485025
914748	888532	26216	467	2420778	2058028	1125252232050617
1174130	1155702	18428	4652	10683246	10675802	1125252244137913
1177944	1157294	20650	4695	11270676	10765830	1125252256817619
0	0	0	0	0	0	0
898716	881130	17586	963	3123940	3034094	1125252264620321
1178274	1160326	17948	400	2850368	2182800	1125252268881869
1185684	1166126	19558	3189	8351144	7751904	1125252278649069
1177944	1162030	15914	4682	11164760	10728226	1125252291215265
1177308	1160316	16992	1819	5650564	5005248	1125252298262545
641688	625448	16240	895	3751926	2618004	1125252302874889
7534654	7532556	2098	320	2585318	8364120	1125252313213825
1180136	1162658	17478	3966	10193010	9311162	1125252324817287
905234	886454	18780	714	2866140	2532004	1125252328818385
0	0	0	0	0	0	0
1176164	1158654	17510	1471	5308882	4317462	1125252344563193
1285362	1160824	124538	1798	5928820	5080776	1125252352008327
1176590	1158776	17814	3201	7676536	7779084	1125252361091461
1177050	1156946	20104	1900	6201012	5175294	1125252368699849
1039626	1022262	17364	4672	11463032	10585200	1125252381436339
1176264	1158706	17558	153	2516140	1684562	1125252385358967
324078	305214	18864	3198	7732114	6932350	1125252393644697
1177784	1158998	18786	588	3485540	2555918	1125252398538377
0	0	0	0	0	0	0
1175244	1157258	17986	1103	4309666	3583382	1125252412695787
1290454	1158304	132150	2384	6961948	6259884	1125252421182897
436414	418260	18154	2908	7895040	6450982	1125252429744785
466338	448470	17868	372	2129424	1412898	1125252432570691
258824	239766	19058	3139	8327808	6739806	1125252441387113
1173814	1156448	17366	1263	4884672	3898358	1125252447676019
413196	395532	17664	2561	6984020	5734374	1125252455303377
1185670	1168260	17410	1519	5052734	4421272	1125252461771773
1076346	1057400	18946	1868	5519512	5011982	1125252468598403
774406	757028	17378	3472	8852962	7916718	1125252478460389
1174694	1156566	18128	4907	11839662	11189614	1125252491704567
1159312	1130746	28566	4167	10591332	9691992	1125252503685105
1010940	993484	17456	951	3374194	3111546	1125252508300735
1192784	1154974	37810	1851	5630836	5093132	1125252515354487
324746	307324	17422	1590	5000862	3702408	1125252520910397
1248608	1158724	89884	589	3603274	2627364	1125252525992233
810832	792290	18542	195	2184898	1402162	1125252529218431
1174298	1156584	17714	2721	6826730	6821438	1125252537449829
1176908	1159354	17554	2067	6385260	5509372	1125252545242385
534832	517492	17340	2388	7094322	5509980	1125252553102249
748304	729952	18352	4887	12102980	10721850	1125252566183615
1003834	984468	19366	4998	11889496	11199062	1125252579307057
1176662	1156386	20276	1048	4121988	3470866	1125252584835817
1181088	1163204	17884	388	2604868	2158796	1125252588852265
673714	656270	17444	4060	10464448	8995108	1125252600220777
193686	173544	20142	918	3942476	2228762	1125252604586737
499318	481310	18008	3950	10264522	8601176	1125252615584251
462142	444890	17252	3299	8678538	7259580	1125252624955001
1193940	1174068	19872	2518	7302162	6428064	1125252633680737
1129188	1109538	19650	1972	6077540	5263220	1125252641115935
908998	888226	20772	2965	8041706	7037152	1125252650335649
592578	574284	18294	4362	10384324	9517844	1125252661543157
473072	455602	17470	4345	11096704	9362198	1125252673343563
986424	969140	17284	252	2538918	1691534	1125252677098913
503582	486276	17306	2260	5706026	5222842	1125252683538019
1203496	1186940	16556	3056	8361206	7513466	1125252693333723
1177470	1159164	18306	1249	4642008	3864166	1125252699371761
766808	748466	18342	3482	9478462	7929482	1125252709847057
1177514	1159450	18064	578	3390296	2532550	1125252714645697
1060348	1042178	18170	3726	9475992	8714178	1125252725416449
0	0	0	0	0	0	0
314318	295544	18774	1476	4348584	3473880	1125252733868377
1180156	1161728	18428	1578	5201706	4534578	1125252740480155
1137172	1116016	21156	2249	6629862	5843416	1125252748477073
1173968	1156558	17410	4532	11435128	10436474	1125252761315817
1175570	1157960	17610	38	2357602	1449852	1125252765079361
565212	546210	19002	701	2831962	2166808	1125252768707015
598330	579896	18434	2883	7252388	6563580	1125252776792041
979434	960486	18948	3978	9979038	9133572	1125252787985057
950818	914492	36326	3495	8584220	8138862	1125252797750361
1279094	1261116	17978	3730	9684804	8937542	1125252808944587
1295478	1277446	18032	4538	11130804	10573534	1125252821600883
1175598	1157458	18140	1181	4384170	3735522	1125252827390929
222772	173974	48798	2714	7326222	5848596	1125252835170043
527918	508472	19446	1225	4507116	3176246	1125252840435141
1182176	1164546	17630	2628	7348338	6638898	1125252849195355
1411232	1275176	136056	4001	10311462	9611916	1125252861148295
1319990	1181264	138726	1268	3799174	4057422	1125252866497041
722558	703444	19114	1116	4615422	3152784	1125252872065577
985062	967346	17716	4282	10809558	9747656	1125252884089963
1174644	1157290	17354	493	3005354	2360364	1125252888499519
1176298	1157024	19274	556	3289008	2492902	1125252893195147
0	0	0	0	0	0	0
1176986	1159290	17696	3641	9526204	8645594	1125252917633531
1034576	890274	144302	3694	8919710	8609328	1125252927807159
1178714	1161290	17424	3797	8955624	8973434	1125252938171227
228772	211440	17332	360	2603478	1148554	1125252941233217
886388	868364	18024	3414	8581574	7912402	1125252950930767
1258334	1166296	92038	2952	8169838	7364814	1125252960588649
1309992	1292812	17180	4922	12242328	11353630	1125252974374217
1175022	1155176	19846	998	3933774	3369764	1125252979713193
0	0	0	0	0	0	0
1239740	1200532	39208	121	1632402	1681800	1125252990849831
916454	896712	19742	741	3397900	2600826	1125252995394529
1227216	1210042	17174	2532	7061334	6490458	1125253003913207
1186912	1162082	24830	1722	5694366	4828382	1125253011024855
1176618	1158862	17756	58	1293340	1492826	1125253013724533
1199032	1160866	38166	1754	5862878	4906212	1125253021016897
321110	297888	23222	2074	6298586	4668932	1125253027866893
1260440	1162844	97596	2597	7073656	6652896	1125253036430177
0	0	0	0	0	0	0
1054138	1036670	17468	1836	5058582	4933744	1125253050659761
1174346	1156482	17864	130	1504454	1635410	1125253053571929
373428	245608	127820	2069	6268138	4713100	1125253060442985
1184452	1166554	17898	2678	6834240	6739704	1125253068691949
264246	246022	18224	4911	11205476	10286702	1125253080395537
1173300	1156600	16700	1080	4009350	3520028	1125253085796571
512318	495086	17232	967	4215770	2632802	1125253090743541
1173812	1157180	16632	2463	6767152	6292804	1125253098906961
1158288	1140164	18124	1022	4319252	3389124	1125253104603391
2745498	2743572	1926	3603	9521130	10139094	1125253117092641
0	0	0	0	0	0	0
1156308	1138160	18148	3710	9458002	8777708	1125253134277303
1181336	1160470	20866	4999	12258076	11377070	1125253147946247
885762	867564	18198	3502	9241122	8088084	1125253158302599
0	0	0	0	0	0	0
1182202	1159508	22694	2809	6967644	6998484	1125253170198941
1185870	1168300	17570	1627	5563692	4639250	1125253177178561
1168976	1150634	18342	2610	6620968	6577332	1125253185197479
450758	434678	16080	3908	10151944	8453348	1125253196019153
1187186	1170398	16788	288	2387972	1948896	1125253199813551
1173174	1156858	16316	3458	8199686	8286362	1125253209405481
442616	425542	17074	299	3155626	1230432	1125253213222891
1102984	1084202	18782	986	3373250	3279922	1125253217933381
941300	922138	19162	2761	7908568	6661822	1125253227013617
1177998	1159752	18246	3415	8834346	8208376	1125253237256231
835632	817120	18512	1169	4520340	3374782	1125253242841815
1174234	1156672	17562	2529	7478116	6432496	1125253251724365
1180928	1160944	19984	2766	7839568	6910830	1125253260974963
240570	220990	19580	3818	9733280	8078680	1125253271178531
385206	365566	19640	1750	5835462	4084740	1125253277629121
1176328	1156916	19412	2372	6774318	6119356	1125253285810193
598280	581008	17272	1229	4504696	3254388	1125253291144097
1267988	1167486	100502	4289	10759554	10045232	1125253303401691
1147844	1131812	16032	3973	10189662	9292076	1125253314969383
1183822	1166114	17708	3125	8442848	7620016	1125253324815379
606304	589020	17284	1993	6228448	4790294	1125253331879789
1177390	1158634	18756	1045	3667184	3466572	1125253336954853
593030	574234	18796	4853	12041982	10496960	1125253349820395
1301708	1283740	17968	533	3300936	2565548	1125253354653045
1002034	984400	17634	615	3160296	2436132	1125253359049337
504860	487476	17384	392	2893682	1489462	1125253362678085
723082	704996	18086	1915	5207102	4751210	1125253368842265
1176236	1157502	18734	3939	9793222	9255732	1125253380041361
705178	566646	138532	2399	6923536	5701502	1125253387900241
791636	773608	18028	503	2760946	1997896	1125253391682701
1114754	1097582	17172	766	3545736	2846850	1125253396573737
1176240	1157290	18950	256	2641122	1889378	1125253400625205
615086	596722	18364	2662	6717134	6148012	1125253408192017
1178046	1158624	19422	4682	10754444	10742008	1125253420354733
1199504	1163350	36154	2947	8104934	7280008	1125253429878127
1306666	1171836	134830	3937	10011078	9369620	1125253441415229
1175606	1157660	17946	1218	4280518	3798694	1125253447090215
0	0	0	0	0	0	0
698440	679828	18612	4643	18655220	10186480	1125253470738897
1271862	1235708	36154	3985	9882424	9483568	1125253482126241
1176662	1156542	20120	1715	5519598	4806896	1125253489052953
527956	509956	18000	948	4160616	2622356	1125253493972203
559034	540960	18074	1741	5501878	4239626	1125253500263259
0	0	0	0	0	0	0
1114770	1096666	18104	1612	5378488	4540504	1125253516994885
1172298	1154960	17338	82	2175302	1535494	1125253520572361
0	0	0	0	0	0	0
1179044	1155500	23544	1064	4172318	3508568	1125253529961055
316344	296072	20272	1438	5144652	3391030	1125253535652291
746988	727132	19856	4076	10111208	9097418	1125253546740833
0	0	0	0	0	0	0
1174308	1156970	17338	447	2285278	2276174	1125253553928127
566740	547612	19128	757	2910064	2282186	1125253557634513
1178786	1158786	20000	4618	11506594	10613348	1125253570550487
475142	457920	17222	436	3138232	1546508	1125253574394803
1242650	1221602	21048	3427	8254986	8296162	1125253584122221
1175666	1157440	18226	270	2651286	1916464	1125253588179217
1178684	1155480	23204	3861	9913654	9100960	1125253599502175
1277282	1177722	99560	2504	7449060	6484974	1125253608458659
196036	177454	18582	748	3696530	1897332	1125253612581363
671558	653318	18240	979	4100254	2834228	1125253617586889
1181870	1164500	17370	2357	6724392	6096274	1125253625723115
1289492	1158232	131260	43	2150090	1577050	1125253629392713
841728	824162	17566	4633	10542606	10310106	1125253641006881
1111654	1093058	18596	2468	6951492	6249924	1125253649300743
1176942	1158758	18184	1151	4350480	3680040	1125253655057965
340186	320466	19720	3447	9322564	7433466	1125253664951151
677940	658716	19224	3099	8143848	7074304	1125253674002853
1176434	1159076	17358	1272	4419848	3919030	1125253679829283
221706	200184	21522	4199	9637472	8819054	1125253689918459
442066	423646	18420	1753	5726200	4146698	1125253696316795
1111548	1092376	19172	3094	7822272	7500960	1125253705480205
1272014	1158130	113884	2978	7968346	7427352	1125253714950597
1175566	1156822	18744	4698	11541244	10771492	1125253727898069
1177884	1157264	20620	3538	8669292	8458724	1125253737975417
1283490	1265448	18042	1790	5484326	5062266	1125253744973819
1182806	1161428	21378	184	1596502	1752414	1125253747983121
1180260	1162826	17434	2449	7147558	6277236	1125253756540523
1176572	1159266	17306	4167	10218036	9709334	1125253768164755
1123114	1104336	18778	2790	7483614	6901188	1125253777001229
624792	604558	20234	8	2102602	840786	1125253779958711
354888	336032	18856	345	2072678	1242904	1125253782616963
1270266	1252366	17900	2434	6643316	6336870	1125253790764275
555970	538770	17200	1518	4423186	3800374	1125253795977913
296636	277984	18652	3876	10083768	8247942	1125253806588509
1224102	1206028	18074	475	2967492	2376308	1125253811013951
0	0	0	0	0	0	0
1174898	1157564	17334	3792	9792054	8959482	1125253826964619
314654	276652	38002	2114	6371372	4743426	1125253833880333
1174458	1155330	19128	2550	7003636	6473464	1125253842288041
0	0	0	0	0	0	0
391300	372820	18480	4150	10528166	8892256	1125253856444811
996394	974290	22104	2659	7728512	6511650	1125253865399817
1176476	1156012	20464	1973	6101780	5320436	1125253872907859
1176914	1158926	17988	3768	9288972	8916146	1125253883604231
1176966	1158528	18438	4173	10385414	9723244	1125253895396177
1183692	1166096	17596	2066	6341972	5515220	1125253903166811
705364	687208	18156	157	2522124	1219420	1125253906624469
299176	280868	18308	3739	8783328	7978148	1125253915940233
951432	927614	23818	2993	8337154	7135540	1125253925458403
314386	295760	18626	728	3835726	1969454	1125253929839313
41122	2236	38886	183	1757174	615590	1125253931868139
1173496	1154896	18600	4562	9340852	10495572	1125253942614367
1178350	1158822	19528	1618	5060082	4613142	1125253949087149
921566	903050	18516	970	3306984	3060734	1125253953546347
1391900	1292052	99848	4618	11652090	10827090	1125253966820575
1216982	1160404	56578	358	3047730	2132060	1125253971315593
0	0	0	0	0	0	0
1118714	1100518	18196	3241	8218540	7801568	1125253986773255
640406	622854	17552	4692	11445558	10222664	1125253999092831
1179252	1158560	20692	411	2937682	2199822	1125254003439635
502780	484438	18342	546	3284434	1796420	1125254007457121
471496	453892	17604	3644	8690802	7954564	1125254016847661
561914	545802	16112	4623	11305220	9995934	1125254028933997
1172946	1156518	16428	2433	7214516	6224620	1125254037540953
410270	386254	24016	3730	9399892	8056652	1125254047570281
1247582	1162728	84854	3606	9407396	8660702	1125254058455563
964302	946784	17518	3548	9019590	8259306	1125254068670193
1175276	1157160	18116	901	4165156	3176614	1125254074245111
1149742	1128280	21462	193	2524792	1735190	1125254078149569
1086420	1018138	68282	897	3262074	3088716	1125254082728203
1178566	1160494	18072	687	3406450	2751460	1125254087550297
1214162	1195358	18804	4937	12259614	11287330	1125254101253793
332900	315048	17852	895	3999798	2321054	1125254105816483
7395140	7392574	2566	4204	10546860	16003468	1125254123988683
1211062	1160880	50182	1193	4486452	3797556	1125254129916497
0	0	0	0	0	0	0
781554	763932	17622	1775	5683454	4531956	1125254141822881
1177946	1158434	19512	3359	8763982	8096336	1125254151995195
1255134	1155426	99708	2438	6800886	6329764	1125254160280353
510292	492844	17448	912	4234820	2536828	1125254165255433
739004	720902	18102	3817	9553630	8573484	1125254175778101
265838	244806	21032	1772	5652692	4008350	1125254181926847
0	0	0	0	0	0	0
1139140	1117738	21402	2446	7051654	6230354	1125254195308057
1207418	1172388	35030	3018	8510964	7442436	1125254205256281
209852	192626	17226	1080	4534664	2567712	1125254210230677
805656	780986	24670	326	2666362	1658400	1125254213932445
1374610	1180590	194020	2323	5843742	6222364	1125254221381341
371398	354150	17248	168	2369246	907390	1125254224352087
377436	357956	19480	2089	5556078	4754912	1125254230516081
1176796	1159374	17422	2884	8251754	7144922	1125254240175377
482820	465090	17730	2153	6272592	4986994	1125254247161375
1077836	981980	95856	2873	8102694	7024758	1125254256572297
849274	829702	19572	4577	11182010	10205328	1125254268837617
989194	971256	17938	2046	5778366	5282064	1125254275835521
1184242	1159340	24902	3282	8798570	7949152	1125254286048493
799600	757386	42214	2183	6717870	5363680	1125254293795765
604966	587122	17844	1024	4183832	2851808	1125254298815105
1169138	1146452	22686	3381	8910698	8131946	1125254309125201
1173954	1156396	17558	2619	7317624	6611242	1125254317845937
1194022	1172660	21362	2207	6347942	5806056	1125254325617953
1175582	1156334	19248	2764	7563902	6905222	1125254334587431
1213264	1195070	18194	1235	4708200	3881760	1125254340743101
1080292	1062964	17328	4500	10410678	10279438	1125254352467879
1191734	1172558	19176	2002	5695370	5385024	1125254359573405
847516	830174	17342	758	3548174	2561804	1125254364199139
429538	355870	73668	1917	5840606	4464228	1125254370699143
0	0	0	0	0	0	0
1175268	1156970	18298	1565	4765680	4506052	1125254390264709
1179318	1154890	24428	2710	7566154	6799766	1125254399240673
1086394	1068220	18174	3802	9832592	8889334	1125254410389673
716970	701076	15894	3889	9897414	8696818	1125254421234077
1177658	1161108	16550	1803	5644594	4969876	1125254428274681
1172710	1156070	16640	3098	8255794	7558510	1125254437921681
1198522	1176792	21730	377	2638630	2139126	1125254441977487
1175100	1157026	18074	2894	8176780	7166386	1125254451564067
1175074	1157424	17650	1815	5508882	5003312	1125254458477989
1252542	1150096	102446	697	2604462	2847576	1125254462565433
236474	207540	28934	2187	6416304	4816330	1125254469453283
708636	690296	18340	3418	8775874	7743676	1125254479167419
1509078	1441978	67100	1080	4597214	3867242	1125254485503767
749678	732126	17552	4588	11423056	10124444	1125254497906311
648928	625076	23852	1679	5210434	4205736	1125254503995503
1178300	1158962	19338	3070	7325098	7518754	1125254512728839
1024346	1006656	17690	785	3887976	2792580	1125254517874823
1100154	1081998	18156	2971	7619180	7243742	1125254526824561
1186692	1162312	24380	1889	5893510	5163362	1125254534135047
1291534	1162290	129244	3379	9010656	8235762	1125254544655705
1175290	1157010	18280	1766	5507848	4898840	1125254551561525
1024522	1006402	18120	3274	8562230	7770484	1125254561378647
1177832	1158868	18964	1153	4429242	3682770	1125254567215909
1300382	1157170	143212	1844	5329784	5188672	1125254574076433
1183282	1163596	19686	4103	10067330	9587118	1125254585557259
1136032	1116578	19454	2491	6901904	6316410	1125254593825937
1184476	1164096	20380	2528	6436578	6440628	1125254601676311
1175268	1155900	19368	2361	6795154	6098358	1125254609877033
383616	363650	19966	3613	9324554	7811068	1125254619815303
931280	912446	18834	4592	11334962	10312976	1125254632310869
1175146	1157714	17432	3249	8522832	7871772	1125254642238657
1205406	1188744	16662	4848	11081040	11103110	1125254654754737
1241050	1159042	82008	965	3797902	3364330	1125254660016433
1175300	1157834	17466	2984	7812786	7341876	1125254669234605
1173948	1156738	17210	3223	8435818	7817936	1125254679075193
1252900	1235618	17282	2530	7166268	6512076	1125254687724071
1212026	1162852	49174	2681	7523388	6774880	1125254696689121
1177088	1159062	18026	1560	5282064	4498608	1125254703382149
1177142	1159332	17810	3364	13797092	8107236	1125254718586081
917824	899822	18002	3365	8970512	7934966	1125254728708721
1039736	1022346	17390	3213	8349490	7666916	1125254738332547
249358	232000	17358	1309	4490180	3066562	1125254743302137
1173418	1155348	18070	3605	9436702	8581922	1125254754142097
1191420	1160504	30916	360	2790638	2109458	1125254758354055
661708	644044	17664	4757	11806250	10382870	1125254771052235
1135062	1117062	18000	142	2322204	1618366	1125254774739599
624498	606472	18026	2001	5237374	4826384	1125254780835001
1177696	1159568	18128	3810	9822854	8997164	1125254792066101
587002	568642	18360	1020	4234984	2828074	1125254797117331
591484	448332	143152	3852	9680680	8493118	1125254807619737
1176932	1159584	17348	56	1902364	1488646	1125254810933139
1185774	1166338	19436	4159	9480248	9703130	1125254821829905
1175002	1157124	17878	3229	8734376	7831688	1125254831969079
1176218	1157940	18278	375	3106514	2125246	1125254836482291
1176432	1159042	17390	1427	4917822	4228942	1125254842806415
1180196	1158780	21416	3318	8650998	8014988	1125254852868113
0	0	0	0	0	0	0
614400	589432	24968	3309	7804076	7433640	1125254864804259
766644	747670	18974	4516	10946574	10001598	1125254876748403
599290	581808	17482	4325	10634754	9454210	1125254888216925
1183162	1165442	17720	1821	5595692	5011582	1125254895224747
1174302	1157022	17280	52	2480744	1477270	1125254899109859
1175270	1157784	17486	4542	10545450	10461780	1125254911060761
0	0	0	0	0	0	0
561932	408888	153044	3259	8609948	7279596	1125254924673297
1006106	988104	18002	4029	10105510	9266170	1125254936019391
274320	254630	19690	4554	11329704	9580350	1125254947853539
871964	853362	18602	2045	6081148	5161540	1125254955037095
412754	393568	19186	2378	5954502	5368766	1125254961633817
394724	377044	17680	3803	9834786	8200262	1125254972093611
324474	307810	16664	2660	7479418	5834330	1125254980117317
715546	694600	20946	4020	9916192	8942856	1125254990968429
417738	399174	18564	3310	8598328	7237290	1125255000214441
1175982	1158452	17530	3669	9553302	8712932	1125255011174671
1184558	1164184	20374	3489	9003588	8364212	1125255021593189
1175688	1157666	18022	640	3503064	2655504	1125255026502283
1178750	1158918	19832	1712	5622060	4807276	1125255033533281
1455380	1257834	197546	2758	7657486	7173130	1125255042875855
1020546	1002672	17874	1168	4421534	3555836	1125255048548957
854424	837232	17192	780	3387194	2612344	1125255053020815
1308518	1163168	145350	278	2853564	2062436	1125255057412883
289104	269348	19756	4858	11735104	10205230	1125255069667365
580262	562826	17436	2826	7836838	6431358	1125255078314457
1118724	1101276	17448	2268	6431614	5854356	1125255086094895
591530	572808	18722	3785	8950978	8360480	1125255095867605
1172966	1156468	16498	4697	11498086	10767170	1125255108768823
1051484	1034612	16872	2197	6759838	5631906	1125255116803299
1177520	1157420	20100	4071	10371548	9505510	1125255128571361
1179570	1159974	19596	3753	9551748	8888732	1125255139537325
1241764	1157032	84732	1188	4720140	3818164	1125255145729449
1176292	1158442	17850	1912	5990112	5201652	1125255153125937
621430	602070	19360	698	3641330	2215452	1125255157619001
1088876	1071048	17828	2219	6799868	5727494	1125255165738419
1025922	1006830	19092	4056	10232430	9337016	1125255177227349
1133098	1108424	24674	2425	6936346	6184754	1125255185526481
5842988	5840722	2266	2190	6362362	10422320	1125255197962327
1178130	1159378	18752	308	3003058	1992572	1125255202373377
1238020	1220642	17378	2187	6465292	5811134	1125255210307191
1001326	983600	17726	1406	5219472	4017100	1125255216758471
606166	588854	17312	1209	4180198	3224666	1125255221781283
1006532	987936	18596	2610	7435612	6425782	1125255230453553
641022	622860	18162	201	2633478	1245550	1125255233958055
1176758	1157148	19610	1784	4955164	4946554	1125255240319719
1178724	1159484	19240	2659	7616846	6697946	1125255249345657
1088976	1070692	18284	2130	6624960	5548532	1125255257289801
664874	639784	25090	1284	4776416	3433686	1125255262961691
854652	835910	18742	2430	6743386	5913860	1125255270789395
1222504	1204212	18292	4695	11243664	10815710	1125255283485167
1010568	982634	27934	4905	12072902	11018534	1125255296799107
1183896	1164582	19314	2076	6611220	5534424	1125255304824397
558238	542670	15568	2692	7426178	6128672	1125255313038551
1177826	1161466	16360	3880	9746256	9124242	1125255324182037
1175008	1158212	16796	3979	9604766	9321112	1125255335181129
1178666	1158716	19950	4091	10125728	9547802	1125255346704891
882414	863784	18630	551	2948978	2186910	1125255350770567
456298	437080	19218	1069	4189360	2793744	1125255355650389
1321252	1158320	162932	3150	8369406	7820304	1125255365571269
866310	848620	17690	3413	8893422	7893606	1125255375560241
880304	860138	20166	1759	5445586	4597824	1125255382116167
1173502	1156948	16554	1770	4793620	4911594	1125255388313337
920812	900868	19944	4588	11298672	10296264	1125255400762579
481926	454190	27736	1953	6028956	4587256	1125255407507603
1290902	1159154	131748	4215	10318056	9921652	1125255419346485
0	0	0	0	0	0	0
1176036	1157174	18862	2835	7504676	7044614	1125255440901471
436718	417526	19192	308	2361004	1256436	1125255443930149
727106	709618	17488	4377	10268782	9679032	1125255455156449
1179862	1162534	17328	2844	8072634	7066508	1125255464639137
1177704	1158500	19204	137	2334426	1654918	1125255468384967
1181944	1160706	21238	1670	4712344	4723528	1125255474509135
979088	942508	36580	4240	10574274	9660074	1125255486292187
1230830	1208644	22186	4037	10337130	9506596	1125255498089837
1178076	1159426	18650	3400	8723652	8177558	1125255508221003
1315390	1296648	18742	120	2387894	1754900	1125255512154293
1174680	1156882	17798	2891	7962276	7158536	1125255521521529
1179648	1159166	20482	3402	8715454	8181466	1125255531646407
1128690	1110746	17944	4914	11469142	11158318	1125255544473353
1174216	1156880	17336	4014	9996818	9400712	1125255555874771
