# Loop @ Start frequency 2900000Hz took 733.19 cycles
# Interval [732 ; 734]
# Q1 : 730 ; Q3 : 732
# Loop @ Target frequency 2300000Hz took 926.65 cycles
# Interval [922 ; 931]
# Q1 : 920 ; Q3 : 924
# Confidence intervals do not overlap, alternatives are statistically different with selected confidence level
Change time (with write) [cycles]	Change time [cycles]	Write cost [cycles]	Wait time [us]	Time since last frequency change request [cycles]	Time since last frequency change [cycles]	Detected frequency change timestamp [cycles]
1183252	1155498	27754	3567	224215530	223843932	1125818508006911
999424	981700	17724	4812	11734138	10813460	1125818520967043
731800	712078	19722	907	3651166	2735754	1125818525573337
677588	525948	151640	3036	8265600	6938408	1125818534739055
1186144	1168306	17838	4996	12127656	11366774	1125818548275495
282354	263578	18776	2463	6987724	5390442	1125818555771625
1172804	1155320	17484	4156	10282646	9675646	1125818567450031
1175472	1157142	18330	3982	10080642	9330128	1125818578928593
1175290	1157900	17390	4075	10263270	9514470	1125818590590375
1392224	1295562	96662	3998	10003424	9578550	1125818602209149
958856	942038	16818	3427	8727578	8001628	1125818612117687
1174754	1157312	17442	2191	6122462	5746178	1125818619637575
1175004	1157266	17738	4544	11044934	10451490	1125818632079709
1198394	1181366	17028	3891	9575220	9169586	1125818643077025
1178466	1160026	18440	4101	10183790	9556952	1125818654650861
1122414	1103796	18618	3295	8446362	7889780	1125818664430881
1177270	1156322	20948	2535	7076470	6440088	1125818672911685
1269550	1252024	17526	27	2171840	1512180	1125818676575909
482212	464862	17350	2511	6397968	5692980	1125818683678545
434268	415786	18482	4626	11302890	9874984	1125818695638475
1178942	1158632	20310	4697	11524642	10762652	1125818708565091
1177972	1160946	17026	4859	11736486	11085762	1125818721704013
1176550	1156906	19644	1572	5101164	4510950	1125818728204515
1184236	1163120	21116	447	2879072	2267042	1125818732490175
821496	800878	20618	3556	9391264	8122412	1125818742929341
1174646	1156932	17714	4871	11859648	11106680	1125818756186425
1175256	1157118	18138	3275	8534704	7914692	1125818766118945
1300540	1159490	141050	1540	5031554	4571092	1125818772674171
1174628	1157548	17080	3078	8268386	7520216	1125818782340189
1173596	1156650	16946	1572	4929140	4505910	1125818788677121
1179466	1162720	16746	1286	4544136	3940976	1125818794622947
1226958	1164140	62818	4158	10102304	9736094	1125818806174331
1315336	1297976	17360	156	2503748	1808440	1125818810216565
1176458	1159150	17308	590	2465386	2550746	1125818814069787
293270	273878	19392	1788	5732800	4058538	1125818820318535
1069878	1052850	17028	4822	11752018	10907084	1125818833367043
401664	383496	18168	271	2335712	1133396	1125818836326803
1174344	1157118	17226	2722	6837934	6808880	1125818844567439
1174350	1157426	16924	3041	7964588	7445568	1125818854013447
1175884	1158778	17106	1519	4868624	4403378	1125818860280867
1174476	1156724	17752	1506	5094976	4380380	1125818866777399
1174850	1158488	16362	4306	10396634	9962860	1125818878571563
425340	410466	14874	3273	8915208	7147586	1125818888123959
875972	860170	15802	1904	5772844	4861158	1125818894984539
1172928	1157230	15698	2294	6654918	5938632	1125818903023447
1173008	1155322	17686	1597	5003320	4543608	1125818909411587
1186982	1169960	17022	2113	6332236	5602670	1125818917153495
1188334	1170696	17638	412	2914056	2200974	1125818921478855
1177222	1159766	17456	138	2552548	1642336	1125818925431691
1185406	1168326	17080	3347	8063352	8069940	1125818934903825
1184684	1164106	20578	16	2107438	1407132	1125818938419065
398130	379962	18168	1746	4985928	4080890	1125818944030455
1304384	1165344	139040	4935	11890648	11364274	1125818957448629
298940	266854	32086	3464	8715806	7417124	1125818966687079
1021958	935958	86000	3745	9465818	8702884	1125818977398029
567994	551350	16644	2732	7295608	6222518	1125818985483999
1179226	1159472	19754	1498	4904820	4364746	1125818991791209
1170202	1148750	21452	4146	10147422	9652798	1125819003332081
1175562	1158770	16792	1096	4052858	3557078	1125819008783393
984886	968256	16630	1260	4678198	3694294	1125819014668705
1185924	1168180	17744	4117	10281576	9609074	1125819026359645
1179852	1163048	16804	2011	5926324	5392652	1125819033693431
913034	896332	16702	172	2301100	1446148	1125819037130679
894466	876662	17804	2268	5906258	5620852	1125819044154031
839308	820184	19124	4094	9995114	9216676	1125819055210779
1092912	1076278	16634	745	3389744	2772146	1125819059916359
1172628	1155326	17302	2672	7409966	6706752	1125819068722029
655366	637482	17884	3355	8584378	7555424	1125819078184687
1181716	1159530	22186	1239	4281524	3848306	1125819083870945
1174462	1157266	17196	4099	10110942	9562024	1125819095379639
1091570	1072806	18764	3278	8388738	7837274	1125819105082669
954488	927344	27144	2673	7349530	6489444	1125819113609523
390214	372754	17460	2143	6454576	4866180	1125819120677215
536460	518938	17522	1737	5622600	4200420	1125819127059399
1233988	1205710	28278	1406	4726522	4235960	1125819133242907
1178400	1158882	19518	797	3485356	2962042	1125819138129265
1179500	1161850	17650	643	3230218	2655426	1125819142762369
1176256	1159210	17046	3558	9335326	8481424	1125819153497017
512426	493744	18682	4047	9923372	8796026	1125819164155105
1174160	1156738	17422	882	3670858	3126890	1125819169222779
553616	536736	16880	2473	7054512	5689394	1125819177054193
1177692	1160994	16698	1585	5291304	4536582	1125819183746217
485388	469322	16066	2540	7091454	5755590	1125819191545733
1075012	1059114	15898	4264	10563074	9779778	1125819203395257
1181184	1159418	21766	2738	7583682	6835900	1125819212371491
331808	313582	18226	2733	7403206	5990564	1125819220336039
978266	961222	17044	4271	10739430	9708972	1125819232280401
890146	871260	18886	2902	7677254	6883608	1125819241074241
498244	480550	17694	3628	9386726	7944606	1125819251182245
1107324	1088520	18804	3111	8054642	7517702	1125819260567259
665530	648116	17414	266	2403952	1387576	1125819263943415
734238	716154	18084	4833	10915446	10588834	1125819275816043
1109864	1091998	17866	157	2208916	1614550	1125819279357629
1194142	1174998	19144	226	1824464	1836666	1125819282599907
743520	724192	19328	1531	5317080	3993712	1125819288883225
926194	907056	19138	3004	7995478	7123360	1125819298027799
1190360	1162788	27572	3731	9494844	8840704	1125819308935911
1175416	1157868	17548	4131	10113372	9627962	1125819320446879
979758	962616	17142	3481	9087282	8131282	1125819330741159
1132722	1115510	17212	587	3215662	2497278	1125819335312061
289312	270496	18816	4252	10518932	8982580	1125819346342585
1176198	1159060	17138	3693	9460444	8754870	1125819357207389
528508	511622	16886	3638	9329018	7993670	1125819367287591
1175828	1158616	17212	2737	7319096	6840196	1125819376004875
508862	491916	16946	1854	5559540	4405234	1125819382295881
281190	263406	17784	262	2707840	995316	1125819385512151
382564	365682	16882	2312	5808906	5197022	1125819391925497
188342	171396	16946	533	3013012	1442742	1125819395349219
1177454	1157790	19664	3593	8556852	8553778	1125819405306293
342758	324650	18108	99	2162670	731108	1125819408035571
1207258	1188324	18934	4288	9950274	9973170	1125819419415953
0	0	0	0	0	0	0
1233248	1159976	73272	2408	6807924	6239438	1125819439159813
1173348	1155792	17556	3027	7916098	7417808	1125819448471869
233182	198850	34332	4985	12051418	10391900	1125819460983627
1185918	1142554	43364	678	3269660	2732068	1125819465662269
1175140	1156634	18506	2117	6341504	5599004	1125819473401465
1006760	987834	18926	2293	6730670	5783326	1125819481363001
1174902	1157628	17274	1789	5454540	4941902	1125819488215095
814026	797126	16900	914	3793962	2831722	1125819493046161
1236730	1205580	31150	4153	10381142	9732464	1125819504886791
1202336	1184002	18334	1515	5034070	4422634	1125819511346349
1175850	1157078	18772	1040	3911096	3445858	1125819516655851
1194446	1162416	32030	4496	10843644	10375802	1125819528916317
1157006	1136364	20642	3415	8822836	8177126	1125819539118801
1176170	1157910	18260	4104	10342620	9573102	1125819550861895
1203652	1183320	20332	3390	8606622	8173550	1125819560895293
696282	669606	26676	3186	8447452	7257846	1125819570261841
457700	439006	18694	4864	11646998	10375006	1125819582589167
1200998	1157236	43762	3823	9946486	9037338	1125819593960389
1249830	1182698	67132	4098	10246162	9635890	1125819605679125
1203806	1159122	44684	155	2155352	1703516	1125819609261077
1175248	1157658	17590	3875	9123978	9114082	1125819619782427
1178874	1158892	19982	4861	11552840	11090870	1125819632737945
1176014	1159180	16834	2928	7854872	7221954	1125819641991027
216468	189194	27274	110	2156866	626018	1125819644587479
1177100	1160412	16688	1900	5178036	5162446	1125819651165923
1173998	1156822	17176	4545	10919904	10441568	1125819663470743
1174270	1158034	16236	3369	8574498	8088812	1125819673430903
857386	838578	18808	2297	6723732	5628918	1125819681224085
1174584	1157508	17076	4406	10603912	10176792	1125819693225203
377900	360494	17406	787	3367092	2141648	1125819697194513
601060	581560	19500	3521	9040982	7832680	1125819707059585
1176520	1158800	17720	2005	6112070	5375610	1125819714571009
467272	448550	18722	1318	4672418	3293350	1125819719933691
4769968	4764388	5580	4294	10736060	13547062	1125819735662269
1193500	1174576	18924	824	3695302	3031240	1125819740775771
939774	922766	17008	1278	4539448	3685196	1125819746478007
1178766	1160922	17844	2680	7350618	6728894	1125819755234931
1177218	1157276	19942	1094	4347488	3556178	1125819760983341
753640	736400	17240	3047	7902490	7037492	1125819769861693
382584	363852	18732	162	2195658	895850	1125819772662611
1175730	1156912	18818	1420	4214410	4206324	1125819778275695
713958	696784	17174	1616	5342000	4138800	1125819784557891
424246	407246	17000	4621	11233344	9857050	1125819796438109
412800	394834	17966	1886	5842694	4374606	1125819802920587
437856	419822	18034	4189	10517802	9006278	1125819814099551
636146	612172	23974	4642	11273106	10109182	1125819826231755
1174606	1159344	15262	2200	6284164	5764132	1125819833914051
639196	615330	23866	4100	10269292	9016158	1125819845034551
1190220	1174576	15644	3859	9681006	9084830	1125819856117505
1178170	1160646	17524	1704	5414622	4763382	1125819862921509
1178834	1160012	18822	4153	10529142	9674910	1125819874852105
1173088	1155504	17584	3768	9555034	8898602	1125819885802267
347162	329686	17476	2718	7255632	5973668	1125819893628287
1220480	1164144	56336	3756	9624696	8921724	1125819904697521
984678	969258	15420	1692	5662320	4558396	1125819911567543
1172736	1157188	15548	4481	10941822	10313018	1125819923893503
519434	502758	16676	1863	5620014	4422522	1125819930244123
1059568	1043544	16024	2575	7231224	6390628	1125819938746207
1002104	984380	17724	1574	5270948	4327450	1125819945230789
1176146	1158728	17418	4855	11641526	11075966	1125819958270781
1362158	1304274	57884	44	2193242	1643916	1125819962052731
1173628	1157010	16618	4716	10892260	10795708	1125819974342113
1082102	1063830	18272	3488	9159926	8247432	1125819984810481
1282178	1263062	19116	2537	7158980	6546852	1125819993474543
1176772	1158686	18086	3773	9570526	8911290	1125820004445043
1177802	1160664	17138	320	2434074	2006438	1125820008284033
1176022	1157466	18556	1013	4171720	3402232	1125820013858187
1178570	1160446	18124	613	3207464	2594016	1125820018466735
353604	336704	16900	4795	11518668	10137378	1125820030565665
544942	525648	19294	1000	4129046	2736098	1125820035462985
1178346	1160416	17930	2181	6564648	5730524	1125820043428323
1083396	1065828	17568	4979	11935490	11231118	1125820056669269
1209610	1167944	41666	1799	5581574	4998218	1125820063683425
422210	396358	25852	1483	4860994	3578200	1125820069189957
1176826	1158234	18592	1306	4769376	3978354	1125820075358565
403764	383848	19916	1083	4261010	2759738	1125820080245457
1241194	1223696	17498	2629	7539250	6689366	1125820089248815
1174576	1157034	17542	847	3531372	3058846	1125820094178163
521694	504580	17114	3437	8710388	7585352	1125820103633175
1175460	1157064	18396	2324	6425528	6012762	1125820111456907
1228922	1155286	73636	2335	6525806	6088850	1125820119434313
1176054	1158856	17198	4813	11792406	10991750	1125820132625311
266076	211514	54562	4546	11252950	9547290	1125820144367291
1185118	1167620	17498	3083	8025552	7540818	1125820153804215
2468966	2466762	2204	4348	10691922	11354404	1125820167188011
439882	421778	18104	1639	5363324	3908204	1125820173214855
507414	489948	17466	4708	11203168	10113744	1125820185148273
1188344	1158670	29674	3991	9845618	9358874	1125820196405149
1173768	1157026	16742	895	3538166	3154720	1125820201344599
1177276	1160308	16968	130	2405222	1626648	1125820205150065
1178594	1161006	17588	3547	8254126	8465394	1125820214805239
535270	518294	16976	2350	6640500	5426152	1125820222203871
1174562	1157340	17222	3611	9188544	8586642	1125820232789095
467286	447136	20150	3071	8162000	6799998	1125820241641753
1174356	1157514	16842	3121	8047302	7604912	1125820251086737
1177224	1158784	18440	3537	8948582	8439842	1125820261435531
1186580	1169554	17026	1541	5004394	4458332	1125820267848851
280466	263368	17098	4851	11664564	10172820	1125820280016591
1177422	1158710	18712	3520	9098638	8406712	1125820290515519
978506	961490	17016	3752	9658096	8672886	1125820301374493
627554	610598	16956	1926	5778020	4669278	1125820308003479
838300	821372	16928	4751	11334714	10531148	1125820320400159
1181920	1159150	22770	2108	6339104	5588472	1125820328147739
1184570	1165952	18618	3409	8985562	8195332	1125820338540277
1305152	1158860	146292	1582	5174306	4657932	1125820345242811
1245006	1157382	87624	1307	4554068	4047822	1125820351264645
1299584	1282988	16596	3269	8598362	8026192	1125820361385109
1175802	1156996	18806	1444	5053588	4254536	1125820367837309
1178192	1160812	17380	367	2561272	2102078	1125820371799663
1175248	1157186	18062	4526	11052612	10416950	1125820384250589
5239000	5237128	1872	1010	3944592	7448276	1125820393656351
780664	761908	18756	3218	8444272	7406460	1125820403103895
1122500	1105490	17010	4507	11122192	10326148	1125820415571625
1175134	1157042	18092	3592	9145028	8547950	1125820426114201
303862	286854	17008	4429	10942048	9351062	1125820437582815
1177304	1159140	18164	2363	6689396	6092406	1125820445672215
665116	648124	16992	3697	9506166	8248978	1125820456065947
1178012	1156900	21112	765	3541454	2897124	1125820461008811
1225430	1164164	61266	3037	8075680	7489680	1125820470532039
1171894	1155820	16074	1186	4273448	3725316	1125820476188463
1090862	1074156	16706	2722	7468830	6712212	1125820484959479
643584	624610	18974	2586	7384178	6059272	1125820493209761
370536	345456	25080	2562	6910520	5684312	1125820500713003
1171474	1154748	16726	3618	9238952	8596684	1125820511345851
366624	349430	17194	410	2790446	1376500	1125820514724985
340180	323006	17174	4858	10935196	10246416	1125820526224455
1179850	1161320	18530	1582	4945634	4533150	1125820532572055
656024	635666	20358	3846	9733044	8537552	1125820543184187
1185278	1167932	17346	3808	9669232	8991230	1125820554261375
1182566	1154908	27658	616	3314608	2608178	1125820558984705
1175568	1158952	16616	730	3734462	2825850	1125820564117571
300336	282632	17704	4975	12043916	10440466	1125820576684193
1176622	1159420	17202	3171	8291570	7707754	1125820586374455
870192	852786	17406	3263	8558116	7590136	1125820596029973
1181692	1160030	21662	3658	9122328	8688378	1125820606557391
1177438	1159202	18236	2970	7907814	7307152	1125820615865051
1173370	1155120	18250	1899	5893710	5160766	1125820623154921
1177740	1158666	19074	4467	10723156	10301294	1125820635279185
754394	738808	15586	4256	10337708	9455998	1125820646593639
795916	775454	20462	1769	5680236	4512022	1125820653281201
774722	757792	16930	4276	10595254	9515662	1125820664873963
0	0	0	0	0	0	0
759526	743136	16390	3424	8035392	7797464	1125820677024651
1297630	1159188	138442	2861	7537590	7210664	1125820686082723
679756	660894	18862	4112	10527726	9096550	1125820697512747
1088380	1071644	16736	4151	10229960	9579142	1125820709053163
347652	329724	17928	2256	6411856	5036936	1125820716024483
356238	337540	18698	4034	10016980	8613772	1125820726621019
893004	874592	18412	4903	11906794	10889092	1125820739643689
732250	715074	17176	1688	5232768	4297998	1125820745832857
1421318	1268518	152800	2109	6122568	5828906	1125820753599879
1291688	1273382	18306	1608	5578020	4697244	1125820760692199
769508	752194	17314	962	3748804	2883190	1125820765433951
1275272	1162722	112550	3338	8737944	8141298	1125820775669653
660072	642852	17220	735	3594216	2319884	1125820780146413
1081856	1063678	18178	1482	5221398	4239376	1125820786672177
1177140	1159198	17942	3071	8061098	7508322	1125820796133359
1001034	982816	18218	4014	10172968	9219626	1125820807531161
1274784	1160756	114028	1443	4987962	4350364	1125820814016891
249500	229438	20062	1781	5756704	4001604	1125820820245531
469400	451720	17680	2561	7167952	5784980	1125820828105389
1175226	1157778	17448	2849	7691866	7062666	1125820837195159
510746	493756	16990	1244	4590400	3188338	1125820842518627
527810	427750	100060	2967	8185084	6650528	1125820851453615
1175870	1158480	17390	1604	9813498	4561434	1125820862669475
276676	260990	15686	39	2003892	531550	1125820865162249
1173804	1156676	17128	1695	4771778	4758294	1125820871319459
956060	937622	18438	4374	10589180	9894042	1125820883087641
1177296	1160314	16982	3531	9100208	8428588	1125820893588811
1054426	1036822	17604	2513	6958008	6269604	1125820901823831
1179758	1162766	16992	2483	6926866	6336520	1125820910153131
1175974	1157096	18878	4695	11345238	10756282	1125820922897239
750568	732546	18022	2080	6185850	5101004	1125820930055773
399710	380176	19534	4985	11769100	10558256	1125820942448803
959546	943998	15548	4703	11199772	10555772	1125820954834461
929292	818756	110536	3532	9145182	8170562	1125820965120243
672068	655106	16962	2604	7242192	6070768	1125820973256949
1173420	1157090	16330	4218	10965220	9799374	1125820985618211
1175344	1157896	17448	596	3290486	2556542	1125820990306095
1180650	1162978	17672	4133	10269756	9639308	1125821001983333
887284	869092	18192	4664	11271130	10404980	1125821014363847
1185840	1166826	19014	3903	9719004	9185280	1125821025496321
1177430	1159780	17650	1905	5803884	5177504	1125821032699873
391992	374540	17452	3540	8972980	7662096	1125821042288345
1178622	1161606	17016	4592	10984106	10540408	1125821054680753
1038006	1021150	16856	4918	11616170	11051616	1125821067546173
1176700	1159430	17270	1158	4337720	3682516	1125821073282815
1183440	1162068	21372	856	3746554	3085914	1125821078435525
320314	301768	18546	3235	8256592	6980866	1125821087238305
1146480	1128934	17546	553	3178128	2441856	1125821091786467
1284276	1245352	38924	3179	8410856	7831310	1125821101704187
1135732	1117294	18438	4849	11687228	11023190	1125821114749559
830488	814902	15586	4083	10157338	9185936	1125821125960103
1178202	1159480	18722	4279	10534534	9914026	1125821137883845
1173548	1156494	17054	3894	9864964	9151066	1125821149145097
337014	320220	16794	1731	5391586	3989600	1125821155096495
1174678	1157808	16870	2542	7220274	6448446	1125821163714123
1177468	1159834	17634	1197	4183242	3761328	1125821169298859
1192024	1157532	34492	4572	11170326	10525834	1125821181883335
1094986	1076488	18498	4725	11553258	10733958	1125821194754191
746522	729368	17154	1616	5205588	4167392	1125821200929697
1181344	1164290	17054	2907	7749232	7184496	1125821210082411
289546	266618	22928	2035	5908064	4548206	1125821216502591
711754	695078	16676	251	2485624	1403498	1125821219922759
238270	218126	20144	4439	10058844	9305764	1125821230443191
1181224	1164154	17070	4084	10293952	9538282	1125821242146069
609890	590384	19506	3836	9538528	8471274	1125821252516669
1313820	1295372	18448	1843	5505352	5192790	1125821259558545
1184328	1166578	17750	2724	7236900	6822578	1125821268202985
1175286	1157202	18084	2228	6591408	5824150	1125821276191865
1045436	1027894	17542	4334	10615928	9902468	1125821288075947
287634	269102	18532	220	2341378	917824	1125821290928117
767122	670152	96970	2469	6148096	5893530	1125821298065523
0	0	0	0	0	0	0
1182940	1162678	20262	3324	8727664	8024142	1125821320441189
1184596	1167766	16830	1701	5387756	4779276	1125821327240791
540332	522674	17658	2389	6789202	5495002	1125821334790457
1376096	1163082	213014	1254	4319538	4073568	1125821340708189
1227126	1158730	68396	1146	4352862	3707414	1125821346577145
1173926	1157232	16694	1524	4946284	4412312	1125821352919931
1073306	1056278	17028	2838	7831378	6938254	1125821362047241
3843576	3841750	1826	757	3496712	5547020	1125821369611483
598182	581124	17058	1387	4567860	3562474	1125821375000003
609396	591638	17758	1916	5644458	4631496	1125821381477159
1177500	1160824	16676	778	3609372	2923778	1125821386487239
1180828	1158736	22092	3625	9225120	8620938	1125821397116509
1334176	1257568	76608	1366	4822354	4257182	1125821403495781
756608	739598	17010	4116	10140754	9177946	1125821414616147
1183478	1158280	25198	3541	8963418	8455320	1125821424984921
499704	482388	17316	2343	6792368	5375992	1125821432501083
962686	844526	118160	138	2388000	1427986	1125821436074033
1343140	1326264	16876	3398	8015044	8328078	1125821445654411
376942	360456	16486	577	2903688	1720360	1125821449158185
690622	672796	17826	4330	10036270	9540788	1125821460107785
308582	291706	16876	1997	6110530	4492628	1125821466749719
329668	311794	17874	751	3568818	2021700	1125821470870751
1221074	1157116	63958	304	1811630	2027906	1125821474126261
1174510	1157166	17344	1683	4741520	4729336	1125821480265537
1210030	1192982	17048	24	2172710	1451772	1125821483875057
1270944	1253704	17240	4052	9488822	9565144	1125821494857843
345936	327736	18200	1074	4060392	2684170	1125821499486803
651478	633376	18102	192	2665842	1225854	1125821503026331
1176198	1157484	18714	1046	3277540	3458168	1125821507702977
1176118	1159332	16786	1820	5572490	5005658	1125821514674883
1177342	1158268	19074	1357	4686916	4080668	1125821520762041
702296	682962	19334	503	3104976	1897942	1125821524792991
186950	169748	17202	3001	8206562	6378688	1125821533409577
917262	897776	19486	4432	11181742	9971560	1125821545731785
674766	656982	17784	3206	8397828	7277224	1125821555027235
1251646	1164948	86698	901	3651950	3244078	1125821560154077
1179524	1159258	20266	4711	11246066	10790724	1125821572801831
830224	811528	18696	1660	5267946	4339218	1125821579122511
518252	498868	19384	689	3228444	2086022	1125821583092483
472404	454156	18248	3718	9427010	8099412	1125821593216571
928396	910182	18214	4450	10725202	10018310	1125821605092465
8707926	8705638	2288	3635	9264682	16167504	1125821623287913
1082398	1065168	17230	1159	4149500	3590130	1125821628742291
1174914	1156600	18314	4807	11720760	10978296	1125821641860735
1176570	1157046	19524	4644	11339870	10654938	1125821654600265
1178018	1161496	16522	339	2778856	2047114	1125821658779671
1175730	1157544	18186	3398	8787418	8162596	1125821668965309
1210720	1187994	22726	1625	5242070	4649658	1125821675642147
1179592	1162666	16926	3388	8631700	8132222	1125821685664943
798780	782714	16066	2588	7191510	6151702	1125821693866069
1202772	1184886	17886	4440	10874108	10259922	1125821706154071
355928	336890	19038	2426	6850824	5397714	1125821713583173
945492	928676	16816	1390	5115240	3914884	1125821719866695
324520	307286	17234	517	2809816	1548276	1125821723223681
1175824	1158846	16978	3612	8600900	8590286	1125821733222923
1174100	1157420	16680	3997	9894364	9358016	1125821744515105
1121944	1105312	16632	1515	5003418	4341130	1125821750862931
237924	205640	32284	4807	11388714	10043342	1125821762712551
1182238	1159802	22436	2226	6328130	5823622	1125821770445079
1179838	1161408	18430	2777	7888392	7274108	1125821779740575
769100	750474	18626	1518	5201178	3994188	1125821785933799
1188040	1160782	27258	4911	11896680	11198272	1125821799242625
372640	209478	163162	1246	4504112	3055160	1125821804341201
1177126	1158668	18458	3597	8988622	8561054	1125821814733625
672026	655146	16880	3397	8924032	7656826	1125821824552431
392044	373488	18556	1898	5969694	4376896	1125821831136377
1183112	1165638	17474	3990	9799810	9352576	1125821842341361
1174216	1157474	16742	1573	5240416	4513330	1125821848982417
1197022	1178834	18188	2998	8107044	7383110	1125821858509171
908118	887390	20728	4025	10089648	9148114	1125821869730189
587566	567614	19952	903	3823396	2583516	1125821874363575
1173060	1155104	17956	4058	10392624	9478080	1125821886156999
1182156	1156756	25400	2849	7805804	7072612	1125821895368025
508596	489734	18862	2038	5902196	4774482	1125821902002413
1177744	1159240	18504	2576	7030530	6520510	1125821910433509
1171688	1155038	16650	1794	5582898	4953280	1125821917415399
1300280	1283284	16996	3309	8657214	8107848	1125821927595895
957746	940464	17282	1021	4000872	3189320	1125821932777325
1184186	1164546	19640	2521	7180660	6415164	1125821941365711
872794	854692	18102	256	2341992	1574136	1125821944804253
832566	812930	19636	1647	4730130	4317044	1125821950590011
708140	691114	17026	3051	8180604	6999420	1125821959701505
1317776	1299202	18574	82	2205054	1672376	1125821963447135
830656	811020	19636	3606	8433190	8232700	1125821972933949
200392	173138	27254	1823	5704924	4036700	1125821979061605
1195152	1166292	28860	2797	7712852	6979834	1125821988192321
1171714	1155066	16648	2847	7711232	7055278	1125821997298811
589350	570740	18610	4533	11068174	9844872	1125822009180351
1219196	1156836	62360	2314	6638022	6037088	1125822017260121
1176584	1159660	16924	1416	5064674	4199420	1125822023723455
1227996	1189146	38850	4815	11550630	11048200	1125822036724809
1175036	1159024	16012	1925	5699212	5214940	1125822043853775
1181108	1157590	23518	804	3595912	2979432	1125822048853815
1192746	1173096	19650	3314	8457996	8010894	1125822058727367
1183848	1163676	20172	3590	9313966	8553548	1125822069448387
1135394	1115896	19498	4213	10505404	9750590	1125822081311839
716158	695088	21070	4843	11545576	10592052	1125822093796519
1175834	1158650	17184	2107	6015512	5580518	1125822101210133
211694	193302	18392	466	2819312	1332740	1125822104463977
1010686	994170	16516	165	1699382	1530656	1125822107400907
1264114	1158580	105534	3640	9125854	8733534	1125822118014277
720358	703168	17190	929	3697498	2768514	1125822122654483
1175872	1156396	19476	4618	11360576	10600802	1125822135413913
1213766	1159470	54296	3585	8954956	8572652	1125822145805705
1169120	1151002	18118	169	2417348	1696912	1125822149615055
986814	969830	16984	887	3195686	2958942	1125822154020711
1175956	1158640	17316	3960	10135964	9285884	1125822165555761
1177828	1157392	20436	1222	4632574	3811278	1125822171589607
1175564	1158106	17458	256	2295426	1877754	1125822175283311
1174356	1157398	16958	2861	7061292	7095804	1125822183742011
1179432	1160686	18746	1736	5446462	4841644	1125822190591041
795810	775376	20434	747	3647586	2479220	1125822195257349
1175476	1157330	18146	4831	11617578	11027360	1125822208272971
1199060	1173580	25480	3066	8215522	7524674	1125822217914461
1363324	1345918	17406	3173	8346876	7886286	1125822227844809
1279792	1262866	16926	840	3680252	3149592	1125822233027085
1328406	1274872	53534	3440	8918806	8397138	1125822243497611
899598	880690	18908	639	3198826	2366364	1125822247818785
1176832	1159196	17636	4969	12117220	11303822	1125822261335903
1069298	1052574	16724	2874	7558694	7007608	1125822270186313
612360	489834	122526	2794	7537948	6390684	1125822278559293
1173816	1157144	16672	1947	5778810	5257136	1125822285734585
578270	560594	17676	3675	9456364	8106672	1125822295981083
1006262	988652	17610	2683	7462648	6561598	1125822304673025
1177186	1159160	18026	2129	6213386	5624068	1125822312285865
1145370	1121608	23762	1178	4140366	3691160	1125822317802025
1273018	1156774	116244	4357	10815818	10176156	1125822330113565
1178530	1159400	19130	2768	7822440	6908370	1125822339336993
1176468	1157392	19076	1728	5368710	4823074	1125822346104899
1301798	1284606	17192	1345	4842878	4184136	1125822352472199
955374	940314	15060	2397	6827024	5939748	1125822360477639
289994	269494	20500	4420	10649286	9310516	1125822371628113
594772	578496	16276	4668	11454140	10107498	1125822383888807
1187048	1171896	15152	2509	6960084	6382878	1125822392247013
262278	243566	18712	2084	6435868	4607320	1125822399156285
1182172	1162546	19626	1008	4058328	3388902	1125822404620165
1175396	1157336	18060	989	3827246	3344026	1125822409845371
1010276	991540	18736	2209	6369556	5617284	1125822417448177
1077732	1059102	18630	2132	6135146	5531602	1125822424883561
1248904	1159198	89706	529	2938766	2496028	1125822429294669
902434	884328	18106	1889	5881686	4870886	1125822436302167
1027358	1010012	17346	480	3099030	2176774	1125822440655093
1314756	1157374	157382	1836	5948004	5176002	1125822448140411
1177250	1159110	18140	3609	15124406	8584724	1125822464664775
256086	239256	16830	3931	9839196	8307176	1125822474983401
1176048	1160048	16000	997	3956134	3347666	1125822480327353
1187470	1170446	17024	83	2062802	1530460	1125822483792743
1180302	1160824	19478	1970	5132904	5314314	1125822490317641
559562	542234	17328	897	3597504	2542076	1125822494700869
1252586	1170674	81912	3170	8295528	7781924	1125822504471817
349704	331576	18128	4614	11405058	9767978	1125822516448841
1176082	1159244	16838	4075	9987334	9519674	1125822527839135
1174400	1157576	16824	1936	5773906	5235878	1125822535009385
744130	725842	18288	3810	9411020	8553778	1125822545387041
1386988	1367124	19864	4699	11554088	10975130	1125822558551817
205604	187548	18056	2703	7454028	5801808	1125822566434365
721246	603032	118214	571	3161914	2053068	1125822570543975
1199124	1180722	18402	2121	6254220	5630822	1125822578219783
0	0	0	0	0	0	0
297676	275800	21876	653	2720208	1794178	1125822585038279
1176296	1159006	17290	4899	11677802	11163140	1125822598114803
1176792	1157308	19484	1951	6204974	5272416	1125822605719257
1176486	1157772	18714	1533	4910566	4432164	1125822612028905
1409244	1160592	248652	875	3912800	3349660	1125822617573631
1169784	1148202	21582	1820	5681832	4999704	1125822624648091
607276	590082	17194	1624	5137504	4044566	1125822630615521
1248642	1169656	78986	4226	10630250	9890088	1125822642716829
1175968	1156118	19850	2530	6980390	6424776	1125822651096079
1281560	1263488	18072	287	2717314	2046056	1125822655317631
744174	727448	16726	2017	6036488	4967506	1125822662320191
901952	884484	17468	4637	11310738	10369248	1125822674759903
1117108	1099540	17568	3099	8071054	7504014	1125822684170979
1173922	1155676	18246	3072	8110954	7508034	1125822693677713
1176476	1158804	17672	4460	10939124	10286374	1125822706016161
1011050	993552	17498	2320	6564648	5839800	1125822713814695
0	0	0	0	0	0	0
1172214	1155238	16976	3515	9068688	8392210	1125822735135713
1174436	1156978	17458	1689	5220394	4743190	1125822741753881
1177558	1160482	17076	4036	9984892	9439226	1125822753138891
1178230	1159324	18906	3330	8746256	8027968	1125822763285497
812604	790372	22232	3527	9180672	8055298	1125822773501791
1244924	1159180	85744	4512	11200118	10459096	1125822786170017
1176836	1158780	18056	4272	10631992	9911240	1125822798201823
1175994	1155444	20550	2431	6746010	6227700	1125822806346931
1174726	1157648	17078	1271	4470782	3909830	1125822812219611
1181468	1164238	17230	270	2952174	1899974	1125822816576215
1177430	1158750	18680	1835	5864786	5036118	1125822823830217
1178910	1158686	20224	2272	6697848	5913074	1125822831929643
463384	443530	19854	1381	4571886	3414160	1125822837188095
1193708	1175458	18250	2583	7008030	6549790	1125822845612349
1176236	1158882	17354	4192	10417178	9749880	1125822857428801
1188912	1158650	30262	4268	10396538	9913908	1125822869237331
1177582	1159382	18200	2526	7118586	6420178	1125822877755963
956954	939648	17306	4175	10377306	9497164	1125822889313253
832112	815246	16866	1343	4684274	3707718	1125822895052371
783558	766802	16756	2034	6105298	5041560	1125822902163771
1185806	1160822	24984	894	3685346	3163744	1125822907257979
1177824	1157112	20712	3835	9414738	9036718	1125822918073869
1233504	1168788	64716	1528	5225684	4482884	1125822924755523
1183526	1156896	26630	3525	9054746	8410482	1125822935205341
1173110	1156828	16282	2292	6501108	5934494	1125822943090873
1132222	1116810	15412	421	2743576	2151122	1125822947177953
1180878	1162770	18108	1282	4829126	3933836	1125822953414669
1182382	1164340	18042	1609	5202738	4590312	1125822960022107
1159590	1140744	18846	4497	10793696	10342554	1125822972199269
0	0	0	0	0	0	0
0	0	0	0	0	0	0
1154910	1135220	19690	3580	9116698	8505118	1125822995114409
370598	353240	17358	371	2564138	1302440	1125822998272065
721850	703696	18154	2230	5705178	5372028	1125823004925293
834632	817258	17374	2381	6621830	5786474	1125823012603979
1174012	1156820	17192	2057	6198206	5478118	1125823020199283
1173390	1155818	17572	3524	8872974	8411450	1125823030468589
501922	484124	17798	2149	6110068	4993738	1125823037303109
192690	171760	20930	4944	11808888	10269996	1125823049527761
516054	496856	19198	3449	8857996	7604082	1125823059125081
1190394	1161310	29084	4539	10929128	10457828	1125823071467305
6874040	6872108	1932	192	2363094	7446542	1125823080926933
1174442	1157002	17440	2481	6890738	6326552	1125823089215229
1178958	1160702	18256	4389	10594762	10147148	1125823101211651
1233584	1216970	16614	2949	8096590	7320440	1125823110764199
1173084	1155026	18058	3720	9445474	8803732	1125823121605609
1174786	1156714	18072	4840	11690210	11043356	1125823134693217
1175948	1153746	22202	701	3526192	2767430	1125823139618325
1105734	1088528	17206	4793	11667696	10880896	1125823152614025
1174758	1157044	17714	2731	7261288	6829600	1125823161272973
359892	342274	17618	3654	9457092	7857952	1125823171312057
978362	938056	40306	3423	8912782	8014154	1125823181426439
1180586	1160306	20280	3618	9057112	8606906	1125823191886587
289022	268886	20136	937	4019384	2353242	1125823196416989
194434	173222	21212	2350	6905370	5083974	1125823203742331
1250406	1157752	92654	523	2900966	2485408	1125823208116273
1294134	1160076	134058	45	2235724	1564068	1125823211857867
382714	363566	19148	445	2261174	1463648	1125823214724541
718754	699762	18992	445	2988822	1798292	1125823218654505
1185314	1161682	23632	4271	9922426	9926948	1125823229985029
1144672	1126392	18280	4308	10659468	9950440	1125823242012273
195200	176806	18394	4659	11211364	9702338	1125823253640735
531866	515260	16606	598	3048340	1916842	1125823257443359
1335862	1272846	63016	2719	7909140	6963114	1125823266911257
1174130	1157292	16838	2527	7085484	6417122	1125823275393493
1100170	1083204	16966	2390	6950806	6070664	1125823283667457
1229316	1211398	17918	1682	5503482	4782878	1125823290622583
1175668	1156962	18706	1631	5406014	4627996	1125823297426843
525346	365732	159614	128	2202004	970458	1125823300376519
474876	455668	19208	4569	10585478	9801282	1125823311663957
938692	907284	31408	126	2292658	1381370	1125823315117735
1172756	1155318	17438	87	1528280	1535156	1125823318041807
1176758	1157924	18834	3824	9534328	9015652	1125823328975697
1106650	1089308	17342	3739	9352298	8774730	1125823339657509
1175830	1155692	20138	3153	8221244	7670664	1125823349276643
744412	726982	17430	318	2897042	1570726	1125823353141185
409330	392776	16554	2058	5483288	4714336	1125823359256029
923400	904450	18950	3238	8603964	7589980	1125823369006043
671338	651878	19460	312	2515624	1484898	1125823372415959
191664	174668	16996	3157	7680534	6695864	1125823380516211
870834	851972	18862	3223	8429804	7506962	1125823390039319
1131098	1114504	16594	243	2820182	1810106	1125823394213531
298234	281446	16788	467	2310196	1431080	1125823397044655
905402	889556	15846	4652	10680412	10403666	1125823408853637
1191878	1173314	18564	4695	11417406	10778978	1125823421674577
1180036	1162506	17530	762	3464956	2894430	1125823426542227
1183396	1166772	16624	963	4050726	3298794	1125823431999533
1171862	1154582	17280	400	2719502	2162232	1125823436114013
883262	864200	19062	3189	8320982	7451068	1125823445541293
1077398	1060240	17158	4682	11492082	10630680	1125823458333383
750038	732392	17646	1819	5551480	4580918	1125823464861939
829908	812044	17864	895	3743742	2810322	1125823469657789
1407248	1274330	132918	320	2743762	2237110	1125823474031091
1179938	1161664	18274	3966	10217534	9306024	1125823485651685
1100250	1083544	16706	714	3215042	2717664	1125823490189953
911506	893938	17568	2764	7796870	6628410	1125823499121137
780046	763278	16768	1471	5345374	3911832	1125823505469655
284292	184470	99822	1798	5742718	4070152	1125823511719843
983680	966616	17064	3201	8428242	7575950	1125823521355173
181176	164252	16924	1900	5727612	4170138	1125823527486599
1032240	1015280	16960	4672	11238048	10566132	1125823539979581
318730	300602	18128	153	2186842	814442	1125823542708029
613388	595594	17794	3198	7768042	7199136	1125823551312627
1193100	1173486	19614	588	3134982	2558538	1125823555864335
672340	650238	22102	2721	7791514	6303866	1125823564551491
1178384	1158922	19462	1103	4310878	3573630	1125823570263491
1172246	1156134	16112	2384	6917928	6135190	1125823578579317
1277328	1258482	18846	2908	7836792	7283240	1125823587916331
538204	520356	17848	372	2569552	1472144	1125823591247165
471416	453958	17458	3139	7475222	6940070	1125823599416291
1177526	1158876	18650	1263	4362226	3893304	1125823605178379
287000	268480	18520	2561	6900774	5598352	1125823612589771
1177550	1159410	18140	1519	5162142	4405652	1125823619152305
610154	592252	17902	1868	5790182	4534736	1125823625774825
1178132	1160508	17624	3472	8981258	8311380	1125823636156751
1244748	1226910	17838	4907	11645132	11247602	1125823649269261
1174490	1155680	18810	4167	10190050	9696930	1125823660856909
483324	466484	16840	951	4068708	2575772	1125823665631711
670492	590580	79912	1851	5614186	4562348	1125823672138839
1179010	1158024	20986	1590	5100422	4536826	1125823678639317
722134	705464	16670	589	3232552	2089308	1125823682816387
395544	378250	17294	195	2935648	976624	1125823686369763
5782932	5779250	3682	2721	6631348	11414188	1125823699011121
1174696	1157118	17578	2067	6022352	5498900	1125823706430753
296752	270398	26354	2388	6580758	5265294	1125823713534771
1311756	1160864	150892	4887	12092828	11274626	1125823727161677
890398	821012	69386	4998	12155302	11076206	1125823740430217
1182952	1159330	23622	1048	4190434	3468680	1125823746030733
1173980	1156794	17186	388	2778784	2139404	1125823750205709
1240210	1160828	79382	4060	10343356	9549684	1125823762011869
353774	334994	18780	918	3925192	2380324	1125823766513403
1284950	1161128	123822	3950	9904054	9374336	1125823777924483
1184330	1164586	19744	3299	8604278	7972710	1125823787935797
656610	639442	17168	2518	6825414	5882468	1125823795640011
293594	200480	93114	1972	5793140	4426986	1125823801948919
1175670	1157018	18652	2965	8089466	7294492	1125823811436929
1192868	1161578	31290	4362	10529246	10107196	1125823823382045
1048446	1024076	24370	4345	10492818	9929146	1125823835145543
590496	571554	18942	252	2382454	1283584	1125823838341549
1262170	1157920	104250	2260	5909034	5976338	1125823845739083
1183830	1162878	20952	3056	8102770	7474158	1125823855236777
1174826	1157472	17354	1249	4497418	3862326	1125823861131733
1174308	1157274	17034	3482	8800004	8327650	1125823871329123
414836	396726	18110	578	3164610	1761842	1125823875131641
1184480	1164070	20410	3726	8783806	8827474	1125823885323191
1347124	1202696	144428	432	2879098	2401492	1125823889771805
1176466	1159512	16954	1476	4832124	4317888	1125823896003071
1174746	1157270	17476	1578	5066832	4521272	1125823902467337
717452	699110	18342	2249	6902678	5405032	1125823910309977
1177372	1159060	18312	4532	11009524	10435062	1125823922723777
443598	426962	16636	38	2052224	709954	1125823925441991
202894	187244	15650	701	2796682	1782210	1125823928663153
1181320	1160640	20680	2883	7570852	7136818	1125823937641641
621048	602850	18198	3978	9819622	8767258	1125823948305269
1172640	1155458	17182	3495	8747636	8352432	1125823958452805
1184324	1159874	24450	3730	9326174	8837292	1125823969190413
1181442	1158786	22656	4538	11123072	10447524	1125823981717429
1173678	1156758	16920	1181	4243564	3725712	1125823987357603
1174878	1157864	17014	2714	7581930	6793640	1125823996336609
599952	584840	15112	1225	4534148	3226676	1125824001685663
1180804	1161272	19532	2628	7374516	6613006	1125824010452595
978078	961526	16552	4001	9904184	9172656	1125824021561763
1174212	1156794	17418	1268	4475566	3899728	1125824027433843
1173356	1155134	18222	1116	4127338	3596084	1125824032956931
1174852	1157244	17608	4282	10656250	9929264	1125824045010351
1175066	1158666	16400	493	2954560	2349980	1125824049362519
550696	533054	17642	556	3203538	1853162	1125824053340123
976154	959224	16930	4864	11105152	10902586	1125824065643505
1129568	1111886	17682	3641	9204846	8601514	1125824076200827
933216	914184	19032	3694	9549788	8515486	1125824086906417
1177332	1159572	17760	3797	9629830	8961006	1125824097936439
646858	630086	16772	360	2834432	1556474	1125824101639925
492084	473128	18956	3414	8200080	7508976	1125824110555097
864696	773858	90838	2952	8234846	6959286	1125824119877629
426440	407468	18972	4922	11884976	10461056	1125824132411281
1224708	1159340	65368	998	4186414	3409648	1125824138049495
5358108	5356094	2014	2081	6024242	9710218	1125824149654855
333198	315638	17560	121	2334922	765308	1125824152545855
1217410	1157292	60118	741	2853802	2889694	1125824156840079
432784	414634	18150	2532	7165272	5687072	1125824164661363
1185344	1158866	26478	1722	5548972	4819634	1125824171617883
269944	252468	17476	58	2265694	574804	1125824174376451
607826	590992	16834	1754	4893252	4305868	1125824180104293
1176092	1159258	16834	2074	5995180	5513124	1125824187498511
713504	696590	16914	2597	7058910	6097176	1125824195493855
1178432	1158370	20062	2080	6153646	5527624	1125824203048731
1137268	1115776	21492	1836	5504686	4997714	1125824209913521
1174536	1157482	17054	130	2152478	1623322	1125824213462773
1069076	1051844	17232	2069	5288414	5396030	1125824220043239
1179946	1160320	19626	2678	7446020	6725256	1125824228892027
672318	653374	18944	4911	11729178	10685058	1125824241516331
747554	730144	17410	1080	4240564	3097096	1125824246727533
1173894	1156014	17880	967	4201670	3297338	1125824252325831
673932	655768	18164	2463	6959106	5792102	1125824260239783
973544	957526	16018	1022	4041050	3209908	1125824265481335
977078	960012	17066	3603	9310234	8372572	1125824275990825
505186	488030	17156	1355	4560258	3404774	1125824281278893
383616	363720	19896	3710	9267432	7992844	1125824291153229
240122	213152	26970	4999	11785202	10428272	1125824303401655
247406	227248	20158	3502	8843330	7440946	1125824312714865
1174182	1157502	16680	163	2387420	1690572	1125824316499613
784862	767266	17596	2809	6853522	6592578	1125824324360241
1175436	1156872	18564	1627	5234382	4621992	1125824330996751
1238398	1159158	79240	2610	7106530	6647936	1125824339563657
1177862	1158454	19408	3908	9651114	9183110	1125824350615055
1177438	1158544	18894	288	2452708	1943112	1125824354468611
860584	843502	17082	3458	9305996	7965846	1125824364857615
1176834	1159508	17326	299	2480138	1964306	1125824368737851
1061706	1043776	17930	986	3178836	3233110	1125824373200697
1175938	1159398	16540	2761	7765702	6886880	1125824382364851
503966	486424	17542	3415	8619200	7523396	1125824391714831
1219008	1163828	55180	1169	4275302	3747740	1125824397431841
1181796	1159454	22342	2529	7249324	6428684	1125824406086535
1179078	1160870	18208	2766	7507334	6900932	1125824414995745
528812	509830	18982	3818	9775922	8353682	1125824425523429
911874	894616	17258	1750	5568944	4601750	1125824432226429
1177578	1160552	17026	2372	6595148	6111120	1125824440222085
1183096	1162390	20706	1229	4648030	3833570	1125824446275527
1173792	1156962	16830	4289	10400006	9941486	1125824458076131
1188186	1163814	24372	3973	9969372	9324760	1125824469456453
588100	569292	18808	3125	8301622	7027402	1125824478568293
1176524	1159658	16866	1993	5941090	5351818	1125824485908667
1187180	1166150	21030	1045	4157734	3467320	1125824491477299
1407818	1160410	247408	4853	11627762	11290626	1125824504735707
626646	611118	15528	533	3265736	1870554	1125824508840513
179126	163664	15462	615	2394120	1586584	1125824511624967
566000	550094	15906	392	2703246	1527496	1125824515105783
1178344	1161076	17268	1915	5216528	5186358	1125824521712095
1183518	1166344	17174	3939	10024152	9237610	1125824533131269
1175950	1158336	17614	2399	6583526	6162898	1125824541113697
1185328	1167898	17430	503	3013942	2380452	1125824545534991
1373668	1160216	213452	766	3591896	3095406	1125824550723309
1174366	1157650	16716	256	2285810	1874942	1125824554405975
604040	587018	17022	2662	6639020	6126402	1125824561875587
1179788	1160486	19302	4682	11471554	10734020	1125824574749273
619424	601260	18164	2947	7879538	6703348	1125824583470839
1347682	1237960	109722	3937	9721704	9411802	1125824594762987
1173972	1158474	15498	1218	4379620	3799770	1125824600539127
1308222	1292614	15608	367	2642836	2218954	1125824604701361
881236	864230	17006	4643	11184388	10344028	1125824616978389
1187010	1166370	20640	3985	9970180	9345862	1125824628358055
1024814	1007918	16896	1715	5414564	4649270	1125824635025803
1251824	1159256	92568	948	3832806	3336668	1125824640332789
1257148	1239748	17400	1741	5553686	4932076	1125824647370069
7363828	7361364	2464	3084	8188556	13720938	1125824663144681
1180236	1150270	29966	1612	5125778	4594202	1125824669672947
1174448	1157590	16858	82	2116898	1527976	1125824673187187
875218	858462	16756	541	2419162	2147508	1125824676703925
1174404	1157574	16830	1064	4389912	3490894	1125824682491049
1174942	1157334	17608	1438	5143048	4240788	1125824689031521
1178008	1157484	20524	4076	10082204	9519130	1125824700514515
236330	218276	18054	224	2472902	873968	1125824703446801
1177990	1160962	17028	447	2268902	2261802	1125824707116439
1202616	1157470	45146	757	3568644	2906544	1125824712111045
1175680	1157306	18374	4618	11302206	10600952	1125824724812031
881470	864202	17268	436	2703624	1944032	1125824728619773
312028	291816	20212	3427	8945208	7355502	1125824738100219
1221036	1159260	61776	270	2761408	1954418	1125824742305215
346416	329762	16654	3861	10038396	8258988	1125824752916509
427588	410578	17010	2504	6974620	5625098	1125824760541539
957208	942050	15158	748	3617756	2641954	1125824765339113
929982	912948	17034	979	4177650	3065532	1125824770657849
503830	484486	19344	2357	6542282	5394336	1125824777915763
1069104	1051186	17918	43	2000968	1345534	1125824781208987
1196698	1156350	40348	4633	10635806	10652902	1125824793264511
736226	718616	17610	2468	6972650	5862584	1125824801195981
1186298	1156956	29342	1151	4190312	3678970	1125824806796005
1174732	1157024	17708	3447	8977132	8258652	1125824817170345
1175436	1157094	18342	3099	8324684	7562526	1125824826893001
1189958	1173300	16658	1272	4591570	3923514	1125824832897443
444682	426808	17874	4199	10229496	9032106	1125824843794113
1175516	1157278	18238	1753	5694450	4872134	1125824850886881
995602	965800	29802	3094	8277574	7373024	1125824860382785
473454	456300	17154	2978	7905180	6610096	1125824868976695
1081740	1063688	18052	4698	11326190	10667124	1125824881606875
1316254	1291958	24296	3538	8991606	8582462	1125824892137299
1175560	1157842	17718	1790	5771340	4950846	1125824899306561
0	0	0	0	0	0	0
252580	235212	17368	2449	6362738	5347894	1125824909935465
1327566	1158250	169316	4167	10147074	9850456	1125824921632371
1185772	1168500	17272	2790	7268110	6954306	1125824930308549
397712	380406	17306	8	2117424	605232	1125824933050269
412504	394904	17600	345	2061594	1292042	1125824935747187
956760	939440	17320	2434	6938808	6015392	1125824943865391
1180506	1161140	19366	1518	4852338	4406404	1125824950121105
1289148	1156930	132218	3876	9847908	9230240	1125824961481635
0	0	0	0	0	0	0
1294080	1165844	128236	628	3437350	2739614	1125824970886547
1185618	1168360	17258	3792	9682700	8959796	1125824981977979
1166728	1147414	19314	2114	6201706	5584500	1125824989569019
919046	902128	16918	2550	7282272	6208710	1125824997993305
782332	765016	17316	138	2244220	1247802	1125825001242883
1226220	1207408	18812	4150	9706250	9716604	1125825012398359
1029954	889042	140912	2659	7319824	6541168	1125825020974007
1315360	1294418	20942	1973	5905168	5451036	1125825028417401
189190	168290	20900	3768	9399078	7919084	1125825038233123
1177452	1160558	16894	4173	10268778	9712680	1125825049907307
578280	561402	16878	2066	5995760	4899254	1125825056704081
1135514	1118136	17378	157	2322846	1638572	1125825060385279
1050274	1032912	17362	3739	8848046	8716808	1125825070509963
375232	357042	18190	2993	8155300	6551596	1125825079262837
843252	826486	16766	728	3424202	2488050	1125825083752843
0	0	0	0	0	0	0
1174234	1157336	16898	4562	10514324	10497800	1125825099525705
1206270	1158272	47998	1618	5214674	4631856	1125825106169571
1082080	1065978	16102	970	3842824	3198616	1125825111305343
1334808	1315064	19744	4618	11327862	10747732	1125825124180093
492866	474244	18622	358	2770462	1401944	1125825127666125
716714	700096	16618	1157	3682096	3219710	1125825132287919
1306838	1159034	147804	3241	8666076	7978204	1125825142487971
1301648	1159984	141664	4692	11298276	10878100	1125825155310669
1173178	1156568	16610	411	2701642	2185540	1125825159408191
1176496	1159144	17352	546	3370090	2458300	1125825164177479
1189890	1169996	19894	3644	9278516	8667100	1125825174868801
781286	687534	93752	4623	11351382	10216870	1125825187224081
942192	925016	17176	2433	6715842	5996792	1125825195104965
1175002	1157080	17922	3730	9280726	8823524	1125825205783683
1269728	1252652	17076	3606	9394362	8671100	1125825216670301
960720	943706	17014	3548	9055594	8246020	1125825226909205
1177864	1158798	19066	901	3950126	3168738	1125825232260321
636398	619482	16916	193	2473682	1215644	1125825235596803
1230624	1161108	69516	897	3186670	3214062	1125825240237015
895998	877968	18030	687	3693150	2459336	1125825245052349
1406974	1259806	147168	4937	11871044	11469778	1125825258553255
933134	916018	17116	895	3790224	2900884	1125825263499241
1178898	1161112	17786	4204	10437706	9764288	1125825275327027
1175816	1158754	17062	1193	4653096	3751604	1125825281377897
1174164	1157388	16776	1157	4194960	3676812	1125825286970205
213062	175482	37580	1775	5586740	3953118	1125825292993037
0	0	0	0	0	0	0
6249520	6247360	2160	2438	6943434	11319326	1125825315621393
1173994	1156628	17366	912	3636020	3188074	1125825320653789
1172766	1155630	17136	3817	9825350	8995772	1125825331874475
1173396	1156778	16618	1772	5618100	4907246	1125825338889027
876438	835846	40592	834	3651832	2733756	1125825343640029
744656	719882	24774	2446	6993750	5827192	1125825351602189
1191256	1161604	29652	3018	7975324	7416752	1125825360990749
1177794	1160834	16960	1080	4216456	3527210	1125825366607225
1180702	1159794	20908	326	2485582	2022262	1125825370496101
479238	462640	16598	2323	6652434	5313708	1125825377850549
830276	813724	16552	168	2432232	1356414	1125825381335587
375996	358734	17262	2089	5658804	4743448	1125825387593281
1174152	1157256	16896	2884	7671356	7131618	1125825396661371
1189026	1170094	18932	2153	6181142	5685420	1125825404254161
1178316	1157262	21054	2873	7681820	7113058	1125825413341361
598988	582038	16950	4577	10948620	9941550	1125825425111991
573636	556178	17458	2046	6148550	4855174	1125825432056575
1176780	1159444	17336	3282	8705948	7929438	1125825442161631
935536	916594	18942	2183	6278806	5491524	1125825449598349
1182028	1160852	21176	1024	4033828	3418486	1125825455036801
1176310	1159240	17070	3381	8643564	8128724	1125825465078991
1177990	1161188	16802	2619	7403064	6605822	1125825473896593
856252	838904	17348	2207	6581278	5459640	1125825481556811
184026	162412	21614	2764	7582378	5900642	1125825489546509
1176202	1159610	16592	1235	4317128	3835896	1125825495262669
1184114	1163128	20986	4500	10934510	10373760	1125825507604475
829810	770372	59438	2002	5907232	5022618	1125825514564131
1178560	1162006	16554	758	3456202	2884606	1125825519420829
482232	325974	156258	1917	5861340	4506014	1125825525986437
1174230	1157010	17220	4866	11723260	11095490	1125825539106355
1180704	1162798	17906	1565	5247268	4499840	1125825545756785
1204024	1160374	43650	2710	7467428	6812958	1125825554650037
788490	770804	17686	3802	9451374	8583258	1125825565112399
1212252	1160754	51498	3889	9814586	9180110	1125825576361971
1292740	1275044	17696	1803	5520908	5079484	1125825583390423
1175684	1157760	17924	3098	8159940	7549240	1125825592937395
1173114	1156268	16846	377	2618456	2117840	1125825596952767
1178642	1159056	19586	2894	8024200	7155532	1125825606378257
1181550	1161486	20064	1815	5457002	5000632	1125825613243123
1174712	1157290	17422	697	3406314	2757676	1125825618046211
906612	887620	18992	2187	6480532	5470766	1125825625656057
1181358	1161206	20152	3418	8766696	8206444	1125825635826773
685348	667726	17622	1080	4231948	3034694	1125825640966695
704494	686874	17620	4588	11123750	10070242	1125825653017749
466118	448420	17698	1679	5547870	4012860	1125825659255323
641512	624694	16818	3070	8353418	6972244	1125825668484651
1313334	1295598	17736	785	3541202	3073688	1125825673562441
1174308	1157458	16850	2971	7831618	7305456	1125825682791231
203382	185132	18250	1889	5921502	4158012	1125825689128249
1177332	1158922	18410	3379	8758996	8112748	1125825699276137
1177910	1159270	18640	1766	5747118	4887280	1125825706412777
684318	665906	18412	3274	8527114	7425652	1125825715851079
1173222	1156406	16816	1153	4326486	3667752	1125825721573949
1026808	1010118	16690	1844	5695454	4905052	1125825728519465
836944	817930	19014	4103	10364064	9231184	1125825739943535
1179708	1160908	18800	2491	6868724	6350876	1125825748214229
1178690	1159762	18928	2528	6863210	6425408	1125825756479147
683072	666112	16960	2361	6504802	5597436	1125825763889459
1218280	1161306	56974	3613	9053954	8632934	1125825774384629
1028440	1011334	17106	4592	11209458	10401654	1125825786848667
453024	436120	16904	3249	8450308	7140012	1125825795975173
1174252	1156110	18142	4848	11567870	11059074	1125825808940319
899570	881964	17606	965	4007180	3018608	1125825814069563
413792	396130	17662	2984	7811462	6571216	1125825822517771
880208	862564	17644	3223	8513140	7515206	1125825832134107
4308344	4306330	2014	2530	6997018	9557152	1125825843662161
1174524	1156954	17570	2681	7309364	6727350	1125825852368275
1173726	1155224	18502	1560	5149232	4487658	1125825858917411
1186840	1166322	20518	3364	8789482	8104150	1125825869116455
183340	164422	18918	3365	8890288	7103078	1125825878412865
1325246	1308584	16662	3213	8369872	7943936	1125825888334705
1178122	1158434	19688	1309	4618530	3988700	1125825894357553
911308	892326	18982	3605	8997298	8310674	1125825904492657
1147514	1123482	24032	360	2767630	2056772	1125825908630825
1189864	1166946	22918	4757	11505768	10893804	1125825921548963
1323840	1161092	162748	142	2428742	1785490	1125825925512903
1174716	1156856	17860	2001	5372318	5368630	1125825932271857
1179410	1162368	17042	3810	9755722	8988034	1125825943434455
456844	439338	17506	1020	3785674	2685592	1125825947899847
1172312	1155006	17306	3852	9936580	9066082	1125825959231225
1174330	1156894	17436	56	2125312	1476508	1125825962753241
1176580	1159106	17474	4159	9565366	9684842	1125825973717411
544194	516790	27404	3229	8502798	7196220	1125825982986457
487428	470230	17198	375	2591870	1426968	1125825986288139
1226746	1210038	16708	1427	4221514	4269862	1125825991963417
364608	346270	18338	3318	8593994	7189910	1125826001145201
540642	522738	17904	88	2002458	905088	1125826003911231
323912	306992	16920	3309	7828082	7130818	1125826012286411
1092970	1074578	18392	4516	11143488	10318962	1125826024749389
960310	942724	17586	4325	10611136	9800346	1125826036542661
414938	397800	17138	1821	5636772	4245528	1125826042817231
1178238	1158930	19308	52	1996698	1472190	1125826046214495
1178344	1159420	18924	4542	10367326	10452366	1125826057982509
1151846	1129816	22030	291	2556488	1922446	1125826061913985
0	0	0	0	0	0	0
649680	624420	25260	4029	9721274	8896608	1125826081807659
1152642	1025538	127104	4554	11351882	10450044	1125826094534525
1212784	1193242	19542	2045	5948872	5495614	1125826101918615
1177130	1159454	17676	2378	6719846	6123000	1125826110038905
1132386	1115498	16888	3803	9401966	8926872	1125826120796085
555262	537028	18234	2660	7098590	6065562	1125826128672891
1177274	1159566	17708	4020	10225836	9406784	1125826140298825
1173860	1157082	16778	3310	8664336	7987308	1125826150363327
368958	350164	18794	3669	9165062	7897002	1125826160124347
308332	277462	30870	3489	8833950	7476436	1125826169489657
1173996	1155448	18548	640	3269328	2644216	1125826174155309
1298936	1261392	37544	1712	5695288	4913604	1125826181372181
1173292	1155736	17556	2758	7610016	6877750	1125826190378439
1192846	1174820	18026	1168	11486634	3717914	1125826203283905
1125836	1109446	16390	780	3354444	2862630	1125826207986729
583426	568012	15414	278	2571050	1316348	1125826211352327
598990	582028	16962	4858	11106626	10505482	1125826223285879
1174422	1157282	17140	2826	7592284	7015634	1125826232275295
1184412	1161364	23048	2268	6417208	5910342	1125826240103191
1174996	1157988	17008	3785	9420994	8935180	1125826250921721
439596	421686	17910	4697	11464528	10023636	1125826263048189
1175952	1158668	17284	2197	6364016	5759276	1125826270810513
1214082	1195134	18948	4071	10195394	9546598	1125826282442567
1175970	1158124	17846	3753	9437434	8878884	1125826293278347
1181708	1163170	18538	1188	4348368	3747064	1125826299030019
1071144	1053010	18134	1912	5827324	5084780	1125826306151415
1176172	1157338	18834	698	3555770	2763990	1125826311106403
935206	916226	18980	2219	6558314	5562828	1125826318823399
602462	583638	18824	4056	9915866	8904990	1125826329564549
1177598	1158842	18756	2425	6758722	6217246	1125826337723629
1339988	1321432	18556	2190	6423456	5908534	1125826345709975
1298976	1162980	135996	308	2557114	2105594	1125826349788955
1189070	1171548	17522	2187	6370350	5753036	1125826357570951
1178930	1161186	17744	1406	4844712	4180694	1125826363816775
1176864	1157580	19284	1209	4462354	3783844	1125826369678629
1178304	1160598	17706	2610	7186346	6589252	1125826378266065
1244458	1226796	17662	201	2399340	1838732	1125826382136183
805682	786770	18912	1784	4827334	4562332	1125826387991363
584090	563246	20844	2659	7357220	6090536	1125826396155695
0	0	0	0	0	0	0
540922	523708	17214	1284	4377190	3298008	1125826408170433
840246	685834	154412	2430	6932396	5892700	1125826416165679
289214	270932	18282	4695	11277776	9869088	1125826427954577
1100666	1083764	16902	4905	11744036	11100060	1125826441021817
199028	178606	20422	2076	6195826	4528336	1125826447628215
1176670	1159430	17240	2692	7418466	6749422	1125826456445817
321864	302948	18916	3880	9624190	8275110	1125826466614935
1217290	1200170	17120	3979	10059596	9365014	1125826478114241
1195720	1160866	34854	4091	10087994	9567794	1125826489620579
1180304	1161000	19304	551	3006002	2471512	1125826494029175
1175250	1157796	17454	1069	4238978	3502896	1125826499666081
709358	692484	16874	3150	8207412	7199870	1125826508806097
1173994	1157312	16682	3413	8825902	8189724	1125826519028665
1186746	1169176	17570	1759	5340672	4894444	1125826525779359
629350	612378	16972	1770	5628466	4358932	1125826532259911
796584	777712	18872	4588	10961324	10161562	1125826544251067
290924	266782	24142	1953	6008826	4391484	1125826550777319
1174356	1157446	16910	4215	10222502	9794208	1125826562396655
1192758	1168328	24430	4713	11508832	10809020	1125826575334989
0	0	0	0	0	0	0
443542	422402	21140	308	2415786	1236448	1125826587449571
792626	776232	16394	4377	10111032	9722890	1125826598564565
470904	451606	19298	2844	7550202	6336450	1125826606796905
882146	864216	17930	137	2089350	1346988	1125826609992107
863284	845762	17522	1670	4714680	4392968	1125826615793203
1178618	1160848	17770	4240	10273848	9848050	1125826627468437
1002332	983778	18554	4037	9894704	9265290	1125826638588057
382970	323078	59892	3400	8696488	7372056	1125826647890653
1047372	1029314	18058	120	2210926	1476930	1125826651371019
1174478	1157406	17072	2891	7089404	7147226	1125826659858081
442300	424678	17622	3402	8820168	7436080	1125826669343799
715028	698450	16578	4914	11592978	10732378	1125826681874445
432624	336246	96378	4014	10125460	8650322	1125826692655829
