# Loop @ Start frequency 2900000Hz took 732.47 cycles
# Interval [732 ; 733]
# Q1 : 730 ; Q3 : 732
# Loop @ Target frequency 1500000Hz took 1420.90 cycles
# Interval [1416 ; 1426]
# Q1 : 1412 ; Q3 : 1416
# Confidence intervals do not overlap, alternatives are statistically different with selected confidence level
Change time (with write) [cycles]	Change time [cycles]	Write cost [cycles]	Wait time [us]	Time since last frequency change request [cycles]	Time since last frequency change [cycles]	Detected frequency change timestamp [cycles]
1083850	1054448	29402	3567	224919514	224540458	1125749268438655
996064	978650	17414	4812	11403152	10809840	1125749281150765
1183084	1155882	27202	907	3729384	3186650	1125749286373755
1185334	1163874	21460	3036	7733398	7447980	1125749295601951
503396	479272	24124	4996	11788502	10685000	1125749308205887
1181142	1162158	18984	2463	6848180	6296968	1125749316543589
1224626	1195800	28826	4156	10165054	9714894	1125749328242961
1177186	1157634	19552	3982	10009584	9332426	1125749339739471
284856	267514	17342	4075	9784968	8624226	1125749350118995
1176496	1158196	18300	3998	9949200	9363654	1125749361554581
1175816	1160564	15252	3427	8453198	8219624	1125749371493723
563388	547096	16292	2191	5903408	5121948	1125749378257251
475748	459638	16110	4544	11030852	9740284	1125749390061475
574906	557202	17704	3891	9439410	8534376	1125749400372603
807536	792032	15504	4101	10202298	9187580	1125749411679135
228260	212238	16022	3295	8480932	6995246	1125749420685767
524262	508348	15914	2535	6690456	5771698	1125749428197721
639050	622358	16692	27	1726652	871202	1125749430860477
1177598	1162712	14886	2511	6382794	6377266	1125749438727005
1185606	1168302	17304	4626	11153484	10615132	1125749451366997
983744	964668	19076	4697	11441024	10568322	1125749464101053
1179656	1160428	19228	4859	11448400	11086874	1125749477038863
1178860	1160026	18834	1572	4793590	4513278	1125749483320021
1180426	1163132	17294	447	2727456	2264048	1125749487537563
821824	803522	18302	3556	8867720	8124034	1125749497536871
670382	652114	18268	4871	11442092	10602482	1125749509959345
1176886	1158216	18670	3275	8276980	7916442	1125749519721767
1174970	1157946	17024	1540	4615398	4433486	1125749525821699
1174460	1158730	15730	3078	7692254	7509074	1125749534985121
1183722	1163232	20490	1572	5005722	4506824	1125749541476325
1175348	1158948	16400	1286	4173532	3925382	1125749547121921
408944	390680	18264	4158	10175704	8902414	1125749558003831
1215758	1194164	21594	156	2018474	1717918	1125749561548339
590116	573042	17074	590	2356958	1964240	1125749564804653
455350	436454	18896	1788	5455688	4220336	1125749571029811
1188714	1169524	19190	4822	11460258	11027296	1125749583989133
1177002	1158480	18522	271	2582572	1908604	1125749588057389
1522394	1361554	160840	2722	7096522	7155046	1125749596984707
1177596	1159202	18394	3041	7916740	7439752	1125749606381787
1175290	1156778	18512	1519	4921760	4402990	1125749612787471
804836	785774	19062	1506	4992068	4009932	1125749618908957
204308	183070	21238	4306	10226002	9006348	1125749629656341
1176916	1158716	18200	3273	8554794	7913478	1125749639696911
1199856	1159806	40050	1904	5693914	5197274	1125749646899791
1103064	1086564	16500	2294	6307736	5868576	1125749654624791
994222	977572	16650	1597	4660526	4365928	1125749660575927
989642	970520	19122	2113	5947408	5392496	1125749667809269
1179466	1162672	16794	412	2705304	2181872	1125749671991091
1330524	1179918	150606	138	2033636	1782728	1125749675652123
1182898	1165038	17860	3347	8096128	8078752	1125749685228525
1176104	1158148	17956	16	1763880	1397112	1125749688477731
879554	862878	16676	1746	4575400	4561294	1125749694241115
1192618	1163236	29382	4935	11767318	11252450	1125749707510071
640030	618492	21538	3464	8818520	7758410	1125749717277431
1187638	1160802	26836	3745	9421336	8866402	1125749728194949
1178884	1160978	17906	2732	7083456	6833342	1125749736766111
1179274	1156796	22478	1498	4755774	4364282	1125749743016453
427974	410120	17854	4146	9966504	8908632	1125749753727045
399306	291116	108190	1096	3780474	2780978	1125749758216379
571038	536952	34086	1260	4487168	3281868	1125749763584081
1176256	1160702	15554	4117	9896612	9587848	1125749774963087
1121160	1104868	16292	2011	5380706	5320824	1125749781765925
1189168	1170422	18746	172	1939980	1711378	1125749785191915
1082280	1065258	17022	2268	5938424	5829772	1125749792527111
1180290	1162808	17482	4094	10093218	9559006	1125749804109029
817478	798068	19410	745	3291770	2497558	1125749808528171
1174202	1156380	17822	2672	7330318	6708048	1125749817344821
1187058	1168534	18524	3355	8573206	8087174	1125749827415621
961598	944302	17296	1239	4172568	3628678	1125749832859979
1176162	1159444	16718	4099	10148512	9554642	1125749844490447
1175988	1159572	16416	3278	8118792	7909674	1125749854082211
1179228	1160170	19058	2673	7216924	6702736	1125749862775399
548286	530662	17624	2143	6287950	5016134	1125749869946499
740704	723896	16808	1737	5245054	4403126	1125749876240843
1176386	1158426	17960	1406	4480366	4178878	1125749882206525
199910	182248	17662	797	3062894	1984586	1125749885777995
1200730	1163140	37590	643	2923892	2676760	1125749890210801
1173666	1156710	16956	3558	8892838	8478756	1125749900585631
245132	212286	32846	4047	9407836	8528644	1125749910547069
1177730	1159856	17874	882	3465146	3130702	1125749915499601
701356	656280	45076	2473	6598658	5824664	1125749923109061
792796	775128	17668	1585	5032376	4138796	1125749929232427
1173270	1157664	15606	2540	6974408	6430752	1125749937676875
1174878	1158016	16862	4264	10175674	9880988	1125749949324491
1175202	1158212	16990	2738	6924232	6845292	1125749957732781
1180448	1158318	22130	2733	7076092	6835728	1125749966297927
1176292	1159192	17100	4271	10219028	9907928	1125749978001671
1178646	1158426	20220	2902	7234718	7171676	1125749986723983
1457032	1162336	294696	3628	9260320	8906992	1125749997756299
850118	831936	18182	3111	7776510	7262684	1125750006691269
971816	954262	17554	266	2346484	1694042	1125750010318967
1179032	1161528	17504	4833	11062946	11056954	1125750022869973
1277466	1249280	28186	157	1710900	1768526	1125750026160371
1179774	1161440	18334	226	2231682	1808112	1125750029868667
1176974	1158208	18766	1531	4364578	4434006	1125750035707927
1183276	1162818	20458	3004	7701574	7381136	1125750044902161
1175966	1158144	17822	3731	9113056	8826836	1125750055504771
224258	179556	44702	4131	9973074	8675526	1125750066010991
871368	854528	16840	3481	8780380	8024294	1125750075972039
1228784	1212032	16752	587	3131998	2592578	1125750080641397
1051276	1033774	17502	4252	10011736	9732570	1125750092013703
1174094	1157848	16246	3693	9025034	8738030	1125750102510439
420874	401178	19696	3638	9075186	7874844	1125750112303143
1182294	1161180	21114	2737	7462664	6833986	1125750121244605
1086356	1069488	16868	1854	5439186	4984480	1125750128078627
1065086	1048270	16816	262	2466162	1777768	1125750131919277
931788	913748	18040	2312	12969208	5744068	1125750146129887
1176640	1158480	18160	533	3010738	2431714	1125750150626751
1178896	1158346	20550	3593	8840038	8553942	1125750160954801
1171542	1156524	15018	99	1639462	1546942	1125750164067405
1180372	1161988	18384	4288	9855634	9933486	1125750175400171
1177322	1158990	18332	4109	10040320	9572976	1125750186915135
952076	934726	17350	2408	6889182	6018834	1125750195071831
1182290	1158498	23792	3027	7762628	7430786	1125750204325965
1017082	960816	56266	4985	11988664	11176962	1125750217640641
1310816	1293132	17684	678	3270102	2856550	1125750222530363
339682	195846	143836	2117	6010684	4763360	1125750229189167
290732	270974	19758	2293	6417842	5054440	1125750236202029
1183640	1165838	17802	1789	5062200	4938994	1125750242744885
1195994	1178738	17256	914	3378470	3200936	1125750247621235
1182744	1165476	17268	4153	10215382	9665372	1125750259315887
733520	717082	16438	1515	4779950	3940552	1125750265126627
1174896	1158240	16656	1040	3733908	3435034	1125750270331951
1174708	1158532	16176	4496	10889666	10344842	1125750282693655
1177906	1161836	16070	3415	8836880	8184938	1125750293004787
601524	584420	17104	4104	10222126	8986068	1125750304128445
1340012	1168470	171542	3390	8740110	8309600	1125750314516853
1178922	1161328	17594	3186	8211526	7740278	1125750324215699
1177946	1160660	17286	4864	11362010	11094658	1125750337064591
1384004	1171418	212586	3823	9513130	9220246	1125750348270565
1185226	1168150	17076	4098	10056370	9570756	1125750359821711
340232	323548	16684	155	2235574	841084	1125750362706677
995522	978802	16720	3875	9131910	8935300	1125750373147899
1173916	1158304	15612	4861	11084212	11073142	1125750385712103
1191908	1173980	17928	2928	7432524	7225660	1125750394634007
1176412	1156004	20408	110	2161176	1574700	1125750398268503
1184770	1155854	28916	1900	5136234	5179816	1125750404886903
1177120	1159910	17210	4545	10717024	10457448	1125750417095165
529718	512454	17264	3369	8618852	7457884	1125750426553691
1175712	1159298	16414	2297	6478766	5960854	1125750434517645
1182800	1161362	21438	4406	10521252	10185686	1125750446530619
287804	268886	18918	787	3320592	2052244	1125750450447623
321040	301836	19204	3521	8527064	7552304	1125750459604739
1179516	1161270	18246	2005	5772446	5379486	1125750466865175
873716	855536	18180	1318	4443900	3698784	1125750472501343
1174786	1158954	15832	4294	10613148	9940868	1125750484598219
836360	820098	16262	824	3503654	2661578	1125750489235765
364588	347230	17358	1278	3904678	3097528	1125750493801941
287798	270340	17458	2680	7018022	5825238	1125750501403083
1184618	1168864	15754	1094	4011534	3550788	1125750506895885
1166172	1144134	22038	3047	7779328	7438696	1125750516145491
793360	776596	16764	162	2198218	1307792	1125750519446619
1187458	1159960	27498	1420	4219292	4221392	1125750525162677
1111272	1093880	17392	1616	4861816	4537808	1125750531446459
1175062	1156238	18824	4621	10741258	10607346	1125750543672171
1184180	1167392	16788	1886	5761512	5146068	1125750550927095
1179000	1161584	17416	4189	10125126	9747368	1125750562549925
378030	358046	19984	4642	10979228	9852758	1125750574216871
1179740	1160034	19706	2200	6327280	5769612	1125750582032541
1185784	1166486	19298	4100	10230892	9574832	1125750593758471
1300952	1158930	142022	3859	9565488	9208650	1125750604933567
555326	537418	17908	1704	5310268	4152750	1125750611501899
1332246	1170888	161358	4153	10097432	9827146	1125750623240741
912786	893302	19484	3768	9492614	8638696	1125750633955173
1175958	1157940	18018	2718	6923426	6802162	1125750642364283
1177950	1160912	17038	3756	9270864	8880200	1125750653122205
1173770	1158118	15652	1692	5110948	4751030	1125750659715853
377248	360214	17034	4481	10708074	9516362	1125750671099239
356336	340916	15420	1863	5147522	4259128	1125750676900277
0	0	0	0	0	0	0
1182960	1161076	21884	1574	4653992	4511574	1125750691492805
959424	944004	15420	4855	11349926	10845806	1125750704099181
1332732	1179634	153098	44	1853558	1598962	1125750707582461
946936	929320	17616	4716	10804558	10569548	1125750719648675
728562	709650	18912	3488	8861918	7894318	1125750729548207
520566	503476	17090	2537	7086486	5784662	1125750737464179
1181776	1163944	17832	3773	9528752	8916860	1125750748483311
1178228	1161206	17022	320	2338292	2007926	1125750752309749
681360	663258	18102	1013	3988266	2898110	1125750757288831
1188170	1169730	18440	613	3269764	2604462	1125750762055589
1177946	1159420	18526	4795	11021008	10961106	1125750774573325
1182688	1164000	18688	1000	3807178	3376766	1125750779876037
1174022	1156860	17162	2181	5754358	5730392	1125750787117291
319622	300476	19146	4979	11955506	10471062	1125750799704791
592034	574542	17492	1799	5357704	4384546	1125750805967173
1179240	1160794	18446	1483	4424330	4337670	1125750811884343
1174498	1157146	17352	1306	4393070	3979226	1125750817765543
5853654	5850946	2708	1083	4264810	8212668	1125750828196655
1178668	1160598	18070	2629	7197324	6628922	1125750836885563
882812	866282	16530	847	3593086	2772694	1125750841679685
1078944	1061158	17786	3437	8884422	8145976	1125750851955709
1180286	1161558	18728	2324	6580578	6022582	1125750860028999
1180306	1159756	20550	2335	6461848	6043392	1125750867982965
1177582	1159694	17888	4813	11335408	10997238	1125750880810161
708964	691380	17584	4546	10650900	9994474	1125750892487451
1119348	1100402	18946	3083	7873046	7478750	1125750901791767
1247332	1163784	83548	4348	10322078	10136882	1125750913673661
1181846	1163940	17906	1639	5035564	4653274	1125750920204091
1181526	1164284	17242	4708	10749722	10791210	1125750932447691
1177070	1159328	17742	3991	9769804	9351604	1125750943707141
1179042	1161422	17620	895	3444196	3161924	1125750948643075
783744	753520	30224	130	1901712	1236724	1125750951641783
372514	352510	20004	3547	8584398	7658862	1125750960910471
1173996	1157048	16948	2350	6490362	6071912	1125750968891885
441726	423206	18520	3611	8532772	7856584	1125750978197539
510932	491750	19182	3071	7945674	6846544	1125750986966687
864036	844986	19050	3121	7991914	7307474	1125750996139693
1177484	1159202	18282	3537	8791910	8445868	1125751006421093
1180904	1162172	18732	1541	4664464	4456072	1125751012578443
1176160	1158588	17572	4851	11415782	11072244	1125751025483637
826802	808994	17808	3520	8610668	8060070	1125751035234195
688866	670032	18834	3752	9249428	8386280	1125751045486161
541392	523200	18192	1926	5542774	4587608	1125751051882659
1067656	1048846	18810	4751	10957290	10762648	1125751064220855
625632	606748	18884	2108	6097240	5035854	1125751071256735
1179480	1161856	17624	3409	8686798	8191616	1125751081434523
1185762	1167690	18072	1582	4613816	4546146	1125751087546765
1179248	1160304	18944	1307	4498586	3987544	1125751093538181
1049932	962274	87658	3269	8257646	7781094	1125751103158821
1234280	1165254	69026	1444	4341526	4315508	1125751109047099
1176968	1159628	17340	367	2432654	2107038	1125751112967739
1107190	1086024	21166	4526	10919600	10355284	1125751125311901
717242	699548	17694	1010	3733064	2929638	1125751130073901
1188310	1168888	19422	3218	8340240	7817316	1125751139914899
1178400	1159950	18450	4507	10993606	10386372	1125751152398893
600802	583436	17366	3592	8934470	7976992	1125751162247215
1175390	1156992	18398	4429	10666518	10226814	1125751174401711
949744	928484	21260	2363	6728114	5870508	1125751182392015
1320438	1302040	18398	3697	9243786	8907454	1125751193268621
483940	465990	17950	765	3274802	2207244	1125751197340107
1181082	1161798	19284	3037	7849852	7448632	1125751206683155
817488	718568	98920	1186	3906756	3382388	1125751211719535
942994	924962	18032	2722	7256066	6579754	1125751220230981
244590	168152	76438	2586	7115310	5610204	1125751227904529
0	0	0	0	0	0	0
1087096	1068230	18866	3618	8883764	8516410	1125751246512871
394704	270490	124214	410	2478724	1408522	1125751249698443
1216688	1164160	52528	4858	11094476	11126092	1125751262322351
1175476	1157222	18254	1582	5056938	4533490	1125751268867085
729114	709878	19236	3846	9574112	8617326	1125751279486629
1211720	1193840	17880	3808	9600264	9020366	1125751290611143
1177004	1159518	17486	616	3189484	2601772	1125751295290437
1179964	1162772	17192	730	3270996	2833046	1125751300053327
908176	880618	27558	4975	11649498	11052266	1125751312923429
1193326	1173526	19800	3171	8371652	7728770	1125751322806493
6408018	6406152	1866	3263	8654952	13128888	1125751338187159
576646	558360	18286	3658	8751048	8085726	1125751347827637
715812	698980	16832	2970	7663082	6849886	1125751356518735
267410	247778	19632	1899	5394546	4258502	1125751362492321
1179228	1159178	20050	4467	10370984	10306340	1125751374356027
1296792	1159766	137026	4256	9965986	10002774	1125751385931521
1178520	1161394	17126	1769	5351166	4910770	1125751392773201
1182146	1161474	20672	4276	10599436	9930100	1125751404872741
1235344	1160948	74396	301	2102324	2030552	1125751408529899
1179078	1161482	17596	3424	8450292	8219624	1125751418471531
711226	692034	19192	2861	7661896	6626500	1125751427157629
1193872	1164848	29024	4112	9741634	9612164	1125751438406189
1179434	1162036	17398	4151	10158812	9675430	1125751450057677
393258	374454	18804	2256	6334716	5098762	1125751457097437
1180620	1160058	20562	4034	9789574	9446414	1125751468380721
1029624	1011688	17936	4903	11374718	11029538	1125751481097605
911578	893190	18388	1688	4999206	4485062	1125751487319531
1177618	1160348	17270	2109	6214036	5589662	1125751495023525
486160	467888	18272	1608	4839672	3895234	1125751500661989
1182496	1161720	20776	962	3700572	3299304	1125751505858279
663822	646422	17400	3338	8168212	7532128	1125751515003565
1181694	1162400	19294	735	3181102	2849000	1125751519683383
1176400	1159150	17250	1482	4885562	4332978	1125751526058053
1148494	1117250	31244	3071	7848698	7483018	1125751535368077
1081610	1064104	17506	4014	10055636	9303584	1125751546817087
924256	904312	19944	1443	4617646	4003468	1125751552675725
1221948	1204188	17760	1781	5157230	4978254	1125751559555339
393076	373276	19800	2561	7023010	5709284	1125751567286427
0	0	0	0	0	0	0
1184402	1164778	19624	1244	4198248	3865596	1125751581427637
1029258	1011234	18024	2967	7682572	7157980	1125751590452427
374936	356672	18264	1604	5053138	3777200	1125751596194045
1179686	1157958	21728	39	1546774	1450910	1125751599232765
1198072	1178560	19512	1695	4475712	4781434	1125751605219139
356018	330788	25230	4374	10697756	9298278	1125751616584971
1181080	1161288	19792	3531	9060904	8436954	1125751627139981
353908	335404	18504	2513	6877226	5573894	1125751634684731
1214162	1159564	54598	2483	6999522	6376136	1125751643210927
1173878	1156844	17034	4695	11098350	10757328	1125751655796561
411648	390000	21648	2080	5763518	4766102	1125751662284271
1179236	1160474	18762	4985	12015856	11342182	1125751675791761
1270642	1156796	113846	4703	11114620	10869872	1125751688489059
860006	841142	18864	3532	8467992	8117020	1125751698130375
1178350	1158584	19766	2604	6851698	6580404	1125751706472605
1177286	1158180	19106	4218	10035782	9807396	1125751717997499
821216	804008	17208	596	3186430	2206388	1125751722317395
1180652	1162672	17980	4133	10029610	9640574	1125751733840733
488800	471208	17592	4664	11103388	10010934	1125751745744755
1187306	1168664	18642	3903	9516196	9186736	1125751756761217
1175314	1157362	17952	1905	5562258	5179398	1125751764247159
1187180	1168266	18914	3540	8799790	8460588	1125751774546939
231730	213204	18526	4592	11014706	9609462	1125751786105403
1245580	1227952	17628	4918	11694328	11274192	1125751799359147
1181314	1161488	19826	1158	4059590	3690976	1125751804912847
1175496	1158176	17320	856	3299786	3080092	1125751809706985
1174714	1157004	17710	3235	8216026	7838884	1125751819410155
0	0	0	0	0	0	0
1177172	1156810	20362	3179	8236542	7728348	1125751832952495
7232262	7230074	2188	4849	11675750	17123618	1125751852179491
1314628	1159086	155542	4083	9519056	9674158	1125751863325709
1175122	1157416	17706	4279	10341896	9926950	1125751875156097
1177802	1160386	17416	3894	9277746	9160014	1125751885924721
1178376	1158652	19724	1731	5361450	4834668	1125751892777239
1175708	1158952	16756	2542	6609256	6452630	1125751900896531
1036934	1017462	19472	1197	4173524	3628192	1125751906439681
1194524	1160010	34514	4572	10764042	10531944	1125751918711197
740332	721028	19304	4725	11111272	10384910	1125751930880915
819540	801950	17590	1616	4993838	4244354	1125751937012055
1176688	1159248	17440	2907	7519000	7187274	1125751946021141
1133894	1115656	18238	2035	5836860	5397300	1125751953304275
0	0	0	0	0	0	0
1176102	1158816	17286	4439	10054040	10264554	1125751968340377
1177288	1158836	18452	4084	10073320	9539034	1125751979903501
1183558	1165768	17790	3836	9379142	9049266	1125751990777643
1186660	1168378	18282	1843	5298504	5065766	1125751997580731
910520	891378	19142	2724	7246608	6551158	1125752006050519
1318596	1301214	17382	2228	6449808	5968822	1125752014132535
484560	466030	18530	4334	10021702	9346212	1125752024950419
1314218	1161312	152906	220	2522262	1948450	1125752029104037
434104	416724	17380	2469	6551650	5568606	1125752036401877
1179916	1161742	18174	4381	10456674	10136006	1125752048351573
1171958	1149238	22720	3324	8340816	8016392	1125752058176899
778164	668042	110122	1701	5170464	4373672	1125752064437723
1189342	1169364	19978	2389	6354990	6160248	1125752072294839
698126	680428	17698	1254	4360612	3399560	1125752077667589
676990	657922	19068	1146	3747264	3163670	1125752082404421
395522	377854	17668	1524	4783284	3637064	1125752087894881
1174872	1157220	17652	2838	7244048	7044384	1125752096626197
724080	706968	17112	757	3072434	2432836	1125752100735373
1276256	1157648	118608	1387	4087208	4244498	1125752106415475
1175882	1157208	18674	1916	5313136	5200772	1125752113217069
789084	770428	18656	778	3287334	2538872	1125752117606197
1313792	1293358	20434	3625	9213734	8757112	1125752128446851
1175520	1157076	18444	1366	4098240	4100444	1125752134032539
1180440	1161812	18628	4116	9727996	9605742	1125752145253379
1177946	1159692	18254	3541	8824910	8454004	1125752155568813
1297248	1277466	19782	2343	6325816	6176878	1125752163504031
567314	548668	18646	138	1705892	1035742	1125752166090069
1179888	1161020	18868	3398	8176650	8169110	1125752175758597
1170998	1153556	17442	577	2712508	2518104	1125752179953681
1178880	1157610	21270	4330	10508862	10031918	1125752191955441
532070	515066	17004	1997	5552460	4719266	1125752198352591
318268	300356	17912	751	3245366	2012394	1125752202228743
1188540	1164002	24538	304	2202582	1989674	1125752205933029
1179046	1160088	18958	1683	4593198	4762164	1125752212017493
604390	586712	17678	24	1795722	845468	1125752214730779
1178920	1159274	19646	4052	9484768	9476558	1125752225715235
206658	174682	31976	1074	4119188	2547346	1125752230352923
779040	759030	20010	192	2248854	1356400	1125752233693317
1240820	1155726	85094	1046	3468900	3526336	1125752238715051
793064	775214	17850	1820	5449466	4626278	1125752245279229
1175160	1156608	18552	1357	4492300	4081688	1125752251259307
0	0	0	0	0	0	0
1099436	1080910	18526	3001	7404568	7318206	1125752263583471
1178120	1159814	18306	4432	10890608	10235990	1125752275964063
1194878	1175916	18962	3206	8044302	7799766	1125752285514771
1302308	1276620	25688	901	3814972	3297702	1125752290946117
1253236	1157186	96050	4711	11354208	10868796	1125752303886961
1174176	1156936	17240	1660	5103834	4688420	1125752310477861
1197538	1179558	17980	689	2806336	2770062	1125752314795213
1176264	1158194	18070	3718	9070410	8804724	1125752325359829
1192816	1174640	18176	4450	10674916	10285422	1125752337540315
1085636	1068452	17184	3635	9013558	8548492	1125752347951045
721842	703726	18116	1159	4161790	3233816	1125752353147211
615162	596784	18378	4807	11460056	10421652	1125752365536415
798362	780112	18250	4644	10820272	10280430	1125752377467509
528584	510478	18106	339	2664400	1400796	1125752380971731
710028	692494	17534	3398	8176408	7698654	1125752390179091
690666	671014	19652	1625	4861094	4134440	1125752396043709
1180008	1160726	19282	3388	8790374	8148646	1125752406326957
477870	454518	23352	2588	6914252	5847360	1125752414030759
1080196	1060750	19446	4440	10339840	10152532	1125752425762991
1180480	1162312	18168	2426	6568440	6225548	1125752433825219
1187996	1159898	28098	1390	4722600	4161244	1125752440048703
0	0	0	0	0	0	0
1180510	1160686	19824	3612	9017670	8598006	1125752454585083
1180544	1162138	18406	3997	10116912	9369656	1125752466195029
754366	737148	17218	1515	4862458	3976860	1125752472124815
798774	781092	17682	4807	11347282	10605874	1125752484583115
1174504	1156556	17948	2226	6545090	5820904	1125752492614791
410654	392130	18524	2777	7316372	6157582	1125752500654881
1185968	1167460	18508	1518	4989232	4414866	1125752507142171
1174806	1157450	17356	4911	11591908	11191548	1125752520220881
1179450	1162098	17352	1246	4346902	3864442	1125752526059469
1174980	1156482	18498	3597	8486964	8561468	1125752536032927
3544912	3542458	2454	3397	8338566	10533424	1125752548228821
1288530	1265984	22546	1898	5404460	5277624	1125752555234321
1181806	1159704	22102	3990	9919574	9355410	1125752566647541
1174090	1156948	17142	1573	4740762	4514242	1125752572875775
1176596	1158450	18146	2998	7491292	7366490	1125752581862215
1185860	1168226	17634	4025	9650970	9428738	1125752593011379
733072	715872	17200	903	3683738	2732756	1125752597740567
1276534	1256444	20090	4058	9784974	9586568	1125752609113955
1179670	1162126	17544	2849	7577952	7070976	1125752618185027
1201914	1182012	19902	2038	6069254	5471706	1125752625769207
1169448	1149428	20020	2576	7007634	6513612	1125752634258661
369994	351636	18358	1794	5492464	4150378	1125752640435149
1174362	1157136	17226	3309	8540810	7984700	1125752650463465
1179840	1160172	19668	1021	3451228	3414566	1125752655406903
505360	487396	17964	2521	6855912	5740146	1125752663080343
1135078	1117416	17662	256	2045304	1840262	1125752666574021
1183532	1165414	18118	1647	4396312	4671910	1125752672466461
1198076	1162832	35244	3051	7442478	7493454	1125752681418925
1185384	1168732	16652	82	1607838	1545528	1125752684524221
531466	486196	45270	3606	8287540	7976726	1125752693656349
748194	730728	17466	1823	5201488	4588076	1125752699956927
1176568	1158312	18256	2797	7525902	6964294	1125752708971221
1317762	1297290	20472	2847	7313150	7204920	1125752717920359
1275246	1163392	111854	4533	10787192	10535138	1125752730295691
821498	802124	19374	2314	6282688	5642992	1125752737711943
832842	815500	17342	1416	4637752	3858304	1125752743495221
761576	742776	18800	4815	11429952	10584634	1125752755999869
1184376	1163650	20726	1925	5617208	5228552	1125752763114619
1184338	1164348	19990	804	3262784	2988504	1125752767874517
835756	817610	18146	3314	8038694	7657332	1125752777061885
1661702	1657806	3896	3590	9238286	9034532	1125752788273739
1175074	1157642	17432	4213	16039976	9795330	1125752805800967
1093356	1074336	19020	4843	11714396	10972220	1125752818921163
428664	410160	18504	2107	5933064	4836766	1125752825600419
454582	314864	139718	466	2645910	1580084	1125752829012303
1175862	1159184	16678	165	1528082	1699058	1125752832029589
1178666	1161276	17390	3640	9131360	8651394	1125752842652271
954004	932974	21030	929	3762986	3006138	1125752847681605
1176036	1154644	21392	4618	10984580	10605786	1125752860153525
271496	253026	18470	3585	8887544	7635500	1125752869624915
258404	240544	17860	169	2192758	790330	1125752872387797
1229024	1163086	65938	887	2873626	3195914	1125752876802429
1177156	1159740	17416	3960	9622464	9289956	1125752887920443
1038448	1020856	17592	1222	4230464	3676194	1125752893501693
1179254	1160744	18510	256	2414882	1883582	1125752897408437
1183206	1164204	19002	2861	7448204	7099276	1125752906352365
1176976	1159112	17864	1736	5211466	4841704	1125752913054075
1174662	1157338	17324	747	3483776	2862188	1125752918025715
430190	412808	17382	4831	11523558	10286026	1125752930291151
741414	722940	18474	3066	7837258	7065930	1125752939182301
1083818	1066120	17698	3173	7792316	7623756	1125752948370635
1192082	1156998	35084	840	3447380	3064700	1125752953322867
1205198	1187164	18034	3440	8616156	8279300	1125752963455915
1179570	1161668	17902	639	2924712	2650850	1125752967872229
969914	950516	19398	4969	11773368	11100754	1125752980928511
1042474	1025382	17092	2874	7442700	6983672	1125752989730987
1174348	1156796	17552	2794	7367046	6955520	1125752998584801
1182140	1157758	24382	1947	5667132	5269576	1125753005746519
810490	792364	18126	3675	8602966	8354032	1125753015472795
992682	975310	17372	2683	7143818	6552214	1125753023920943
1185432	1166082	19350	2129	6203444	5636404	1125753031621597
210982	188694	22288	1178	4027928	2760686	1125753036173121
850336	829530	20806	4357	10056414	9757112	1125753047392401
1177876	1159848	18028	2768	7328542	6906788	1125753056211879
987262	970314	16948	1728	5077382	4636446	1125753062589201
1184516	1159260	25256	1345	4574962	4066904	1125753068660443
1293916	1162530	131386	2397	6407442	6281230	1125753076673771
1179290	1162094	17196	4420	10985728	10215084	1125753089151041
1174976	1157480	17496	4668	10925842	10708494	1125753101564647
281726	260440	21286	2509	6992784	5493156	1125753109151317
1177890	1159230	18660	2084	5957614	5539224	1125753116599437
1175738	1158404	17334	1008	3752028	3384636	1125753121839245
448560	429210	19350	989	3773402	2620156	1125753126374023
1181816	1162684	19132	2209	6283038	5794132	1125753134151235
1390934	1371860	19074	2132	5753778	5848772	1125753141608295
799898	781402	18496	529	2540940	2050716	1125753145261205
455374	436910	18464	1889	5397438	4426482	1125753151426635
1183092	1159632	23460	480	2938466	2335840	1125753155860359
1276768	1159206	117562	1836	5382576	5141334	1125753162831935
586616	567402	19214	3609	8899966	7998110	1125753172639733
1176608	1159286	17322	3931	9609228	9231624	1125753183737647
413560	395732	17828	997	3370558	2601832	1125753187834539
1177590	1160246	17344	83	1565988	1537008	1125753190890573
364788	345474	19314	1970	5260818	4499264	1125753196833707
1181910	1163292	18618	897	3607374	3170182	1125753201940779
1137282	1119006	18276	3170	8113058	7670536	1125753211504101
659976	642442	17534	4614	10917276	10082160	1125753223394703
1222084	1164844	57240	4075	9844212	9566190	1125753234774751
1177968	1160404	17564	1936	5796450	5248662	1125753242066551
952362	934528	17834	3810	9420132	8766668	1125753252750895
850612	833452	17160	4699	11117920	10442308	1125753265037013
525438	507996	17442	2703	7330016	6124956	1125753273205787
1177154	1160026	17128	571	3130588	2513470	1125753277825483
1179036	1158728	20308	2121	5850938	5613288	1125753285167315
1182518	1166196	16322	204	2148504	1783718	1125753288810739
1189686	1168930	20756	653	2651274	2711554	1125753292969911
0	0	0	0	0	0	0
1178546	1157062	21484	1951	5939266	5274410	1125753312870591
1178852	1160404	18448	1533	4430992	4438914	1125753318798835
1195754	1157072	38682	875	3799164	3142754	1125753324111715
1274204	1161102	113102	1820	5325730	5108364	1125753331024087
1176206	1159094	17112	1624	5086508	4622338	1125753337600075
1176590	1158832	17758	4226	10460578	9822696	1125753349550359
1176250	1156752	19498	2530	6634292	6429876	1125753357673989
566834	549138	17696	287	2193778	1333182	1125753360746519
1182402	1162046	20356	2017	5410298	5410750	1125753367656007
801556	782484	19072	4637	11221284	10270534	1125753379991107
832690	813836	18854	3099	7796042	7223646	1125753388932173
1197950	1178698	19252	3072	7847208	7534386	1125753398299373
1189916	1169772	20144	4460	10680264	10302698	1125753410483227
1176866	1160470	16396	2320	6416608	6010678	1125753418390133
994268	975054	19214	3691	9103050	8569166	1125753428799459
246612	187338	59274	3515	8981446	7473070	1125753438345701
1124182	1105218	18964	1689	5038794	4695650	1125753444821235
1188374	1160780	27594	4036	9769264	9454112	1125753456097325
473520	454598	18922	3330	8620540	7328026	1125753465504417
281496	263876	17620	3527	8706164	7528434	1125753474804335
878986	858370	20616	4512	10832962	10096354	1125753486833709
560198	542694	17504	4272	10291252	9297332	1125753498004821
815754	798452	17302	2431	6567256	5870360	1125753505700333
409096	389422	19674	1271	4325458	3144794	1125753510747629
870086	852256	17830	270	2225412	1604488	1125753514174599
1190004	1172128	17876	1835	5049356	5053300	1125753520726477
1181874	1162362	19512	2272	6239292	5918080	1125753528478267
1179218	1160934	18284	1381	4558484	4134438	1125753534527601
1175782	1158670	17112	2583	6806322	6536044	1125753542822105
0	0	0	0	0	0	0
1243480	1164288	79192	4268	10201274	9972736	1125753570031599
334640	315386	19254	2526	6885900	5580520	1125753577564671
1176530	1158352	18178	4175	10094244	9721076	1125753589148459
218680	179676	39004	1343	3968720	3099316	1125753593648583
578734	560962	17772	2034	5779708	4841054	1125753600320597
1189478	1169840	19638	894	3506602	3170664	1125753605329311
754438	736860	17578	3835	9415486	8618928	1125753615812187
507472	489862	17610	1528	4983448	3757264	1125753621615171
1175412	1156478	18934	3525	8941656	8419340	1125753632045031
880496	863156	17340	2292	6307632	5658728	1125753639546085
689952	671952	18000	421	2475414	1726206	1125753643023503
1180690	1161928	18762	1282	3681524	3938196	1125753648198189
1177982	1160054	17928	1609	4835686	4588546	1125753654525423
1159220	1137492	21728	4497	10801282	10346818	1125753666798595
1147450	1116838	30612	1542	4846784	4425112	1125753673126733
1188312	1167776	20536	1225	4421012	3832794	1125753679047595
670318	652818	17500	3580	9069822	8024288	1125753689101511
923928	905026	18902	371	2078376	1860472	1125753692417095
892250	870406	21844	2230	5552016	5546254	1125753699173361
1175904	1158676	17228	2381	6694884	6132216	1125753707356943
787760	769798	17962	2057	6174950	5095610	1125753714632749
324904	306748	18156	3524	8768892	7566198	1125753724039819
1176668	1159214	17454	2149	6102706	5667504	1125753731631517
0	0	0	0	0	0	0
986066	968558	17508	3449	8782168	8078096	1125753754552749
1175032	1157080	17952	4539	10848852	10447370	1125753766889615
1178488	1157736	20752	192	2206870	1758600	1125753770593077
547846	530208	17638	2481	6184946	5703106	1125753777638355
1182090	1164406	17684	4389	10179254	10154094	1125753789312493
1177484	1160170	17314	2949	7571332	7268542	1125753798373823
269178	251132	18046	3720	8782300	7903150	1125753807737461
1317008	1299072	17936	4840	11515680	11191056	1125753820883211
896534	879404	17130	701	3308562	2496552	1125753825406691
1181486	1163774	17712	4793	11118860	10961180	1125753838019541
1278280	1259410	18870	2731	7151782	6933636	1125753846762277
1267260	1158314	108946	3654	9309828	8773084	1125753857659163
1178622	1158266	20356	3423	8735770	8218510	1125753867886435
381186	363180	18006	3618	9123396	7810322	1125753877702941
1180922	1161528	19394	937	3785892	3247486	1125753882982651
541604	524096	17508	2350	6273086	5435552	1125753890115237
738706	720408	18298	523	2926120	1976830	1125753894092325
929436	912084	17352	45	1742354	1212122	1125753897077045
447898	429104	18794	445	2300618	1532056	1125753900137435
1220344	1202178	18166	445	2583186	2302630	1125753904253877
1154186	1130714	23472	4271	10316882	9889764	1125753916037667
1177154	1159554	17600	4308	10572818	9987046	1125753928100527
1176902	1159028	17874	4659	10753224	10687492	1125753940344173
959810	941040	18770	598	2816930	2350416	1125753944433041
1176122	1158534	17588	2719	7093978	6808834	1125753953015311
231790	207900	23890	2527	6480988	5479536	1125753960040901
901534	883192	18342	2390	6555828	5874200	1125753967810607
976812	959266	17546	1682	5112308	4534978	1125753974211835
1177798	1158986	18812	1631	5227150	4632606	1125753980928743
302916	284072	18844	128	2164990	756610	1125753983727823
1179006	1159854	19152	4569	10517722	10511672	1125753995735855
240596	221210	19386	126	2148656	686166	1125753998437419
878548	860018	18530	87	1551100	1246428	1125754001179431
652064	635600	16464	3824	9515174	8493388	1125754011658801
593268	573504	19764	3739	9110872	8265556	1125754021675939
1177624	1160464	17160	3153	8185248	7676564	1125754031350215
1185284	1168094	17190	318	1949790	2019666	1125754034813831
468428	448960	19468	2058	6042088	4781584	1125754041642923
303594	279598	23996	3238	8574920	6973084	1125754050834007
454418	434476	19942	312	2508510	1275396	1125754054114823
1082598	1063818	18780	3157	7692692	7589690	1125754063202927
665032	645512	19520	3223	8398774	7305516	1125754072579307
855578	837356	18222	243	2020018	1534334	1125754075767819
302126	271432	30694	467	2314372	1430042	1125754078696339
1237616	1220340	17276	4652	11264032	10735674	1125754091521719
1212694	1194984	17710	4695	11091816	10795304	1125754104138707
1178554	1160632	17922	762	3455040	2895392	1125754109084525
1178940	1158726	20214	963	3544718	3301660	1125754114120917
1209722	1191694	18028	400	7131528	2203878	1125754122775597
1176730	1158446	18284	3189	8183872	7747818	1125754132454557
666342	646696	19646	4682	10989490	10224400	1125754144422035
574820	555520	19300	1819	5229210	4405652	1125754150538511
1173844	1156606	17238	895	3457224	3156580	1125754155481451
0	0	0	0	0	0	0
1178318	1160862	17456	3966	9045906	9324756	1125754169833837
1176216	1159138	17078	714	2853302	2797968	1125754174175707
1102794	1085958	16836	2764	7200244	6825252	1125754182790239
1174938	1158414	16524	1471	4605208	4309372	1125754188888325
1154846	1135374	19472	1798	5457956	4948524	1125754195830175
873840	854668	19172	3201	8278222	7469872	1125754205295069
1178654	1159308	19346	1900	5756832	5172872	1125754212543837
1179426	1161596	17830	4672	11038496	10716872	1125754225074543
1179514	1160942	18572	153	1865620	1679304	1125754228432603
1179024	1160430	18594	3198	7684198	7768940	1125754237608023
0	0	0	0	0	0	0
1177580	1158602	18978	2721	6559134	6835472	1125754249038509
776626	759366	17260	1103	3676084	3175350	1125754253803515
1185248	1164342	20906	2384	6469638	6147156	1125754261770081
765688	746870	18818	2908	7403294	6775270	1125754270252453
400800	383422	17378	372	2723624	1337072	1125754273689525
1181356	1163724	17632	3139	7652654	7652312	1125754282836001
1248836	1229772	19064	1263	4220502	3967532	1125754288623471
867248	837730	29518	2561	6790586	6183874	1125754296593781
1178142	1158930	19212	1519	4956408	4408808	1125754303040667
1091294	1072580	18714	1868	5331466	5021670	1125754309775757
1188942	1161884	27058	3472	8883012	8325792	1125754320159311
1175832	1158458	17374	4907	11586290	11183192	1125754333234117
1427576	1161684	265892	4167	9897216	9958368	1125754344871775
461724	444924	16800	951	3703732	2560192	1125754349353879
602456	583736	18720	1851	5543722	4497354	1125754355846575
655540	636372	19168	1590	5081312	4028750	1125754361895607
1177022	1156630	20392	589	3173956	2549374	1125754366559047
367148	350666	16482	195	2312134	951054	1125754369551143
918976	899370	19606	2721	6817710	6554922	1125754377600899
426224	408914	17310	2067	5721004	4753336	1125754384060123
1176396	1159196	17200	2388	6520442	6146044	1125754392068241
1181304	1163230	18074	4887	11670800	11148172	1125754405233023
390656	372764	17892	4998	11720328	10580646	1125754417656293
1176612	1158638	17974	1048	3707236	3466410	1125754422852221
1141312	1116534	24778	388	2499940	2110442	1125754426810881
1232352	1211930	20422	4060	9979308	9549898	1125754438339841
229956	208094	21862	918	3434898	2258676	1125754442317387
318886	190848	128038	3950	9685468	8412112	1125754452634263
262512	245092	17420	3299	8256420	7053474	1125754461465747
396026	377328	18698	2518	6935612	5626210	1125754469109281
1200290	1181498	18792	1972	5589488	5341604	1125754476211503
563438	546116	17322	2965	7577796	6687236	1125754484664561
927654	910070	17584	4362	10527914	9844752	1125754496432693
500788	483272	17516	4345	10420412	9384906	1125754507665761
963644	945630	18014	252	2062506	1662338	1125754511004565
1178626	1158974	19652	2260	6021718	5912412	1125754518517515
953402	935844	17558	3056	7964518	7258842	1125754527748215
207116	188754	18362	1249	4179520	2897930	1125754532447867
1179194	1159930	19264	3482	8461932	8337724	1125754542401885
1179828	1158986	20842	578	3006468	2530024	1125754546900487
721864	703192	18672	3726	8971568	8367162	1125754556912443
296588	278636	17952	432	2531014	1355482	1125754560057157
781582	763528	18054	1476	4352670	3926494	1125754565504123
1174818	1156846	17972	1578	4790682	4525378	1125754571783295
1174416	1156214	18202	2249	6380652	5866028	1125754579650815
1179940	1160802	19138	4532	10949322	10438312	1125754592092237
1181322	1163492	17830	38	1902102	1451622	1125754595487611
704590	686692	17898	701	2700086	2303124	1125754599204831
1156326	1123086	33240	2883	7463464	7114714	1125754608136445
1174850	1156734	18116	3978	9836428	9324814	1125754619460979
1104924	1087512	17412	3495	8724300	8287940	1125754629602947
265276	246080	19196	3730	9469560	7918090	1125754639651227
978406	960474	17932	4538	10509534	10247938	1125754651452241
1178196	1160114	18082	1181	4293542	3734384	1125754657236037
483394	466166	17228	2714	7343914	6105842	1125754665377149
545554	528110	17444	1225	4466196	3188838	1125754670701261
1174378	1156426	17952	2628	7304654	6628254	1125754679498019
1180418	1161700	18718	4001	9565388	9375262	1125754690555989
1191406	1161068	30338	1268	4249574	3921150	1125754696310927
900206	882608	17598	1116	3877914	3325294	1125754701401661
670980	582980	88000	4282	10463522	9428084	1125754712848395
588278	570592	17686	493	2526204	1767494	1125754716279645
768306	751004	17302	556	2218848	2073798	1125754719579635
1178500	1161912	16588	4864	11128866	11100532	1125754732199739
1417838	1158272	259566	3641	9268676	8893744	1125754743199015
1294418	1173934	120484	3694	14328942	8875618	1125754759135441
421268	402312	18956	3797	9234630	8211964	1125754769104237
644928	627502	17426	360	2489358	1558942	1125754772551841
0	0	0	0	0	0	0
766830	748800	18030	2952	7519998	6865394	1125754790549635
1183074	1161684	21390	4922	11466456	11220152	1125754803511775
1149236	1120410	28826	998	3802884	3337924	1125754808775875
1175724	1157908	17816	2081	6069214	5535068	1125754816338325
1176588	1158576	18012	121	2056036	1611974	1125754819883175
643726	583108	60618	741	2560904	2319742	1125754823400277
1257734	1161690	96044	2532	6857184	6515964	1125754831828211
1102300	1083658	18642	1722	5003270	4739600	1125754838246767
1176716	1159414	17302	58	1825502	1485762	1125754841561139
1177306	1160000	17306	1754	4564872	4879352	1125754847615699
587578	569926	17652	2074	5547850	4928934	1125754854063895
991100	973820	17280	2597	7157466	6378018	1125754862525361
1183598	1164890	18708	2080	5874526	5537188	1125754869895779
1176792	1159262	17530	1836	5485360	5041238	1125754876870925
1188686	1172266	16420	130	1718118	1641162	1125754880100805
965402	946250	19152	2069	5625050	5319388	1125754887003431
1186288	1163680	22608	2678	7136256	6739986	1125754895638269
948582	930678	17904	4911	11670282	10963688	1125754908570475
1185108	1166324	18784	1080	3860800	3539100	1125754913928987
971450	953480	17970	967	3652092	3099136	1125754918865269
1183450	1166010	17440	2463	6557718	6303802	1125754926923229
1181352	1163004	18348	1022	3828784	3421932	1125754932257083
558020	539970	18050	3603	9044154	7957276	1125754942171651
1177164	1158778	18386	1355	4605316	4080402	1125754948266773
275518	252386	23132	3710	8987752	7889422	1125754957843045
1087322	1068304	19018	4999	11902764	11278794	1125754971144749
744104	613116	130988	3502	8812144	7941268	1125754981013459
725502	707674	17828	163	2061010	1248112	1125754984112813
279070	258332	20738	2809	6995822	6090218	1125754991700355
647436	630250	17186	1627	4983662	4095140	1125754997644641
1174306	1156702	17604	2610	6864944	6586816	1125755005997461
1181332	1161614	19718	3908	9555308	9189976	1125755017046405
1184140	1161008	23132	288	2549964	1952928	1125755021093183
412042	394476	17566	3458	8933532	7521268	1125755030751015
1201522	1171858	29664	299	2427298	1992692	1125755034698431
1121144	1101682	19462	986	3648322	3286266	1125755039786015
1181652	1163440	18212	2761	7146656	6896752	1125755048426499
940752	921210	19542	3415	8411520	7964422	1125755058091525
1180316	1161740	18576	1169	4102066	3710574	1125755063687037
1180670	1160994	19676	2529	6581482	6431686	1125755071761347
1204434	1187268	17166	2766	7281470	6930508	1125755080559035
1078236	1058870	19366	3818	9591786	8906520	1125755091540721
1200640	1183448	17192	1750	5222792	4893222	1125755098277093
1176128	1156390	19738	2372	6702884	6113108	1125755106468519
186970	169452	17518	1229	4077658	2838298	1125755111045349
1045800	1027118	18682	4289	10592412	9817924	1125755122996081
1181394	1163080	18314	3973	9565410	9321452	1125755134055571
1365362	1158806	206556	3125	7844142	7808926	1125755143577477
483538	463178	20360	1993	5895904	4662530	1125755150269567
1239514	1161324	78190	1045	3901728	3523530	1125755155723535
1194522	1176048	18474	4853	11094046	11094924	1125755168324443
363984	344850	19134	533	3142322	1622974	1125755172143871
1128892	1111316	17576	615	2628790	2573404	1125755176214735
369106	351778	17328	392	2410960	1346200	1125755179306947
1329352	1166790	162562	1915	5292062	5389480	1125755186241121
230076	207972	22104	3939	9878004	8301064	1125755196661761
615470	596118	19352	2399	6465114	5606156	1125755204055027
1191200	1173642	17558	503	2815420	2391152	1125755208374827
1161828	1139308	22520	766	3232710	2887438	1125755213081399
751732	733844	17888	256	2418132	1457396	1125755216563267
1182192	1162338	19854	2662	6701578	6699804	1125755224759691
1201244	1180524	20720	4682	10926682	10758114	1125755237204635
1180310	1161664	18646	2947	7760388	7267202	1125755246457647
1176006	1157022	18984	3937	9583166	9242402	1125755257529239
249392	213574	35818	1218	4158856	2879778	1125755262250579
741982	722578	19404	367	2600914	1669684	1125755265905151
1024696	1006214	18482	4643	10664308	10503840	1125755277905787
7678468	7676560	1908	3985	9986790	15842634	1125755295883469
1048864	1030158	18706	1715	5053750	4672620	1125755302297861
1257464	1237202	20262	948	3282166	3347580	1125755307150345
1199422	1180630	18792	1741	5296008	4875416	1125755313958253
1176082	1155700	20382	3084	7833420	7536860	1125755323280811
685598	667862	17736	1612	4939478	4103440	1125755329218303
686172	668554	17618	82	2029300	1042598	1125755332246869
1178184	1160290	17894	541	2460362	2453332	1125755336198829
1178528	1158466	20062	1064	3964362	3498934	1125755341655121
1179666	1161862	17804	1438	4607702	4248920	1125755347754227
191562	174196	17366	4076	9914266	8536510	1125755358172031
620478	603158	17320	224	2145670	1261616	1125755361250949
588420	569664	18756	447	2376650	1678486	1125755364528843
1174976	1156874	18102	757	3534876	2881308	1125755369551355
420534	400748	19786	4618	11168128	9849546	1125755381452837
583936	566710	17226	436	2525062	1649424	1125755384874205
1083298	1065422	17876	3427	8232862	8131680	1125755394507491
527276	502664	24612	270	2286624	1260760	1125755397635441
1188564	1169102	19462	3861	9097218	9103656	1125755408234663
1279440	1167620	111820	2504	6503380	6481882	1125755416329461
687382	669774	17608	748	3274040	2376974	1125755420603361
1053344	1035818	17526	979	3440578	3205810	1125755425409325
1170672	1149390	21282	2357	6502240	6078638	1125755433394567
1180588	1157640	22948	43	1578648	1459494	1125755436466467
565876	546538	19338	4633	10652784	10024842	1125755447997643
1242364	1164036	78328	2468	6725560	6372332	1125755456278115
1242806	1226368	16438	1151	4126244	3738486	1125755461960495
1258408	1238174	20234	3447	8791938	8346204	1125755472324027
1299924	1157866	142058	3099	7956740	7692438	1125755481893483
908270	889120	19150	1272	4151306	3645286	1125755487265787
1181818	1164360	17458	4199	10399084	9773140	1125755499159223
1180782	1162102	18680	1753	5457894	4880990	1125755506110111
1175064	1156256	18808	3094	7796732	7555236	1125755515394363
1184114	1164666	19448	2978	7832478	7333336	1125755524723333
1184802	1167284	17518	4698	10908598	10773208	1125755537145925
887120	869558	17562	3538	8540822	8157262	1125755546886187
485692	467478	18214	1790	5568396	4259300	1125755553260685
787770	766682	21088	184	2211326	1350416	1125755556572757
1174460	1156794	17666	2449	6292198	6266762	1125755564351389
1175064	1157364	17700	4167	9758608	9702712	1125755575597883
1177476	1159536	17940	2790	7427710	6951910	1125755584516197
1191700	1174084	17616	8	1711564	1401104	1125755587732261
541690	524560	17130	345	2122048	1424438	1125755590708389
1189020	1169472	19548	2434	6619560	6250428	1125755598835691
991584	973708	17876	1518	4901912	4225254	1125755605046187
1178512	1160156	18356	3876	9543528	9128656	1125755616081019
1178892	1159810	19082	475	2798680	2321658	1125755620371367
339686	320618	19068	628	2891326	1788870	1125755623914123
1182764	1164344	18420	3792	9332096	8960424	1125755634741161
612026	594070	17956	2114	6251138	5038008	1125755641922347
981952	964824	17128	2550	7051844	6276394	1125755650268197
0	0	0	0	0	0	0
1178552	1160214	18338	4150	9731226	9695524	1125755664678721
1152100	1129686	22414	2659	7016220	6663390	1125755673208173
1177402	1158724	18678	1973	5829038	5316392	1125755680527405
1178170	1159988	18182	3768	9100096	8908556	1125755691118119
1177472	1159282	18190	4173	10330760	9716088	1125755702939327
1072724	1050816	21908	2066	5704270	5397914	1125755710034519
1182860	1164530	18330	157	1950852	1690910	1125755713480621
1324804	1302730	22074	3739	8722542	9000830	1125755723840509
1182166	1162346	19820	2993	7823500	7360836	1125755733157791
1077496	1057946	19550	728	3340176	2727218	1125755737889077
1177600	1159736	17864	183	2004672	1737040	1125755741383147
1180022	1162730	17292	4562	10337998	10497252	1125755753213475
1176996	1158264	18732	1618	4875662	4609330	1125755759578401
1178336	1159606	18730	970	3726956	3311904	1125755764795703
1175480	1156922	18558	4618	10705176	10605384	1125755776994757
1177154	1159478	17676	358	2433880	2090692	1125755780918395
1295918	1161624	134294	1157	4138186	3808488	1125755786671117
1174632	1156494	18138	3241	8360348	7849220	1125755796523775
1178492	1159500	18992	4692	11333060	10755590	1125755809347503
1175474	1157564	17910	411	2702884	2191648	1125755813538509
1177800	1159112	18688	546	2899360	2462766	1125755817928781
977056	959926	17130	3644	8859888	8458904	1125755828077951
397704	379518	18186	4623	10862084	9837504	1125755839650531
1306634	1163948	142686	2433	6472964	6365334	1125755847743397
1316810	1297742	19068	3730	9280534	8971290	1125755858653467
1198810	1180078	18732	3606	8781794	8604278	1125755868947395
1183308	1163394	19914	3548	8973812	8476744	1125755879421829
461372	441822	19550	901	3455944	2456326	1125755883651841
682126	663612	18514	193	2295564	1262264	1125755886942571
1184028	1165390	18638	897	3173478	3170692	1125755891616415
1158348	1135402	22946	687	3104194	2726130	1125755896190731
1178770	1160484	18286	4937	11499374	11245628	1125755909181069
564478	547326	17152	895	3109628	2548648	1125755913166721
438650	420072	18578	4204	10254728	9040340	1125755924172815
1177484	1159340	18144	1193	4349074	3756282	1125755930011621
1178826	1161026	17800	1157	3849662	3685896	1125755935352901
1258124	1160804	97320	1775	5204698	5002496	1125755942128183
669280	652264	17016	3359	8639322	7581512	1125755951749201
552444	531910	20534	2438	6680962	5620910	1125755959294357
2971494	2969634	1860	912	3570260	4988788	1125755966149367
379202	359790	19412	3817	9474358	8207184	1125755976314967
613398	590294	23104	1772	5192258	4351000	1125755982433091
818684	801110	17574	834	3389080	2679612	1125755986954363
1199714	1182396	17318	2446	6581228	6284366	1125755995053343
1259946	1242520	17426	3018	7883312	7489144	1125756004509517
1179168	1160144	19024	1080	3679302	3533202	1125756009680683
1179226	1162292	16934	326	2354758	2024200	1125756013526699
1175646	1158736	16910	2323	6186898	6014916	1125756021203091
662600	645466	17134	168	1986020	1195898	1125756024164001
1140352	1109832	30520	2089	5556942	5512252	1125756031173725
1172832	1156398	16434	2884	7315372	7138478	1125756039974125
485392	466782	18610	2153	5714922	4984186	1125756046486641
892748	875090	17658	2873	7340368	6832144	1125756055031899
1144004	1125564	18440	4577	10872818	10494890	1125756067361063
396792	379502	17290	2046	5817864	4683016	1125756073887799
1336588	1316172	20416	3282	8299884	8093330	1125756083837527
1098388	1081036	17352	2183	6138018	5658714	1125756091387301
1283388	1232262	51126	1024	3743430	3524688	1125756096726259
1189010	1171428	17582	3381	8461472	8144790	1125756106693789
1180390	1159392	20998	2619	6725516	6612052	1125756114917093
438658	421530	17128	2207	6220980	5049682	1125756121909331
1389966	1173834	216132	2764	6938050	7111504	1125756130550555
1173736	1156526	17210	1235	4239988	3836296	1125756136276291
1204302	1160518	43784	4500	10837200	10398504	1125756148630765
958632	937570	21062	2002	5626022	5156858	1125756155529051
1175136	1157570	17566	758	3217198	2884770	1125756160233499
7798160	7796314	1846	1917	5807610	11825736	1125756174150487
1025886	1008052	17834	4866	11127206	10952332	1125756186616087
1058230	1039860	18370	1565	4947972	4381852	1125756192934359
1174604	1157302	17302	2710	7096306	6787694	1125756201522645
1177186	1158998	18188	3802	9445446	8974924	1125756212457143
357058	339618	17440	3889	9382040	8329106	1125756222508961
741198	724118	17080	1803	5352298	4541510	1125756228915063
995676	978044	17632	3098	7633958	7385794	1125756237861441
371790	353896	17894	377	2684946	1318952	1125756241231547
1175670	1158892	16778	2894	7163664	7156782	1125756249883373
1090798	1072662	18136	1815	5368556	4914892	1125756256654421
460514	441216	19298	697	2977300	2048154	1125756260404107
342040	322680	19360	2187	5799192	4908682	1125756266857509
1180834	1162982	17852	3418	8679360	8223268	1125756277078321
328580	309610	18970	1080	4206912	2681646	1125756281926039
338286	298518	39768	4588	10988010	9707256	1125756293565651
1176980	1155722	21258	1679	5074934	4729114	1125756300130261
1179774	1158966	20808	3070	7848206	7513896	1125756309471007
228940	210578	18362	785	3005762	1992720	1125756313018143
1182804	1163508	19296	2971	7514112	7317860	1125756322027943
585680	568240	17440	1889	5526734	4555970	1125756328452801
527712	507774	19938	3379	8209632	7478440	1125756337502739
471158	452960	18198	1766	5424428	4196660	1125756343710111
754886	737392	17494	3274	8389864	7495392	1125756353167779
1268216	1161720	106496	1153	4096086	3768362	1125756358845069
1178810	1161444	17366	1844	5150126	5060444	1125756365509623
1178868	1159652	19216	4103	10084418	9578822	1125756377085591
323322	281056	42266	2491	6867034	5498380	1125756384587967
1198258	1162254	36004	2528	6817878	6447758	1125756392916853
1024768	1005640	19128	2361	6413908	5939732	1125756400673307
1164868	1129556	35312	3613	8948732	8584754	1125756411103331
0	0	0	0	0	0	0
688116	669042	19074	3249	8528040	7380528	1125756432976401
1191138	1166794	24344	4848	11591976	11080470	1125756446071349
476880	458038	18842	965	3592132	2601562	1125756450453007
1148936	1011090	137846	2984	7804182	7311090	1125756459719005
724828	706728	18100	3223	8110466	7364176	1125756468866851
1177514	1160524	16990	2530	7027708	6431394	1125756477429475
1311814	1292342	19472	2681	7191144	6865918	1125756486245701
1185208	1168620	16588	1560	5156444	4498028	1125756492899051
1175472	1156032	19440	3364	8725146	8097246	1125756503117229
1175872	1157524	18348	3365	8440610	8102350	1125756513045565
313524	294128	19396	3213	7732218	6932690	1125756521403155
1177646	1160656	16990	1309	4631454	3989632	1125756527525215
1175758	1157292	18466	3605	8907892	8578160	1125756537921245
1187304	1167254	20050	360	2454152	2101392	1125756541874771
1004222	986768	17454	4757	11033106	10711864	1125756554223563
952778	934634	18144	142	2051442	1430630	1125756557540107
506586	489252	17334	2001	5377974	4701168	1125756563735885
1186594	1164638	21956	3810	9613718	8999190	1125756574847821
1178070	1160076	17994	1020	4063560	3411842	1125756580407237
1181222	1160536	20686	3852	9458946	9078470	1125756591360293
649230	630574	18656	56	1735962	955254	1125756594058317
1175512	1156944	18568	4159	9692320	9685964	1125756605238499
1174824	1157264	17560	3229	8128840	7826320	1125756614855723
899428	880392	19036	375	2382216	1841742	1125756618454299
1185432	1165774	19658	1427	3963276	4232078	1125756623916295
1173738	1156594	17144	3318	8390414	8003338	1125756633792511
1184656	1167454	17202	88	2086692	1554284	1125756637375411
1176012	1157442	18570	3309	8001066	7989354	1125756646864691
1176556	1159334	17222	4516	10847460	10405284	1125756659207111
490736	472448	18288	4325	10402724	9333434	1125756670413221
503640	485426	18214	1821	5386010	4339192	1125756676616063
1172990	1156386	16604	52	1778180	1470186	1125756679879399
922278	904550	17728	4542	10454352	10199756	1125756691568595
511436	493166	18270	291	2647218	1287326	1125756695039739
1189928	1172054	17874	3259	7894228	7901046	1125756704436157
825976	808312	17664	4029	9762602	9077176	1125756715338135
1178680	1159746	18934	4554	11073772	10480204	1125756727902727
1175142	1156782	18360	2045	5728148	5459048	1125756735119141
1179064	1161384	17680	2378	6482386	6132150	1125756743092997
1176320	1158142	18178	3803	9212248	8978658	1125756753794181
1182454	1162718	19736	2660	7073758	6696138	1125756762362235
984548	967000	17548	4020	9665122	9218472	1125756773324235
1090448	1072928	17520	3310	8441958	7903942	1125756783170077
1178916	1161262	17654	3669	9255408	8709856	1125756793916481
1181242	1162926	18316	3489	8414394	8352514	1125756803824731
528176	510460	17716	640	3193984	2001008	1125756807859613
1111538	1091892	19646	1712	5084642	4730096	1125756814368939
1173980	1156676	17304	2758	7217626	6883726	1125756823073313
1184946	1167138	17808	1168	4079170	3717800	1125756828650241
1098466	1081130	17336	780	3070330	2851020	1125756833131695
786160	764670	21490	278	2561218	1534984	1125756836791373
1176048	1156890	19158	4858	11098896	11086418	1125756849385165
1198236	1172564	25672	2826	7564404	7044036	1125756858461295
1176048	1156938	19110	2268	6471372	5906574	1125756866421041
1180902	1161676	19226	3785	9370074	8944312	1125756877285791
1179926	1162692	17234	4697	11140838	10766586	1125756889918751
898192	881464	16728	2197	6177854	5485956	1125756897306971
1174948	1157100	17848	4071	9943232	9511354	1125756908737627
217526	179436	38090	3753	9036778	7918202	1125756918310117
1175488	1157008	18480	1188	4234090	3744956	1125756924032037
1174926	1157188	17738	1912	5374620	5192762	1125756930893397
589198	572124	17074	698	3121134	2179432	1125756934921643
1198210	1180798	17412	2219	6235516	5833536	1125756942672607
763618	742728	20890	4056	9977848	9072112	1125756953731631
432302	414256	18046	2425	6340154	5475072	1125756960816571
6326424	6324616	1808	2190	6146446	10899994	1125756973606641
523700	505628	18072	308	2392640	1332990	1125756976835883
1355922	1216714	139208	2187	5752512	5922534	1125756984262047
340712	318808	21904	1406	4685438	3346554	1125756989600741
1176804	1158072	18732	1209	4220562	3787268	1125756995310819
426092	289364	136728	2610	7181194	5840414	1125757003230043
396580	373082	23498	201	2139060	993000	1125757006078527
994352	925012	69340	1784	4957314	4755120	1125757012342215
816704	712852	103852	2659	7292924	6327656	1125757020762523
208680	177534	31146	2130	5984500	4662170	1125757027274439
1177212	1159948	17264	1284	4375168	3938394	1125757033138931
245542	211944	33598	2430	6704038	5298494	1125757040401201
365576	347518	18058	4695	11307536	9947530	1125757052387155
1183886	1164838	19048	4905	11632252	11187864	1125757065515367
1127808	1109762	18046	2076	6047276	5473414	1125757073003251
1176262	1158598	17664	2692	7240678	6752748	1125757081731607
502048	444006	58042	3880	9636878	8455120	1125757092183327
1216474	1161864	54610	3979	9465784	9367974	1125757103177661
1178500	1159896	18604	4091	10209136	9553482	1125757114877619
1290032	1272812	17220	551	2898598	2589440	1125757119389099
705806	626248	79558	1069	3957522	3037430	1125757124364835
1183832	1161016	22816	3150	8065486	7676954	1125757133926787
1177166	1157984	19182	3413	8432828	8197102	1125757143848063
981438	963814	17624	1759	5536346	4692080	1125757150678275
1183522	1167008	16514	1770	5020250	4916644	1125757157204279
759236	740428	18808	4588	10627498	10131338	1125757168903915
393236	373734	19502	1953	5651532	4495778	1125757175265863
699100	679306	19794	4215	10448230	9322564	1125757186725685
1014236	995998	18238	4713	11019074	10634330	1125757199076699
1178044	1160674	17370	2835	7310964	7045958	1125757207878445
1174772	1156930	17842	308	2192020	1983786	1125757211557149
1202894	1184480	18414	4377	10735574	10149768	1125757223809155
1162808	1141826	20982	2844	7443986	7043824	1125757232729031
294154	276920	17234	137	2145814	761942	1125757235484349
719928	702524	17404	1670	4437688	4252244	1125757240954067
800362	782124	18238	4240	10492738	9474018	1125757252564401
1175796	1159000	16796	4037	10045182	9443326	1125757264097779
1121354	1103596	17758	3400	8367464	8115590	1125757273899253
844346	826264	18082	120	2281724	1278186	1125757277338195
1144886	1126478	18408	2891	7165310	7124736	1125757285960691
1177806	1158616	19190	3402	8441692	8175334	1125757295891543
1176492	1158894	17598	4914	11496150	11197412	1125757308876095
1072298	1054288	18010	4014	9520376	9293330	1125757319799831
