# Loop @ Start frequency 3000000Hz took 708.01 cycles
# Interval [707 ; 709]
# Q1 : 706 ; Q3 : 708
# Loop @ Target frequency 1500000Hz took 1420.54 cycles
# Interval [1418 ; 1423]
# Q1 : 1412 ; Q3 : 1416
# Confidence intervals do not overlap, alternatives are statistically different with selected confidence level
Change time (with write) [cycles]	Change time [cycles]	Write cost [cycles]	Wait time [us]	Time since last frequency change request [cycles]	Time since last frequency change [cycles]	Detected frequency change timestamp [cycles]
1184900	1157158	27742	3567	221290472	220621542	1126030946447003
757308	737200	20108	4812	11512610	10566676	1126030959031301
1176922	1159024	17898	907	3611110	3176352	1126030964128861
1175490	1157366	18124	3036	7850788	7433310	1126030973465379
791626	774230	17396	4996	11520338	10969762	1126030986087431
1177372	1162318	15054	2463	6679002	6275854	1126030994250971
1182408	1166100	16308	4156	10093754	9667322	1126031005823909
1175526	1159522	16004	3982	9703310	9312086	1126031017000983
1174502	1157362	17140	4075	10173422	9498690	1126031028645827
1175728	1159118	16610	3998	9597588	9344360	1126031039721011
1174418	1156854	17564	3427	8498546	8202126	1126031049691595
802280	786718	15562	2191	5907026	5358380	1126031056697407
1173814	1158346	15468	4544	11068204	10437702	1126031069240839
1175484	1158582	16902	3891	9631512	9129928	1126031080346437
1174294	1159340	14954	4101	10021174	9549888	1126031091839149
1175666	1159754	15912	3295	8421744	7937534	1126031101734471
1178190	1161858	16332	2535	6899154	6420174	1126031110108923
765884	750988	14896	27	1737606	992616	1126031112910565
1178358	1161984	16374	2511	6376630	6373962	1126031120763111
1178534	1159672	18862	4626	10952016	10616588	1126031133211213
1178170	1160048	18122	4697	11157190	10757934	1126031145854763
1177826	1161078	16748	4859	11202664	11080410	1126031158544315
1185138	1169278	15860	1572	4646208	4514454	1126031164685575
1181820	1166406	15414	447	2460236	2248074	1126031168642111
736824	717588	19236	3556	8801744	8033792	1126031178501149
720394	703098	17296	4871	11355338	10646748	1126031190886619
1194414	1175018	19396	3275	8189656	7930166	1126031200580571
1154148	1136178	17970	1540	4933296	4419956	1126031206984251
1184524	1158850	25674	3078	7835670	7528454	1126031216314439
1316894	1164150	152744	1572	4898178	4633662	1126031222826891
1186350	1168772	17578	1286	4457636	3947544	1126031228784281
430924	412194	18730	4158	10100904	8936826	1126031239630801
805218	788056	17162	156	2231972	1302624	1126031242977027
1178152	1159802	18350	590	2553412	2543518	1126031247015975
1176464	1159934	16530	1788	5572736	4937914	1126031254074205
1180440	1161260	19180	4822	11604494	11010910	1126031267168081
1289908	1166438	123470	271	1870428	2017654	1126031270637547
762532	746800	15732	2722	7300292	6378346	1126031279015989
365992	349630	16362	3041	7973890	6621752	1126031287653365
1003830	989252	14578	1519	4932660	4215068	1126031293887165
1173646	1157910	15736	1506	4872936	4358226	1126031300230903
1176278	1159066	17212	4306	10303492	9961180	1126031312007471
1213264	1160850	52414	3273	8588424	7931938	1126031322106347
1188018	1170602	17416	1904	5717584	5168808	1126031329309079
1175868	1157836	18032	2294	6220308	5936028	1126031337002957
1210404	1164550	45854	1597	4899694	4592872	1126031343421477
1178684	1159154	19530	2113	5776690	5590920	1126031350685725
982650	966232	16418	412	2175686	1991738	1126031354157643
1268646	1244920	23726	138	1427068	1750876	1126031357161597
1014784	998422	16362	3347	8064732	7893486	1126031366549671
1091170	1074058	17112	16	1976748	1307880	1126031369926043
951320	934922	16398	1746	4657336	4628028	1126031375844117
1174914	1159454	15460	4935	11498962	11230290	1126031388827519
674314	659482	14832	3464	8337200	7774456	1126031398142853
567824	550592	17232	3745	9096626	8230822	1126031408104301
1185612	1167466	18146	2732	7349660	6823208	1126031416938019
352628	335686	16942	1498	4714746	3524992	1126031422302947
302696	171896	130800	4146	10128334	8766668	1126031433030961
691944	675758	16186	1096	4196248	3057530	1126031438216179
1183752	1166230	17522	1260	4294520	3877248	1126031443991935
1176934	1158888	18046	4117	9952458	9584118	1126031455419131
1270580	1160814	109766	2011	5905192	5477390	1126031462904747
1191954	1172608	19346	172	2201026	1721164	1126031466606081
1180868	1161632	19236	2268	5867362	5924340	1126031473968941
1298710	1161890	136820	4094	9703588	9672272	1126031485280671
1072034	1050724	21310	745	3268046	2747826	1126031489930011
1190232	1173404	16828	2672	7104902	6719488	1126031498534117
243688	213286	30402	3355	8478210	7127388	1126031507561373
1175878	1159886	15992	1239	4313792	3827146	1126031513347555
1176538	1160148	16390	4099	9990588	9547428	1126031524812117
1099806	1084184	15622	3278	8403062	7831502	1126031534615303
1176294	1159754	16540	2673	7000566	6695410	1126031543095703
948838	932974	15864	2143	5764540	5408680	1126031550106389
749940	733546	16394	1737	5315930	4409198	1126031556487371
1181166	1160340	20826	1406	4435132	4179282	1126031562412565
433558	415594	17964	797	3052758	2211810	1126031566206939
336058	318950	17108	643	2693554	1807140	1126031569545415
597970	580114	17856	3558	8505174	7919936	1126031578957221
1304860	1161850	143010	4047	9999058	9585336	1126031590570059
198354	182018	16336	882	3446864	2148912	1126031594529511
485322	465902	19420	2473	6842666	5616864	1126031602166395
1199862	1171076	28786	1585	5308248	4554878	1126031608982931
1414578	1269476	145102	2540	6925370	6680212	1126031617631549
301872	285842	16030	4264	10524902	9003542	1126031628754651
1171872	1156420	15452	2738	7021038	6821614	1126031637248571
1180852	1162736	18116	2733	7307006	6818504	1126031646033517
1175016	1158870	16146	4271	10222000	9890546	1126031657727559
1175402	1160272	15130	2902	7632354	7152288	1126031666833903
543632	526774	16858	3628	8796888	7971752	1126031676476147
685316	667948	17368	3111	7859300	7092798	1126031685329767
615518	598490	17028	266	2291332	1333030	1126031688545965
408704	386916	21788	4833	11046912	10260092	1126031700311037
445422	427342	18080	157	2002166	945182	1126031703067727
538746	521742	17004	226	1818458	1176428	1126031705733045
552834	535562	17272	1531	4755464	3799374	1126031711351095
1178530	1161798	16732	3004	7896038	7370998	1126031720734715
1283118	1161334	121784	3731	9049846	8930528	1126031731381229
1175866	1158954	16912	4131	9851740	9622462	1126031742717797
1173808	1157192	16616	3481	8860814	8323172	1126031753089761
1178096	1159206	18890	587	3162954	2538488	1126031757740021
1262856	1246626	16230	4252	10366750	9952620	1126031769678675
1217962	1201322	16640	3693	9201436	8788722	1126031780407693
491160	473106	18054	3638	8670192	7953516	1126031789878807
1197506	1178814	18692	2737	6864028	6857486	1126031798249155
1179878	1154422	25456	1854	5419224	5073690	1126031805157423
414642	398366	16276	262	2370480	1112306	1126031808240063
263472	246628	16844	2312	5980464	5060794	1126031814780843
1239746	1224344	15402	533	2638758	2478902	1126031818961071
793698	775174	18524	3593	8700604	8153174	1126031828751065
1162224	1144374	17850	99	1938386	1545716	1126031832165567
1173736	1156610	17126	4288	9944440	9935550	1126031843593007
1180884	1160848	20036	4109	9964240	9583724	1126031855048029
382318	367446	14872	2408	6669960	5383054	1126031862409323
1215406	1195420	19986	3027	8051442	7442954	1126031871972343
1174696	1157190	17506	4985	11875898	11317204	1126031885319655
7344162	7341746	2416	678	3082516	8885918	1126031896055067
873720	856204	17516	2117	5589302	5293092	1126031902826525
1175866	1158530	17336	2293	6469826	5950512	1126031910790595
1179766	1162456	17310	1789	5228056	4943702	1126031917512467
1272102	1255558	16544	914	3801714	3284922	1126031922896751
1281620	1249592	32028	4153	10146582	9775880	1126031934634189
1260930	1162370	98560	1515	4685580	4476650	1126031940895347
779010	763696	15314	1040	4023858	3032618	1126031945995349
758534	742646	15888	4496	10726736	9923054	1126031957776791
470046	454578	15468	3415	8424454	7472942	1126031966968227
1110332	1093450	16882	4104	10124540	9491788	1126031978500463
1176250	1158770	17480	3390	8704232	8129110	1126031988678295
1176634	1160956	15678	3186	8015896	7721796	1126031998174589
980294	860090	120204	4864	11259078	10881642	1126032010712151
1176094	1160664	15430	3823	8970014	8995036	1126032021159887
754614	611714	142900	4098	9901016	9122674	1126032032112331
1173708	1158328	15380	155	1734386	1656260	1126032035317389
1173318	1157936	15382	3875	8946234	9096796	1126032045732933
1175832	1159622	16210	4861	11110192	11070634	1126032058315325
1175618	1159684	15934	2928	7365610	7204536	1126032067153063
1184164	1161696	22468	110	1949470	1576650	1126032070583581
621552	606806	14746	1900	4940934	4593652	1126032076448901
686460	671128	15332	4545	10885236	9949646	1126032088317717
453820	437722	16098	3369	8659078	7364492	1126032097727041
1175066	1158652	16414	2297	6480978	5941886	1126032105680205
1176774	1158870	17904	4406	10206426	10160934	1126032117359835
696044	681330	14714	787	3245918	2443740	1126032121599063
1178806	1162682	16124	3521	8671564	8393236	1126032131745727
1197370	1179518	17852	2005	5748146	5380018	1126032138988287
1221476	1166902	54574	1318	4668696	4030462	1126032145176427
1189834	1171896	17938	4294	10535882	9962118	1126032157210707
1184538	1162110	22428	824	3487568	3017800	1126032162191357
755592	738724	16868	1278	4381002	3496346	1126032167636389
1175914	1159236	16678	2680	7069256	6721164	1126032176190629
1177214	1158412	18802	1094	3927112	3550102	1126032181603891
1176616	1161648	14968	3047	7855672	7454768	1126032190945117
415088	399362	15726	162	2172760	911388	1126032193829565
694338	679054	15284	1420	4197302	3707206	1126032199018779
888006	868922	19084	1616	4877818	4296174	1126032205080371
1175790	1159980	15810	4621	11105474	10591042	1126032217658099
1175346	1156902	18444	1886	5355504	5120258	1126032224485607
1172170	1156904	15266	4189	10098334	9722760	1126032236052381
283772	268924	14848	4642	11140948	9739790	1126032247773799
1175716	1158292	17424	2200	6175518	5749570	1126032255421733
1174910	1159742	15168	4100	10070984	9547164	1126032266964815
536672	520788	15884	3859	9474046	8431468	1126032277272509
976138	960640	15498	1704	5060240	4557222	1126032283605935
1185422	1160210	25212	4153	10296524	9663318	1126032295385231
302382	274338	28044	3768	8971674	8024134	1126032304968111
731936	715148	16788	2718	7391202	6352744	1126032313399625
1174536	1157694	16842	3756	9244998	8872078	1126032324128155
1180652	1162792	17860	1692	4894642	4750392	1126032330512069
1177654	1161986	15668	4481	10274090	10311630	1126032342261005
1021232	995588	25644	1863	5381034	4918752	1126032348960641
1181170	1163096	18074	2575	7162702	6516082	1126032357612509
1178650	1160926	17724	1574	4801826	4512284	1126032363901939
407730	389100	18630	4855	11266600	10302246	1126032375884951
1179644	1161482	18162	44	1874732	1453904	1126032379246813
1129170	1113218	15952	4716	10605414	10745968	1126032391290131
1176704	1161580	15124	3488	8627620	8325992	1126032401391605
676856	661394	15462	2537	6923798	5923404	1126032409289681
1195658	1180070	15588	3773	9088912	8913808	1126032419870401
191048	174602	16446	320	2331546	1004230	1126032422689761
1176592	1160944	15648	1013	3380894	3375252	1126032427549301
993338	977462	15876	613	2691132	2392962	1126032431529991
1171822	1156630	15192	4795	11219686	10933774	1126032444218383
236412	212894	23518	1000	3782312	2409894	1126032448534927
1173634	1158788	14846	2181	5931352	5709530	1126032455936111
788668	772658	16010	4979	11955640	10919380	1126032468977029
1178096	1160836	17260	1799	5550570	4949448	1126032476002421
757830	740868	16962	1483	4422496	3897378	1126032481480115
736626	721434	15192	1306	4327776	3520718	1126032486840871
1178928	1160322	18606	1083	3879698	3517448	1126032492201121
1173746	1158384	15362	2629	7026258	6605070	1126032500697887
1271088	1164752	106336	847	3540790	3137676	1126032505811205
679198	664278	14920	3437	8596762	7725890	1126032515383219
1177134	1160628	16506	2324	6222406	5998172	1126032523079091
945288	926056	19232	2335	6390480	5788486	1126032530711191
1175444	1158852	16592	4813	11524138	10978436	1126032543711245
1175320	1159196	16124	4546	10741632	10440040	1126032555925013
651568	636654	14914	3083	7713284	6990574	1126032564587211
1131058	1115662	15396	4348	10647774	10000440	1126032576668635
1176768	1159860	16908	1639	5128092	4627990	1126032583286401
457110	439852	17258	4708	11291426	10058634	1126032595344635
1113400	1095858	17542	3991	9707440	9281386	1126032606474855
1189084	1159748	29336	895	3487754	3163532	1126032611460481
521540	503612	17928	130	2019522	967220	1126032614308939
423876	405088	18788	3547	8460274	7703200	1126032623501205
1184794	1167568	17226	2350	6331382	6070498	1126032631326069
457810	440082	17728	3611	9175962	7852582	1126032641264991
935770	919174	16596	3071	8013658	7264166	1126032650522887
1131688	1113322	18366	3121	7968222	7559844	1126032659930721
1175238	1158556	16682	3537	8879502	8434206	1126032670294195
1317048	1167354	149694	1541	4817408	4584198	1126032676737987
1200464	1185584	14880	4851	11581236	11091414	1126032689833163
1178550	1161932	16618	3520	13176336	8391324	1126032704485133
1132322	1115766	16556	3752	9180856	8808850	1126032715094967
1181402	1163756	17646	1926	5728392	5218170	1126032722313959
241212	216622	24590	4751	11136900	9929590	1126032734001647
1175498	1158714	16784	2108	6024058	5576842	1126032741509947
326354	307754	18600	3409	8583008	7330400	1126032750728671
1181646	1162242	19404	1582	4478038	4531486	1126032756701831
1177652	1160640	17012	1307	4049962	3964852	1126032762229787
1281944	1254496	27448	3269	8241182	7992244	1126032772049989
1197720	1180668	17052	1444	4271280	4259222	1126032777815757
1166088	1127212	38876	367	2474152	2072968	1126032781752081
1140348	1121124	19224	4526	10634464	10365396	1126032793824271
1194032	1178188	15844	1010	3632320	3386408	1126032798947917
1177234	1159786	17448	3218	8292742	7786212	1126032808715133
1176704	1159200	17504	4507	10684762	10376116	1126032820890541
653146	635542	17604	3592	8968596	8025376	1126032830820885
761438	743746	17692	4429	10670710	9807926	1126032842567075
210710	183970	26740	2363	6348278	5122880	1126032849440189
1172316	1156314	16002	3697	9104026	8740220	1126032860013717
887744	871456	16288	765	2831416	2590406	1126032864029133
787864	770422	17442	3037	7879544	7035766	1126032872993149
1143010	1120630	22380	1186	4306454	3687718	1126032878740271
828818	813364	15454	2722	7419866	6448592	1126032887291983
1228826	1162196	66630	2586	6825664	6574130	1126032895641959
574226	556134	18092	2562	6660096	5871974	1126032903173407
1161466	1136506	24960	3618	9064670	8583432	1126032913708567
552644	535068	17576	410	2551442	1558884	1126032917121741
1123428	1106770	16658	4858	10809328	11025078	1126032929362411
204694	186808	17886	1582	4802626	3554686	1126032934677659
811142	791518	19624	3846	9290998	8688058	1126032945094031
1177468	1161774	15694	3808	9583906	8966592	1126032956164133
1130146	1114068	16078	616	2481800	2534960	1126032960072805
252698	221284	31414	730	2952458	1884822	1126032963575281
1174232	1158078	16154	4975	11697414	11296954	1126032976742717
1129920	1114580	15340	3171	8031810	7644894	1126032986206371
419900	403970	15930	3263	8112512	7118688	1126032995036279
1172234	1157506	14728	3658	9170550	8661098	1126033005676531
1176844	1159900	16944	2970	7914748	7288914	1126033015065047
1176276	1161180	15096	1899	5548748	5146864	1126033022086461
1182280	1162326	19954	4467	10641134	10288926	1126033034206459
1189038	1160850	28188	4256	10038806	9886832	1126033045743139
1175450	1157390	18060	1769	5495066	4899346	1126033052721511
632748	616050	16698	4276	10163178	9370686	1126033063832701
186324	168598	17726	301	2206398	973074	1126033066534263
1177926	1161492	16434	3424	8163442	8200496	1126033076181663
463070	447844	15226	2861	7296240	6358094	1126033084238747
859798	844330	15468	4112	9918082	9257136	1126033095313387
411646	393168	18478	4151	10285576	8887042	1126033106309143
1174804	1159520	15284	2256	6293516	5858632	1126033114074285
606402	591532	14870	4034	9598724	8847554	1126033124575767
1302012	1160584	141428	4903	11524552	11280228	1126033137703285
1174070	1158010	16060	1688	5208454	4723394	1126033144381295
1140410	1116138	24272	2109	5571272	5531734	1126033151389607
925534	910642	14892	1608	4997626	4314780	1126033157610669
1177062	1161114	15948	962	3787086	3274510	1126033162872143
996034	980118	15916	3338	8236962	7844082	1126033172401051
1172900	1156180	16720	735	3417180	2816002	1126033177288001
267178	249598	17580	1482	4616274	3415770	1126033182480227
1176556	1159180	17376	3071	7983242	7504410	1126033191949509
1179322	1160036	19286	4014	9813890	9393090	1126033203252199
747780	728668	19112	1443	4646064	3819228	1126033208954645
1175732	1157104	18628	1781	5353628	4922528	1126033215792565
1190392	1172198	18194	2561	6734878	6497162	1126033224027147
1177962	1159092	18870	2849	7367890	7048620	1126033232878547
1174440	1158670	15770	1244	4070432	3834122	1126033238420935
1177208	1159674	17534	2967	7257922	7284314	1126033247153645
1181988	1166672	15316	1604	4468036	4563110	1126033253100421
1174458	1158314	16144	39	1714958	1428824	1126033256286835
1174740	1158568	16172	1695	4667118	4736872	1126033262425093
1174438	1158038	16400	4374	10352162	10094318	1126033274248675
783598	766382	17216	3531	8856730	8018468	1126033284185747
1177892	1160828	17064	2513	6677230	6377874	1126033292337981
1177104	1161768	15336	2483	6742628	6315892	1126033300555147
1172518	1157190	15328	4695	11241666	10735956	1126033313266485
680938	665996	14942	2080	5743962	5013530	1126033319988815
1261420	1163418	98002	4985	11825676	11404498	1126033333373231
588490	572902	15588	4703	11167554	10167732	1126033345426205
1330302	1313600	16702	3532	8376106	8567266	1126033355429933
1179816	1165230	14586	2604	6940952	6560746	1126033363847395
1063462	1046082	17380	4218	9972022	9671988	1126033375179059
1181062	1163828	17234	596	3051944	2559008	1126033379722607
1176714	1159718	16996	4133	10133574	9627412	1126033391342175
1280454	1161532	118922	4664	11038378	10792012	1126033403969811
1196516	1179948	16568	3903	9766562	9187832	1126033415241675
1186420	1159940	26480	1905	5613980	5169678	1126033422339559
1179270	1162938	16332	3540	8790042	8432302	1126033432606327
449722	367094	82628	4592	10903902	9805260	1126033444262659
1174694	1158428	16266	4918	15178690	11183708	1126033460913517
1243678	1161120	82558	1158	4034382	3734952	1126033466488443
1174704	1158754	15950	856	3547886	3058938	1126033471507471
1190940	1161844	29096	3235	8175752	7833672	1126033481171601
1140218	1116804	23414	553	3079424	2418386	1126033485688843
246266	226450	19816	3179	8266006	6776978	1126033494496939
1181052	1164232	16820	4849	11431018	11065066	1126033507417635
1192804	1176078	16726	4083	10095496	9545132	1126033519015291
1176650	1160170	16480	4279	10448792	9919342	1126033530951055
545888	530974	14914	3894	9253184	8521078	1126033541200107
881142	864206	16936	1731	5154144	4516348	1126033547531299
1177202	1157990	19212	2542	6658282	6433788	1126033555663447
1177082	1159374	17708	1197	4082010	3755662	1126033561231267
1175820	1158332	17488	4572	11073956	10505696	1126033573789885
1181672	1162144	19528	4725	11200662	10816650	1126033586481653
1131090	1114450	16640	1616	4671166	4548224	1126033592593007
1069136	1053698	15438	2907	7837446	7072114	1126033601814907
722328	705076	17252	2035	5911552	4964552	1126033608746125
470896	449642	21254	251	2447842	1160958	1126033611978687
844402	827042	17360	4439	10245262	9907750	1126033623378109
211890	193300	18590	4084	9555686	8565376	1126033633455535
1176958	1159086	17872	3836	9258010	9033562	1126033644200485
473266	454698	18568	1843	5170722	4344522	1126033650154751
599840	583072	16768	2724	7040858	6232960	1126033658105179
1205020	1189012	16008	2228	6334980	5834468	1126033665942301
1175662	1158884	16778	4334	10645192	10016830	1126033678060961
1189534	1161350	28184	220	2258836	1815114	1126033681818783
1176822	1158554	18268	2469	6091660	6299212	1126033689396015
1175244	1157476	17768	4381	10652066	10122678	1126033701532321
1186328	1169548	16780	3324	8401788	8018724	1126033711429375
1172184	1157434	14750	1701	5241058	4747770	1126033718149067
1179050	1161136	17914	2389	6413272	6131852	1126033726038549
1193860	1177618	16242	1254	4414844	3874358	1126033731944603
832838	816038	16800	1146	4013332	3298150	1126033737087541
324622	288374	36248	1524	5039496	3545122	1126033742749293
1182516	1165186	17330	2838	7651538	7042910	1126033751937261
303058	284582	18476	757	3276552	2002226	1126033755825771
1176684	1159532	17152	1387	3881664	4158810	1126033761193355
706476	689948	16528	1916	5398300	4724002	1126033767607085
1176562	1157424	19138	778	3191612	2918178	1126033772283139
1179936	1161078	18858	3625	8763860	8615568	1126033782536401
1176036	1159468	16568	1366	4266480	4093584	1126033788288497
1001060	985054	16006	4116	10139350	9418106	1126033799737311
305112	281606	23506	3541	9014582	7559810	1126033809353375
1175398	1157428	17970	2343	6366584	6045872	1126033817203621
719368	702424	16944	138	1550692	1180668	1126033819781577
1177418	1159996	17422	3398	8162632	8158960	1126033829431549
551650	534556	17094	577	2893922	1890282	1126033833185727
746418	729430	16988	4330	10346822	9591962	1126033844588429
285588	269064	16524	1997	5759984	4464122	1126033850947555
1188688	1172834	15854	751	7974142	2864588	1126033860414445
792200	777042	15158	304	2582816	1572776	1126033864085957
1281610	1165780	115830	1683	4778396	4832336	1126033870455429
1176306	1159318	16988	24	1424796	1410990	1126033873366091
1174948	1157940	17008	4052	9310220	9467210	1126033884160663
415880	398800	17080	1074	3890434	2748410	1126033888775541
744626	728238	16388	192	2176266	1317238	1126033892010283
1182804	1162116	20688	1046	3559496	3460542	1126033897060439
815016	796376	18640	1820	5392166	4641078	1126033903576611
1188672	1171570	17102	1357	4612912	4087656	1126033909686165
424530	407946	16584	503	2636688	1616776	1126033913056047
1060382	1042230	18152	3001	7370744	7247788	1126033921795803
689414	673574	15840	4432	10794638	9739084	1126033933588647
694580	679856	14724	3206	8045516	7278922	1126033942625725
1225786	1162604	63182	901	3454748	3199738	1126033947643011
1178014	1159912	18102	4711	11490492	10785424	1126033960621133
1180328	1162994	17334	1660	4832690	4685282	1126033966947419
958650	942356	16294	689	3148970	2525892	1126033971363723
1188502	1170712	17790	3718	9299806	8809534	1126033982161459
1183296	1162418	20878	4450	10635082	10268410	1126033994288199
564680	549900	14780	3635	9066680	8008126	1126034004229361
1179382	1161476	17906	1159	4018620	3669700	1126034009724017
1173098	1157830	15268	4807	11217330	10959606	1126034022411619
338324	322266	16058	4644	10893824	9798492	1126034033940763
490702	474950	15752	339	2552156	1341358	1126034037281143
1180864	1165582	15282	3398	8152128	8152954	1126034046911245
1177902	1162394	15508	1625	4851544	4601656	1126034053238227
1098282	1082994	15288	3388	8701568	8048018	1126034063334511
208102	189276	18826	2588	6903182	5556902	1126034070742279
1173380	1157494	15886	4440	10565324	10226926	1126034082781479
676130	658698	17432	2426	6480414	5701056	1126034090240165
1170844	1155624	15220	1390	4425538	4124204	1126034096132813
784252	766988	17264	517	2880506	1990176	1126034100094229
1177762	1161536	16226	3612	8874550	8575134	1126034110443637
415394	399366	16028	3997	9877046	8581850	1126034121033175
1180220	1159622	20598	1515	4735132	4383218	1126034127246095
1178950	1157774	21176	4807	11201418	10979120	1126034139934743
1177890	1159478	18412	2226	6156796	5815064	1126034147577595
1205360	1188452	16908	2777	7436912	6945088	1126034156528981
494768	478158	16610	1518	5040146	3716604	1126034162372365
1172970	1157174	15796	4911	11670736	11179748	1126034175524351
1179890	1162974	16916	1246	4419930	3844404	1126034181421207
1121144	1104934	16210	3597	9051930	8487620	1126034191890389
252642	236636	16006	3397	8486216	7218650	1126034200925819
608410	593132	15278	1898	5554158	4579120	1126034207385559
1172086	1156488	15598	3990	9882288	9324856	1126034218737147
1178408	1159960	18448	1573	4470738	4497004	1126034224689409
1175238	1156920	18318	2998	7525434	7343352	1126034233692183
1174750	1158232	16518	4025	9577654	9396522	1126034244741629
802746	777232	25514	903	3747776	2783746	1126034249593563
1075416	1058902	16514	4058	10104844	9363354	1126034261070167
1177220	1160368	16852	2849	7661528	7047468	1126034270206001
1003232	986310	16922	2038	5945380	5263544	1126034277463943
1197752	1175014	22738	2576	6839768	6534462	1126034285810415
960096	943056	17040	1794	5179496	4732692	1126034292258703
1175990	1159218	16772	3309	8311274	7980296	1126034302054507
924764	907618	17146	1021	3768742	3150656	1126034307057253
1172742	1157482	15260	2521	6677720	6391922	1126034315215051
596390	581212	15178	256	2212208	1282024	1126034318320675
202748	183498	19250	1647	4650876	3670124	1126034323471013
919646	903854	15792	3051	7822268	7194824	1126034332509841
1175372	1160276	15096	82	1491598	1511298	1126034335473543
1266436	1159922	106514	3606	8412446	8654404	1126034345450533
1179288	1160664	18624	1823	5438904	5009962	1126034352365453
1174022	1157356	16666	2797	7486138	6952882	1126034361334087
507280	489858	17422	2847	7388540	6442382	1126034369539299
663796	636602	27194	4533	11067974	9944916	1126034381579727
1174866	1156758	18108	2314	6560616	5988046	1126034389636743
1176876	1159008	17868	1416	4188344	4194346	1126034395310721
1179486	1162108	17378	4815	11509122	10995582	1126034408309215
1244836	1228168	16668	1925	5857236	5280408	1126034415720485
201320	184066	17254	804	3357688	1993898	1126034419588979
1201584	1185494	16090	3314	7770104	8040042	1126034428869045
1180338	1162652	17686	3590	9147232	8533186	1126034439493703
1176310	1159138	17172	4213	9789410	9775932	1126034450755607
1259528	1161504	98024	4843	11334964	11119198	1126034463650707
852188	835702	16486	2107	5986968	5238488	1126034470787317
440362	424662	15700	466	2610354	1545238	1126034474139459
704770	688976	15794	165	1683196	1207802	1126034476823859
1183464	1166140	17324	3640	9139930	8638236	1126034487448445
1042594	1026154	16440	929	3368840	3072422	1126034492157551
1178080	1161160	16920	4618	10677710	10587280	1126034504310961
1175404	1158322	17082	3585	8586016	8518814	1126034514368307
1174020	1157236	16784	169	2190014	1701784	1126034518040709
1187224	1165748	21476	887	3626088	3146458	1126034523164063
1126754	1108692	18062	3960	9856044	9232576	1126034534455525
7055568	7053176	2392	1222	4213768	9685302	1126034546034259
1177384	1159410	17974	256	2210222	1874086	1126034549732021
1174480	1157654	16826	2861	7459414	7082180	1126034558675035
423148	405432	17716	1736	5330430	4080488	1126034564741669
326344	233852	92492	747	3513970	2004276	1126034568896845
1188990	1162014	26976	4831	11254244	11036166	1126034581649395
1178984	1159884	19100	3066	8081158	7495600	1126034591219201
1179540	1161768	17772	3173	8065318	7699008	1126034600761685
197932	181976	15956	840	3241652	2051678	1126034604504049
1174168	1156744	17424	3440	8791256	8238652	1126034614784309
1173854	1157508	16346	639	2808754	2637384	1126034619079955
650234	633628	16606	4969	11756760	10774194	1126034631796253
1019596	1002124	17472	2874	7677612	6951918	1126034640801575
1176394	1158934	17460	2794	7304222	6949512	1126034649596301
916712	769026	147686	1947	5361872	4995422	1126034656198523
1278634	1260322	18312	3675	8834198	8813628	1126034666620413
1177258	1160776	16482	2683	7146826	6727800	1126034675258921
1185444	1167818	17626	2129	5996060	5629356	1126034682749067
1188642	1171792	16850	1178	4336028	3729108	1126034688588253
1229088	1158872	70216	4357	10592222	10115756	1126034700720565
1179946	1160684	19262	2768	7508766	6903974	1126034709723383
1176074	1159550	16524	1728	5093478	4817906	1126034716301483
1249642	1161184	88458	1345	4384168	4125466	1126034722244999
1180866	1162900	17966	2397	6687782	6159268	1126034730422151
323830	307066	16764	4420	10689464	9348630	1126034741744895
480764	464888	15876	4668	11109448	9989378	1126034753631749
1175644	1159098	16546	2509	6860090	6367382	1126034761964561
617754	603180	14574	2084	5911632	4958540	1126034768790605
632946	614232	18714	1008	3630308	2821016	1126034773355789
1090126	1074338	15788	989	3636594	3239930	1126034778378927
1178026	1159882	18144	2209	6383664	5768988	1126034786236903
1182776	1164244	18532	2132	6140772	5632310	1126034793869571
391658	375274	16384	529	2806358	1634562	1126034797376413
645008	628248	16760	1889	4870396	4608870	1126034803199725
277424	258942	18482	480	2815272	1422770	1126034806602087
664024	646838	17186	1836	5040714	4521284	1126034812620647
1311312	1292910	18402	3609	9129732	8714900	1126034823375891
512056	497086	14970	3931	9714442	8559370	1126034833910423
1174300	1158344	15956	997	3566840	3341450	1126034838948641
1240334	1159522	80812	83	2020814	1579354	1126034842506651
739348	724438	14910	1970	5197956	4851964	1126034848741583
1175794	1160532	15262	897	3724224	3145396	1126034853948005
1178796	1157944	20852	3170	7600344	7690650	1126034863022961
1174734	1159310	15424	4614	10869660	10577524	1126034875364773
1176960	1161652	15308	4075	9490024	9501680	1126034886328933
1176058	1159386	16672	1936	5771972	5221018	1126034893573973
1187586	1156762	30824	3810	9231114	8979880	1126034904289431
1173082	1157214	15868	4699	10973454	10743254	1126034916732839
1173210	1157810	15400	2703	7380276	6756254	1126034925586867
1188530	1158862	29668	571	3036846	2504298	1126034930108159
1014362	999158	15204	2121	5721560	5429486	1126034937139967
1032848	1015968	16880	204	2230908	1612792	1126034940700423
604166	589010	15156	653	2675184	2100322	1126034944285671
622468	605264	17204	4899	11150854	10593714	1126034956355883
282476	254474	28002	1951	5845604	4358054	1126034962781871
1184466	1160832	23634	1533	4687940	4423348	1126034968957797
1061464	990290	71174	875	3862880	2984952	1126034974178885
1175214	1158838	16376	1820	5407464	4999838	1126034981070571
1200806	1181596	19210	1624	5087666	4634224	1126034987668141
862428	843338	19090	4226	10272208	9499134	1126034999111671
1178040	1160890	17150	2530	6703962	6422032	1126035007303197
758800	742448	16352	287	2241042	1517594	1126035010611957
389412	372918	16494	2017	5405148	4609108	1126035016720511
480682	462462	18220	4637	11315286	9941208	1126035028829663
1023838	1008912	14926	3099	8143622	7406410	1126035038310655
897756	880264	17492	3072	7784952	7213712	1126035047290481
274216	258820	15396	4460	10965658	9366458	1126035058826877
1174600	1159958	14642	2320	6592008	5988220	1126035066895175
424190	394870	29320	3691	9189288	7980908	1126035076804709
1177846	1162482	15364	3515	8645932	8380854	1126035086930303
1175614	1159736	15878	1689	5157620	4730078	1126035093560023
757250	742660	14590	4036	9846804	9002254	1126035104461571
1181876	1160420	21456	3330	8642164	8014636	1126035114582121
329768	315092	14676	3527	8851830	7557702	1126035124067925
304242	203538	100704	4512	10877386	9501534	1126035135546287
1183798	1162374	21424	4272	10417268	9899886	1126035147443783
862324	846132	16192	2431	6430878	5897722	1126035155034241
1175180	1158882	16298	1271	4324594	3890030	1126035160831067
1118728	1102998	15730	270	2313004	1834276	1126035164566567
629328	613402	15926	1835	5363392	4471982	1126035170861121
1052514	1037810	14704	2272	6510430	5768456	1126035178720251
887808	871470	16338	1381	4592568	3825376	1126035184503525
6433838	6432062	1776	2583	6481526	11772624	1126035197715463
1248246	1168990	79256	4192	10353276	9816874	1126035209625871
1191866	1175102	16764	4268	10363916	9912168	1126035221491383
1177238	1158478	18760	2526	6855746	6414402	1126035229832711
1254108	1172992	81116	4175	10305564	9789902	1126035241701487
1179602	1162550	17052	1343	4382606	4050496	1126035247570811
1200444	1183384	17060	2034	6141176	5441880	1126035255209601
1308440	1159976	148464	894	3686062	3268770	1126035260501561
361348	345632	15716	3835	9590716	8203958	1126035270750365
981230	964178	17052	1528	4876878	4213950	1126035276910223
1173896	1156728	17168	3525	8854080	8399250	1126035287234813
1096798	1080974	15824	2292	6300402	5853322	1126035294927655
368734	352548	16186	421	2751684	1384244	1126035298345573
1175400	1159462	15938	1282	3916460	3911424	1126035303734181
1177224	1161982	15242	1609	4893234	4567970	1126035310101967
1175640	1157286	18354	4497	10942520	10342054	1126035322516413
1178342	1161300	17042	1542	4529732	4448152	1126035328533071
369382	352040	17342	1225	4040300	3003804	1126035333252047
1175602	1157278	18324	3580	9053136	8521366	1126035343790199
1176116	1159674	16442	371	2023460	2102432	1126035347298685
323792	307626	16166	2230	6268746	4967938	1126035354200309
509868	398394	111474	2381	6671278	5456988	1126035361690325
1175446	1158012	17434	2057	5925232	5474296	1126035369099841
473744	455006	18738	3524	8615504	7709792	1126035378498085
835224	817118	18106	2149	5945310	5318364	1126035385587525
1196948	1179626	17322	4944	11909394	11269520	1126035399003133
606032	588536	17496	3449	8836478	7677648	1126035408750149
507614	490306	17308	4539	10813698	9770286	1126035420385623
1176804	1159232	17572	192	1737312	1745438	1126035423608801
1178086	1160886	17200	2481	6299214	6347250	1126035431394031
1179038	1162018	17020	4389	10241488	10142602	1126035443122885
1179830	1165078	14752	2949	7671164	7263044	1126035452281501
286936	270990	15946	3720	9032934	7899176	1126035461898507
246144	214118	32026	4840	11449198	10099318	1126035473891643
1195648	1180176	15472	701	3258946	2770140	1126035478643097
1240124	1162570	77554	4793	11227644	10999350	1126035491411479
1176398	1158440	17958	2731	7065912	6811638	1126035499951675
1164976	1146716	18260	3654	9290870	8645992	1126035510704181
394262	377532	16730	3423	8851692	7412816	1126035520261541
1178734	1158054	20680	3618	9045458	8599916	1126035530793917
754020	736910	17110	937	3800148	2813304	1126035535663159
1179998	1162496	17502	2350	6698284	6064810	1126035543851063
1181438	1163502	17936	523	2639454	2412036	1126035547980499
1179064	1162546	16518	45	1353026	1454678	1126035550822087
811648	792870	18778	445	2268122	1887416	1126035554216629
208072	179066	29006	445	2644772	1282852	1126035557379023
1081630	1063552	18078	4271	9916916	9809280	1126035568686535
1174182	1159014	15168	4308	10324106	9963676	1126035580498855
1176446	1159090	17356	4659	11058096	10666722	1126035593031163
212058	183790	28268	598	3042578	1592768	1126035596594731
1177824	1161220	16604	2719	6810918	6802466	1126035604898443
303586	273620	29966	2527	6682526	5543076	1126035612194143
1177350	1158442	18908	2390	6511490	6142942	1126035620191811
1318400	1168000	150400	1682	5255496	4866940	1126035627074821
1174072	1158444	15628	1631	5262342	4608112	1126035633820349
1246246	1230438	15808	128	1730460	1674220	1126035637094485
1177124	1159834	17290	4569	10494388	10505502	1126035649063391
1177152	1160768	16384	126	1849500	1618602	1126035652399419
1174266	1157100	17166	87	1464010	1534074	1126035655346511
1182608	1162980	19628	3824	9517370	9016222	1126035666356725
635046	617606	17440	3739	9512246	8297814	1126035676813095
833494	816176	17318	3153	7961082	7325170	1126035685921491
598588	582090	16498	318	2324692	1419810	1126035689154581
278516	258756	19760	2058	5224240	4579864	1126035694966421
830694	813250	17444	3238	8218528	7494672	1126035704324539
478036	460772	17264	312	2643582	1286968	1126035707755845
1255964	1160622	95342	3157	7682892	7755972	1126035717003629
1173504	1158204	15300	3223	8226204	7792354	1126035726701069
1176284	1160714	15570	243	2020682	1835596	1126035730199821
1177146	1159398	17748	467	2088496	2299578	1126035733762683
1037654	1035640	2014	4652	10405486	10514424	1126035745503061
1205596	1186710	18886	4695	11359826	10768278	1126035758365041
1179544	1162142	17402	762	3127418	2889736	1126035762980927
735946	718556	17390	963	3937528	2847686	1126035767963327
1173994	1156930	17064	400	8965838	2158986	1126035778413299
1179178	1158946	20232	3189	7835200	7742128	1126035787736397
1171586	1155628	15958	4682	11499648	10720304	1126035800716599
1118514	1101302	17212	1819	5166854	4929882	1126035807303579
1264208	1244032	20176	895	3254656	3238320	1126035812131255
445836	429422	16414	320	2227792	1270644	1126035815112829
1181188	1161072	20116	3966	9439966	9301310	1126035826042141
226396	204224	22172	714	3071614	1839966	1126035829649277
1175724	1158422	17302	2764	7231380	6888132	1126035838364549
1177424	1160274	17150	1471	4706564	4305022	1126035844558219
1058126	1041940	16186	1798	5354720	4840278	1126035851284763
778040	763094	14946	3201	8093256	7352990	1126035860452577
309904	280870	29034	1900	5492772	4282472	1126035866552401
1172448	1157630	14818	4672	11242306	10688068	1126035879268845
348440	276972	71468	153	2301672	826514	1126035882216813
1175650	1158958	16692	3198	7750896	7744366	1126035891439943
1173512	1158664	14848	588	2813266	2522716	1126035895723813
1324832	1160948	163884	2721	6864336	6938990	1126035904209045
1197110	1171402	25708	1103	4038702	3576076	1126035909741287
1099790	1083258	16532	2384	6365974	6040674	1126035917503907
1183918	1168734	15184	2908	7465456	7173054	1126035926449955
1138144	1119064	19080	372	2560006	2054552	1126035930446161
576502	561096	15406	3139	7894496	7027970	1126035939214467
1176146	1159410	16736	1263	4423162	3874046	1126035945110043
1181732	1163492	18240	2561	6602782	6512436	1126035953191685
1271440	1254854	16586	1519	4989832	4495690	1126035959761371
1179072	1159602	19470	1868	5350058	5099554	1126035966598895
765672	748914	16758	3472	8699698	7895474	1126035976377463
355928	332350	23578	4907	11740042	10355438	1126035988781613
1230740	1160464	70276	4167	10113802	9751988	1126036000440213
286610	269784	16826	951	3622582	2362004	1126036004646061
435844	420996	14848	1851	5272306	4310214	1126036010655229
712126	697310	14816	1590	4888736	4065558	1126036016557467
1177052	1161994	15058	589	3142254	2528194	1126036021178383
391442	376762	14680	195	1880406	956680	1126036023746757
814600	797884	16716	2721	6799868	6431110	1126036031657103
342306	324586	17720	2067	5925808	4649242	1126036038221503
1174410	1157518	16892	2388	6768358	6122142	1126036046461527
1174724	1157644	17080	4887	11364670	11121512	1126036059297761
1185916	1167900	18016	4998	11500188	11355800	1126036072280867
1188406	1159796	28610	1048	3786498	3455990	1126036077551323
1183398	1166928	16470	388	2596418	2131442	1126036081628251
1176680	1160736	15944	4060	9921294	9470028	1126036093023477
182512	167066	15446	918	3469008	2194584	1126036096971281
1085022	1069854	15168	3950	9666322	9157130	1126036108019661
218914	201410	17504	3299	8215738	6989284	1126036116751511
1173076	1157070	16006	2518	6543482	6381674	1126036124769627
592062	576652	15410	1972	5691044	4708348	1126036131356525
402428	384894	17534	2965	7776192	6505590	1126036139832861
1126598	1110066	16532	4362	10315978	10023330	1126036151572935
1186830	1171442	15388	4345	10098506	10049304	1126036163155087
733126	717844	15282	252	2249668	1410170	1126036166435341
1173506	1156036	17470	2260	5886424	5878882	1126036173809807
1179226	1160638	18588	3056	7950740	7476382	1126036183249435
1175942	1159400	16542	1249	4396508	3859120	1126036189130109
689302	672622	16680	3482	8336992	7837746	1126036198465415
1176202	1158250	17952	578	3046772	2517454	1126036202996259
968932	949412	19520	3726	9356646	8606168	1126036213630901
965058	949610	15448	432	2363902	2001564	1126036217264881
1176474	1161564	14910	1476	4519956	4301440	1126036223258261
1189984	1160216	29768	1578	4974282	4518590	1126036229719841
393266	375578	17688	2249	6274594	5075880	1126036236697083
450132	431902	18230	4532	10848778	9699746	1126036248309831
1187514	1163068	24446	38	1900674	1449268	1126036251707191
546374	529220	17154	701	2482944	2133376	1126036255046027
831548	814136	17412	2883	7505344	6783148	1126036263691131
1187138	1169428	17710	3978	9897162	9329046	1126036275084651
339376	322308	17068	3495	8749004	7502294	1126036284478701
1177432	1161350	16082	3730	9269096	8809244	1126036295222645
1180460	1163888	16572	4538	10583710	10428260	1126036307283511
459580	442836	16744	1181	3704676	2998532	1126036311744863
1061450	1045790	15660	2714	7199414	6662058	1126036320302507
1163726	1148356	15370	1225	4441460	3786762	1126036326204757
1199386	1157934	41452	2628	7132570	6627818	1126036334834311
1232728	1215792	16936	4001	9532850	9408494	1126036345901723
1178240	1159242	18998	1268	4526432	3899938	1126036351915167
1176406	1159898	16508	1116	3936412	3593556	1126036357337295
1180810	1162820	17990	4282	10241596	9930420	1126036369069621
1175342	1158366	16976	493	2891686	2346510	1126036373446111
967244	950890	16354	556	2761966	2265564	1126036377483975
1177964	1161242	16722	4864	11453112	11091762	1126036390424591
1182428	1167118	15310	3641	9176832	8637798	1126036401092867
1182014	1165676	16338	3694	8962380	8747100	1126036411534365
943938	929140	14798	3797	9380732	8711486	1126036422156237
1332070	1315912	16158	360	2611154	2224874	1126036426396311
1182604	1165578	17026	3414	8576948	8183394	1126036436452763
1178800	1159564	19236	2952	7598902	7256242	1126036445526909
1030220	1014472	15748	4922	11452720	11046032	1126036458306221
1188736	1162232	26504	998	3887798	3358344	1126036463678685
885442	866924	18518	2081	5936228	5219292	1126036470797333
1172314	1157856	14458	121	1924284	1587788	1126036474196213
641628	625870	15758	741	2676732	2296282	1126036477811467
1174482	1159680	14802	2532	6765472	6411442	1126036486048271
1173956	1158688	15268	1722	4746080	4790964	1126036492265717
1172862	1158218	14644	58	1723030	1461636	1126036495458579
1303098	1162322	140776	1754	4902752	5002114	1126036501960863
1077494	1060916	16578	2074	5849950	5411168	1126036509197221
1176642	1160054	16588	2597	7008432	6555176	1126036517692279
1176168	1159190	16978	2080	6143574	5520904	1126036525321757
1304214	1158852	145362	1836	5410432	5162018	1126036532345757
367808	349862	17946	130	1980836	813114	1126036535003339
1175922	1157256	18666	2069	5535318	5498552	1126036542023395
1176170	1157650	18520	2678	7272566	6716994	1126036550781579
1174946	1157558	17388	4911	11560362	11183080	1126036563830259
1177174	1158798	18376	1080	4020186	3521844	1126036569336435
777360	758130	19230	967	3262192	2899714	1126036573684597
1172326	1156856	15470	2463	6744826	6272032	1126036581907403
1180504	1158872	21632	1022	3492342	3396536	1126036586877525
1171862	1156642	15220	3603	8988112	8554584	1126036597334775
1179922	1162460	17462	1355	4361578	4062424	1126036603172827
1248574	1231818	16756	3710	9117846	8840530	1126036613837403
471864	454940	16924	4999	11728358	10641908	1126036626334597
5572022	5570238	1784	3502	8998496	12748684	1126036641200663
997474	980430	17044	163	2181774	1509222	1126036644694151
1098726	1080296	18430	2809	6990732	6901912	1126036653097361
443150	424912	18238	1627	5184684	3881610	1126036659033755
821942	803512	18430	2610	6873650	6229408	1126036667038461
1194918	1175550	19368	3908	9740982	9196380	1126036678283371
533944	516862	17082	288	2394420	1294438	1126036681520351
1171562	1156492	15070	3458	8269206	8259932	1126036691267779
1174778	1159608	15170	299	2235924	1946072	1126036694974961
1181002	1165836	15166	986	3658118	3329070	1126036700111167
582164	566990	15174	2761	7282036	6276190	1126036708272263
1175276	1159926	15350	3415	8732908	8177446	1126036718477295
236106	216000	20106	1169	4281866	2747622	1126036723292103
1174858	1158786	16072	2529	6702358	6405646	1126036731466763
1173692	1158906	14786	2766	7230148	6878212	1126036740167531
578182	562744	15438	3818	9363070	8386126	1126036750405947
379454	364732	14722	1750	5384436	4052706	1126036756467191
1177184	1161880	15304	2372	6661432	6094138	1126036764602861
1176902	1161884	15018	1229	4106582	3807698	1126036770190547
1177174	1158900	18274	4289	10522296	9928308	1126036782186691
325578	310262	15316	3973	9654012	8444026	1126036792463011
938592	920990	17602	3125	7977658	7362478	1126036801675989
623320	606676	16644	1993	5912760	4783086	1126036808508779
1180780	1161690	19090	1045	4084790	3455586	1126036814082191
414812	397476	17336	4853	11522534	10306074	1126036826328117
1173918	1156888	17030	533	3055732	2425594	1126036830867197
1181332	1163358	17974	615	2832484	2596238	1126036835190597
1331502	1315032	16470	392	2285368	2303484	1126036839116735
723840	707234	16606	1915	5477534	4738368	1126036845627019
1266792	1166682	100110	3939	9607508	9330766	1126036856809783
608658	585532	23126	2399	6508266	5580218	1126036864231547
738280	722354	15926	503	2429742	1917082	1126036867697139
319254	303930	15324	766	2902940	2042780	1126036871216115
927478	911774	15704	256	1866978	1614624	1126036874308301
1178586	1160888	17698	2662	7122296	6674948	1126036882907343
1180204	1165246	14958	4682	11196400	10716390	1126036895580863
1177318	1160066	17252	2947	7362388	7245126	1126036904418047
1178062	1159988	18074	3937	9512290	9236920	1126036915416695
333766	315886	17880	1218	3876572	2955938	1126036919936375
658022	641340	16682	367	2527310	1577314	1126036923430579
1176036	1158994	17042	4643	10654898	10647030	1126036935570523
1108386	1093074	15312	3985	9843946	9263044	1126036946830647
844332	826866	17466	1715	5007678	4446274	1126036952984571
1178710	1163016	15694	948	3580868	3251474	1126036958040925
1187490	1170966	16524	1741	5019282	4841614	1126036964543607
846094	827270	18824	3084	8271582	7189426	1126036973962275
806664	789256	17408	1612	4998600	4215228	1126036980076789
1272676	1255578	17098	82	1939106	1622828	1126036983596789
852132	834938	17194	541	2304414	2119916	1126036987062205
1176884	1159778	17106	1064	3861028	3490002	1126036992408909
203590	184910	18680	1438	4581988	3264588	1126036997503613
963284	946256	17028	4076	9761910	9300310	1126037008537229
854924	837304	17620	224	2176606	1488316	1126037011882837
646598	631886	14712	447	2246612	1713530	1126037015082343
1175454	1158456	16998	757	3350674	2862078	1126037019905189
398588	338576	60012	4618	10753676	9807756	1126037031354227
1173514	1157050	16464	436	2961876	2218938	1126037035787131
1250664	1191634	59030	3427	8487526	8276512	1126037045822171
1174288	1159118	15170	270	2334680	1886782	1126037049627797
1177294	1159880	17414	3861	8802226	9076408	1126037059904721
823616	806510	17106	2504	6802136	6004010	1126037067826987
1021426	978090	43336	748	3248976	2689992	1126037072394847
1189046	1161032	28014	979	3697908	3333164	1126037077590429
1176018	1158546	17472	2357	6241946	6076102	1126037085317361
1289210	1194050	95160	43	1723752	1559274	1126037088638511
291748	273296	18452	4633	10636636	9742446	1126037099880981
1177648	1160940	16708	2468	6762052	6298630	1126037108130791
1198648	1159310	39338	1151	4091404	3686144	1126037113729775
1184214	1165724	18490	3447	8767052	8262046	1126037123989261
1177260	1159896	17364	3099	7825368	7559712	1126037133300241
1177364	1159170	18194	1272	4203466	3906120	1126037138990309
682206	666210	15996	4199	10001612	9255864	1126037149982957
564412	545748	18664	1753	5259010	4243042	1126037156103221
524914	508170	16744	3094	7985266	6899086	1126037164921631
1186618	1162848	23770	2978	7591834	7331990	1126037174009271
812642	794798	17844	4698	10962506	10393222	1126037186093223
1184322	1166696	17626	3538	8900086	8445530	1126037196486813
1097472	1081144	16328	1790	5368440	4862632	1126037203261789
909332	892844	16488	184	2028622	1449106	1126037206497615
1175090	1158080	17010	2449	6001664	6245020	1126037213971333
1192516	1170586	21930	4167	10046396	9700082	1126037225506677
1176224	1159256	16968	2790	7309614	6929480	1126037234290309
793742	773778	19964	8	1647024	982042	1126037237027647
533260	517996	15264	345	2046654	1396384	1126037239903319
1176532	1158016	18516	2434	6621758	6228590	1126037248014629
1249274	1162008	87266	1518	4527100	4470510	1126037254099339
3841396	3837194	4202	3876	9759380	11778370	1126037268009389
1178202	1160564	17638	475	2598578	2314354	1126037272094147
943716	924188	19528	628	2942748	2384880	1126037276289613
1178062	1160772	17290	3792	9213876	8947046	1126037286989859
1186474	1169210	17264	2114	6037592	5598478	1126037294522215
1175310	1158790	16520	2550	6841222	6449020	1126037302844871
929052	910040	19012	138	1956174	1378374	1126037306026583
287678	271544	16134	4150	9655682	8760246	1126037316267121
1170892	1156160	14732	2659	7161254	6662578	1126037324896301
1176026	1161510	14516	1973	5930986	5294934	1126037332299383
1178092	1159436	18656	3768	9107472	8887178	1126037342881371
1175332	1158890	16442	4173	10097146	9696218	1126037354450499
1178912	1162030	16882	2066	5942124	5483418	1126037361868015
701652	686396	15256	157	2188358	1188528	1126037365054757
1008402	993006	15396	3739	8833234	8660480	1126037375193423
1135006	1120216	14790	2993	7740886	7293542	1126037384365951
1248774	1161494	87280	728	3151196	2878378	1126037389063823
275270	256314	18956	183	2282156	826760	1126037391930255
1272102	1253298	18804	4562	10542080	10581378	1126037404053019
1176500	1158392	18108	1618	5219426	4597632	1126037410757349
568944	552488	16456	970	3884054	2697380	1126037415523755
598188	581096	17092	4618	10943920	10019236	1126037427374905
496532	480148	16384	358	2568692	1398250	1126037430749221
1193294	1162280	31014	1157	3687416	3692728	1126037435943965
1234934	1208034	26900	3241	8029924	7889006	1126037445517415
759258	743492	15766	4692	11096172	10315828	1126037457669629
230252	215190	15062	411	2805144	1225042	1126037461002619
663972	647626	16346	546	2465206	1941584	1126037464444421
1091638	1074180	17458	3644	9061180	8565170	1126037474906031
1177014	1160100	16914	4623	11222358	10608510	1126037487615267
1175174	1157098	18076	2433	6148288	6225634	1126037495247383
1178570	1161042	17528	3730	9401792	8824160	1126037506136721
1174464	1158332	16132	3606	8827314	8558676	1126037516446401
940148	925422	14726	3548	8990960	8208506	1126037526674007
1173542	1158420	15122	901	3685294	3151090	1126037531835357
424854	408582	16272	193	1675184	984218	1126037534232667
1176946	1161838	15108	897	3147090	3143194	1126037538854727
691722	670254	21468	687	3174114	2240920	1126037543017441
842880	824658	18222	4937	11583082	10888818	1126037555740503
1184098	1167782	16316	895	3590388	3147058	1126037560811687
1172648	1157386	15262	4204	10114226	9753344	1126037572400155
1175922	1160124	15798	1193	3983924	3735744	1126037577857381
7712514	7710270	2244	1157	4147178	10199722	1126037590013955
1187846	1168374	19472	1775	4912590	4921946	1126037596423307
787344	768202	19142	3359	8785154	7689880	1126037606304711
1175178	1157284	17894	2438	6857462	6235946	1126037614646491
726938	709444	17494	912	3681672	2736554	1126037619368223
1173754	1157470	16284	3817	9432420	8992858	1126037630282939
1178714	1160662	18052	1772	5131644	4908442	1126037636901845
1602336	1432052	170284	834	3318676	3458782	1126037642131425
1101678	1085186	16492	2446	6612546	6165866	1126037650142619
1095486	1078122	17364	3018	7893448	7304268	1126037659428451
1176866	1159388	17478	1080	4129954	3522358	1126037665043795
1175630	1159512	16118	326	2284118	2015854	1126037668812523
1195122	1161276	33846	2323	6609098	6027224	1126037676929981
1178256	1160630	17626	168	2050328	1702848	1126037680467069
884844	867964	16880	2089	5444672	5248148	1126037687105601
1079994	1062710	17284	2884	7748706	7034284	1126037696242695
1186764	1159812	26952	2153	5825626	5664504	1126037703561261
384726	366704	18022	2873	7738938	6303530	1126037711981299
477368	459432	17936	4577	10681872	9815128	1126037723449861
1177768	1160294	17474	2046	5961036	5455342	1126037730898199
1192166	1175726	16440	3282	8380008	7940524	1126037740780533
333072	316230	16842	2183	5769618	4882776	1126037747197361
1176490	1157738	18752	1024	3528238	3448090	1126037752210735
1172286	1155976	16310	3381	8595140	8119588	1126037762286351
1175426	1160704	14722	2619	6824898	6587328	1126037770583445
1149302	1129614	19688	2207	5988230	5735858	1126037778025231
1175312	1159506	15806	2764	7081546	6876248	1126037786579343
1201438	1184626	16812	1235	3812750	3855780	1126037791907395
1180844	1162044	18800	4500	10851494	10365864	1126037804248721
1176038	1158782	17256	2002	5892674	5364944	1126037811627847
322404	304792	17612	758	3370742	2023178	1126037815630175
1101310	1084466	16844	1917	4945492	5141610	1126037821986999
418574	400802	17772	4866	11419888	10334916	1126037834134091
731758	717188	14570	1565	5027210	4033894	1126037840189221
1177094	1160174	16920	2710	7011322	6768834	1126037848674493
977796	948684	29112	3802	9097340	8755630	1126037859051141
964526	949226	15300	3889	9495522	8915290	1126037869807787
836452	820154	16298	1803	5231336	4614222	1126037876171675
958120	942336	15784	3098	8128582	7327810	1126037885555243
371172	355034	16138	377	2809428	1298810	1126037889032253
1189322	1172672	16650	2894	7162494	7163072	1126037897696501
1179718	1162800	16918	1815	4882538	4994404	1126037904066821
1174708	1157920	16788	697	2869052	2754364	1126037908419807
1276030	1258872	17158	2187	6024412	5835280	1126037916029069
966128	949462	16666	3418	8311676	7987184	1126037925617079
1190556	1172798	17758	1080	3900034	3536258	1126037931017461
1207894	1162820	45074	4588	10896524	10557474	1126037943430599
1178790	1161788	17002	1679	5155684	4708320	1126037950061445
1174658	1159744	14914	3070	8034150	7487166	1126037959567215
255470	239606	15864	785	3151892	1997038	1126037963272023
1138914	1122924	15990	2971	7763406	7254052	1126037972471375
418664	403030	15634	1889	5414366	4370506	1126037978601075
1174074	1158878	15196	3379	8543710	8104394	1126037988620407
1310810	1160678	150132	1766	5127556	5014478	1126037995359131
931802	913822	17980	3274	8482168	7652862	1126038005070023
225728	203528	22200	1153	3890928	2706192	1126038009483903
1179750	1163216	16534	1844	5507256	5040290	1126038016467883
437568	420592	16976	4103	9795712	8816674	1126038026997629
1179806	1160474	19332	2491	6743192	6334526	1126038035217795
1173462	1158090	15372	2528	6769104	6401890	1126038043457403
1177630	1162166	15464	2361	6451266	6073436	1126038051383515
779026	761766	17260	3613	8738890	8176976	1126038061196801
1172540	1156894	15646	4592	10791768	10529602	1126038073458245
1205650	1190374	15276	3249	8234546	7877498	1126038083195295
645590	630738	14852	4848	11427380	10515122	1126038095565131
1176286	1161638	14648	965	3630206	3279220	1126038100667791
1189954	1159666	30288	2984	7429874	7329964	1126038109589375
1192092	1160164	31928	3223	7944330	7810910	1126038119021441
400842	250246	150596	2530	6606598	5635964	1126038126326255
506000	487572	18428	2681	6766744	6053896	1126038133907341
1173622	1156914	16708	1560	4829254	4478162	1126038140218899
1077286	1058922	18364	3364	8690806	7990886	1126038150296523
242116	212114	30002	3365	8573826	7157676	1126038159421293
599510	581710	17800	3213	8292380	7209680	1126038168622575
1176290	1159940	16350	1309	4318428	3979958	1126038174431227
208542	180678	27864	3605	9011138	7591366	1126038183947379
870206	853834	16372	360	2449810	1762990	1126038187565027
1178992	1162124	16868	4757	10886290	10882340	1126038199927709
1088678	1061904	26774	142	1932502	1544978	1126038203245403
314816	298952	15864	2001	5104128	4489666	1126038208961501
1182634	1164180	18454	3810	9594634	8974742	1126038220035211
1176712	1157662	19050	1020	3623870	3388564	1126038225133377
621920	603962	17958	3852	9059416	8512038	1126038235124503
1072948	1056492	16456	56	2092728	1370814	1126038238599491
988812	971076	17736	4159	9687918	9492652	1126038249593301
1176308	1159770	16538	3229	8333664	7819026	1126038259412715
1267256	1160522	106734	375	2668706	2202596	1126038263657621
1179678	1159238	20440	1427	4606390	4219138	1126038269751995
5282366	5280554	1812	3318	8489976	12102822	1126038283834503
1174220	1157744	16476	88	1759796	1534436	1126038287082395
1191852	1172990	18862	3309	7790416	7996578	1126038296373955
474292	456360	17932	4516	10700052	9691620	1126038307858325
408900	391404	17496	4325	10366196	9243174	1126038318942845
1213934	1197542	16392	1821	5410012	5040084	1126038325875847
1186902	1169922	16980	52	1981992	1464724	1126038329350675
1175878	1158400	17478	4542	10148132	10445358	1126038340987661
701578	684550	17028	291	2617270	1468616	1126038344615307
243410	211856	31554	3259	7887224	6947144	1126038353059093
1181326	1161282	20044	4029	10031874	9424938	1126038364580915
1176572	1159100	17472	4554	11179572	10474048	1126038377254085
1174698	1159480	15218	2045	5562046	5438032	1126038384300037
1172172	1157438	14734	2378	6396276	6100454	1126038392165451
658160	641248	16912	3803	9512908	8437462	1126038402633351
1172896	1158088	14808	2660	6961098	6665110	1126038411070015
737310	720994	16316	4020	9419324	8949342	1126038421524351
389420	373580	15840	3310	8171146	7182594	1126038430382397
1062816	1047530	15286	3669	9067592	8572854	1126038440809723
1174882	1157466	17416	3489	8726966	8333622	1126038451013711
887044	871192	15852	640	3043578	2340624	1126038455241841
1175650	1160434	15216	1712	4996398	4772286	1126038461710411
1175798	1159248	16550	2758	7168308	6864738	1126038470350591
336880	318786	18094	1168	3989410	2858582	1126038474985637
1175972	1159418	16554	780	3478692	2921292	1126038479948717
1283874	1171574	112300	278	2421186	2024432	1126038483962551
1176506	1158400	18106	4858	11307316	11077874	1126038496755103
1176532	1159450	17082	2826	7244094	7013536	1126038505489061
204458	173066	31392	2268	6104966	4924940	1126038512106917
1198434	1179850	18584	3785	9491178	8953400	1126038523104831
1313066	1271630	41436	4697	10883910	10881534	1126038535679243
598756	470968	127788	2197	6011956	5164956	1126038542586869
1175180	1159110	16070	4071	9564896	9490754	1126038553629239
1185570	1170328	15242	3753	9290018	8864782	1126038564401527
1179572	1161048	18524	1188	4178772	3727522	1126038570057511
1174746	1160188	14558	1912	5310942	5172908	1126038576840637
439960	425512	14448	698	3015992	2009830	1126038580593799
1294246	1277600	16646	2219	6308554	5905014	1126038588498031
1178582	1163504	15078	4056	9851784	9463290	1126038599824283
660290	644100	16190	2425	6910558	5682832	1126038607691925
1181134	1165934	15200	2190	5989076	5734324	1126038615158711
1260802	1161182	99620	308	2618604	2047822	1126038619334347
666550	651204	15346	2187	5869652	5212554	1126038626182013
1174140	1159360	14780	1406	4416190	4159944	1126038632069601
1172902	1157502	15400	1209	4277128	3763328	1126038637816311
1174320	1159438	14882	2610	6683160	6567616	1126038645969655
1182648	1167924	14724	201	1934354	1756470	1126038649383941
1178532	1160042	18490	1784	4969310	4954244	1126038655845927
1178706	1160070	18636	2659	7370650	6681188	1126038664704031
8223430	8221580	1850	2130	5869506	12668580	1126038679110717
537742	517472	20270	1284	4489976	3290566	1126038684446871
1272104	1166928	105176	2430	6803576	6317150	1126038692831189
725340	707904	17436	4695	11262416	10299850	1126038705128351
1177834	1160020	17814	4905	11459994	11173828	1126038718074739
1177394	1160898	16496	2076	5879088	5515050	1126038725440255
1190890	1173304	17586	2692	7630984	6760200	1126038734571645
1191050	1171058	19992	3880	9598850	9141118	1126038745683785
600354	581404	18950	3979	9859458	8748622	1126038756457019
1102438	1083884	18554	4091	10060250	9474150	1126038767933013
1231890	1215018	16872	551	2918376	2523000	1126038772396431
1055420	1036910	18510	1069	3964518	3382456	1126038777727901
1032578	1015636	16942	3150	7719596	7522322	1126038786792999
1182564	1164754	17810	3413	8535284	8200294	1126038796828935
334912	316504	18408	1759	5068640	4042250	1126038802545223
1178898	1161236	17662	1770	5524874	4911176	1126038809567121
1176344	1157106	19238	4588	10713318	10542456	1126038821768523
829312	812320	16992	1953	5568960	4924186	1126038828479421
1292016	1273974	18042	4215	10314710	9911974	1126038840398053
1061178	1043462	17716	4713	10979538	10677780	1126038852751103
633406	547502	85904	2835	7584274	6496618	1126038861287271
992100	975200	16900	308	1956484	1801680	1126038864547957
988622	971376	17246	4377	10497750	9932362	1126038876350363
562812	546668	16144	2844	7529656	6439074	1126038884754481
951044	934136	16908	137	2048170	1418240	1126038888070701
1179706	1161658	18048	1670	4716622	4709594	1126038894279307
1180926	1162732	18194	4240	10109964	9850682	1126038905882455
1175798	1156836	18962	4037	9788834	9439702	1126038917159199
1181130	1163020	18110	3400	8595758	8170946	1126038927248495
1176200	1159300	16900	120	1962904	1606708	1126038930699517
1177488	1160242	17246	2891	7022544	7149100	1126038939218733
1179362	1162178	17184	3402	8045586	8173374	1126038948790561
1181152	1161664	19488	4914	11346216	11197596	1126038961674253
1447568	1161874	285694	4014	9467040	9664582	1126038972902575
