# Loop @ Start frequency 3100000Hz took 709.32 cycles
# Interval [708 ; 711]
# Q1 : 706 ; Q3 : 708
# Loop @ Target frequency 1300000Hz took 1640.65 cycles
# Interval [1635 ; 1646]
# Q1 : 1630 ; Q3 : 1634
# Confidence intervals do not overlap, alternatives are statistically different with selected confidence level
Change time (with write) [cycles]	Change time [cycles]	Write cost [cycles]	Wait time [us]	Time since last frequency change request [cycles]	Time since last frequency change [cycles]	Detected frequency change timestamp [cycles]
662214	632536	29678	3567	220447464	219944858	1126233339581027
1177318	1159326	17992	4812	11266964	10987034	1126233352378007
310218	280866	29352	907	3359364	2310274	1126233356394891
1165068	1147060	18008	3036	7752200	7423182	1126233365659691
1178354	1161076	17278	4996	11821470	11354656	1126233379006881
1173656	1158268	15388	2463	6913864	6287802	1126233387447973
1174878	1159450	15428	4156	9697426	9659042	1126233398655099
1176550	1159572	16978	3982	9670966	9312800	1126233409838699
238552	210610	27942	4075	9546042	8561528	1126233419958647
1192750	1177206	15544	3998	9709910	9361156	1126233431196747
919838	901282	18556	3427	8497984	7946080	1126233440955891
1174998	1157472	17526	2191	6146260	5742160	1126233448624977
1177582	1160422	17160	4544	11024292	10450212	1126233461173479
1182198	1163744	18454	3891	9467392	9148914	1126233472189995
373984	356828	17156	4101	10097320	8761162	1126233483007561
1186530	1170916	15614	3295	8500900	7948942	1126233493036035
841234	742932	98302	2535	6833032	6084584	1126233501054673
1175052	1159972	15080	27	1339624	1401796	1126233503914413
1178682	1163866	14816	2511	6031810	6372714	1126233511460059
1180560	1165824	14736	4626	10939734	10608944	1126233523915873
663458	646808	16650	4697	11295966	10230526	1126233536210657
1191672	1171440	20232	4859	11613670	11083116	1126233549351193
1179272	1162582	16690	1572	5042430	4508044	1126233555920429
815008	797486	17522	447	2282770	1895260	1126233559366125
1177568	1159554	18014	3556	8811990	8476880	1126233569702627
1182214	1165392	16822	4871	11468412	11110432	1126233582701165
822952	806312	16640	3275	8013862	7559090	1126233591885733
513968	498872	15096	1540	4809562	3767632	1126233597544709
1177152	1160486	16666	3078	8025742	7506312	1126233607081807
1180074	1164944	15130	1572	4629408	4497400	1126233613236693
1323396	1168308	155088	1286	4088924	4069186	1126233618989955
1178514	1162138	16376	4158	10290220	9667648	1126233630792993
1199316	1179998	19318	156	2079892	1683856	1126233634407773
776850	759278	17572	590	2587042	2161642	1126233638123379
1139482	1122390	17092	1788	5403888	4901074	1126233645013931
1179894	1162618	17276	4822	11572568	11008260	1126233658120291
1178172	1159516	18656	271	2278508	1905014	1126233661924549
1179042	1162166	16876	2722	7009530	6807782	1126233670459319
1184786	1164880	19906	3041	7827984	7451388	1126233679818999
1180784	1164196	16588	1519	4719312	4405032	1126233686066977
1175138	1158250	16888	1506	4596062	4371796	1126233692185263
1175958	1158186	17772	4306	10425988	9973256	1126233704133993
1181194	1162206	18988	3273	7920444	7912682	1126233713583147
1062996	1045262	17734	1904	5567116	5056644	1126233720560899
1181480	1163054	18426	2294	6306256	5941682	1126233728393239
1173808	1157508	16300	1597	4977362	4540480	1126233734879485
1077514	1061976	15538	2113	6146412	5477120	1126233742439137
289642	271734	17908	412	2672592	1287022	1126233745737239
1120634	1104112	16522	138	1635368	1573846	1126233748828201
297166	268748	28418	3347	8346934	7163768	1126233757806653
1186838	1163860	22978	16	1761488	1392824	1126233761090315
1172930	1158448	14482	1746	4722480	4837830	1126233767328371
519562	503512	16050	4935	11583318	10564900	1126233779776893
1048384	1033192	15192	3464	8602000	8149640	1126233789761629
1075288	1058750	16538	3745	9092388	8738220	1126233800264469
1256562	1159430	97132	2732	7312838	6892312	1126233809169681
1177882	1158758	19124	1498	4527318	4347080	1126233815215053
1092926	1072448	20478	4146	9997302	9570452	1126233826658041
1179262	1161758	17504	1096	4018184	3556930	1126233832202327
675082	657518	17564	1260	4133862	3379790	1126233837358087
1188258	1171260	16998	4117	10204514	9606770	1126233849097213
1327652	1188594	139058	2011	5669162	5535058	1126233856446527
1205712	1162286	43426	172	2143706	1722106	1126233860142451
1009822	994014	15808	2268	5791384	5734836	1126233867278515
1181144	1161272	19872	4094	9897626	9542440	1126233878697709
1150868	1134710	16158	745	2963024	2814622	1126233883147395
1174244	1157444	16800	2672	6881956	6690742	1126233891544721
1188506	1171036	17470	3355	8444606	8071818	1126233901512939
224490	206370	18120	1239	4180178	2874798	1126233906252867
1175654	1160274	15380	4099	10118528	9545820	1126233917881947
1177160	1160548	16612	3278	8002702	7906686	1126233927397377
1180578	1165202	15376	2673	7130484	6699446	1126233936042715
1184098	1163144	20954	2143	6059914	5642470	1126233943622179
617884	603220	14664	1737	5118786	4266150	1126233949693909
1176526	1160562	15964	1406	4489118	4161984	1126233955694547
1043446	1023026	20420	797	3473550	2810942	1126233960547407
1333328	1315920	17408	643	3253466	2792836	1126233965469387
1102186	955106	147080	3558	9100402	8403352	1126233976018155
1176266	1159196	17070	4047	9742642	9454926	1126233987284155
1175140	1157222	17918	882	3517170	3127680	1126233992328989
850450	833418	17032	2473	6876332	5982436	1126234000402235
759308	742478	16830	1585	5059184	4115570	1126234006567053
1172784	1158082	14702	2540	6837832	6437214	1126234014924335
1175252	1160000	15252	4264	10177788	9876090	1126234026612713
1174664	1157736	16928	2738	7320040	6824392	1126234035442051
797086	780286	16800	2733	7126416	6438118	1126234043700411
1174242	1157596	16646	4271	10241672	9888590	1126234055451509
1184688	1164490	20198	2902	7530100	7161420	1126234064501863
1175676	1160844	14832	3628	8963376	8604238	1126234074974789
520136	503882	16254	3111	7888444	6914502	1126234083717173
1174110	1158912	15198	266	2191200	1878270	1126234087417121
1178252	1160452	17800	4833	11416968	11019898	1126234100347133
1186038	1169776	16262	157	1848882	1671808	1126234103716921
1277916	1162900	115016	226	1520978	1919696	1126234106850873
1177060	1158988	18072	1531	5100796	4424612	1126234113475949
1179556	1162802	16754	3004	7660444	7377132	1126234122662401
1177682	1159212	18470	3731	9368614	8825774	1126234133556451
407564	390674	16890	4131	9633538	8854948	1126234143944227
364504	347900	16604	3481	8659868	7512358	1126234153315001
204348	186316	18032	587	2844950	1551830	1126234156704801
1186154	1168372	17782	4252	9858046	9862370	1126234168084533
1248234	1159906	88328	3693	9089098	8806992	1126234178756527
1184814	1168212	16602	3638	9034650	8633378	1126234189311051
1179270	1163176	16094	2737	7361740	6827130	1126234198193427
1172540	1157670	14870	1854	5437456	5054568	1126234205138623
1178482	1163378	15104	262	1965644	1876310	1126234208622539
183942	168458	15484	2312	5622140	4979358	1126234214763955
328618	313204	15414	533	2748340	1566620	1126234218176617
1179370	1163334	16036	3593	8545256	8537658	1126234228237307
1298026	1160426	137600	99	1653716	1669542	1126234231523931
1175332	1157638	17694	4288	9972978	9941762	1126234243007275
1175722	1157628	18094	4109	9812826	9578530	1126234254347559
1185910	1164196	21714	2408	6687692	6187186	1126234262567669
1181026	1163682	17344	3027	7846746	7419924	1126234271942703
1199366	1181248	18118	4985	11929726	11353146	1126234285418841
1213732	1192294	21438	678	3369476	2742026	1126234290337179
1177408	1159374	18034	2117	6213790	5596638	1126234298074907
1178954	1160678	18276	2293	6175678	5950730	1126234305776387
249836	178078	71758	1789	5302718	4012376	1126234311675233
1198614	1176334	22280	914	3750970	3211606	1126234316971995
1326550	1168616	157934	4153	10227730	9817122	1126234328873801
747126	729754	17372	1515	4941822	3961868	1126234334908349
1177042	1158876	18166	1040	3762770	3442640	1126234340194213
1180856	1162206	18650	4496	10407076	10358108	1126234352129933
6986470	6984582	1888	3415	8802188	14002182	1126234368265515
1187742	1166738	21004	4104	9992742	9581950	1126234379792627
404408	385874	18534	3390	8562650	7369252	1126234389107213
1181498	1159478	22020	3186	8010458	7738568	1126234398652253
1180614	1163830	16784	4864	11421924	11093966	1126234411601223
1182924	1167008	15916	3823	9572424	9014172	1126234422703349
408538	392664	15874	4098	9809492	8776430	1126234433254903
1174168	1158980	15188	155	1700956	1656292	1126234436470513
937556	922346	15210	3875	8988590	8861146	1126234446731833
1177976	1161492	16484	4861	11566000	11073322	1126234459812137
1194212	1176544	17668	2928	7550028	7222034	1126234468890293
1175156	1158876	16280	110	1571032	1567550	1126234471971239
1190576	1166160	24416	1900	4905820	5185256	1126234478402733
1176644	1157712	18932	4545	10908266	10451548	1126234490832709
1193958	1174864	19094	3369	8186898	8136326	1126234500559755
305958	280492	25466	2297	6558038	5086030	1126234507769859
1176784	1159824	16960	4406	10557502	10174364	1126234519850595
389294	372228	17066	787	3342550	2149482	1126234523929085
1008210	990638	17572	3521	8748662	8222270	1126234534027827
1104070	1088386	15684	2005	5917216	5287268	1126234541383619
1245010	1161656	83354	1318	4159046	4053544	1126234547122629
1176570	1158434	18136	4294	10134466	9949590	1126234558786099
757298	740974	16324	824	3150550	2591088	1126234563040795
1234956	1079874	155082	1278	3904908	3976684	1126234568534417
1059348	1026204	33144	2680	7048204	6605148	1126234576988753
816220	797866	18354	1094	4180496	3191096	1126234582339567
1193678	1178402	15276	3047	8078722	7472342	1126234591958839
898598	881866	16732	162	2217920	1394922	1126234595409719
1178748	1159070	19678	1420	4195110	4191648	1126234601117853
1173396	1158906	14490	1616	4631226	4577578	1126234607262435
867276	850000	17276	4621	11124522	10285736	1126234619598327
1161190	1121976	39214	1886	5684142	5118250	1126234626792199
925076	904236	20840	4189	10146518	9488576	1126234638209977
1175118	1157894	17224	4642	10673956	10644502	1126234650405955
491034	475246	15788	2200	6215972	5076374	1126234657459699
1188538	1165442	23096	4100	10061742	9561404	1126234669045093
1177952	1162080	15872	3859	9243836	9067554	1126234679806457
1187668	1170386	17282	1704	4899064	4769150	1126234686228127
1175414	1159010	16404	4153	10057078	9652828	1126234697795773
691750	675936	15814	3768	9281194	8400432	1126234708104029
1206384	1188710	17674	2718	7368892	6816232	1126234717014601
1179652	1161574	18078	3756	9174624	8863890	1126234727709767
1182804	1166466	16338	1692	5127258	4740744	1126234734354881
1055714	1040900	14814	4481	10566364	10190598	1126234746311711
758056	742378	15678	1863	5255850	4657450	1126234752659979
1076238	1058930	17308	2575	7026734	6398784	1126234761098103
363756	348060	15696	1574	4886878	3683802	1126234766691573
1181004	1163564	17440	4855	11564362	11064140	1126234779772743
912506	897684	14822	44	1972458	1171846	1126234782992199
1175436	1157644	17792	4716	10791800	10781694	1126234795301053
448738	432864	15874	3488	8580960	7597430	1126234804674259
1179542	1164966	14576	2537	6774304	6426994	1126234812963013
340578	323662	16916	3773	9150140	8059380	1126234822787971
657080	639090	17990	320	2433978	1546500	1126234826214509
1219668	1188412	31256	1013	3107826	3417884	1126234830877133
1187378	1168364	19014	613	3143548	2598872	1126234835554789
1189668	1171558	18110	4795	11325820	10965316	1126234848416973
1176444	1157956	18488	1000	3372544	3362288	1126234853313721
1181806	1162716	19090	2181	6082710	5732026	1126234860931029
1145800	985888	159912	4979	11417978	11288348	1126234873842805
1177630	1160802	16828	1799	5369164	4948452	1126234880724571
1247330	1231034	16296	1483	4459958	4385786	1126234886766235
225596	188402	37194	1306	4157810	3009574	1126234891484451
1180404	1163688	16716	1083	3898508	3519144	1126234896899257
1189314	1159016	30298	2629	6955200	6620272	1126234905378205
1195332	1169938	25394	847	3585952	3074100	1126234910506171
375240	352576	22664	3437	8511010	7434062	1126234919740011
1177968	1160536	17432	2324	6652020	6010534	1126234927916685
616556	599212	17344	2335	6325028	5472738	1126234935205229
1175496	1159280	16216	4813	11312710	10987650	1126234948045933
1178828	1161832	16996	4546	10772356	10443020	1126234960333189
1199340	1174736	24604	3083	7873520	7538044	1126234969741617
725210	709784	15426	4348	10494178	9593340	1126234981295395
1251508	1161462	90046	1639	4601918	4702306	1126234987491667
1190396	1175796	14600	4708	11203776	10778618	1126235000220429
1179390	1162752	16638	3991	9286634	9333800	1126235011021361
1199174	1183984	15190	895	3391096	3161852	1126235015955109
1140670	1122170	18500	130	1991510	1572758	1126235019422587
925814	910408	15406	3547	8452026	8192244	1126235029135619
1159942	1141546	18396	2350	6480112	6032924	1126235037117681
874260	858670	15590	3611	9225100	8271550	1126235047559937
1181146	1160798	20348	3071	8076846	7496162	1126235057152771
442810	328328	114482	3121	7960936	6857976	1126235065898353
1219764	1203704	16060	3537	9007996	8466738	1126235076461207
1262944	1167406	95538	1541	4458924	4517254	1126235082518367
835256	817508	17748	4851	11648322	10710970	1126235095336579
281512	266150	15362	3520	8804088	7498798	1126235104756755
273236	256884	16352	3752	9274566	7951042	1126235114640413
1177666	1162830	14836	1926	5715952	5201946	1126235121868783
8771768	8769954	1814	4751	11055466	18447606	1126235142030805
322570	304570	18000	2108	6049774	4723430	1126235148749567
471372	455304	16068	3409	8566572	7474162	1126235158134309
598782	582310	16472	1582	4722724	3948752	1126235163801659
1085924	1069574	16350	1307	4333322	3885910	1126235169568801
722140	705042	17098	3269	7919646	7446542	1126235178556947
1139778	1117954	21824	1444	4824356	4212706	1126235184868547
235446	208344	27102	367	2671570	1154560	1126235188122177
1179586	1158210	21376	4526	10422268	10416266	1126235200070107
248330	233420	14910	1010	3326238	2441862	1126235203978835
448366	429178	19188	3218	7921776	7058330	1126235212684783
285256	270660	14596	4507	10891568	9471768	1126235224197601
1237888	1222130	15758	3592	8826148	8594502	1126235234596167
1174218	1157926	16292	4429	10756232	10205026	1126235246862377
1050582	1034530	16052	2363	6316474	5950444	1126235254564679
496190	478760	17430	3697	8727914	8064690	1126235264124229
838652	823374	15278	765	3396228	2540620	1126235268694647
1180660	1164656	16004	3037	7846226	7426362	1126235278056577
1177214	1162584	14630	1186	3772620	3721412	1126235283341109
893426	876976	16450	2722	7297512	6510114	1126235291867259
966358	950910	15448	2586	7149118	6334848	1126235300318493
1183790	1167080	16710	2562	6933036	6479768	1126235308769593
953824	934558	19266	3618	8927278	8375912	1126235318997555
1115272	1097684	17588	410	2175010	2120840	1126235322644949
431590	414804	16786	4858	11519540	10333346	1126235334943189
1183984	1164506	19478	1582	4940084	4533788	1126235341413537
337252	320734	16518	3846	9204518	8213758	1126235351302731
1055824	1038098	17726	3808	9472156	8856690	1126235362183127
1175784	1158512	17272	616	2805954	2583088	1126235366500017
1004342	988564	15778	730	2900216	2636630	1126235370739561
392036	375964	16072	4975	11733452	10515016	1126235383201133
1175548	1160776	14772	3171	8008202	7690332	1126235392724583
455062	317516	137546	3263	8079732	7154212	1126235401594063
662234	646412	15822	3658	9170414	8151718	1126235411761115
1184520	1169196	15324	2970	7897268	7297354	1126235421177365
1089896	1073290	16606	1899	5372838	5060922	1126235427978807
351058	332246	18812	4467	10743566	9469396	1126235439419841
260646	244204	16442	4256	10472314	8958476	1126235450499361
869266	852592	16674	1769	5127632	4592804	1126235456843915
1177862	1159808	18054	4276	10377886	9914180	1126235468746343
1252636	1145032	107604	301	2016050	2027632	1126235472351081
804064	785394	18670	3424	8437242	7825868	1126235481926565
1182048	1164872	17176	2861	7724954	7089864	1126235491180481
1175306	1157478	17828	4112	9990264	9583986	1126235502713623
1025672	1008258	17414	4151	10129358	9512642	1126235514215933
1213518	1158524	54994	2256	6236416	5910410	1126235522011573
340824	324792	16032	4034	9384648	8581834	1126235532072827
1298022	1185562	112460	4903	11698734	11275828	1126235545403927
1181340	1164780	16560	1688	5152334	4730900	1126235552073177
1173356	1157904	15452	2109	5599296	5563258	1126235559181149
707400	690932	16468	1608	5040210	4098526	1126235565271119
1172668	1157560	15108	962	3537560	3268982	1126235570322407
701962	685822	16140	3338	8622710	7551494	1126235579981579
222922	207114	15808	735	3367340	1865666	1126235583906515
1176452	1157384	19068	1482	4014284	4312404	1126235589431993
1171768	1156446	15322	3071	7821828	7490294	1126235598759247
243756	214938	28818	4014	9398280	8444464	1126235608737161
921098	905970	15128	1443	4856076	3979558	1126235614848447
615900	601014	14886	1781	5275844	4350828	1126235621075229
1298888	1168838	130050	2561	6869620	6593890	1126235629586119
779278	763552	15726	2849	7150142	6652644	1126235637850433
203988	183748	20240	1244	4364424	2863876	1126235642753145
934410	916726	17684	2967	7743084	7040594	1126235651765487
483586	468708	14878	1604	5159062	3864770	1126235657742607
1036310	1021124	15186	39	1784362	1288036	1126235660897325
613786	598336	15450	1695	4749462	4176074	1126235666594761
1166402	1146230	20172	4374	10655632	10088052	1126235678751281
1177118	1159914	17204	3531	8939438	8411084	1126235689202035
328290	310320	17970	2513	6996642	5540516	1126235696881133
1176510	1158948	17562	2483	6635688	6328366	1126235705039319
676060	659260	16800	4695	10756900	10250360	1126235716892737
401136	379708	21428	2080	6106920	4745846	1126235723747793
940744	924010	16734	4985	11704486	11096486	1126235736739303
599906	583230	16676	4703	11050140	10191754	1126235748736383
301214	283076	18138	3532	8459450	7549124	1126235757843619
635340	617652	17688	2604	6607124	6029060	1126235765433657
861494	845960	15534	4218	10370908	9482064	1126235777013635
1180318	1165788	14530	596	3000482	2545798	1126235781534395
1175120	1159910	15210	4133	9684318	9614738	1126235792729131
1184016	1168668	15348	4664	11262258	10685450	1126235805509947
1179452	1160898	18554	3903	9752124	9157536	1126235816777405
1085762	1068820	16942	1905	5263630	5081702	1126235823473659
1178698	1161020	17678	3540	8854966	8443424	1126235833854481
1175500	1159230	16270	4592	10960620	10545854	1126235846337227
661836	646828	15008	4918	11496218	10683650	1126235858843361
1175080	1158548	16532	1158	4250734	3663514	1126235864604567
834018	818042	15976	856	3250246	2719572	1126235869023451
443542	428170	15372	3235	8175628	7087210	1126235877986907
783088	767236	15852	553	2520062	2061758	1126235881624395
945098	913310	31788	3179	7428104	7493134	1126235890332355
273152	257414	15738	4849	11560700	10143262	1126235902502297
1172876	1157356	15520	4083	9737256	9511388	1126235913747977
1178468	1161140	17328	4279	9997902	9908954	1126235925259457
1175342	1160480	14862	3894	9617120	9138868	1126235936392241
1179738	1156708	23030	1731	5340244	4814374	1126235943246627
817124	799824	17300	2542	6688118	6074548	1126235951091921
1187388	1165238	22150	1197	3976980	3753642	1126235956600139
1179560	1161600	17960	4572	11134050	10496378	1126235969248331
1174464	1157194	17270	4725	11160090	10810200	1126235981937161
1176624	1159598	17026	1616	4743660	4593652	1126235988205263
865980	849252	16728	2907	7660464	6865270	1126235997078525
1184156	1165906	18250	2035	5755536	5440658	1126236004368687
1210284	1163542	46742	251	2372298	1897592	1126236008298811
1177650	1162304	15346	4439	10540374	10241340	1126236020363939
408612	392432	16180	4084	9680028	8749584	1126236030786789
653958	638532	15426	3836	9532394	8498662	1126236041308051
1175030	1157828	17202	1843	5327404	5034668	1126236048149085
450564	435228	15336	2724	7185944	6072520	1126236056120553
7385808	7384038	1770	2228	6051948	12014574	1126236069893743
1253154	1162316	90838	4334	10589382	10106346	1126236082083069
1178922	1162354	16568	220	2197694	1803462	1126236085806783
370204	351738	18466	2469	6767608	5492976	1126236093292041
731142	712596	18546	4381	10484596	9681120	1126236104874909
431438	413672	17766	3324	8680280	7263660	1126236114333097
786504	741662	44842	1701	5357652	4374802	1126236120824127
301346	285310	16036	2389	6520626	5253778	1126236127988807
1187780	1169736	18044	1254	4449614	3868004	1126236133961307
407840	390012	17828	1146	3657704	2884496	1126236138373331
298182	277770	20412	1524	4878324	3531998	1126236143897627
1305368	1160040	145328	2838	7366592	7167120	1126236152916761
208648	175446	33202	757	3292054	1907402	1126236156763987
963748	947438	16310	1387	4430062	3922198	1126236162503079
735134	717764	17370	1916	5448638	4752792	1126236169034371
968654	951426	17228	778	3230154	2709246	1126236173585887
323096	293208	29888	3625	8980836	7759068	1126236183236127
887958	872772	15186	1366	4608818	3796204	1126236189074937
408466	393292	15174	4116	10110544	8813036	1126236199935365
553306	536966	16340	3541	8434882	7808300	1126236209258131
810550	795648	14902	2343	6417350	5672064	1126236216825353
977930	960986	16944	138	1908920	1427110	1126236220046703
1279116	1157370	121746	3398	8203002	8248194	1126236229863885
1174804	1157150	17654	577	2955012	2514160	1126236234339577
1176426	1159636	16790	4330	10149246	10020958	1126236246011091
265712	248242	17470	1997	5718518	4444110	1126236252342327
1174872	1157336	17536	751	3091832	2862684	1126236256957441
200154	177168	22986	304	2287118	994348	1126236259790725
1180174	1161986	18188	1683	4741700	4732326	1126236266058687
1279926	1176076	103850	24	1707364	1513612	1126236269392389
1069886	1051722	18164	4052	9472758	9359292	1126236280282291
1235406	1168144	67262	1074	3991874	3568196	1126236285855799
1181204	1164724	16480	192	2073730	1750024	1126236289457561
1194814	1177614	17200	1046	3250866	3471340	1126236294249115
1183812	1166016	17796	1820	5202706	5009490	1126236300982067
1175236	1158144	17092	1357	4475240	4073728	1126236306983459
1174598	1157640	16958	503	2591820	2365146	1126236311102783
1187800	1170666	17134	3001	7599086	7375364	1126236320247899
303502	288564	14938	4432	10325606	9341056	1126236331219417
1173482	1156522	16960	3206	8349382	7757158	1126236341087327
300164	284540	15624	901	3357686	2275196	1126236345085953
492214	477392	14822	4711	10684610	10087258	1126236356603931
1175076	1159536	15540	1660	4590772	4668844	1126236362704755
1279776	1176358	103418	689	3185926	2831838	1126236367505399
994100	978524	15576	3718	9389904	8603184	1126236378223673
1203462	1158518	44944	4450	10760636	10275754	1126236390522903
1158004	1143360	14644	3635	9167540	8600896	1126236401183373
623762	608622	15140	1159	4212594	3117666	1126236406361115
739064	723664	15400	4807	11271256	10525874	1126236418706321
717730	701880	15850	4644	10926876	10177932	1126236430684893
900920	884598	16322	339	2388926	1751278	1126236434310035
572608	557096	15512	3398	8626656	7541250	1126236443843653
1030086	1009162	20924	1625	4854216	4452116	1126236450062993
568622	552200	16422	3388	8258308	7517644	1126236459225553
1176576	1160616	15960	2588	6963300	6530104	1126236467705441
1172414	1156986	15428	4440	10424048	10224262	1126236479637223
1176084	1159572	16512	2426	6078626	6200702	1126236487226807
1187792	1165922	21870	1390	4322156	4140350	1126236493080583
644844	625768	19076	517	2834344	1864198	1126236496913589
1183336	1163162	20174	3612	8878736	8592226	1126236507321987
1158222	1141914	16308	3997	9587136	9336678	1126236518414827
409590	390164	19426	1515	4792802	3624530	1126236523964107
459782	442916	16866	4807	11447610	10257464	1126236536218147
746414	731456	14958	2226	6401878	5371464	1126236543700699
1174122	1158978	15144	2777	7447290	6900334	1126236552656343
566128	551380	14748	1518	4608862	3774460	1126236558166309
454256	437622	16634	4911	11614302	10449236	1126236570570337
1171810	1156482	15328	1246	4193112	3837276	1126236576269847
1239478	1221906	17572	3597	8547382	8606846	1126236586391447
576452	561148	15304	3397	8270872	7542464	1126236595574331
678088	661104	16984	1898	5239748	4650900	1126236601825933
1176014	1160094	15920	3990	9299388	9331730	1126236612635803
1175874	1158510	17364	1573	4845188	4493806	1126236618991599
796576	645884	150692	2998	7504270	6964604	1126236627634213
775732	759830	15902	4025	9990354	8997422	1126236638735293
1201990	1166782	35208	903	3545184	3179818	1126236643817527
804068	789252	14816	4058	9747082	9092220	1126236654703521
1173148	1157668	15480	2849	7528390	7044030	1126236663738525
1173758	1158426	15332	2038	5871488	5422230	1126236671119081
1181700	1166706	14994	2576	6584032	6507372	1126236679226961
1178024	1161522	16502	1794	5095672	4939296	1126236685843229
451898	436162	15736	3309	8031342	7242404	1126236694661007
1140856	1124516	16340	1021	4034676	3356712	1126236700171949
755976	737670	18306	2521	6908414	5970272	1126236708171121
470896	454172	16724	256	2426026	1168244	1126236711414047
1173130	1156710	16420	1647	4669956	4652002	1126236717604219
6051304	6029502	21802	3051	8098360	12338364	1126236732100589
1181194	1162940	18254	82	1678782	1531180	1126236735344137
964140	943210	20930	3606	8356458	8361986	1126236745011017
854930	836246	18684	1823	5216348	4686512	1126236751447753
1194924	1177300	17624	2797	7290040	6978236	1126236760279691
1177730	1161118	16612	2847	7557796	7057502	1126236769362419
1180030	1162174	17856	4533	10437434	10431446	1126236781326623
1090572	1073986	16586	2314	6376794	5907734	1126236789141099
1204224	1174618	29606	1416	4603062	4221382	1126236795302727
1226128	1164496	61632	4815	11466396	11032592	1126236808336405
1181598	1164162	17436	1925	5199436	5204798	1126236815051835
1040898	1024594	16304	804	3184332	2822276	1126236819619059
1189742	1174236	15506	3314	8121086	7994508	1126236829263879
1278394	1261410	16984	3590	9012800	8634284	1126236839894411
1210998	1194302	16696	4213	10249812	9808974	1126236851690943
1174204	1157784	16420	4843	11570904	11033980	1126236864772069
1317106	1158986	158120	2107	5797048	5704438	1126236872220891
1175938	1158826	17112	466	2643182	2279598	1126236876375697
1175940	1159640	16300	165	1982646	1678968	1126236879869645
1174630	1157134	17496	3640	8397208	8639482	1126236889776411
227826	212006	15820	929	3389218	2270880	1126236893739577
1181580	1162626	18954	4618	10885044	10602572	1126236906153253
1063582	1045850	17732	3585	9133082	8419720	1126236916697155
739206	722672	16534	169	1999328	1263012	1126236919782761
1063122	1045976	17146	887	3147316	3022964	1126236924340619
1218436	1160132	58304	3960	9702430	9312344	1126236935605873
1181156	1162910	18246	1222	4142284	3810108	1126236941276525
1181968	1165526	16442	256	2272482	1882394	1126236945083319
599122	578822	20300	2861	6924150	6527800	1126236952958427
898760	879844	18916	1736	5187950	4555472	1126236959391995
1178352	1160676	17676	747	3323676	2857814	1126236964241549
1175138	1158996	16142	4831	11306792	11022936	1126236977070137
1181336	1164534	16802	3066	7402240	7485958	1126236985994263
1290854	1160306	130548	3173	7724780	7809838	1126236995345727
913100	897168	15932	840	3162232	2765844	1126236999755921
1177586	1159014	18572	3440	8574476	8231582	1126237009842349
1173110	1157760	15350	639	3210210	2624306	1126237014559811
781360	765994	15366	4969	11670286	10893156	1126237027345967
1027126	1011546	15580	2874	7205148	6948054	1126237035913645
1184498	1167916	16582	2794	7137622	6945024	1126237044570995
641408	625054	16354	1947	5698886	4708272	1126237051245947
1174594	1157988	16606	3675	9365722	8710970	1126237062141053
1179148	1162408	16740	2683	6920028	6730080	1126237070587537
1175630	1158426	17204	2129	6059980	5619476	1126237078169971
1175996	1159644	16352	1178	4195552	3716616	1126237083888309
1174862	1158272	16590	4357	10487168	10073934	1126237095897083
187752	172626	15126	2768	7344104	5896332	1126237103775777
1096588	1080068	16520	1728	5121884	4726144	1126237110328587
1243258	1163150	80108	1345	4454434	4106648	1126237116361321
493512	476242	17270	2397	6491838	5472292	1126237123693481
1243244	1163242	80002	4420	10225882	10272776	1126237135509139
937478	916612	20866	4668	11298506	10457740	1126237148093315
1188334	1169758	18576	2509	6769888	6391214	1126237156398067
610774	595452	15322	2084	5821930	4950790	1126237163172321
1238860	1161016	77844	1008	3797266	3427090	1126237168550401
282562	262570	19992	989	3796220	2434140	1126237172964045
1171424	1156008	15416	2209	6076136	5762968	1126237180546885
977126	961404	15722	2132	5778546	5414374	1126237187638525
734710	718940	15770	529	2498422	1967816	1126237191206045
642348	616122	26226	1889	5380446	4592896	1126237197569651
349040	333566	15474	480	2810918	1481238	1126237201064331
755438	739934	15504	1836	5033272	4601174	1126237207192675
652890	637628	15262	3609	8917124	8043992	1126237217104047
1185890	1167358	18532	3931	9640612	9221574	1126237228274971
1175900	1160678	15222	997	3407374	3342584	1126237233192955
1303708	1168466	135242	83	1958424	1646000	1126237236794737
1312080	1281660	30420	1970	5196782	5442010	1126237243639161
680014	663564	16450	897	3497042	2658434	1126237248163051
1181398	1160888	20510	3170	8022438	7707838	1126237257714367
1198256	1180946	17310	4614	10951614	10611958	1126237270211133
1174752	1160018	14734	4075	10227278	9509910	1126237281959435
1177240	1159592	17648	1936	5680528	5221600	1126237289151841
1185066	1169976	15090	3810	8871284	8978484	1126237299549601
1180468	1162404	18064	4699	11379362	10750930	1126237312444881
1177452	1161060	16392	2703	6839702	6755738	1126237320797817
1175072	1159608	15464	571	2831672	2490012	1126237325139389
964070	948290	15780	2121	5788938	5377776	1126237332232339
927566	911264	16302	204	2374840	1508340	1126237335869829
553498	536918	16580	653	2706718	2045688	1126237339481823
3457042	3455242	1800	4899	11202998	13438816	1126237354489307
345270	328466	16804	1951	5512038	4431798	1126237360693451
1180592	1163148	17444	1533	4355622	4432382	1126237366576707
1175530	1158344	17186	875	3438924	3111630	1126237371537607
1176526	1159402	17124	1820	5321006	5000940	1126237378382583
1007390	990246	17144	1624	4646006	4439710	1126237384399373
1186442	1156220	30222	4226	10226588	9811120	1126237396160349
1186076	1167216	18860	2530	6884552	6431170	1126237404577921
1186656	1158244	28412	287	1822408	1945800	1126237407934493
895414	878348	17066	2017	5668746	5114368	1126237414845171
1006902	989300	17602	4637	10963800	10466842	1126237427162565
1186580	1161980	24600	3099	7919974	7569322	1126237436624205
1172802	1157366	15436	3072	7865972	7501078	1126237446010227
1268622	1250662	17960	4460	10304208	10362106	1126237457917939
1328438	1158486	169952	2320	6454402	6141150	1126237466035715
622094	607332	14762	3691	8686404	8176748	1126237475679293
1107622	1092108	15514	3515	8552914	8311212	1126237485674743
590110	575314	14796	1689	5079502	4140342	1126237491679171
1181252	1162790	18462	4036	9898954	9426204	1126237503094253
1311656	1295640	16016	3330	8479282	8144692	1126237513228573
653658	637904	15754	3527	8730726	7881220	1126237522952491
646774	631156	15618	4512	10844946	9843540	1126237534779509
203712	186936	16776	4272	10445114	8921164	1126237545762357
1175668	1159854	15814	2431	6140258	6214716	1126237553414285
406968	391062	15906	1271	4409240	3122418	1126237558565521
844796	828362	16434	270	2146252	1557264	1126237561891321
980896	966096	14800	1835	5029654	4823688	1126237568237401
1183840	1168634	15206	2272	6431742	5901684	1126237576188251
1198650	1177590	21060	1381	4208928	4134118	1126237581931035
1121710	1105858	15852	2583	6975252	6461334	1126237590364035
1181844	1163852	17992	4192	10318502	9738218	1126237602200211
3887556	3885318	2238	4268	10050452	12608392	1126237616485835
1175278	1158210	17068	2526	6593706	6411768	1126237624601451
739716	722880	16836	4175	10320032	9275018	1126237636007793
1181572	1163406	18166	1343	4427250	4053422	1126237641963623
701024	684482	16542	2034	5581058	4953784	1126237648593001
1187390	1159168	28222	894	3737840	3159924	1126237653865361
1169916	1151756	18160	3835	8934776	9028666	1126237664317789
1065146	1049806	15340	1528	5046824	4306850	1126237670776863
1062188	1045284	16904	3525	8332154	8284738	1126237680505841
1076734	1059126	17608	2292	6409150	5834508	1126237688326411
1181746	1163492	18254	421	2862430	2208302	1126237692717423
1203004	1162030	40974	1282	4404682	3952960	1126237698672601
302170	279528	22642	1609	5162178	3705344	1126237704483721
1181782	1159388	22394	4497	10864408	10360864	1126237716877241
1178084	1161034	17050	1542	4805186	4447486	1126237723207539
1182268	1158398	23870	1225	3973296	3818648	1126237728715645
1173678	1158780	14898	3580	9004466	8506310	1126237739228859
1179664	1164360	15304	371	2410250	2095494	1126237743158835
1172346	1157522	14824	2230	5470104	5822584	1126237750143467
1144386	1128992	15394	2381	6608634	6079196	1126237758231447
353978	337822	16156	2057	6039086	4640172	1126237764958971
1176420	1157536	18884	3524	8916804	8396866	1126237775387441
1037230	944818	92412	2149	6084188	5520076	1126237782856213
1067616	1050740	16876	4944	11200318	11140596	1126237795470521
1212610	1169610	43000	3449	8615470	8295378	1126237805647395
1176824	1160112	16712	4539	10796712	10439292	1126237817967383
4112270	4110450	1820	192	2069524	4670162	1126237824482851
691478	657504	33974	2481	6772796	5839530	1126237832282057
1016512	999828	16684	4389	10215800	9979374	1126237843861027
840230	818094	22136	2949	7710354	6924270	1126237852758651
1178978	1162060	16918	3720	9358104	8804906	1126237863643349
868410	852586	15824	4840	11329780	10732892	1126237876188555
1174386	1159710	14676	701	3274206	2749380	1126237880972513
1172866	1157264	15602	4793	10884918	10931804	1126237893370881
860958	843758	17200	2731	7133860	6499558	1126237901700927
1178818	1161250	17568	3654	8993554	8660700	1126237912208693
661750	642672	19078	3423	8827656	7681648	1126237922033653
1266482	1234614	31868	3618	8882512	8688450	1126237932528315
1193784	1177136	16648	937	3834558	3252916	1126237937903543
1177924	1160540	17384	2350	6665350	6063506	1126237946093641
1179258	1161412	17846	523	2677932	2411268	1126237950296921
1177162	1160722	16440	45	1632626	1452702	1126237953452839
1073718	1057398	16320	445	2218712	2148310	1126237957091367
789284	772814	16470	445	2372738	1864764	1126237960604961
236660	221736	14924	4271	9729448	8982470	1126237970918073
1178148	1159996	18152	4308	9940606	9967108	1126237982371485
1177752	1160144	17608	4659	10718272	10669528	1126237994602977
848468	833680	14788	598	2800024	2216464	1126237998585681
1301382	1167528	133854	2719	6862274	6912004	1126238007084537
1173424	1158680	14744	2527	7021980	6403012	1126238015620513
1061354	1045368	15986	2390	6760470	6014086	1126238023778379
1183632	1166764	16868	1682	5152680	4720082	1126238030450731
1181718	1161516	20202	1631	4535778	4627992	1126238036514769
1296744	1280182	16562	128	2220942	1737376	1126238040379749
1180190	1164044	16146	4569	10377636	10524758	1126238052285107
1184768	1165588	19180	126	2036530	1622776	1126238055853669
1178062	1161672	16390	87	1297006	1542314	1126238058674921
1151624	1136358	15266	3824	9653000	8984014	1126238069826309
1180722	1164700	16022	3739	9415010	8830838	1126238080757297
1173674	1157634	16040	3153	7968566	7653652	1126238090234195
1308060	1159296	148764	318	2625762	2116972	1126238094502521
1174394	1159378	15016	2058	5546570	5463260	1126238101558811
1175470	1158594	16876	3238	8263800	7824344	1126238111333921
854402	835206	19196	312	2187446	1663648	1126238114722853
1187312	1167360	19952	3157	9428302	7686478	1126238125685681
1178690	1159336	19354	3223	8149450	7810564	1126238135360953
1159190	1142062	17128	243	2108438	1833506	1126238138975439
1034816	1017812	17004	467	1982882	2155144	1126238142345041
1170882	1151804	19078	4652	11255930	10647694	1126238155115023
372186	353228	18958	4695	10912368	9947022	1126238166754235
1180576	1162762	17814	762	3332148	2889318	1126238171614583
374884	357212	17672	963	3512624	2486640	1126238175848829
1157048	1135304	21744	400	2218376	2142750	1126238179571001
1031982	1011932	20050	3189	8130958	7594778	1126238189081873
1177588	1158528	19060	4682	11107296	10713702	1126238201715273
1177210	1160008	17202	1819	5123052	4988772	1126238208366949
1175508	1158954	16554	895	3619166	3150422	1126238213509207
1184696	1168232	16464	320	2295984	2010052	1126238217336361
667290	649064	18226	3966	9574040	8787618	1126238227924873
1177262	1159324	17938	714	3336072	2791224	1126238232784801
1177262	1160478	16784	2764	7511278	6891686	1126238241820739
1177430	1159290	18140	1471	4968648	4305850	1126238248312847
533962	516780	17182	1798	5384056	4303330	1126238254577223
1318178	1303334	14844	3201	8099304	7892084	1126238264329355
438870	423400	15470	1900	5598770	4412478	1126238270702007
1186344	1166568	19776	4672	11302956	10702916	1126238283525397
1175320	1160000	15320	153	1851974	1658308	1126238286888321
1183738	1167422	16316	3198	7636336	7752216	1126238296042675
227142	191538	35604	588	2826978	1575060	1126238299432057
1187930	1168678	19252	2721	6830978	6835470	1126238307800915
7969356	7967158	2198	1103	4027426	10361718	1126238320144281
364986	345778	19208	2384	6517512	5318166	1126238327373811
1367552	1306216	61336	2908	7642318	7369976	1126238336730309
1179502	1162408	17094	372	2640040	2109838	1126238340896229
1186084	1166630	19454	3139	8096562	7649652	1126238350524721
1181068	1161682	19386	1263	4284464	3892134	1126238356335641
1177654	1160944	16710	2561	6795426	6483580	1126238364654205
1231576	1193200	38376	1519	4720492	4454004	1126238370953949
487358	470004	17354	1868	5698672	4396262	1126238377473675
1216964	1159326	57638	3472	8557150	8336730	1126238387583201
391738	374322	17416	4907	11467816	10377758	1126238399777887
439844	424376	15468	4167	10277378	8946736	1126238410829909
1174636	1159410	15226	951	3947220	3249654	1126238416286685
1134834	1119458	15376	1851	5573828	5008658	1126238423328811
1180036	1162310	17726	1590	5029696	4533750	1126238429874081
353412	324270	29142	589	2715512	1716118	1126238433289423
797302	780134	17168	195	2218842	1376358	1126238436659293
206218	186586	19632	2721	6813406	5833274	1126238444026171
1184412	1166274	18138	2067	5828472	5503710	1126238451386303
618820	602470	16350	2388	6486312	5582718	1126238458838653
733488	718136	15352	4887	11471084	10693096	1126238471391093
1170550	1153472	17078	4998	11339192	11339950	1126238484236001
1122600	1106640	15960	1048	3795918	3391754	1126238489490085
796240	779930	16310	388	2517292	1743822	1126238493137675
1254956	1163624	91332	4060	9497434	9564802	1126238504242293
439676	350382	89294	918	3744420	2448434	1126238508760989
621400	605624	15776	3950	9469868	8694848	1126238519186641
1175476	1160336	15140	3299	8248084	7946024	1126238528960641
1067058	1051194	15864	2518	6779732	6276742	1126238537142179
1252130	1162688	89442	1972	5887600	5374770	1126238544623183
509288	493862	15426	2965	7714690	6613384	1126238553182275
1176508	1161048	15460	4362	10632272	10076300	1126238565331393
1206504	1164078	42426	4345	10452190	10072258	1126238577325287
1173698	1157776	15922	252	2131744	1849686	1126238580964475
189822	174242	15580	2260	5586856	4881874	1126238587082547
921192	903720	17472	3056	7898116	7205986	1126238596241845
1179778	1164546	15232	1249	4277258	3851816	1126238602034375
320020	304660	15360	3482	8629848	7456956	1126238611318565
1084724	1069138	15586	578	3030956	2413546	1126238615769247
1179464	1163218	16246	3726	9080862	8861260	1126238626363891
690210	673744	16466	432	2445664	1726858	1126238629834627
1175680	1160204	15476	1476	4328962	4320204	1126238635674053
1175562	1160310	15252	1578	4895490	4503918	1126238642079879
893358	876800	16558	2249	6005048	5563740	1126238649313727
599668	476708	122960	4532	10769132	9852344	1126238661029959
1175054	1158052	17002	38	1543392	1436358	1126238664101327
674878	658144	16734	701	2742578	2262388	1126238667865085
444316	427262	17054	2883	7606666	6396108	1126238676262469
1192416	1175580	16836	3978	9509832	9334222	1126238687310493
1177368	1160568	16800	3495	8574444	8352272	1126238697409389
806578	787012	19566	3730	9203616	8451914	1126238707766515
1177156	1160570	16586	4538	10727040	10437618	1126238720016875
1175362	1159494	15868	1181	3618148	3710558	1126238725145047
898810	881934	16876	2714	7314080	6502814	1126238733702427
641460	619374	22086	1225	4421894	3264650	1126238739100999
1171774	1156084	15690	2628	6720620	6601226	1126238747333275
395312	373852	21460	4001	9861144	8570780	1126238757924749
977928	962904	15024	1268	4182112	3687064	1126238763419293
967292	950112	17180	1116	3682878	3371860	1126238768404629
1175098	1159998	15100	4282	10473824	9912480	1126238780388355
1056962	1042218	14744	493	2891656	2215096	1126238784672205
292448	274500	17948	556	2510526	1577722	1126238787809627
1176990	1159934	17056	4864	11082054	11078334	1126238800404085
1179880	1165028	14852	3641	9127692	8634590	1126238811046897
895516	879272	16244	3694	8899016	8456356	1126238821182441
1284052	1165544	118508	3797	9304600	9050468	1126238832112909
1174694	1158858	15836	360	2610810	2066730	1126238836233531
1172096	1157162	14934	3414	7915628	8191774	1126238845656845
1019528	1003702	15826	2952	7147052	7097336	1126238854158227
1174940	1158452	16488	4922	11605244	11191838	1126238867273537
1244436	1220376	24060	998	3940966	3414240	1126238872801093
1179116	1161470	17646	2081	6006986	5525750	1126238880333749
1187766	1170764	17002	121	1888052	1615628	1126238883756349
959718	942582	17136	741	2598784	2627410	1126238887662275
1177718	1160562	17156	2532	6538716	6425724	1126238895726195
1270344	1161588	108756	1722	5390558	4900836	1126238902734793
1188768	1171698	17070	58	2018964	1489504	1126238906289173
1178582	1161158	17424	1754	4591852	4873002	1126238912406953
1188264	1172444	15820	2074	5576862	5520788	1126238919520469
801866	782854	19012	2597	6902156	6167792	1126238927560103
1177108	1159264	17844	2080	6101922	5521676	1126238935185293
1099736	1081072	18664	1836	5511010	4961544	1126238942147893
1140986	1124462	16524	130	2068516	1586768	1126238945705091
731084	712894	18190	2069	5155316	5054194	1126238951939143
881030	861332	19698	2678	6917516	6422076	1126238960085013
1276500	1161386	115114	4911	11781602	11284186	1126238973490411
1174474	1158768	15706	1080	4043846	3508228	1126238979056205
1161914	1144508	17406	967	3754048	3268770	1126238984311619
238314	218544	19770	2463	6867126	5338096	1126238991751953
1432026	1357072	74954	1022	4057234	3648436	1126238997575607
731282	713696	17586	3603	8781196	8111452	1126239007422947
1174576	1157090	17486	1355	4680212	4070770	1126239013624187
499666	478270	21396	3710	9124688	8105312	1126239023595183
1133376	1106552	26824	4999	11281350	11317698	1126239036356807
1182082	1162952	19130	3502	8719882	8370496	1126239046605433
1178070	1160872	17198	163	2009426	1690064	1126239050139387
695124	678038	17086	2809	6824950	6509206	1126239058006411
524626	486030	38596	1627	4919952	3967472	1126239063801891
1179434	1160830	18604	2610	6824932	6589270	1126239072156619
618250	600124	18126	3908	9725664	8623204	1126239082851337
1264706	1158922	105784	288	1845454	2030272	1126239086313795
1174500	1157194	17306	3458	8771742	8280904	1126239096611527
1176590	1159324	17266	299	2523678	1964446	1126239100663555
348026	321320	26706	986	3659038	2510308	1126239105020949
1180354	1163286	17068	2761	7399876	6891166	1126239113961235
862378	844794	17584	3415	8327688	7881542	1126239123503179
1176156	1159124	17032	1169	4153742	3703308	1126239129184917
219884	184900	34984	2529	6665014	5467272	1126239136432565
1176860	1159564	17296	2766	7342196	6899180	1126239145303497
1262648	1243498	19150	3818	9281822	9092342	1126239156199179
789624	770234	19390	1750	5357820	4478616	1126239162698131
1189184	1163902	25282	2372	6409032	6123290	1126239170647611
1193166	1173582	19584	1229	3971234	3840004	1126239176163539
1194074	1175710	18364	4289	10421718	9961302	1126239188130379
900018	880180	19838	3973	9815542	9034184	1126239199196241
712670	694818	17852	3125	8122056	7156564	1126239208390813
1185982	1168516	17466	1993	5677106	5362590	1126239215606081
6334016	6332110	1906	1045	4184630	8614444	1126239226476041
1183046	1159460	23586	4853	11800414	11078572	1126239239810939
1180124	1163038	17086	533	2971710	2436338	1126239244313987
885488	867066	18422	615	2782104	2305222	1126239248333325
633672	613734	19938	392	2387080	1606346	1126239251705507
639164	616032	23132	1915	5233008	4686896	1126239257928933
1177154	1158954	18200	3939	9788166	9245186	1126239269244859
1260806	1241202	19604	2399	6726636	6248542	1126239277588459
1174224	1157152	17072	503	2784226	2369386	1126239281897817
1181944	1162444	19500	766	3106050	2904292	1126239286537485
1127254	1109172	18082	256	2028270	1829756	1126239290044759
1114808	1096464	18344	2662	7101624	6628382	1126239298612273
716444	696332	20112	4682	11193836	10269042	1126239310873805
1185404	1166128	19276	2947	7371512	7269494	1126239319782693
1208938	1190096	18842	3937	9644108	9273562	1126239330986179
1134696	1118504	16192	1218	4262208	3759662	1126239336741801
1181466	1163058	18408	367	2651262	2104096	1126239340926595
1180362	1163404	16958	4643	11124880	10655900	1126239353583389
1179798	1162500	17298	3985	9502316	9342572	1126239364616755
934662	910560	24102	1715	5118564	4554794	1126239371021547
1002422	984044	18378	948	3346234	3088060	1126239375733297
1179152	1160416	18736	1741	5236824	4851598	1126239382499977
1217818	1161812	56006	3084	7825892	7575402	1126239391894579
1185690	1162106	23584	1612	4946194	4599578	1126239398378371
1243168	1162012	81156	82	2005020	1597334	1126239401977847
1178740	1160256	18484	541	2521894	2472844	1126239406029373
535304	518394	16910	1064	3235816	2881284	1126239410149907
765880	748286	17594	1438	4763706	3830994	1126239416030447
1187992	1170934	17058	4076	10025576	9529300	1126239427594453
1181642	1161770	19872	224	2306474	1818668	1126239431434081
1098138	1077368	20770	447	2143182	2201520	1126239435026539
465516	448148	17368	757	2574394	2169622	1126239438421933
320668	302772	17896	4618	11038848	9747158	1126239450132961
1194114	1171408	22706	436	2630122	2255830	1126239454308407
1175414	1157102	18312	3427	8555716	8218214	1126239464389611
1177514	1160510	17004	270	2064934	1907730	1126239467983699
1027524	1009664	17860	3861	8911446	8965830	1126239478273599
1180754	1161886	18868	2504	6615248	6379738	1126239486420819
997874	980756	17118	748	3133906	2683274	1126239490903847
1290028	1272390	17638	979	3626486	3436900	1126239496172013
1082158	1064218	17940	2357	6069690	5985094	1126239503674035
1177564	1160636	16928	43	1800848	1453460	1126239507003441
1192632	1174436	18196	4633	10747528	10647326	1126239519300439
406948	387664	19284	2468	6724810	5536124	1126239526782697
855006	835456	19550	1151	3995212	3347014	1126239531984703
1001606	983466	18140	3447	8686568	8086424	1126239542023247
896300	876778	19522	3099	7887072	7283548	1126239551157937
1201850	1172728	29122	1272	4549714	3936162	1126239557267347
1178684	1159952	18732	4199	9853824	9767216	1126239568656081
1176666	1159490	17176	1753	5043758	4872780	1126239575228035
1180884	1163196	17688	3094	7844742	7558880	1126239584610165
1178192	1160014	18178	2978	7619424	7324340	1126239593759423
1176244	1159082	17162	4698	10947438	10762618	1126239606235373
259392	238132	21260	3538	8573522	7524614	1126239615420423
1188186	1169438	18748	1790	5337282	4957794	1126239622297167
646404	628046	18358	184	2396442	1203098	1126239625691371
905020	886818	18202	2449	6275402	5996990	1126239633223949
852588	830506	22082	4167	10201452	9380428	1126239644633439
1190550	1159158	31392	2790	7259536	6959882	1126239653435331
1175320	1159152	16168	8	1921004	1380846	1126239656883885
1177254	1159280	17974	345	1702602	2056534	1126239660115949
1053926	1033388	20538	2434	6407818	6111870	1126239667928567
1194126	1169896	24230	1518	4999424	4419972	1126239674472709
811150	793452	17698	3876	9313718	8751576	1126239684949651
1256118	1169080	87038	475	2659996	2396454	1126239689222599
1190058	1170958	19100	628	8388704	2635982	1126239699434455
1181960	1163634	18326	3792	8978930	8956818	1126239709946291
1176142	1158750	17392	2114	6048932	5593768	1126239717524407
1194672	1164950	29722	2550	6870098	6483730	1126239725940903
1174768	1157006	17762	138	2311704	1641612	1126239729778953
1230202	1213594	16608	4150	9594696	9723694	1126239740954309
1182246	1165088	17158	2659	7091110	6690094	1126239749584287
1180180	1161442	18738	1973	5826506	5315800	1126239756942137
831732	813672	18060	3768	9470034	8556114	1126239767601617
1187322	1170026	17296	4173	10256884	9722256	1126239779397121
1179148	1159822	19326	2066	5740388	5512934	1126239786666891
1183564	1165904	17660	157	1622458	1686840	1126239789823297
663070	645420	17650	3739	8505584	8330674	1126239799342707
988174	970428	17746	2993	7775756	7164108	1126239808457771
1176020	1156880	19140	728	3145226	2822308	1126239813129561
229306	212264	17042	183	2280946	788188	1126239815998805
523436	506962	16474	4562	10499226	9837516	1126239827372881
1182594	1162386	20208	1618	4711478	4607082	1126239833617979
1010378	990956	19422	970	3461840	3139658	1126239838441739
1207562	1176328	31234	4618	10916374	10632032	1126239850916827
1309762	1292830	16932	358	2696548	2215070	1126239855274995
1249582	1229134	20448	1157	4003218	3756304	1126239860884767
1186886	1169338	17548	3241	8315646	7858436	1126239870738017
570744	553528	17216	4692	11227464	10143986	1126239882887747
376906	357366	19540	411	2478002	1388920	1126239886093863
387276	370028	17248	546	2470154	1668334	1126239889302235
1310388	1290870	19518	3644	9121916	8786958	1126239900085299
1181880	1161402	20478	4623	10692302	10616216	1126239912310685
232566	211786	20780	2433	6746890	5288236	1126239919641297
1176770	1159840	16930	3730	9328024	8825120	1126239930497423
381612	364228	17384	3606	9008744	7784138	1126239940238161
1181268	1163652	17616	3548	9093542	8466226	1126239950863743
1189728	1161302	28426	901	3561026	3181800	1126239955966177
1180100	1162248	17852	193	1996764	1754592	1126239959494537
1267286	1249598	17688	897	3025978	3250498	1126239964139687
1181144	1164140	17004	687	3097264	2743660	1126239968769499
1182540	1163848	18692	4937	11483974	11246744	1126239981786801
1177752	1160496	17256	895	3502144	3156078	1126239986817987
273554	244194	29360	4204	10182892	8871370	1126239997625703
1180352	1159666	20686	1193	4096022	3755036	1126240003254441
1227090	1159986	67104	1157	3814492	3730818	1126240008653137
1189136	1159224	29912	1775	5465646	4928636	1126240015659137
1014142	980138	34004	3359	8648226	7922244	1126240025672081
1213584	1183316	30268	2438	6262508	6282590	1126240033499475
466602	449658	16944	912	3455422	2480832	1126240037772453
705998	688030	17968	3817	9463710	8529826	1126240048293747
1181986	1164008	17978	1772	5205442	4915724	1126240055031681
1054856	1036554	18302	834	3614758	2916084	1126240060058521
1183162	1164126	19036	2446	6753758	6263916	1126240068346755
505172	485572	19600	3018	7771732	6731200	1126240076974697
473448	455536	17912	1080	4001868	2824014	1126240081806933
1189856	1171202	18654	326	2571882	2030318	1126240085919331
1178738	1161098	17640	2323	6540966	6015278	1126240093990171
1163820	1142854	20966	168	2013236	1689404	1126240097517217
1181280	1163226	18054	2089	5325270	5548794	1126240104374595
1075626	1055710	19916	2884	7782334	7033268	1126240113582869
1177216	1158400	18816	2153	6195158	5672694	1126240121306387
920544	903062	17482	2873	7601976	6855974	1126240130179675
976686	949968	26718	4577	10868088	10321042	1126240142375727
511190	493192	17998	2046	5566564	4792712	1126240148804201
1148896	1128336	20560	3282	8182642	7902384	1126240158485817
501372	483218	18154	2183	5800548	5056990	1126240165138233
1222876	1205852	17024	1024	3916252	3463888	1126240170633681
1330198	1312492	17706	3381	8020296	8280846	1126240180334923
490466	472120	18346	2619	7053128	5917630	1126240188229143
1200564	1178994	21570	2207	6163160	5804288	1126240195943177
1312348	1164144	148204	2764	6957018	7030272	1126240204564921
1206900	1157268	49632	1235	4231248	3867266	1126240210353441
1027198	1010006	17192	4500	10719698	10217008	1126240222451629
1175760	1158504	17256	2002	5910634	5368870	1126240229888133
740628	722802	17826	758	2935318	2445662	1126240233914979
908780	889294	19486	1917	5434756	4932344	1126240240609073
838774	820338	18436	4866	11318058	10760380	1126240253116955
1185398	1167788	17610	1565	4866508	4505270	1126240259525533
1128578	1110100	18478	2710	7385894	6737636	1126240268390683
1184808	1164334	20474	3802	9394630	8977650	1126240279320805
1200926	1179954	20972	3889	9746230	9230810	1126240290618863
835044	817320	17724	1803	5314906	4630388	1126240297118897
1176132	1157332	18800	3098	8040142	7564012	1126240306709913
358410	257882	100528	377	2480812	1302680	1126240309900177
512418	494744	17674	2894	7162022	6489710	1126240317926107
1180438	1162350	18088	1815	5578862	5000298	1126240325036067
1186074	1167506	18568	697	3242248	2769458	1126240329821699
312050	280252	31798	2187	6004076	4875618	1126240336489601
4821768	4819966	1802	3418	8810530	11847076	1126240350473245
634120	615490	18630	1080	3912836	2984756	1126240355371549
1178138	1159986	18152	4588	10915816	10548066	1126240367817479
1183588	1166112	17476	1679	5050056	4730746	1126240374402845
1179730	1161140	18590	3070	7875464	7508902	1126240383808919
1008368	991032	17336	785	3360616	2769142	1126240388529539
509224	491148	18076	2971	7646398	6640600	1126240397036331
550208	533000	17208	1889	5624626	4516774	1126240403571269
1200372	1182594	17778	3379	8711612	8148086	1126240413833361
1178556	1160050	18506	1766	5583512	4900676	1126240420947469
1219450	1157278	62172	3274	8593228	7960930	1126240431118307
1178784	1161798	16986	1153	3989466	3674212	1126240436657593
1177432	1160010	17422	1844	5650296	5054538	1126240443836187
1246104	1174118	71986	4103	10017244	9641286	1126240455450765
605402	587664	17738	2491	6894334	5776162	1126240463301993
1180436	1162058	18378	2528	6589014	6425694	1126240471422947
1078504	1061186	17318	2361	6413904	5994712	1126240479266995
1177376	1158692	18684	3613	9014412	8595632	1126240489815761
1180584	1162564	18020	4592	10947426	10554832	1126240502294909
940670	921134	19536	3249	8092304	7627648	1126240511678887
349658	331340	18318	4848	11277772	10235406	1126240523657773
1175186	1157510	17676	965	3483716	3295000	1126240528667297
1177412	1160004	17408	2984	7893942	7335442	1126240538089427
1181992	1163684	18308	3223	7667140	7817994	1126240547289961
267838	248562	19276	2530	6615112	5517114	1126240554523727
1049440	1032172	17268	2681	7076438	6600574	1126240563001257
863036	845812	17224	1560	4946420	4173310	1126240569168811
413476	393764	19712	3364	8650580	7334488	1126240578607177
1056478	959050	97428	3365	8371656	7976124	1126240588386107
1078754	1050216	28538	3213	8099064	7694050	1126240597914303
1174940	1157118	17822	1309	4306238	3981884	1126240603746441
749352	732140	17212	3605	8841620	8149328	1126240613688813
651354	634026	17328	360	2403954	1561462	1126240617094755
897844	766858	130986	4757	10895518	10601310	1126240629243173
1193256	1175694	17562	142	1809596	1666084	1126240632606567
1030794	1014266	16528	2001	5343088	5244588	1126240639332059
1180398	1161536	18862	3810	9264386	8992722	1126240650127549
366630	333062	33568	1020	3640228	2595450	1126240654485771
1177388	1159578	17810	3852	8999866	9071164	1126240665014443
1184850	1166834	18016	56	1948538	1486554	1126240668505879
334738	316344	18394	4159	9479782	8841680	1126240678671673
517496	500500	16996	3229	8305922	7164324	1126240687846365
1073278	1054908	18370	375	2202572	2013878	1126240691474113
1118574	1101130	17444	1427	4619438	4161196	1126240697563383
7542812	7540124	2688	3318	8448026	14367342	1126240713981559
1049622	1033134	16488	88	1855800	1415470	1126240717238267
602046	584432	17614	3309	7993490	7409642	1126240726190635
1181726	1164552	17174	4516	10955742	10403872	1126240738680241
1258558	1191592	66966	4325	10456828	10097920	1126240750746973
1182674	1162106	20568	1821	5362354	5013558	1126240757643035
1175376	1157428	17948	52	1658582	1468978	1126240760827671
1186198	1159742	26456	4542	10335496	10459968	1126240772700447
1191190	1157092	34098	291	2030610	1963282	1126240776273405
728138	710818	17320	3259	8495324	7435168	1126240785848267
317174	169320	147854	4029	9840490	8565524	1126240796357211
1183484	1163912	19572	4554	11085474	10480412	1126240808977445
815682	796544	19138	2045	5762804	5095840	1126240815915601
410998	320232	90766	2378	6432906	5355868	1126240823110835
1177584	1160582	17002	3803	9449850	8976404	1126240834095355
1277132	1163984	113148	2660	7087208	6787566	1126240842810833
1175384	1156720	18664	4020	9745238	9404606	1126240854083029
1181448	1162636	18812	3310	8251604	7990994	1126240863866995
736656	620468	116188	3669	9032932	8264812	1126240873988113
1059052	1042074	16978	3489	8402720	8226380	1126240883800453
1177282	1160240	17042	640	3195386	2647248	1126240888524657
868976	850566	18410	1712	4798526	4482954	1126240894544281
586572	568826	17746	2758	7410142	6291568	1126240902891829
1181494	1158986	22508	1168	3768666	3707584	1126240908192679
1143360	1121294	22066	780	3271322	2893066	1126240912958527
802316	783942	18374	278	2309812	1547438	1126240916427481
557610	539292	18318	4858	11092642	10463252	1126240928428641
1233654	1214442	19212	2826	7375210	7075422	1126240937388659
1176450	1159444	17006	2268	6007536	5902502	1126240944923379
1179322	1161110	18212	3785	9018776	8938242	1126240955472143
1179424	1160346	19078	4697	11374416	10762656	1126240968378165
1178634	1161610	17024	2197	5833570	5763052	1126240975741319
360700	344074	16626	4071	9744074	8692412	1126240986197293
1176578	1157206	19372	3753	9273058	8871476	1126240996999115
229340	186784	42556	1188	4371722	2798298	1126241001959833
623828	603872	19956	1912	5775540	4636788	1126241008710267
1174342	1157282	17060	698	3181102	2760244	1126241013416759
1177976	1160688	17288	2219	6122982	5808708	1126241021068331
1181722	1161552	20170	4056	10042856	9485324	1126241032650005
1183100	1165830	17270	2425	6727782	6221716	1126241040911275
219024	177616	41408	2190	5807352	4788636	1126241047289137
776732	758956	17776	308	2322782	1585966	1126241050738867
1321070	1301716	19354	2187	5753296	5883800	1126241058163121
1258032	1161072	96960	1406	4458374	4259364	1126241064230041
440322	420890	19432	1209	3824112	3046886	1126241068846307
1229570	1162408	67162	2610	7004758	6638622	1126241077431487
1186384	1169178	17206	201	1933044	1781462	1126241080902281
1177590	1159024	18566	1784	4776574	4935432	1126241087207451
1194450	1174162	20288	2659	6985800	6702298	1126241095748227
1185272	1164096	21176	2130	5620256	5639174	1126241102905013
1330074	1167802	162272	1284	3791014	4088090	1126241108377739
635254	613034	22220	2430	6384584	5684938	1126241115748851
505148	480074	25074	4695	11385728	10085150	1126241127990675
1177562	1161324	16238	4905	11396072	11177470	1126241140914977
1292850	1275498	17352	2076	5901748	5635078	1126241148460251
1182408	1165020	17388	2692	7378336	6755714	1126241157371721
218290	186538	31752	3880	9805740	8166862	1126241167747499
1174300	1156850	17450	3979	10050696	9322324	1126241179323441
1176834	1159276	17558	4091	9426322	9547144	1126241190275909
1179250	1159486	19764	551	2558048	2470914	1126241194364297
1179008	1157506	21502	1069	3604904	3506788	1126241199497993
1179702	1162256	17446	3150	7979834	7668624	1126241209008633
862116	844088	18028	3413	8419122	7877416	1126241218646965
580420	562918	17502	1759	5414916	4288080	1126241224993211
1187904	1161520	26384	1770	5266822	4917744	1126241231804641
1153804	1129726	24078	4588	10679984	10519208	1126241243988445
285442	262492	22950	1953	5639342	4381728	1126241250264043
1011764	993858	17906	4215	10117316	9630732	1126241261744281
567478	516190	51288	4713	11287278	10182674	1126241273949887
1176094	1157618	18476	2835	7157168	7035956	1126241282634441
1244506	1166066	78440	308	2402758	2049488	1126241286632851
989052	969974	19078	4377	10622684	9933084	1126241298595291
846258	802458	43800	2844	7461428	6724154	1126241307254423
1180730	1163822	16908	137	1686294	1643924	1126241310478869
1193092	1159822	33270	1670	4386714	4721902	1126241316409183
1179506	1160488	19018	4240	9739802	9847848	1126241327679509
1116862	1099310	17552	4037	9612016	9381306	1126241338758823
396734	378658	18076	3400	8546824	7385244	1126241348054567
1232394	1214572	17822	120	2013258	1662698	1126241351652241
1184230	1162794	21436	2891	7182534	7182906	1126241360369971
1180592	1162294	18298	3402	8207698	8174072	1126241370110303
786860	769150	17710	4914	11537408	10805454	1126241382784429
1159860	1140644	19216	4014	10065152	9377860	1126241394359373
