# Loop @ Start frequency 3100000Hz took 708.54 cycles
# Interval [707 ; 710]
# Q1 : 706 ; Q3 : 708
# Loop @ Target frequency 1600000Hz took 1331.91 cycles
# Interval [1327 ; 1337]
# Q1 : 1324 ; Q3 : 1326
# Confidence intervals do not overlap, alternatives are statistically different with selected confidence level
Change time (with write) [cycles]	Change time [cycles]	Write cost [cycles]	Wait time [us]	Time since last frequency change request [cycles]	Time since last frequency change [cycles]	Detected frequency change timestamp [cycles]
1191634	1160870	30764	3567	221779176	221110350	1126259522199067
231976	211696	20280	4812	11003384	10040904	1126259533729293
1179970	1159678	20292	907	3651374	3178736	1126259538855247
1206298	1187552	18746	3036	7712362	7463422	1126259548073493
1338126	1175274	162852	4996	11949580	11515942	1126259561655227
1237642	1220854	16788	2463	6941304	6349794	1126259570128703
755202	602472	152730	4156	10186088	9252314	1126259581364173
1180234	1159460	20774	3982	9615214	9333520	1126259592453121
1184056	1157584	26472	4075	9982584	9519200	1126259603912721
308322	274034	34288	3998	9969320	8477728	1126259614472899
1178406	1162452	15954	3427	8729172	8205982	1126259624662913
1119160	1102878	16282	2191	5958526	5674622	1126259632021639
1174718	1157098	17620	4544	11238246	10434948	1126259644715217
632296	614200	18096	3891	9162190	8600544	1126259654802689
420448	401468	18980	4101	10198146	8807238	1126259665714747
1008278	991738	16540	3295	8447852	7784272	1126259675464523
1181102	1161098	20004	2535	6674260	6436988	1126259683613283
1173884	1157390	16494	27	1779146	1414298	1126259686860029
1029852	1012114	17738	2511	6401338	6238596	1126259694590013
687384	669312	18072	4626	10710958	10125300	1126259706281379
1060866	906194	154672	4697	11015660	10638996	1126259718650679
1178710	1161934	16776	4859	11585380	11070316	1126259731696533
1263318	1158796	104522	1572	4992902	4592002	1126259738247083
1179812	1162618	17194	447	2232942	2259014	1126259741953563
209124	176092	33032	3556	8780960	7506052	1126259751236801
1227168	1202270	24898	4871	11596820	11153724	1126259764354747
1312116	1295348	16768	3275	8342646	8035126	1126259774303459
1174564	1157144	17420	1540	4698322	4427762	1126259780457883
793504	776346	17158	3078	7729256	7121150	1126259789262753
1174404	1157456	16948	1572	5038518	4491056	1126259795757601
245484	213820	31664	1286	4339626	2989682	1126259800624667
1177168	1161668	15500	4158	10115542	9666650	1126259812198259
1188408	1160320	28088	156	2107416	1672518	1126259815775467
818868	803650	15218	590	2559542	2190104	1126259819435903
863766	847380	16386	1788	4718570	4612118	1126259825300755
1177362	1161620	15742	4822	11456788	10993638	1126259838216267
1175960	1159352	16608	271	2505714	1891364	1126259842180801
1183908	1164636	19272	2722	7149578	6800044	1126259850796713
517830	502422	15408	3041	7903210	6773184	1126259859498533
1141274	1117464	23810	1519	4815976	4352064	1126259865737933
704738	689154	15584	1506	4726746	3888766	1126259871451373
1174328	1159388	14940	4306	10425032	9958924	1126259883332893
1202408	1162902	39506	3273	8467032	7922110	1126259893284887
1055658	1039912	15746	1904	5734372	5035534	1126259900356083
1182270	1165710	16560	2294	6428726	5943220	1126259908248743
1173332	1156906	16426	1597	5082834	4553154	1126259914797743
1196278	1179254	17024	2113	6253308	5606806	1126259922540729
454898	372326	82572	412	2603928	1463412	1126259925893227
1175116	1158700	16416	138	1393952	1639572	1126259928755441
1303160	1180520	122640	3347	8565166	8182756	1126259938917409
1021148	1003444	17704	16	1999696	1240800	1126259942237357
317052	298842	18210	1746	4860672	3994338	1126259947709207
1174272	1157462	16810	4935	11312980	11230294	1126259960490349
1179392	1161972	17420	3464	8816488	8292402	1126259970779373
455106	434910	20196	3745	9424860	8130662	1126259980953023
223110	204206	18904	2732	7259066	5873474	1126259988732933
1175766	1160402	15364	1498	4384200	4345138	1126259994583469
1171632	1156704	14928	4146	9988234	9635858	1126260006025233
1176886	1160338	16548	1096	3811824	3541716	1126260011296463
430784	414520	16264	1260	4270850	3123602	1126260016280333
333218	313760	19458	4117	9887556	8739228	1126260026782677
1187678	1172932	14746	2011	5795994	5382700	1126260034049089
1180240	1164438	15802	172	1880910	1697726	1126260037391619
791148	774404	16744	2268	5664182	5500098	1126260044128443
598622	583174	15448	4094	9962906	8958884	1126260054971841
1178484	1162820	15664	745	3199380	2840564	1126260059635693
352360	336416	15944	2672	7334100	5868304	1126260067603497
1173602	1157792	15810	3355	8542068	8056908	1126260077600673
1172818	1158008	14810	1239	4252502	3824036	1126260083307833
1022724	1005216	17508	4099	9885300	9396404	1126260094497637
599278	582316	16962	3278	8140834	7328786	1126260103520259
1175570	1158402	17168	2673	7103104	6705784	1126260112092487
1178826	1159652	19174	2143	6000930	5650806	1126260119565663
1200906	1183522	17384	1737	4950880	4859078	1126260126009703
1081790	1063870	17920	1406	4763658	4077838	1126260132148547
1184460	1165924	18536	797	3624036	2963786	1126260137251203
1192404	1160002	32402	643	3174276	2663972	1126260141911093
386154	369580	16574	3558	8861456	7687854	1126260151452763
1174214	1156766	17448	4047	9878466	9453334	1126260162798723
537274	520756	16518	882	3364724	2487050	1126260166993761
514500	494808	19692	2473	6816688	5648636	1126260174622961
682336	666864	15472	1585	4769290	4037764	1126260180368629
1173858	1158622	15236	2540	6664062	6427150	1126260188488073
1174632	1159332	15300	4264	10330352	9875002	1126260200274773
1294936	1158004	136932	2738	7479430	6944718	1126260209330979
1197176	1178256	18920	2733	7206112	6836998	1126260218015281
930870	914128	16742	4271	9875146	9657810	1126260229114903
1192500	1174892	17608	2902	7561744	7185670	1126260238166481
848604	829838	18766	3628	8971566	8289888	1126260248280503
1187504	1170006	17498	3111	8109546	7594806	1126260257871183
675208	660000	15208	266	2356304	1379072	1126260261184873
1012192	991408	20784	4833	11018714	10851282	1126260273497773
216464	196688	19776	157	2343590	704008	1126260276340001
938400	921592	16808	226	1806562	1563034	1126260279365919
1181316	1164286	17030	1531	4917940	4415724	1126260285746793
1188214	1171878	16336	3004	7682292	7368124	1126260294899635
317314	282370	34944	3731	9112928	7952126	1126260304618739
1181968	1162348	19620	4131	10168786	9629888	1126260316263353
1055884	1039244	16640	3481	8736180	8202868	1126260326349173
687896	670848	17048	587	2732754	2047868	1126260330063133
230306	211082	19224	4252	10106714	8919916	1126260340693463
1181874	1165874	16000	3693	9123290	8753486	1126260351292857
1181140	1163826	17314	3638	8644000	8629664	1126260361400053
1180588	1164096	16492	2737	6917466	6827296	1126260369779521
1096922	1080562	16360	1854	5415322	4991772	1126260376585827
253640	235552	18088	262	2426682	962404	1126260379560529
1183142	1163450	19692	2312	5999152	5994756	1126260387035967
1181466	1163616	17850	533	2712436	2433554	1126260391228249
751516	734912	16604	3593	8870584	8126614	1126260401144243
1189378	1163562	25816	99	1841468	1571606	1126260404468063
1190532	1171880	18652	4288	9633644	9951850	1126260415585133
1179204	1163666	15538	4109	10105648	9582902	1126260427163601
1181324	1165116	16208	2408	6611264	6173202	1126260435237681
1177964	1159440	18524	3027	7978672	7405236	1126260444676229
730992	714996	15996	4985	11524598	10874228	1126260457213153
1184502	1167360	17142	678	2802984	2713158	1126260461482659
1178590	1162070	16520	2117	5903054	5584982	1126260468846667
1280082	1263694	16388	2293	6313464	6038882	1126260476722119
1063580	1047970	15610	1789	5079822	4814898	1126260483147549
1279484	1170698	108786	914	3484170	3280286	1126260488193403
1183064	1166600	16464	4153	10330644	9660996	1126260499988909
1212134	1194766	17368	1515	4861804	4415248	1126260506345171
1175462	1159872	15590	1040	3792722	3427322	1126260511595217
1191908	1176622	15286	4496	10654710	10356120	1126260523723579
1181978	1164880	17098	3415	8449486	8185044	1126260533637573
707156	688110	19046	4104	9827724	9087100	1126260544454793
1182514	1077278	105236	3390	8377864	8147818	1126260554308059
1189038	1172244	16794	3186	7723910	7746254	1126260563514517
919108	899640	19468	4864	11403116	10832268	1126260576130473
489802	474218	15584	3823	9382212	8321526	1126260586296967
1177698	1161460	16238	4098	10080656	9547050	1126260597836801
388588	371618	16970	155	2258872	872576	1126260600765647
1175990	1159714	16276	3875	9105904	9098018	1126260611329007
182524	167808	14716	4861	11426216	10077158	1126260623219423
1173106	1157548	15558	2928	7538186	7204068	1126260632211849
1181444	1163918	17526	110	1954850	1573952	1126260635630243
1175046	1157496	17550	1900	5134558	5169490	1126260642221907
1188268	1168180	20088	4545	10648878	10463158	1126260654353067
1127934	1109652	18282	3369	8647050	8051134	1126260664420637
256906	222052	34854	2297	6405084	5036954	1126260671375543
1172836	1157372	15464	4406	17563968	10157948	1126260690405233
1174098	1158020	16078	787	3263992	2921424	1126260695124473
1071078	1052680	18398	3521	8587214	8286324	1126260705071469
1176384	1158748	17636	2005	5873094	5376218	1126260712418727
1184524	1166832	17692	1318	4188516	4005384	1126260718084813
727708	708924	18784	4294	10394022	9501142	1126260729499927
1176696	1159552	17144	824	3568010	3008984	1126260734538889
1200458	1181744	18714	1278	4346434	3941776	1126260740378561
1187530	1171738	15792	2680	7155864	6720554	1126260749015467
1190370	1175222	15148	1094	3902700	3552182	1126260754394273
1193302	1175558	17744	3047	7808104	7459524	1126260763677233
1178658	1161480	17178	162	2251206	1687342	1126260767400597
1187234	1160684	26550	1420	4150150	4212308	1126260773031107
1136430	1119582	16848	1616	4901100	4553476	1126260779366263
1185112	1168362	16750	4621	10905984	10611706	1126260791750829
1174598	1157954	16644	1886	5813764	5131814	1126260799032283
486768	471118	15650	4189	10024852	9050736	1126260809842233
499912	485176	14736	4642	11223448	9956008	1126260821847313
1177790	1162502	15288	2200	6408704	5750880	1126260829715143
1300936	1282076	18860	4100	9772360	9673808	1126260841070173
1148584	1133564	15020	3859	9509332	9042498	1126260852013753
967234	949650	17584	1704	5427612	4548388	1126260858690443
1187772	1167840	19932	4153	9857274	9678910	1126260870028913
617458	599436	18022	3768	8960636	8338036	1126260879900517
1035602	1018848	16754	2718	7368652	6656942	1126260888598623
1287174	1181450	105724	3756	8960106	8985142	1126260899139979
769968	753648	16320	1692	5130934	4329986	1126260905322729
1196024	1180154	15870	4481	10759144	10330574	1126260917558707
1178400	1163044	15356	1863	5656420	5076882	1126260924674993
1322234	1307234	15000	2575	6590870	6644694	1126260932870773
223132	192484	30648	1574	4998144	3543564	1126260938381629
850854	751160	99694	4855	11382852	10733760	1126260950897269
1191218	1176016	15202	44	1600386	1451422	1126260953987597
762842	651828	111014	4716	10809798	10380354	1126260965859253
616978	599818	17160	3488	8414032	7777990	1126260975183323
317226	300238	16988	2537	6754114	5579790	1126260982547503
744046	726832	17214	3773	9229198	8475972	1126260992814243
452834	436316	16518	320	2344570	1276948	1126260995905017
1183416	1159340	24076	1013	3147284	3394714	1126261000529553
1176442	1160076	16366	613	3170220	2574684	1126261005168439
1178024	1159846	18178	4795	11289324	10944072	1126261017917909
272030	257008	15022	1000	3744084	2445722	1126261022215893
1171492	1156598	14894	2181	6180078	5706292	1126261029849307
1178512	1157928	20584	4979	11596560	11309662	1126261042906229
1289448	1158582	130866	1799	5413092	5060048	1126261049897093
1179662	1160748	18914	1483	4856630	4319490	1126261056215259
346342	331074	15268	1306	3983962	3130022	1126261060825913
302188	282860	19328	1083	3877562	2641818	1126261065287713
354748	338644	16104	2629	7130732	5785818	1126261073054233
1174686	1157838	16848	847	3504804	3045118	1126261078020103
1188114	1172452	15662	3437	8716182	8235670	1126261088205483
1067966	1052514	15452	2324	6141830	5887858	1126261095697249
1073020	1057152	15868	2335	6472352	5916248	1126261103524253
1263418	1246356	17062	4813	11382628	11061522	1126261116452579
1174712	1158736	15976	4546	10941180	10439358	1126261128849749
1009880	995180	14700	3083	7916912	7349314	1126261138062869
833860	818230	15630	4348	10626484	9703166	1126261149804773
1000724	985486	15238	1639	4992126	4452468	1126261156079559
1197364	1177234	20130	4708	11490892	10786212	1126261169050203
1205234	1162830	42404	3991	9702390	9373070	1126261180256007
284494	267974	16520	895	3677624	2259592	1126261184511223
998330	981330	17000	130	2001206	1443944	1126261187805049
1177598	1158844	18754	3547	8462418	8457118	1126261197738243
1235830	1220930	14900	2350	6084610	6119812	1126261205352307
734492	717472	17020	3611	9175116	8128884	1126261215542969
977626	960626	17000	3071	7821664	7303918	1126261224636063
1181550	1164122	17428	3121	7900656	7608436	1126261234011929
1176108	1158532	17576	3537	8791026	8435624	1126261244272373
1177876	1159990	17886	1541	4849610	4445030	1126261250592099
1202196	1170970	31226	4851	11360202	11090026	1126261263448241
1030282	1014820	15462	3520	8773970	8243602	1126261273534241
1185336	1170718	14618	3752	9361932	8861630	1126261284363221
949064	928164	20900	1926	5549216	4974776	1126261291142853
1329674	1160844	168830	4751	11462710	11003924	1126261304217493
1186162	1167936	18226	2108	5976948	5587256	1126261311673947
976150	959376	16774	3409	8658720	7978330	1126261321601863
808158	790486	17672	1582	4916816	4157288	1126261327619837
1181304	1162344	18960	1307	4491428	3981126	1126261333586929
762772	745260	17512	3269	8169380	7487032	1126261342812313
847672	831020	16652	1444	4751726	3920312	1126261348705069
505272	490634	14638	367	2568876	1413064	1126261352060629
846210	830666	15544	4526	10487300	10070128	1126261363675447
1184366	1168688	15678	1010	3728550	3377760	1126261368869593
1246800	1161380	85420	3218	8236090	7854372	1126261378637973
745352	730544	14808	4507	10643918	9932010	1126261390308423
1181590	1164100	17490	3592	9156750	8538380	1126261400928573
1175986	1157942	18044	4429	10523310	10207814	1126261412914903
1182558	1165640	16918	2363	6304822	6081862	1126261420699383
1176318	1160924	15394	3697	9163572	8742706	1126261431321077
1306888	1271928	34960	765	3426476	3009064	1126261436335593
1315108	1160482	154626	3037	7856162	7574624	1126261445799863
1174408	1156180	18228	1186	4351872	3731734	1126261451619133
513518	496842	16676	2722	7337304	6142666	1126261459764183
701948	679436	22512	2586	7059396	6059268	1126261467818533
406786	389562	17224	2562	6856360	5714996	1126261475375329
1329600	1234296	95304	3618	9273028	8749942	1126261486272077
1177014	1160566	16448	410	2706084	2169998	1126261490437327
1111356	1094720	16636	4858	11553238	10999702	1126261503383563
1260348	1159164	101184	1582	4778592	4600764	1126261509704613
334252	315892	18360	3846	9178492	8211994	1126261519510437
1291110	1274778	16332	3808	9566364	9091462	1126261530661223
730088	713762	16326	616	3146606	2147634	1126261534832173
1174332	1157506	16826	730	3366352	2820752	1126261539670383
1172652	1156708	15944	4975	11916198	11308448	1126261553052477
1174528	1159704	14824	3171	7985872	7689236	1126261562500273
1174554	1158542	16012	3263	7871206	7874476	1126261571828253
5525036	5522724	2312	3658	8849340	13013372	1126261586484653
1348872	1176508	172364	2970	7665300	7475126	1126261595780489
1181982	1157708	24274	1899	5577094	5166744	1126261602833559
724158	706920	17238	4467	10691944	9843344	1126261614549623
1004144	987448	16696	4256	10393560	9701070	1126261626239513
668024	651024	17000	1769	5337934	4392768	1126261632539357
1182236	1164988	17248	4276	10154204	9918384	1126261644169373
748200	732852	15348	301	2249902	1524376	1126261647449289
1000560	972856	27704	3424	8198324	8021104	1126261656929593
1174768	1159180	15588	2861	7477666	7071128	1126261665867747
1174858	1158844	16014	4112	10127328	9570956	1126261677451753
1131744	1116890	14854	4151	10148840	9607320	1126261689014523
1180688	1164914	15774	2256	6362472	5868656	1126261696843429
1206468	1157588	48880	4034	9470628	9446836	1126261707807093
1078950	1061548	17402	4903	11738726	11070530	1126261720919609
1176884	1159602	17282	1688	4776420	4738334	1126261727185507
1016676	999702	16974	2109	5535870	5420282	1126261734031243
1149742	1124766	24976	1608	5071428	4550288	1126261740546273
1327506	1167040	160466	962	3753990	3435914	1126261745919969
1020388	1001994	18394	3338	8448836	7880680	1126261755682773
1180420	1163170	17250	735	3417160	2834828	1126261760574777
1193100	1174618	18482	1482	4969496	4342528	1126261767031413
617718	519196	98522	3071	7504870	6944902	1126261775453953
1178242	1161638	16604	4014	9663072	9391758	1126261786588423
1187238	1169300	17938	1443	4603732	4259296	1126261792673337
757424	740600	16824	1781	5263490	4503354	1126261798987463
1192240	1174224	18016	2561	7154944	6500016	1126261807636233
1191316	1172572	18744	2849	7673548	7062764	1126261816791233
921060	900692	20368	1244	4306800	3594228	1126261822312973
450168	431814	18354	2967	7520328	6570088	1126261830576013
1183908	1164936	18972	1604	4738904	4575958	1126261836791689
1178812	1161650	17162	39	1550688	1442686	1126261839814569
1176438	1159820	16618	1695	4597598	4751668	1126261845882173
1177528	1161494	16034	4374	10350608	10110816	1126261857703033
1175226	1158446	16780	3531	8706908	8410166	1126261867866663
629496	612032	17464	2513	6854884	5827428	1126261875632853
1178654	1162554	16100	2483	6905376	6317116	1126261883997959
1021450	1005408	16042	4695	10863296	10583868	1126261896164673
373516	354470	19046	2080	6018748	4705840	1126261902838801
1193248	1175144	18104	4985	11616512	11349168	1126261915946419
1175130	1157758	17372	4703	11254100	10765656	1126261928668219
1182336	1162878	19458	3532	8963354	8432058	1126261939107343
642290	625506	16784	2604	6969308	6039604	1126261947053207
1183008	1168238	14770	4218	10129778	9790440	1126261958659733
508792	492376	16416	596	2897302	1873712	1126261962347521
1177560	1161878	15682	4133	10055900	9615484	1126261973862193
1174388	1159794	14594	4664	11091642	10675092	1126261986408897
916450	900486	15964	3903	9526650	8895238	1126261997132887
875654	859860	15794	1905	5314178	4859482	1126262003604039
1175792	1159120	16672	3540	8935132	8427684	1126262013996097
428750	413906	14844	4592	10970676	9785950	1126262025676967
1285796	1270456	15340	4918	11457670	11295162	1126262038701909
782300	763526	18774	1158	4063958	3270864	1126262043830377
1226694	1159772	66922	856	3769306	3111656	1126262049108733
1201298	1163922	37376	3235	8208978	7846914	1126262058805283
1178030	1162822	15208	553	2614366	2457640	1126262062879989
4644630	4640532	4098	3179	7954626	11174456	1126262075768613
502200	482110	20090	4849	11505810	10385290	1126262088070063
1134918	1117454	17464	4083	9901928	9485754	1126262099400663
1182674	1164506	18168	4279	10582552	9925842	1126262111460387
231446	213208	18238	3894	9594268	8206026	1126262121579041
545946	529030	16916	1731	5038604	4179966	1126262127453403
1178940	1163990	14950	2542	7084302	6436288	1126262135998339
1178458	1161152	17306	1197	4127298	3744424	1126262141585813
1173354	1156878	16476	4572	11169702	10502594	1126262154210703
1174672	1158052	16620	4725	11256244	10810506	1126262166935957
1176146	1159042	17104	1616	5106566	4593982	1126262173517353
1263040	1160592	102448	2907	7267846	7266484	1126262182342193
1031936	1014134	17802	2035	5683184	5287482	1126262189351027
921666	904158	17508	251	2149004	1611492	1126262192714703
981704	964600	17104	4439	10335106	10062368	1126262204324663
1198562	1179726	18836	4084	10000972	9553036	1126262215817467
1421042	1400776	20266	3836	9530582	9266690	1126262227059877
977622	960520	17102	1843	5390934	4850080	1126262233726373
1191488	1172630	18858	2724	7171696	6823648	1126262242382187
1190018	1159042	30976	2228	6167386	5831530	1126262250032663
1069156	992092	77064	4334	10568030	9921296	1126262261963573
1442648	1294904	147744	220	2337446	2055510	1126262266025041
389648	372156	17492	2469	6506264	5500786	1126262273202073
214030	173122	40908	4381	10575222	9161868	1126262284284373
660298	643004	17294	3324	8453782	7493122	1126262293692547
838358	821194	17164	1701	5257046	4426500	1126262300080623
1292892	1160562	132330	2389	6496226	6256370	1126262308163077
1210436	1161226	49210	1254	4564274	3903048	1126262314230583
1162376	996428	165948	1146	3888676	3638598	1126262319574373
377180	358518	18662	1524	4968116	3598240	1126262325201233
1174126	1156354	17772	2838	7459398	7039630	1126262334128123
396284	377834	18450	757	3318078	2094676	1126262338136241
1210310	1189266	21044	1387	4689216	4173030	1126262344329523
368870	352162	16708	1916	5765346	4386452	1126262350756733
1189616	1161228	28388	778	3255390	2931772	1126262355495453
322158	305432	16726	3625	9100916	7758006	1126262365211897
1179402	1160518	18884	1366	4650476	4097234	1126262371335117
530594	513308	17286	4116	9699374	8948206	1126262381858221
1180986	1164438	16548	3541	8699276	8448126	1126262392032539
409126	393622	15504	2343	6308094	5279022	1126262399042493
1176344	1161072	15272	138	2122986	1627774	1126262402627703
1156996	1131224	25772	3398	8024230	8125282	1126262412090279
658332	642564	15768	577	2809312	1985348	1126262415839597
1175520	1160388	15132	4330	9833016	10029696	1126262427130709
1175622	1158110	17512	1997	5462112	5342890	1126262434050743
1220132	1202292	17840	751	3460748	2894460	1126262439013329
1315518	1297144	18374	304	2547132	2111566	1126262443174703
1265720	1248736	16984	1683	5216440	4816334	1126262449950827
709088	690058	19030	24	1762494	942330	1126262452716161
498402	479508	18894	4052	9471372	8786926	1126262462979423
1184560	1167608	16952	1074	3981946	3517770	1126262468443529
1178366	1160768	17598	192	1716940	1747728	1126262471633333
1199904	1159288	40616	1046	3308420	3481268	1126262476434843
1188038	1168046	19992	1820	5762142	5013846	1126262483678887
1182390	1165574	16816	1357	4562890	4082184	1126262489717213
1180488	1162412	18076	503	2783826	2358770	1126262493975173
1172566	1157604	14962	3001	7664688	7347668	1126262503093157
2180500	2178656	1844	4432	10432750	11216444	1126262515992997
1180780	1162872	17908	3206	8246098	7765840	1126262525701337
1176500	1159770	16730	901	3496824	3163364	1126262530669017
204512	172684	31828	4711	11169922	9811840	1126262542336893
885376	868184	17192	1660	5217778	4390876	1126262548733757
805406	787272	18134	689	3411302	2368728	1126262553243697
1189172	1172276	16896	3718	9081824	8813248	1126262563807409
1057138	1039070	18068	4450	11034942	10129394	1126262576191267
288438	269004	19434	3635	9006908	7742652	1126262585778495
1175182	1158700	16482	1159	4307580	3679562	1126262591555201
1179498	1160552	18946	4807	11515038	10979146	1126262604543443
1173028	1157180	15848	4644	11403246	10645084	1126262617412733
1105314	1089610	15704	339	2629948	1956290	1126262621429009
633062	611052	22010	3398	8460762	7614820	1126262630820823
1002036	985426	16610	1625	5113702	4436250	1126262637235739
1179122	1161402	17720	3388	8768038	8141326	1126262647476719
333200	315996	17204	2588	7191206	5693962	1126262655294753
5862570	5859390	3180	4440	10850912	14927890	1126262672302009
689232	671920	17312	2426	6806218	5726648	1126262680096583
1222710	1169520	53190	1390	4766950	4188056	1126262686380013
1273492	1162588	110904	517	2894498	2493460	1126262690840757
998528	981916	16612	3612	9168818	8407656	1126262701305713
546118	529368	16750	3997	9917552	8724764	1126262712063243
775742	758686	17056	1515	4837382	3990406	1126262717970817
1329460	1187040	142420	4807	11238498	11128392	1126262730832337
1183260	1165042	18218	2226	6366320	5820520	1126262738668173
1183074	1164120	18954	2777	7398416	6923748	1126262747543953
1178030	1161392	16638	1518	5080404	4398996	1126262754096801
1176846	1159334	17512	4911	11478034	11185444	1126262767045533
1179140	1160936	18204	1246	4434834	3861264	1126262772957797
221398	202862	18536	3597	9038642	7601514	1126262782515943
1281610	1160284	121326	3397	8516250	8261486	1126262792607983
760744	744388	16356	1898	5651036	4728692	1126262799301069
1175612	1159886	15726	3990	9740970	9328932	1126262810499869
945728	930322	15406	1573	4733812	4264850	1126262816461947
1187506	1160998	26508	2998	7772410	7355570	1126262825703643
1179540	1163644	15896	4025	9830424	9402492	1126262836995577
1162024	1142308	19716	903	3557334	3140628	1126262842004021
1177010	1161450	15560	4058	9753912	9464780	1126262853216949
1183756	1166358	17398	2849	7669150	7054140	1126262862351713
1179840	1162152	17688	2038	5464004	5441728	1126262869289733
1179944	1161344	18600	2576	6929346	6516380	1126262877691783
325154	307866	17288	1794	5203086	4098386	1126262883512979
1185796	1166152	19644	3309	8525424	7990072	1126262893517513
1179886	1162820	17066	1021	3820190	3407810	1126262898811573
924792	907176	17616	2521	6812218	6152260	1126262906842413
1176838	1159556	17282	256	2066834	1862856	1126262910382313
1174088	1156358	17730	1647	4436946	4655988	1126262916275527
1193878	1174160	19718	3051	8022404	7468618	1126262925773389
1178696	1161472	17224	82	2112094	1527224	1126262929358173
801664	738908	62756	3606	8399022	8198970	1126262938853049
1173886	1156724	17162	1823	5639000	5008324	1126262946003243
290866	268924	21942	2797	7378480	6070130	1126262953966119
1188098	1171522	16576	2847	7648872	7068226	1126262963097183
1246956	1161080	85876	4533	11076850	10510098	1126262975710059
773130	755930	17200	2314	6278184	5586130	1126262983066167
1026240	1006120	20120	1416	4568520	4043296	1126262988965273
1182414	1164490	17924	4815	11258592	10996968	1126263001705343
1292646	1161538	131108	1925	5583204	5327934	1126263008875483
675400	660088	15312	804	3554630	2459488	1126263013404117
812572	796736	15836	3314	8200910	7616372	1126263022699189
1174398	1159656	14742	3590	8920542	8527192	1126263033076953
1180006	1163162	16844	4213	10159578	9778840	1126263044702457
591520	574248	17272	4843	11470642	10450020	1126263057045893
1176544	1159500	17044	2107	5911502	5562392	1126263064420849
1179002	1164404	14598	466	2565158	2284166	1126263068447289
1183016	1167112	15904	165	1659560	1685868	1126263071571273
0	0	0	0	0	0	0
1175352	1160632	14720	929	3618342	3208240	1126263086189493
1178818	1162680	16138	4618	10830248	10588572	1126263098480859
1178370	1162784	15586	3585	8869506	8521078	1126263108810349
1175598	1159974	15624	169	2043732	1686474	1126263112311563
878464	861346	17118	887	3131106	2843150	1126263116602363
1173362	1158454	14908	3960	9689544	9264876	1126263127747193
1173464	1158516	14948	1222	4172546	3790882	1126263133375277
226576	209468	17108	256	1888744	911058	1126263135772333
456872	439996	16876	2861	7078908	6351380	1126263143590553
1199478	1166576	32902	1736	4913642	4843304	1126263149985133
1342058	1158278	183780	747	3153532	3008556	1126263154761803
1176644	1160080	16564	4831	11493882	11022964	1126263167726309
934394	914744	19650	3066	14932418	7251280	1126263183885933
1179936	1162768	17168	3173	7683424	7710748	1126263193043361
658878	642456	16422	840	3251642	2523938	1126263197252303
428786	414124	14662	3440	8769728	7493648	1126263206744019
553530	538398	15132	639	2741566	2004550	1126263210320743
960138	942580	17558	4969	11510968	11069652	1126263223073225
682924	667590	15334	2874	7615942	6607490	1126263231657943
1182204	1161276	20928	2794	7465492	6942980	1126263240587193
722466	588998	133468	1947	5481660	4789202	1126263247073499
394132	375400	18732	3675	8786568	7928024	1126263256553089
1208346	1160638	47708	2683	7120184	6757816	1126263265175259
732574	713894	18680	2129	5991782	5179176	1126263272193423
1185656	1166204	19452	1178	3982964	3727650	1126263277654477
446628	429184	17444	4357	10364324	9346326	1126263288759369
1059476	1043804	15672	2768	7501442	6781396	1126263297613997
1079476	1062958	16518	1728	5185378	4707780	1126263304160083
1180564	1161524	19040	1345	4177016	4055916	1126263309809117
554178	537850	16328	2397	6417816	5532936	1126263317074673
1175294	1158958	16336	4420	10614300	10202742	1126263329163713
789242	772066	17176	4668	10911262	10309888	1126263341157573
1177660	1160500	17160	2509	6506924	6381990	1126263349135913
931900	913422	18478	2084	5488170	5285322	1126263355848119
1345618	1207580	138038	1008	3947316	3546980	1126263361435797
641624	565220	76404	989	3612042	2805632	1126263365981753
364532	346690	17842	2209	6042484	4968232	1126263372680617
198530	171146	27384	2132	5804086	4647936	1126263378976553
1175184	1158876	16308	529	2874990	2418688	1126263383325201
1177332	1159946	17386	1889	5362678	5142220	1126263390159303
1174810	1157054	17756	480	2783082	2319590	1126263394410739
1172004	1156762	15242	1836	5027760	5016060	1126263400903777
1175722	1157148	18574	3609	8711772	8566210	1126263411077407
747242	731878	15364	3931	9433954	8781588	1126263421546837
1185744	1158134	27610	997	3485836	3351514	1126263426499313
427642	410946	16696	83	1958614	767018	1126263429167179
1186434	1167930	18504	1970	5295244	5299166	1126263435929911
1184602	1168896	15706	897	3627668	3150814	1126263441024067
1176798	1159850	16948	3170	8025132	7689718	1126263450512167
1178388	1161252	17136	4614	11041372	10578638	1126263463013669
198772	182874	15898	4075	9899742	8522028	1126263473397967
518986	503384	15602	1936	5580972	4564084	1126263479780143
1174848	1159070	15778	3810	9129648	8967942	1126263490365929
1185172	1165460	19712	4699	11151380	10755848	1126263502984259
1277046	1257224	19822	2703	7075744	6867236	1126263511636093
1193268	1174188	19080	571	2765202	2520624	1126263515888253
1173874	1157202	16672	2121	6126006	5600438	1126263523480813
408158	390518	17640	204	2138102	1002128	1126263526321063
1283366	1160890	122476	653	2676874	2774946	1126263530574243
1190258	1170936	19322	4899	11818202	11172948	1126263543877037
1172234	1153752	18482	1951	5837716	5248400	1126263551178973
856272	832426	23846	1533	4785224	4109794	1126263557114943
1178732	1161410	17322	875	3332692	3114040	1126263561919363
1269870	1170750	99120	1820	5515010	5094746	1126263568998453
1212734	1165432	47302	1624	5026140	4646164	1126263575549273
1180556	1164374	16182	4226	9993440	9878582	1126263587016893
1181874	1165432	16442	2530	6517354	6414884	1126263595002161
1291450	1164776	126674	287	2331840	2038114	1126263598911713
986102	970782	15320	2017	5669832	5193890	1126263605854303
1186208	1159790	26418	4637	10898822	10634572	1126263618222313
1182312	1166048	16264	3099	8159870	7554204	1126263627846329
848684	832242	16442	3072	7989944	7165278	1126263636966629
1177676	1161956	15720	4460	10712844	10269616	1126263649143533
990358	974832	15526	2320	6214326	5803014	1126263656630147
422114	273414	148700	3691	8814310	7977378	1126263666147853
1101220	1085818	15402	3515	8512076	8304624	1126263676042863
1176158	1159504	16654	1689	5310802	4727452	1126263682811769
788036	771500	16536	4036	9851116	9033036	1126263693733553
1217332	1189198	28134	3330	8638334	8051420	1126263703870773
1181366	1165276	16090	3527	8810994	8407620	1126263714144713
1088588	1073214	15374	4512	10786490	10285510	1126263726301879
1177948	1158894	19054	4272	10421912	9895970	1126263738183253
1105188	1085894	19294	2431	6386624	6152634	1126263745968409
1178770	1161338	17432	1271	4460660	3907058	1126263751901963
1078850	931120	147730	270	2328412	1803618	1126263755602007
1176190	1158976	17214	1835	4979314	5057422	1126263762051307
1187336	1152882	34454	2272	6490324	5916822	1126263770022397
254150	236894	17256	1381	4547630	3202024	1126263775117159
372566	355394	17172	2583	6932674	5726588	1126263782715523
939472	917926	21546	4192	10322138	9508684	1126263794270349
196976	168526	28450	4268	10605538	8919340	1126263805365757
1177276	1160754	16522	2526	6787992	6415444	1126263813623989
1174846	1159170	15676	4175	10245796	9697256	1126263825337379
910940	892842	18098	1343	4595384	3770020	1126263831125433
1176232	1159854	16378	2034	6029402	5417464	1126263838612633
1173736	1158592	15144	894	3255634	3134230	1126263843324123
995780	980298	15482	3835	9355006	8838218	1126263853956059
1172170	1157264	14906	1528	4664190	4400632	1126263860074413
1190072	1173420	16652	3525	8408202	8413466	1126263869954237
1177572	1161676	15896	2292	5920052	5935076	1126263877333713
1183558	1166422	17136	421	2754206	2199344	1126263881553653
1196028	1171176	24852	1282	4369248	3931840	1126263887400069
3379044	3377124	1920	1609	4885702	6770564	1126263895947029
1188166	1156820	31346	4497	10869644	10355452	1126263908286189
1212714	1170294	42420	1542	4521922	4481078	1126263914314733
1178518	1161674	16844	1225	4383062	3813714	1126263920170419
736134	719464	16670	3580	8548446	8081716	1126263929747983
681920	664258	17662	371	2450800	1610140	1126263933173717
1181096	1164086	17010	2230	5836062	5826412	1126263940484839
1179688	1159326	20362	2381	6468826	6126768	1126263948427353
585574	510114	75460	2057	5733062	4883838	1126263955039239
1140086	988500	151586	3524	8692288	8372954	1126263965173547
1187528	1167450	20078	2149	6132740	5658738	1126263972775031
752420	735122	17298	4944	11573292	10825104	1126263985393829
1175564	1158962	16602	3449	8780210	8259202	1126263995642917
1177552	1159004	18548	4539	10722954	10440346	1126264007836803
738992	723238	15754	192	1976924	1295908	1126264010846113
1159366	1143084	16282	2481	6314724	6294768	1126264018606423
686752	669384	17368	4389	10658436	9636684	1126264030233857
1178856	1160822	18034	2949	7601586	7261760	1126264039307841
1285032	1266086	18946	3720	9231234	8910238	1126264050117947
1191242	1159018	32224	4840	11452196	11055486	1126264063054079
908488	889634	18854	701	3399832	2494936	1126264067661269
1089896	1073738	16158	4793	11112228	10861680	1126264080156473
1308976	1290108	18868	2731	7295924	6944084	1126264089043613
544020	526992	17028	3654	8934276	8037504	1126264098820599
1311912	1161382	150530	3423	8685958	8344214	1126264109116377
1182262	1165172	17090	3618	8965104	8605430	1126264119556659
215538	184132	31406	937	3390546	2275586	1126264123455903
1182806	1167502	15304	2350	6317244	6067536	1126264131249003
1179354	1162672	16682	523	2665892	2401662	1126264135375493
1181022	1165296	15726	45	1848512	1444518	1126264138687163
1079034	1063910	15124	445	2038850	2142758	1126264142087147
749604	733390	16214	445	2399234	1811998	1126264145517687
1180408	1161478	18930	4271	9908072	9933656	1126264156904539
1180096	1161482	18614	4308	10616118	9986212	1126264169000093
1175182	1158176	17006	4659	10845604	10679332	1126264181319107
1121468	1099492	21976	598	2614894	2501954	1126264185349379
1196326	1178896	17430	2719	7027360	6822692	1126264193866149
1176142	1160098	16044	2527	6801228	6402218	1126264202133797
904778	890110	14668	2390	6117542	5858300	1126264209438367
649492	634622	14870	1682	5160752	4186254	1126264215531037
1243262	1225424	17838	1631	5153064	4677524	1126264222208773
5474886	5473098	1788	128	1963324	5904258	1126264229928363
1178696	1158338	20358	4569	10861504	10501148	1126264242268173
1177568	1160238	17330	126	2299768	1614478	1126264246038979
1177102	1158712	18390	87	1435830	1536256	1126264248944523
363862	345040	18822	3824	9537052	8201096	1126264259143187
496634	479806	16828	3739	9499230	8159424	1126264269431893
1081596	1065128	16468	3153	8013884	7572028	1126264278820777
1177000	1158682	18318	318	2433456	1998440	1126264282730129
1249212	1162736	86476	2058	5699542	5549900	1126264289972303
1188748	1172266	16482	3238	8242020	7850106	1126264299695797
1044566	1029372	15194	312	2633696	1840548	1126264303663465
792294	772906	19388	3157	7487844	7294526	1126264312241247
613488	595842	17646	3223	8298278	7244446	1126264321446343
1203216	1184038	19178	243	2212918	1874140	1126264325156037
934056	915176	18880	467	2041234	2054156	1126264328424853
897362	879342	18020	4652	11034242	10386516	1126264340650043
1178060	1158712	19348	4695	11131436	10753882	1126264353252697
1185440	1168410	17030	762	3421764	2894642	1126264358154033
1084120	1067002	17118	963	3830970	3195210	1126264363362679
1089248	1071530	17718	400	2444098	2074382	1126264367189747
1176086	1159126	16960	3189	8279188	7739078	1126264376938507
898054	743622	154432	4682	10979990	10447516	1126264389114407
1052506	1036168	16338	1819	5399806	4878000	1126264395860671
1070582	1055486	15096	895	3299874	3032772	1126264400512729
1216498	1187240	29258	320	2471608	2028542	1126264404482599
1190970	1163410	27560	3966	9551628	9295364	1126264415507127
831220	812656	18564	714	3146706	2444806	1126264419777333
1182450	1165582	16868	2764	7179846	6895786	1126264428432483
1179472	1162228	17244	1471	4935878	4305510	1126264434841467
912322	894638	17684	1798	5291882	4694636	1126264441346277
669986	652540	17446	3201	8146504	7257040	1126264450455873
678500	660268	18232	1900	5546500	4663632	1126264456974309
532434	517130	15304	4672	11125426	10061010	1126264468930039
864612	846746	17866	153	2083464	1343126	1126264472164189
729078	713894	15184	3198	7529452	7298572	1126264480704603
340796	323032	17764	588	2636844	1690584	1126264483964273
1174506	1159508	14998	2721	6680984	6788818	1126264492101943
1204332	1173740	30592	1103	4077558	3584382	1126264497665873
1248224	1160220	88004	2384	6479974	6201880	1126264505687697
1239012	1169900	69112	2908	7725644	7241118	1126264514946417
1176896	1159734	17162	372	2386740	2106984	1126264518808277
1003838	986546	17292	3139	7844482	7468046	1126264527955139
1174508	1157078	17430	1263	4481988	3886584	1126264533905733
1280322	1165878	114444	2561	6927454	6592352	1126264542408339
1179428	1161490	17938	1519	4667036	4391320	1126264548536433
446226	430868	15358	1868	5539232	4354176	1126264554803167
696916	680036	16880	3472	8601850	7814022	1126264564383799
775216	760234	14982	4907	11748470	10762570	1126264577190027
1181470	1164576	16894	4167	10304452	9689100	1126264588958189
453338	407692	45646	951	3627442	2527690	1126264593326009
1171232	1155938	15294	1851	5312376	5049806	1126264600091849
1178186	1161816	16370	1590	5054878	4531666	1126264606606747
509890	493932	15958	589	2746622	1860998	1126264610144433
1204982	1186846	18136	195	2044678	1781014	1126264613693603
505398	486852	18546	2721	6829238	6154822	1126264621321943
1296114	1158706	137408	2067	5931952	5614576	1126264628860619
487816	471088	16728	2388	6570900	5450324	1126264636216273
818744	800514	18230	4887	11586450	10777820	1126264648915097
4883458	4881608	1850	4998	11532818	15063362	1126264665629619
1184360	1167216	17144	1048	4064876	3466140	1126264671160569
359576	341788	17788	388	2660610	1320814	1126264674473749
1174338	1156500	17838	4060	9492930	9478704	1126264685434401
1246360	1228556	17804	918	3451950	3267142	1126264690426437
206612	181784	24828	3950	9851834	8291636	1126264700778569
706376	688740	17636	3299	8417528	7489524	1126264710196241
1260414	1180382	80032	2518	6957732	6469706	1126264718704119
1185928	1170056	15872	1972	5546208	5303336	1126264725717589
1175714	1158500	17214	2965	7748456	7278306	1126264734923313
1314926	1297016	17910	4362	10386150	10210594	1126264746912423
1181910	1163336	18574	4345	10464658	10044362	1126264758847427
1175866	1158026	17840	252	2335104	1865994	1126264762655383
352546	333804	18742	2260	5584050	5056884	1126264768885983
772546	755094	17452	3056	7781074	7070162	1126264777737903
1177784	1159394	18390	1249	3952086	3861686	1126264783161117
1210944	1192292	18652	3482	8347572	8360700	1126264793012197
1275300	1255534	19766	578	2908720	2615448	1126264797494517
1176712	1159562	17150	3726	9186748	8812704	1126264808151733
1191576	1163244	28332	432	2650180	2228240	1126264812274557
1177524	1160652	16872	1476	4574710	4303276	1126264818308467
998956	984074	14882	1578	4894454	4328316	1126264824483853
1177438	1160644	16794	2249	6221826	5848896	1126264832164291
621540	605500	16040	4532	10978416	9857516	1126264844046289
1316182	1301190	14992	38	1862672	1565632	1126264847506903
1198074	1060118	137956	701	2757354	2775730	1126264851744777
622420	607638	14782	2883	7725872	6560740	1126264860375049
1184810	1166568	18242	3978	9846726	9312876	1126264871689349
973918	903370	70548	3495	8409050	8136326	1126264881354377
775428	760342	15086	3730	8786266	8408522	1126264891197813
1176846	1160460	16386	4538	10889400	10427068	1126264903545149
605200	590020	15180	1181	3986156	3139210	1126264908417483
1174954	1158634	16320	2714	7059166	6776932	1126264916933147
905208	888758	16450	1225	4271776	3529118	1126264922395507
1211244	1194816	16428	2628	6984946	6653398	1126264930885463
1177752	1159722	18030	4001	9955764	9368094	1126264942317879
1205202	1188494	16708	1268	4140540	3926618	1126264947957289
1183474	1165486	17988	1116	4010860	3599838	1126264953445507
695796	677882	17914	4282	9962392	9448136	1126264964395761
1259262	1161782	97480	493	2567158	2428778	1126264968515167
1182960	1165914	17046	556	2704764	2479796	1126264972696887
636940	619986	16954	4864	11271564	10551130	1126264984898733
369316	354502	14814	3641	9074654	7836376	1126264994640923
617124	602264	14860	3694	9340900	8177720	1126265004880657
1136030	1115454	20576	3797	9568696	8905218	1126265015871459
1173486	1158682	14804	360	2106014	2066800	1126265019432933
548162	532322	15840	3414	8716868	7549026	1126265028979523
418062	396754	21308	2952	7860940	6498620	1126265037543339
810144	792912	17232	4922	11839880	10827676	1126265050475313
1171714	1156344	15370	998	3783690	3341188	1126265055712873
523696	508546	15150	2081	5662520	4857752	1126265062180793
1177508	1159524	17984	121	1876832	1591054	1126265065516583
1002182	987000	15182	741	2523414	2656116	1126265069323223
1282060	1157578	124482	2532	6881798	6518638	1126265077769043
502586	398694	103892	1722	5084664	4118674	1126265083637503
502398	477878	24520	58	2045772	791670	1126265086467299
701924	686462	15462	1754	4862144	4383144	1126265092312797
848630	828816	19814	2074	6060344	5169304	1126265099503557
1435672	1418140	17532	2597	6577658	6817440	1126265107810549
1179600	1159988	19612	2080	5908974	5525788	1126265115192437
1180038	1159942	20096	1836	5474526	5036278	1126265122140813
1176556	1159618	16938	130	2301880	1621592	1126265125913309
807824	790810	17014	2069	5373048	5131020	1126265132388489
1181212	1163012	18200	2678	7078904	6721234	1126265140941849
1172716	1156732	15984	4911	11398616	11168388	1126265153847121
285780	270612	15168	1080	3749050	2619550	1126265158164143
1179896	1160480	19416	967	3854074	3285572	1126265163480233
1150900	1130122	20778	2463	6513854	6249968	1126265171427137
1100204	1025328	74876	1022	3855452	3317702	1126265176664533
8050736	8048968	1768	3603	9198354	15441794	1126265194206997
362698	346174	16524	1355	4546268	3258472	1126265199408863
1177382	1159588	17794	3710	9364432	8782324	1126265210243487
397688	380180	17508	4999	11755106	10581556	1126265222689693
1177252	1158684	18568	3502	8663264	8366144	1126265232823173
1181278	1164690	16588	163	2204218	1692560	1126265236507177
201276	182578	18698	2809	7013604	6026242	1126265244015083
1231258	1162488	68770	1627	5019470	4669686	1126265250558937
569760	553840	15920	2610	7032170	5963100	1126265258443353
1175458	1160142	15316	3908	9623868	9164738	1126265269524979
1183142	1165692	17450	288	2148322	1932752	1126265273138653
1102176	1087500	14676	3458	8007172	8190036	1126265282529589
1186410	1169072	17338	299	2321550	1957738	1126265286319793
1062418	1045048	17370	986	3117714	3224056	1126265290781797
1171764	1156914	14850	2761	7238814	6866354	1126265299475041
244380	229392	14988	3415	8570552	7246348	1126265308571601
742226	725946	16280	1169	3984090	3253868	1126265313579423
401084	359654	41430	2529	6995872	5632496	1126265321258193
364594	347592	17002	2766	7165732	6071442	1126265329069673
1179052	1163238	15814	3818	9369212	8988494	1126265339904033
1183422	1165488	17934	1750	5199148	4856762	1126265346568487
1199270	1181996	17274	2372	6292318	6128090	1126265354354267
1029060	1010800	18260	1229	4173214	3671692	1126265359850001
1175096	1157984	17112	4289	10245944	9938504	1126265371563973
1184086	1165714	18372	3973	9774014	9315268	1126265382814843
1176724	1160136	16588	3125	7999528	7611770	1126265392289453
1107006	1090928	16078	1993	5913400	5277508	1126265399603539
1470112	1302100	168012	1045	3621716	3734252	1126265404976709
1178274	1159772	18502	4853	11332320	11069300	1126265417788767
1186682	1157778	28904	533	2907222	2437386	1126265422175147
1136336	1108704	27632	615	2794100	2552330	1126265426398769
1024204	1007620	16584	392	2268842	1992768	1126265429984613
353206	335508	17698	1915	5447830	4368726	1126265436079589
1184884	1166832	18052	3939	9329974	9248222	1126265446887161
509790	492000	17790	2399	6531874	5492714	1126265454228103
390832	373824	17008	503	2815182	1580754	1126265457727037
487102	471778	15324	766	2994246	2208044	1126265461499135
1179194	1161820	17374	256	1630976	1863972	1126265464591219
1203888	1188982	14906	2662	7054736	6700188	1126265473131847
543180	525270	17910	4682	11302210	10081090	1126265485259163
548318	531010	17308	2947	7755166	6626378	1126265493856247
1341766	1180758	161008	3937	9798260	9400872	1126265505289603
921920	903030	18890	1218	4224594	3542674	1126265510729703
1172804	1156486	16318	367	2454846	2091662	1126265514650573
1303922	1184718	119204	4643	11259480	10776070	1126265527507483
1182272	1164868	17404	3985	9837336	9325530	1126265538807841
920680	901928	18752	1715	5173664	4535762	1126265545200233
1286340	1164640	121700	948	3789748	3368612	1126265550569841
1179410	1162618	16792	1741	5347932	4846606	1126265557390859
381450	363134	18316	3084	7722888	6739222	1126265565786855
491102	474586	16516	1612	5051042	3901556	1126265571622427
1177396	1159024	18372	82	2061304	1526342	1126265575154673
732838	710802	22036	541	2272992	2000624	1126265578454123
1190396	1165292	25104	1064	4110932	3504168	1126265584049649
1191018	1173040	17978	1438	4633534	4253068	1126265590168189
206734	185052	21682	4076	9926382	8543182	1126265600595739
701898	630440	71458	224	2404918	1323656	1126265603984859
900632	885178	15454	447	1998122	1968210	1126265607165587
229626	213412	16214	757	3096116	1916962	1126265610772529
1173220	1156820	16400	4618	10534656	10597796	1126265622762073
898532	883228	15304	436	2642474	1943964	1126265626585329
265980	249512	16468	3427	8493666	7293038	1126265635626707
987390	971744	15646	270	2280144	1700712	1126265639176103
1176704	1160196	16508	3861	8904022	9072028	1126265649539329
537572	521720	15852	2504	7072414	5719166	1126265657432119
1175900	1159134	16766	748	3168204	2843836	1126265662108411
1180386	1163120	17266	979	3596790	3311972	1126265667166869
1176602	1159728	16874	2357	6063596	6064366	1126265674689041
327954	311988	15966	43	2228016	602490	1126265677528493
1174514	1157070	17444	4633	10682030	10628760	1126265689678923
899004	880766	18238	2468	6882504	6020274	1126265697753361
344152	211672	132480	1151	3915386	2832018	1126265702306481
0	0	0	0	0	0	0
1176212	1158942	17270	3099	7666752	7559050	1126265721458423
361790	304724	57066	1272	4273540	3091810	1126265726387933
1174564	1159332	15232	4199	10088898	9758470	1126265737944529
1174818	1158204	16614	1753	5157876	4853824	1126265744558721
1184416	1169296	15120	3094	7507024	7545716	1126265753532253
1170832	1155028	15804	2978	7745614	7300732	1126265762730583
783864	768630	15234	4698	11135750	10352566	1126265774931543
193356	178236	15120	3538	8993844	7446378	1126265784404953
1184660	1169386	15274	1790	5585018	4938410	1126265791456217
200516	185956	14560	184	2293368	741456	1126265794232017
970714	955088	15626	2449	6250372	6042344	1126265801734193
795646	777432	18214	4167	10187788	9302774	1126265812999043
1189642	1170700	18942	2790	7669474	6943104	1126265822145079
1176108	1158986	17122	8	1732986	1378366	1126265825347343
1176078	1159132	16946	345	1775816	2052300	1126265828593437
5172898	5170964	1934	2434	6266458	10224948	1126265840326203
1188982	1162738	26244	1518	4961632	4410268	1126265846770243
335058	317592	17466	3876	9491076	8273536	1126265856890237
755358	737832	17526	475	2527326	1890752	1126265860470497
1342986	1234572	108414	628	2961654	2784890	1126265865068103
1179354	1160658	18696	3792	9220726	8949454	1126265875776363
833744	816860	16884	2114	5967262	5247152	1126265882870729
1181560	1160146	21414	2550	7127304	6468768	1126265891478477
1272078	1156608	115470	138	1897302	1721324	1126265894940853
1179646	1159854	19792	4150	10189230	9666998	1126265906600423
1180922	1163452	17470	2659	7025152	6683482	1126265915099663
946844	929588	17256	1973	5719406	5081040	1126265922059533
601934	584718	17216	3768	9328726	8323572	1126265932282543
1199076	1180694	18382	4173	10220972	9730654	1126265943995457
1175276	1159448	15828	2066	5989670	5480852	1126265951441633
1191592	1174284	17308	157	2121568	1677538	1126265955035869
709780	692108	17672	3739	8882170	8396796	1126265964934133
1190968	1171138	19830	2993	7859462	7366412	1126265974285243
783642	767076	16566	728	3109592	2423936	1126265978471887
1031344	1012826	18518	183	1945290	1583418	1126265981741553
906898	889994	16904	4562	10495556	10215854	1126265993437043
1190378	1171766	18612	1618	4952038	4611458	1126265999874443
872740	856452	16288	970	3817734	2997374	1126266004858637
705934	690526	15408	4618	11042882	10115274	1126266016897773
366476	326012	40464	358	2504906	1255088	1126266020054281
1366160	1350318	15842	1157	3673836	3853376	1126266025375909
1174470	1159252	15218	3241	7953366	7831474	1126266034786169
1285996	1269658	16338	4692	11059258	10843496	1126266047413707
1005092	988504	16588	411	2638332	2012960	1126266051350797
753354	736894	16460	546	2719908	2033004	1126266055116979
915376	897388	17988	3644	8419118	8411676	1126266064744957
684830	665254	19576	4623	11055470	10116308	1126266076778293
1167652	1029408	138244	2433	6416952	6219044	1126266084656953
1178992	1159854	19138	3730	9302644	8812940	1126266095420233
1176908	1158720	18188	3606	9122310	8562300	1126266106000161
1284946	1161638	123308	3548	8817248	8566456	1126266116396153
522512	506148	16364	901	3633562	2509884	1126266120845657
337348	319806	17542	193	2252434	908570	1126266123734503
1081110	1063272	17838	897	2902994	3064612	1126266128012173
1173820	1157372	16448	687	3103538	2732318	1126266132582881
1180206	1160128	20078	4937	11160008	11239440	1126266145217163
0	0	0	0	0	0	0
449294	434008	15286	4204	10205058	9030644	1126266161236033
1178246	1161822	16424	1193	4338670	3736982	1126266167034923
1445628	1293696	151932	1157	3943242	3932716	1126266172710273
818230	801746	16484	1775	5318564	4540318	1126266179128947
963586	939640	23946	3359	8361982	7866492	1126266188748227
1176572	1159426	17146	2438	6319268	6237874	1126266196537143
1182696	1160618	22078	912	3621192	3191380	1126266201635229
1188034	1170058	17976	3817	9272486	9008042	1126266212388483
1177178	1158606	18572	1772	5158812	4906718	1126266219017603
1185134	1169510	15624	834	3598684	3028498	1126266224099367
1176932	1160204	16728	2446	6260518	6241740	1126266231819113
1176532	1160942	15590	3018	7885694	7385436	1126266241162633
566800	551140	15660	1080	3656192	2900010	1126266245666889
752570	737992	14578	326	2240836	1577806	1126266248942643
1182322	1165200	17122	2323	5746532	6000062	1126266256160347
688786	674202	14584	168	2120854	1198624	1126266259252773
1172296	1154682	17614	2089	5537514	5522882	1126266266244233
1181018	1164106	16912	2884	7432128	7121552	1126266275138863
1182796	1164192	18604	2153	11469330	5661782	1126266288072553
1377632	1360948	16684	2873	7578598	7296288	1126266297309439
467454	449192	18262	4577	11120186	9806186	1126266309189183
1175178	1157310	17868	2046	5983032	5451546	1126266316640843
1181542	1162644	18898	3282	8046954	7930134	1126266326163123
884136	867020	17116	2183	6019160	5435448	1126266333359673
183010	168316	14694	1024	3826750	2404682	1126266337660377
1179108	1162260	16848	3381	8335192	8113050	1126266347456409
1178340	1162456	15884	2619	6841188	6588588	1126266355757577
1066402	1042096	24306	2207	6330372	5653472	1126266363435567
1174244	1157772	16472	2764	7111560	6875616	1126266372003373
721280	704216	17064	1235	4371302	3364254	1126266377378377
359564	343654	15910	4500	10757230	9531368	1126266388776567
312022	296614	15408	2002	5848818	4488424	1126266395218987
1174726	1160090	14636	758	3162208	2867594	1126266399837643
865624	849912	15712	1917	5459094	4872568	1126266406444481
1161346	1140602	20744	4866	11060934	11066880	1126266418948097
1177960	1159806	18154	1565	5120004	4483234	1126266425532783
479076	461432	17644	2710	7356822	6083572	1126266433661841
1334966	1167566	167400	3802	9528728	9124782	1126266444819667
1176266	1158316	17950	3889	9845104	9142994	1126266456138863
1181396	1164996	16400	1803	5380482	4973268	1126266462993937
681028	660972	20056	3098	7787344	7062264	1126266471761493
661676	645318	16358	377	2385560	1600550	1126266475102113
1191180	1173628	17552	2894	7154738	7163488	1126266483741477
1025074	1006954	18120	1815	5429728	4840342	1126266490477419
521476	504982	16494	697	2723898	2100594	1126266494015767
237062	220406	16656	2187	5954994	4795160	1126266500501323
961830	805648	156182	3418	8465406	7982944	1126266510222013
622320	604530	17790	1080	4016156	2968982	1126266515154463
640018	620746	19272	4588	10940612	10005424	1126266527028063
1185898	1158988	26910	1679	4974182	4728734	1126266533497783
1182646	1167388	15258	3070	7862866	7495350	1126266542824481
538852	524336	14516	785	3241758	2281964	1126266546890653
1176238	1159756	16482	2971	7497968	7292078	1126266555851973
1174914	1160090	14824	1889	5425800	5126444	1126266562734577
1112796	1096872	15924	3379	8559750	8044102	1126266572688393
283956	268816	15140	1766	5333624	3988470	1126266578587487
636076	539490	96586	3274	8116798	7357184	1126266587621557
1176118	1160754	15364	1153	3850254	3655618	1126266592929575
1174676	1159132	15544	1844	4971474	5035584	1126266599362053
1266658	1250274	16384	4103	10047534	9645396	1126266610957959
448476	430360	18116	2491	6838438	5607588	1126266618531737
1180674	1162250	18424	2528	7147986	6409466	1126266627141979
979988	962692	17296	2361	6459454	5890020	1126266634875209
1173570	1156846	16724	3613	8989894	8584336	1126266645336727
1101040	1083892	17148	4592	11318614	10470916	1126266658050077
849516	819972	29544	3249	8243950	7533298	1126266667436527
1184592	1168714	15878	4848	11118734	11068040	1126266680033389
1175882	1161270	14612	965	3527342	3279484	1126266685018601
1397768	1249198	148570	2984	7927074	7539200	1126266694632449
1276578	1228946	47632	3223	8254392	7895828	1126266704445303
432872	411994	20878	2530	6633706	5677984	1126266711805521
1174310	1156548	17762	2681	7021434	6722196	1126266720294893
1326454	1308270	18184	1560	4859186	4631794	1126266726773013
486022	468242	17780	3364	8179812	7399456	1126266735732493
1200914	1181800	19114	3365	8398510	8114956	1126266745625333
1178426	1163484	14942	3213	8423872	7777776	1126266755520645
1262684	1159992	102692	1309	4274404	4054092	1126266761338849
901648	886282	15366	3605	8816848	8287912	1126266771339699
378240	361330	16910	360	2552528	1270998	1126266774552295
1173736	1159166	14570	4757	10867958	10859946	1126266786875723
425568	411040	14528	142	1981762	882444	1126266789569513
1312258	1296456	15802	2001	5364242	5489748	1126266796528157
657438	642188	15250	3810	9173662	8450194	1126266806641263
1175220	1158950	16270	1020	3847798	3388344	1126266811946977
1257052	1171642	85410	3852	9605344	9133652	1126266823090743
1178000	1159532	18468	56	2017888	1513448	1126266826567649
1178890	1161390	17500	4159	9635640	9686346	1126266837664579
663336	646008	17328	3229	8426848	7306182	1126266847048961
536784	519894	16890	375	2451038	1470958	1126266850334383
1179056	1161642	17414	1427	3985264	4219406	1126266855792613
240994	222394	18600	3318	8211446	7062376	1126266864538487
1178002	1160148	17854	88	1568946	1539106	1126266867579441
1177598	1159970	17628	3309	7995758	7985246	1126266877046983
1175034	1159790	15244	4516	10599526	10380236	1126266889122233
1221932	1157984	63948	4325	10488962	10047478	1126266901115007
949056	923830	25226	1821	5561934	4764002	1126266907908093
1173818	1158788	15030	52	1714696	1450830	1126266911078827
1188926	1172122	16804	4542	10362866	10445128	1126266922917863
820060	803566	16494	291	2394994	1574334	1126266926420937
1097298	1079994	17304	3259	7841782	7799986	1126266935660229
1191354	1173432	17922	4029	9468986	9433568	1126266946614213
1175674	1158712	16962	4554	10781372	10468238	1126266958864453
1011350	994142	17208	2045	5584404	5287542	1126266965760067
1174048	1158892	15156	2378	6416638	6114868	1126266973644603
1172722	1157384	15338	3803	9648308	8950944	1126266984747197
1174776	1159082	15694	2660	6925328	6666938	1126266993129153
692476	677800	14676	4020	9963754	8906264	1126267004066773
1199052	1171364	27688	3310	8463832	7993144	1126267014011423
1173622	1157178	16444	3669	8605088	8698004	1126267024083913
866434	848700	17734	3489	8966766	8029030	1126267034210641
1181868	1163282	18586	640	3184196	2648532	1126267038870011
381430	364904	16526	1712	5237712	3990546	1126267044787559
1187060	1171292	15768	2758	7243796	6888378	1126267053516993
197728	182594	15134	1168	3602912	2705780	1126267057599613
304274	288192	16082	780	3298046	2036514	1126267061484153
230826	216024	14802	278	2152408	960692	1126267064148653
1199544	1160708	38836	4858	11071172	11088260	1126267076701289
1177258	1158624	18634	2826	7297290	7001886	1126267085456961
1180456	1161814	18642	2268	6140884	5888316	1126267093060073
1176698	1157526	19172	3785	8955554	8919264	1126267103480253
216478	199740	16738	4697	11037348	9783476	1126267115015959
1187632	1172296	15336	2197	6397488	5755100	1126267122887029
1184970	1164640	20330	4071	9906098	9503232	1126267134267807
1156742	1138314	18428	3753	9208330	8847340	1126267144926113
1175670	1159304	16366	1188	4100512	3737354	1126267150500983
1325030	1167092	157938	1912	5319696	5333930	1126267157438289
986756	970294	16462	698	3327214	2567390	1126267162045953
1185332	1165670	19662	2219	6327754	5807994	1126267169852463
200068	171808	28260	4056	9944182	8496662	1126267180291169
1179090	1157338	21752	2425	6477354	6214722	1126267188240137
1114518	1097896	16622	2190	6240942	5680524	1126267195889483
3497110	3495122	1988	308	2595548	4297516	1126267202276037
585050	568118	16932	2187	5733640	5147486	1126267208897943
1133372	1115370	18002	1406	4577172	4135454	1126267214910263
1179198	1161690	17508	1209	4330262	3791100	1126267220722027
1194438	1175980	18458	2610	6712122	6603794	1126267228925183
191726	174780	16946	201	2316288	786068	1126267231738457
1178832	1161832	17000	1784	4946268	4936918	1126267238159507
1181250	1162080	19170	2659	6891540	6688150	1126267246527873
1176656	1159336	17320	2130	6153958	5625750	1126267254155223
1282934	1162828	120106	1284	4325432	4040892	1126267260061443
921354	902842	18512	2430	6635982	5969996	1126267267915817
591160	573776	17384	4695	11172784	10170194	1126267279977513
1179356	1161818	17538	4905	11416044	11179194	1126267292869623
1178606	1162192	16414	2076	6098330	5522550	1126267300448823
1188748	1170270	18478	2692	7108342	6762492	1126267309042893
1179326	1161748	17578	3880	9527622	9132028	1126267320051377
656012	637108	18904	3979	9867802	8803964	1126267330871993
366238	345578	20660	4091	9980646	8737358	1126267341522123
1179480	1161076	18404	551	2825000	2471608	1126267345823361
1062636	1044560	18076	1069	3721848	3390668	1126267350904481
1296462	1158502	137960	3150	8214696	7788970	1126267360730207
1177994	1158594	19400	3413	8417676	8193460	1126267370623653
1086466	1069006	17460	1759	5139094	4794182	1126267377146107
880738	863754	16984	1770	5206238	4613822	1126267383530299
1175876	1158952	16924	4588	10669874	10541106	1126267395673353
1169836	1152956	16880	1953	5467544	5266004	1126267402607253
1121216	1104308	16908	4215	10461438	9741308	1126267414486561
682840	664444	18396	4713	11063496	10298018	1126267426530105
1003378	986006	17372	2835	7456054	6862700	1126267435286553
463928	444948	18980	308	2465752	1269596	1126267438513093
639836	622176	17660	4377	10127088	9584008	1126267449576887
827354	809770	17584	2844	7607586	6705190	1126267458308373
1145720	1116440	29280	137	8389520	1609068	1126267468140657
970362	952752	17610	1670	4716588	4499108	1126267474125243
812088	794190	17898	4240	10184168	9480950	1126267485418897
771566	750606	20960	4037	9973598	9035214	1126267496460303
1177468	1160728	16740	3400	8236648	8166720	1126267506172129
719764	703132	16632	120	1831532	1150078	1126267509020393
589256	571074	18182	2891	7158514	6561058	1126267517069807
1182870	1165710	17160	3402	8257388	8176798	1126267526815357
533958	516374	17584	4914	11720492	10550934	1126267539372357
1193066	1166756	26310	4014	9843860	9410070	1126267550707383
