# Loop @ Start frequency 3100000Hz took 708.44 cycles
# Interval [707 ; 710]
# Q1 : 706 ; Q3 : 708
# Loop @ Target frequency 2900000Hz took 733.48 cycles
# Interval [731 ; 736]
# Q1 : 730 ; Q3 : 732
# Confidence intervals do not overlap, alternatives are statistically different with selected confidence level
Change time (with write) [cycles]	Change time [cycles]	Write cost [cycles]	Wait time [us]	Time since last frequency change request [cycles]	Time since last frequency change [cycles]	Detected frequency change timestamp [cycles]
1187668	1157544	30124	3567	220056202	219086344	1126373428441557
1171270	1152830	18440	4812	12932240	10980960	1126373442737041
973470	954512	18958	907	5043992	2973782	1126373448945209
1172614	1155606	17008	3036	9380206	7435400	1126373459688253
1174934	1157138	17796	4996	12757700	11352214	1126373473810465
1192204	1164322	27882	2463	7914564	6303464	1126373483107681
1174768	1155782	18986	4156	11440014	9676026	1126373495912135
1175992	1159068	16924	3982	11053166	9325406	1126373508331277
1174818	1156296	18522	4075	11232506	9510430	1126373520927991
1181934	1157014	24920	3998	11289022	9366200	1126373533589025
1250050	1158004	92046	3427	9941260	8410446	1126373544970511
1184610	1166620	17990	2191	7327150	5751588	1126373553783549
1175944	1157376	18568	4544	12047430	10449316	1126373567196793
1140776	1022042	118734	3891	10983780	9107788	1126373579511521
1170236	1153906	16330	4101	11440752	9556322	1126373592312881
1088952	1071316	17636	3295	9576978	7864548	1126373603169525
420704	403104	17600	2535	8389186	5676178	1126373612169209
1142808	1119298	23510	27	3101690	1381526	1126373616607285
551780	453898	97882	2511	6379140	5758186	1126373623728151
1208226	1191214	17012	4626	12244050	10644830	1126373637370527
657900	640376	17524	4697	12603384	10236814	1126373650822105
1059246	1041586	17660	4859	12693080	10962476	1126373664765331
451556	434778	16778	1572	6128684	3779332	1126373671535587
694360	665014	29346	447	3810536	1773816	1126373676230351
1173620	1154562	19058	3556	8476360	8470866	1126373686073559
1171208	1154820	16388	4871	12615834	11098990	1126373700051029
1176056	1156068	19988	3275	9470476	7911320	1126373710887813
1308072	1289480	18592	1540	6237690	4573958	1126373718623761
778318	760712	17606	3078	8925736	7118456	1126373728517925
619350	598328	21022	1572	6397624	3948360	1126373735724881
1172584	1156000	16584	1286	5704594	3930284	1126373742792101
1166438	1148982	17456	4158	11519738	9668392	1126373755667835
1174472	1156426	18046	156	3435662	1672810	1126373760467827
1183052	1165806	17246	590	2551776	2548768	1126373764392405
1243860	1157444	86416	1788	6580986	5005166	1126373772407145
1179712	1158712	21000	4822	12798154	11008288	1126373786574891
422234	404704	17530	271	3476354	1148298	1126373790663367
1173812	1157074	16738	2722	6908748	6805832	1126373798936871
670902	654208	16694	3041	9012082	6937932	1126373808809895
1182524	1157944	24580	1519	5847314	4405904	1126373816029469
1174562	1157100	17462	1506	6065652	4372168	1126373823459441
515548	497762	17786	4306	11443500	9312822	1126373835608319
1174892	1157408	17484	3273	9758688	7905608	1126373846731585
495158	478406	16752	1904	7054848	4487494	1126373854471771
1017392	1000276	17116	2294	7742290	5790936	1126373863421963
792282	770522	21760	1597	6024430	4175908	1126373870428827
689316	671836	17480	2113	7355642	5101484	1126373878663777
762732	744572	18160	412	3492938	1771488	1126373883109141
21214	3658	17556	138	1637276	484082	1126373884957641
411602	393966	17636	3347	8408786	7290808	1126373893967933
1211036	1173590	37446	16	2900468	1428350	1126373898269375
1289992	1261360	28632	1746	4852746	4965988	1126373904602245
1176238	1158528	17710	4935	12745378	11231804	1126373918714419
628042	605208	22834	3464	9851240	7741014	1126373929384109
1188724	1162428	26296	3745	10596252	8863604	1126373941358701
1181128	1164286	16842	2732	8551002	6830794	1126373951281045
1175806	1157286	18520	1498	6062838	4356810	1126373958709671
1172654	1155292	17362	4146	11308350	9649966	1126373971380423
1177892	1159260	18632	1096	5219016	3554270	1126373977967591
902830	885078	17752	1260	5461952	3608756	1126373984522479
1176754	1157278	19476	4117	11208456	9595538	1126373997098319
292040	269000	23040	2011	6984232	4499450	1126374004565545
921048	906136	14912	172	3283290	1449248	1126374008960409
1173194	1156048	17146	2268	6019642	5899668	1126374016330601
1170128	1152344	17784	4094	10938750	9543020	1126374028629457
394264	376398	17866	745	4729420	2070598	1126374033943529
1172724	1155762	16962	2672	8683682	6701518	1126374043989907
895542	877798	17744	3355	9827308	7791334	1126374054902655
871156	852928	18228	1239	5408320	3533038	1126374061372241
179244	161786	17458	4099	11208294	8561094	1126374072950239
1173856	1155858	17998	3278	9499058	7915164	1126374083812807
1061252	1044672	16580	2673	8153620	6592672	1126374093218063
1167474	1149978	17496	2143	7232400	5641736	1126374101808253
383578	286762	96816	1737	6535918	4043338	1126374108918269
1174956	1157896	17060	1406	5852318	4171442	1126374116135605
1310042	1158920	151122	797	4711582	3089904	1126374122350665
1293154	1269278	23876	643	4359458	2764420	1126374128193711
1146314	1126278	20036	3558	10046028	8447472	1126374139580795
1176882	1157154	19728	4047	10921866	9456032	1126374151869247
1182700	1162836	19864	882	4975140	3131852	1126374158217053
976654	888336	88318	2473	7985784	6107454	1126374167372907
1175832	1159022	16810	1585	6127164	4529996	1126374174866053
1172212	1155400	16812	2540	8132352	6436196	1126374184360327
557168	539966	17202	4264	11484134	9270990	1126374196591201
387060	367732	19328	2738	8581060	6048516	1126374205749025
817766	800376	17390	2733	8503832	6467844	1126374215261655
485574	468566	17008	4271	11488326	9215320	1126374227425391
323230	304552	18678	2902	8920598	6311692	1126374236858961
1171694	1154786	16908	3628	10024918	8612604	1126374248245345
1174862	1158812	16050	3111	9074552	7581840	1126374258688445
906898	890160	16738	266	3803496	1624130	1126374263588413
271854	255106	16748	4833	11030672	10123688	1126374275081273
891274	874502	16772	157	3228480	1389894	1126374279390679
1173606	1155888	17718	226	1812558	1811318	1126374282566977
636262	619426	16836	1531	5864556	3882964	1126374289257579
444356	425782	18574	3004	9059406	6636950	1126374298951621
1174124	1157468	16656	3731	10677310	8824920	1126374310993293
825736	808788	16948	4131	11401600	9275738	1126374323410809
1177430	1160034	17396	3481	10003496	8324378	1126374334782411
689356	672086	17270	587	4025902	2047868	1126374339688311
861932	842158	19774	4252	11750820	9551860	1126374352490809
605640	587248	18392	3693	10571280	8176156	1126374363858405
1178524	1158514	20010	3638	10209854	8640692	1126374375437209
505260	487326	17934	2737	8361122	6164360	1126374384493921
1180700	1159820	20880	1854	6760626	5074102	1126374392625251
620628	603048	17580	262	3402886	1329218	1126374396839127
1173548	1152510	21038	2312	5861306	5985404	1126374404064019
489768	469494	20274	533	4296028	1740982	1126374409040173
1213084	1152400	60684	3593	8404378	8586456	1126374418847453
901018	882574	18444	99	3373792	1285156	1126374423313347
1179214	1160324	18890	4288	9937008	9940860	1126374434619449
1168996	1152204	16792	4109	11492334	9571542	1126374447471145
1174180	1157088	17092	2408	7678710	6176320	1126374456514227
1187062	1168940	18122	3027	8853606	7425758	1126374466745031
5534872	5532108	2764	4985	13004792	15688766	1126374485474735
902742	878612	24130	678	4242352	2442634	1126374490810539
1183352	1166230	17122	2117	7595152	5605632	1126374499779069
1178820	1160720	18100	2293	7677922	5949668	1126374508826467
651710	634874	16836	1789	6611010	4415108	1126374516279307
1183336	1166344	16992	914	4762200	3196312	1126374522414901
805782	787612	18170	4153	11408464	9298230	1126374534819219
1101976	1085356	16620	1515	5711772	4316946	1126374541823401
1177948	1160440	17508	1040	5179570	3443582	1126374548371331
792648	774014	18634	4496	11863716	9968566	1126374561217911
634980	608370	26610	3415	10055466	7650768	1126374572098157
1022570	1002484	20086	4104	11294696	9415456	1126374584609671
1126068	1109300	16768	3390	9729520	8090852	1126374595655041
518694	501080	17614	3186	9473952	7075930	1126374605837611
518716	501352	17364	4864	12792608	10431472	1126374619339511
1167246	1147134	20112	3823	10883378	8997838	1126374631579971
1287206	1268218	18988	4098	11092628	9667716	1126374644149853
762712	746856	15856	155	3472280	1246678	1126374648579211
602750	585248	17502	3875	9148470	8536452	1126374658557253
598986	580484	18502	4861	12872508	10506142	1126374672219373
463372	446872	16500	2928	9093326	6503718	1126374681969703
1040250	1023790	16460	110	3492948	1445410	1126374686692551
1174214	1157578	16636	1900	5163832	5159116	1126374693220451
1179458	1158172	21286	4545	12229230	10455068	1126374706819627
828290	809584	18706	3369	9994692	7754136	1126374717832365
565208	548576	16632	2297	7680298	5345154	1126374726267205
488162	468826	19336	4406	11806620	9485626	1126374738752067
830472	813820	16652	787	4731214	2590354	1126374744504257
1186420	1157348	29072	3521	10127420	8414238	1126374756008213
1194218	1175628	18590	2005	6739674	5389240	1126374764131945
1173654	1157094	16560	1318	5752636	3994534	1126374771251335
371176	353656	17520	4294	11494102	9148720	1126374783306721
1264954	1154204	110750	824	4418556	3101700	1126374789180483
1183580	1166016	17564	1278	5609246	3928508	1126374796163053
1182246	1164702	17544	2680	8487152	6728456	1126374806025643
982916	964194	18722	1094	5303072	3355874	1126374812502233
1185592	1167186	18406	3047	9355110	7463994	1126374823232857
1089800	1073318	16482	162	3300220	1600762	1126374827813019
1174282	1157666	16616	1420	4201740	4199900	1126374833379463
1283448	1157102	126346	1616	6297646	4699024	1126374841150601
543256	526414	16842	4621	12396874	9970086	1126374854280293
727072	708252	18820	1886	7034580	4684900	1126374862232057
1311546	1292900	18646	4189	11519082	9874802	1126374875256417
935362	916392	18970	4642	12113994	10407448	1126374888496143
1175308	1158398	16910	2200	7542622	5759780	1126374897403997
1312060	1292506	19554	4100	11168412	9697632	1126374910074645
1021732	1003910	17822	3859	10870028	8924808	1126374922160257
1408408	1390928	17480	1704	6378542	5000790	1126374930140861
1226472	1158554	67918	4153	11608100	9717314	1126374943168813
1178056	1159032	19024	3768	10491236	8902090	1126374955028293
1129582	1101130	28452	2718	8441566	6750458	1126374964789793
1292002	1160906	131096	3756	10626176	8990048	1126374976898099
1180284	1159682	20602	1692	6383860	4748656	1126374984652305
296828	279852	16976	4481	12133574	9443270	1126374997272779
5258212	5256282	1930	1863	6717234	9169958	1126375009438117
1243538	1156992	86546	2575	8275846	6578074	1126375019147303
205408	186742	18666	1574	6078480	3541048	1126375025621115
1177618	1159536	18082	4855	12472932	11071418	1126375039461243
1154000	1135282	18718	44	3036368	1427304	1126375043841573
1174394	1157456	16938	4716	10665814	10791958	1126375055871893
1173814	1157176	16638	3488	9926020	8334182	1126375067161213
1271420	1253392	18028	2537	7964434	6529656	1126375076586765
457032	439274	17758	3773	10705000	8188636	1126375087938263
865850	847898	17952	320	3689656	1690334	1126375092683083
1193708	1151660	42048	1013	3390712	3405792	1126375097457205
1068426	1052000	16426	613	4217578	2479718	1126375102933543
1180202	1163534	16668	4795	12877530	10957820	1126375117181235
1176724	1159888	16836	1000	4817950	3362308	1126375123365719
1179536	1161680	17856	2181	7640862	5725446	1126375132376441
1358440	1341884	16556	4979	13142036	11500306	1126375147067241
1078240	1060844	17396	1799	6515844	4861804	1126375154850985
1174502	1155394	19108	1483	5939700	4325954	1126375162155191
854548	837512	17036	1306	5788486	3651828	1126375168991173
1177976	1154854	23122	1083	5073580	3527946	1126375175432561
1176524	1156646	19878	2629	7919816	6621400	1126375184719053
1174656	1156896	17760	847	4547504	3053544	1126375190631121
1280704	1161810	118894	3437	9919598	8340648	1126375202021103
1173498	1156974	16524	2324	7806952	6005982	1126375211191811
1111408	1087700	23708	2335	7682618	5969708	1126375220175657
737992	721258	16734	4813	12702078	10549482	1126375233810123
1179256	1159830	19426	4546	11776118	10456876	1126375246955281
1171886	1154390	17496	3083	9275012	7522154	1126375257591863
1173644	1157272	16372	4348	11442512	10055144	1126375270397521
1322456	1243542	78914	1639	6447700	4785908	1126375278358267
1172750	1155824	16926	4708	12483504	10774758	1126375292204455
1175402	1155250	20152	3991	11089540	9341760	1126375304662973
1130166	1111748	18418	895	4848468	3105982	1126375310831719
1171620	1154038	17582	130	3421552	1617616	1126375315615145
671088	654424	16664	3547	8528038	7950308	1126375325004525
1176350	1158258	18092	2350	7648752	6061904	1126375334019747
1181046	1161032	20014	3611	10245126	8588656	1126375345636345
495558	473498	22060	3071	9322292	6822898	1126375355644763
645050	622516	22534	3121	9122104	7072170	1126375365602199
1174068	1156166	17902	3537	9963300	8434222	1126375376929091
564286	547422	16864	1541	6171940	3830240	1126375383855271
1303946	1153998	149948	4851	12745512	11190446	1126375398094823
1164330	1141202	23128	3520	9873112	8389922	1126375409325139
1173128	1156268	16860	3752	10377654	8864780	1126375421065853
292496	274448	18048	1926	7024540	4334388	1126375428573121
654564	637020	17544	4751	12584762	10341092	1126375442003121
1171136	1154038	17098	2108	7372984	5572266	1126375450737601
1175490	1158742	16748	3409	9948636	8178248	1126375462051919
1220698	1201844	18854	1582	6206164	4569684	1126375469669053
1185220	1168186	17034	1307	5426616	3984744	1126375476471533
856000	834062	21938	3269	9576662	7579080	1126375487094235
1176404	1159116	17288	1444	6063878	4249212	1126375494524549
0	0	0	0	0	0	0
274270	254722	19548	4526	10414912	9512654	1126375510448267
1173744	1155288	18456	1010	4893752	3378314	1126375516705741
298342	272144	26198	3218	9200410	6919218	1126375526394249
1448634	1405238	43396	4507	12030078	10648358	1126375540062423
938606	920392	18214	3592	10119072	8308242	1126375551310333
1192384	1172954	19430	4429	12071474	10235392	1126375564764035
710816	694076	16740	2363	7773714	5622130	1126375573438375
1276254	1158854	117400	3697	10347154	8856190	1126375585251745
1172674	1154230	18444	765	4609176	2886908	1126375591224097
1177602	1158548	19054	3037	8879318	7436436	1126375601470933
1043230	1025696	17534	1186	5240274	3599544	1126375607944521
389986	372692	17294	2722	8536106	6019484	1126375617061205
278484	256552	21932	2586	8190484	5639664	1126375625719613
1174542	1157534	17008	2562	8190914	6484146	1126375635275653
218734	199058	19676	3618	10261502	7640102	1126375645945743
443272	424896	18376	410	3855260	1448224	1126375650434217
623876	608616	15260	4858	11079884	10524256	1126375662328645
1177190	1158792	18398	1582	6328538	4514678	1126375670012027
1179486	1160798	18688	3846	10874852	9056252	1126375682256205
535420	518056	17364	3808	10622166	8337484	1126375693604057
895452	878128	17324	616	4380932	2312500	1126375699070045
1177520	1159228	18292	730	4540458	2825554	1126375704978063
1178996	1157316	21680	4975	12847106	11314738	1126375719193435
1108682	1092296	16386	3171	9427522	7636274	1126375729919049
617938	601450	16488	3263	9690498	7329510	1126375740418215
1173998	1155788	18210	3658	10340088	8674062	1126375752122207
1310124	1154244	155880	2970	8840724	7434436	1126375762818227
837872	819312	18560	1899	6652378	4820400	1126375770497909
532870	515362	17508	4467	11954104	9652426	1126375783174827
4575498	4572584	2914	4256	11489112	13275264	1126375799429371
344406	325634	18772	1769	6718090	4068068	1126375806682175
897364	878004	19360	4276	11525552	9633136	1126375819295053
1175026	1157752	17274	301	3640106	1962992	1126375824300663
1174100	1155396	18704	3424	10202950	8206350	1126375835867695
1175654	1157580	18074	2861	9047298	7082794	1126375846281143
902860	884602	18258	4112	11013948	9311554	1126375858388253
1175222	1158614	16608	4151	11250896	9662868	1126375871004531
1119632	1103088	16544	2256	7600196	5821304	1126375879914857
265776	176158	89618	4034	10979962	8518634	1126375891350899
292128	272762	19366	4903	12771828	10283200	1126375904605161
1173352	1157802	15550	1688	6243062	4735502	1126375912212213
1141596	1120456	21140	2109	7321974	5532734	1126375920856509
885646	869370	16276	1608	6352666	4287134	1126375928284499
708088	691406	16682	962	5044098	2817256	1126375934226909
1239968	1156044	83924	3338	9668668	8100218	1126375945328669
1175160	1155932	19228	735	4450040	2829802	1126375951143833
1177286	1157282	20004	1482	6088908	4325894	1126375958599907
1256630	1173696	82934	3071	9236738	7583588	1126375969283161
638202	621020	17182	4014	11140562	8851584	1126375981252641
1179680	1160996	18684	1443	6055698	4250746	1126375988678085
1178250	1157402	20848	1781	6486060	4924918	1126375996532575
1178786	1161274	17512	2561	8001658	6487010	1126376005903045
1331852	1313782	18070	2849	8889146	7215584	1126376016314061
1282712	1158916	123796	1244	5388196	3956492	1126376023174843
1192160	1165672	26488	2967	8883398	7313924	1126376033440209
1175640	1157140	18500	1604	6179988	4569764	1126376040985621
1176484	1159506	16978	39	2897822	1440228	1126376045250445
674090	655550	18540	1695	4769654	4248758	1126376050884015
1173044	1156202	16842	4374	11557460	10106600	1126376063804851
872426	852780	19646	3531	10222910	8120128	1126376075090161
1182656	1164144	18512	2513	7976982	6393464	1126376084440329
906980	888896	18084	2483	8056668	6057926	1126376093594569
1203562	1160868	42694	4695	12524766	10779084	1126376107513061
1411796	1375400	36396	2080	7150804	5757586	1126376116265201
1175550	1156548	19002	4985	12769594	11329560	1126376130400855
820178	802232	17946	4703	12514166	10411548	1126376143925399
1197268	1178690	18578	3532	10213942	8446052	1126376155526401
767426	749342	18084	2604	8338498	6159856	1126376164822485
1176164	1159050	17114	4218	11367992	9796264	1126376177557095
348582	295290	53292	596	4179844	1725296	1126376182275471
1174420	1157786	16634	4133	9627640	9624742	1126376193267239
1050872	1034112	16760	4664	12261560	10567050	1126376206769611
1177582	1159618	17964	3903	10514816	9169068	1126376218652243
5850414	5848632	1782	1905	6586358	9845886	1126376231278983
580426	561560	18866	3540	9785048	7846258	1126376241834887
273424	254580	18844	4592	12003138	9642676	1126376254301767
1173162	1155788	17374	4918	12884472	11194688	1126376268549425
249552	232444	17108	1158	5584286	2750104	1126376274573761
1075128	1058626	16502	856	4690506	2971548	1126376280529293
1172952	1156380	16572	3235	9722658	7827732	1126376291615029
1177324	1159688	17636	553	4352704	2466812	1126376297335349
262954	246384	16570	3179	9616704	6805310	1126376307404885
1180410	1163694	16716	4849	12821180	11064044	1126376321596261
470762	454126	16636	4083	11095510	8820890	1126376333352505
533376	515868	17508	4279	11486828	9276354	1126376345563035
276484	257082	19402	3894	11033190	8249696	1126376357062079
1298278	1279098	19180	1731	6305550	4944590	1126376364855807
1304842	1286080	18762	2542	7963604	6574888	1126376374314305
1174524	1155818	18706	1197	5508160	3753394	1126376381187943
1174846	1158084	16762	4572	12445036	10504164	1126376394998149
1174274	1157430	16844	4725	12414782	10809446	1126376408777567
1183398	1165762	17636	1616	6151090	4600300	1126376416302515
716816	700092	16724	2907	9058716	6715488	1126376426267865
276256	258730	17526	2035	7286866	4532420	1126376434021235
797722	779408	18314	251	3373520	1485298	1126376438382701
1177282	1158922	18360	4439	10241754	10241324	1126376449992183
1173550	1156108	17442	4084	11316088	9527476	1126376462672333
504354	487086	17268	3836	10712370	8360724	1126376474079053
1274426	1172158	102268	1843	6869904	5145108	1126376482417063
483484	430992	52492	2724	8624972	6115508	1126376491716043
1188642	1157614	31028	2228	7478232	5829330	1126376500573147
1000510	983828	16682	4334	11843146	9852944	1126376513606907
1002170	983832	18338	220	3455238	1627450	1126376518254547
1175198	1158062	17136	2469	6301598	6298504	1126376525921467
1172952	1156524	16428	4381	11884402	10119534	1126376539169145
1182408	1164412	17996	3324	9616932	8019562	1126376550158547
438678	420410	18268	1701	6606538	4024126	1126376557396737
709508	693176	16332	2389	7739530	5671458	1126376566035509
237510	207714	29796	1254	5526086	2930504	1126376571989467
1090784	1072776	18008	1146	5144034	3567126	1126376578414683
1223138	1155966	67172	1524	6093066	4456570	1126376585920983
1175614	1159662	15952	2838	8544482	7037090	1126376595831379
482004	464680	17324	757	4663826	2180672	1126376601167729
973330	956554	16776	1387	6285682	3932348	1126376608616999
1170540	1153308	17232	1916	6779722	5187972	1126376616758161
1179518	1161146	18372	778	4626800	2920612	1126376622755069
1271504	1155752	115752	3625	10064298	8706044	1126376634280965
1178016	1159146	18870	1366	5948084	4094412	1126376641597437
1179280	1158878	20402	4116	11090996	9596672	1126376654058631
1174222	1157518	16704	3541	10038762	8441986	1126376665465443
1201600	1182388	19212	2343	7658980	6072728	1126376674516771
1204570	1169326	35244	138	3195940	1666358	1126376679107695
1177108	1159746	17362	3398	8157016	8159032	1126376688632153
1175624	1157222	18402	577	3974708	2514890	1126376693972635
1180180	1162620	17560	4330	11993740	10024308	1126376707337085
1172356	1154368	17988	1997	7097696	5351642	1126376715797201
1174372	1157954	16418	751	4463240	2861086	1126376721625167
1181518	1163796	17722	304	3533358	1974770	1126376726530261
1254226	1236456	17770	1683	6670328	4806398	1126376734644931
181038	163688	17350	24	3073766	413102	1126376738089689
528622	510330	18292	4052	9484070	8818526	1126376748295243
1177404	1158476	18928	1074	5135934	3509740	1126376754797969
1177420	1157560	19860	192	3432640	1746780	1126376759597913
1192116	1156452	35664	1046	3530938	3468782	1126376764510579
1172228	1155452	16776	1820	4999886	4996318	1126376770872663
1333756	1158912	174844	1357	5775298	4232608	1126376778172125
263822	246528	17294	503	4228138	1454956	1126376782858161
1179806	1163156	16650	3001	7365824	7370338	1126376791594111
1194156	1163990	30166	4432	12002120	10244200	1126376804980321
1173336	1156440	16896	3206	9329902	7770638	1126376815673439
1172782	1156132	16650	901	4800310	3159696	1126376821836831
383594	366186	17408	4711	12386800	9990344	1126376834797519
644614	628094	16520	1660	6430418	4149958	1126376842062503
655208	637998	17210	689	4613568	2217870	1126376847525045
244982	227064	17918	3718	11121942	7866630	1126376859082711
1173826	1155056	18770	4450	11728786	10257952	1126376872175507
1176568	1152352	24216	3635	10224620	8619508	1126376883770173
1174220	1155862	18358	1159	5315258	3677428	1126376890449737
1178888	1159820	19068	4807	12565312	10977412	1126376904384285
6584750	6582976	1774	4644	12056902	16057888	1126376923216067
1176040	1157622	18418	339	3607040	2042606	1126376928189271
1173874	1157306	16568	3398	10071148	8153768	1126376939629025
325310	308030	17280	1625	5983942	3761774	1126376946128411
1176662	1156434	20228	3388	9631248	8137864	1126376957129681
1181652	1164396	17256	2588	8147480	6546776	1126376966648605
741632	722984	18648	4440	11802234	9806572	1126376979382469
1201430	1160046	41384	2426	7668302	6241828	1126376988442199
704678	687400	17278	1390	5623186	3670236	1126376994981405
1175650	1157558	18092	517	3999088	2394668	1126377000346339
1175180	1157696	17484	3612	10574088	8583308	1126377012285773
1174010	1157378	16632	3997	10862344	9352540	1126377024512519
498636	476604	22032	1515	6168098	3713460	1126377031369085
1172350	1154298	18052	4807	12531416	10970728	1126377045262703
1211940	1193912	18028	2226	7491550	5850050	1126377054156241
438216	420276	17940	2777	8894552	6176942	1126377063682397
1174718	1156344	18374	1518	6293900	4396380	1126377071340863
845954	827688	18266	4911	12689296	10857132	1126377085065987
1260432	1243358	17074	1246	5718304	3936462	1126377092234423
481554	336110	145444	3597	10185636	7860760	1126377103095455
446268	428570	17698	3397	10008122	7423472	1126377113740071
1170416	1152686	17730	1898	6909820	5151940	1126377122010161
1270154	1252638	17516	3990	10687318	9434618	1126377134157819
555396	538594	16802	1573	6119988	3886480	1126377141027031
1179278	1155550	23728	2998	8956726	7361404	1126377151352863
1435676	1155180	280496	4025	10890524	9673644	1126377163869121
1180060	1161266	18794	903	4969792	3172002	1126377170209471
1174834	1157538	17296	4058	11083876	9475642	1126377182662137
1035668	971082	64586	2849	8978552	6918526	1126377192866905
0	0	0	0	0	0	0
1168096	1150684	17412	2576	7916674	6504750	1126377210311201
1181830	1164934	16896	1794	6619674	4955776	1126377218302867
927474	909544	17930	3309	9456152	7730010	1126377228876413
729540	712234	17306	1021	5006074	2955654	1126377234802455
375692	358994	16698	2521	8228024	5602638	1126377243596543
1177010	1156250	20760	256	3586708	1873200	1126377248557803
1173898	1156026	17872	1647	4662928	4654336	1126377254584653
1181826	1153426	28400	3051	9450056	7468924	1126377265406499
1174230	1155776	18454	82	3008446	1522916	1126377269778881
214500	176238	38262	3606	8417646	7610512	1126377278601057
1172540	1155022	17518	1823	6655962	5003720	1126377286618961
867718	849390	18328	2797	8877286	6646340	1126377296554169
953636	927082	26554	2847	8490400	6832070	1126377306187987
646452	629640	16812	4533	12064954	9896820	1126377319092725
800838	784282	16556	2314	7489734	5614106	1126377327573043
1171874	1154714	17160	1416	5802764	4189682	1126377334738003
1172760	1153688	19072	4815	12758148	10987958	1126377348858819
310150	293576	16574	1925	6866918	4345182	1126377356226093
1174222	1157054	17168	804	4515642	2968040	1126377362142175
1183554	1157848	25706	3314	9892244	7996576	1126377373411405
887774	870224	17550	3590	10310472	8253212	1126377384799517
987928	856610	131318	4213	11590072	9599422	1126377397567591
1176700	1159066	17634	4843	12721460	11047182	1126377411656253
513364	494000	19364	2107	7342994	4913140	1126377419702865
416714	397842	18872	466	3859120	1534670	1126377424168159
931302	914886	16416	165	1697956	1445996	1126377426990735
762088	745748	16340	3640	10496510	8229420	1126377438439425
1100738	1072738	28000	929	4826244	3143088	1126377444556023
831034	814296	16738	4618	11919416	10251732	1126377457496253
1243346	1170750	72596	3585	10127140	8598590	1126377469056491
1047540	1025818	21722	169	3190112	1570946	1126377473484603
1194586	1177366	17220	887	3136100	3153162	1126377478005659
1171532	1153594	17938	3960	10981204	9276930	1126377490348503
1180518	1162506	18012	1222	5508286	3809334	1126377497227431
1150924	1130308	20616	256	3195288	1849040	1126377501763761
1173930	1157046	16884	2861	9238898	7080234	1126377512366739
839990	822922	17068	1736	6567934	4496738	1126377519964715
1169884	1153296	16588	747	4433552	2849052	1126377525758561
1172820	1155942	16878	4831	12572258	11020772	1126377539693389
1041198	1023424	17774	3066	9363130	7358206	1126377550287689
1176276	1158272	18004	3173	9310062	7706826	1126377560964711
1179882	1162872	17010	840	4539770	3044092	1126377566874253
249734	228812	20922	3440	16149832	7322960	1126377583463959
1175028	1157110	17918	639	4296044	2637140	1126377589125251
1179060	1162278	16782	4969	13189056	11301454	1126377603683137
1109766	1092036	17730	2874	8522952	7042934	1126377613505803
1212612	1160800	51812	2794	8502010	6985090	1126377623410533
1170776	1154176	16600	1947	7236650	5250376	1126377632008641
1170856	1152260	18596	3675	10338968	8706262	1126377643708641
1186268	1169522	16746	2683	8540910	6737518	1126377653625983
1174364	1157710	16654	2129	7361784	5617316	1126377662351987
1173038	1156302	16736	1178	5213616	3714662	1126377668928631
680938	661180	19758	4357	11631332	9580620	1126377681430435
443390	425366	18024	2768	8778746	6163720	1126377690842815
659308	641908	17400	1728	6431750	4301486	1126377698124661
1173578	1155500	18078	1345	5765022	4048430	1126377705256881
1172782	1156022	16760	2397	7776216	6151878	1126377714396019
569076	552330	16746	4420	11803020	9594350	1126377726958231
886990	870076	16914	4668	12228638	10407126	1126377740264031
1174554	1156120	18434	2509	7860974	6377298	1126377749489515
484058	466216	17842	2084	7349846	4837170	1126377757512987
1182482	1166080	16402	1008	4977872	3383722	1126377763863347
1172988	1155902	17086	989	4777760	3336410	1126377770003807
1173678	1155596	18082	2209	7416598	5776700	1126377778784437
1202924	1186354	16570	2132	7014336	5653122	1126377787191587
940574	921998	18576	529	4016648	2187968	1126377792339219
1173498	1155052	18446	1889	7307524	5136242	1126377801010093
698898	682140	16758	480	3645964	1843588	1126377805545453
310348	274492	35856	1836	5034516	4168786	1126377811080825
1170798	1153304	17494	3609	10542908	8573684	1126377822985207
1177834	1159428	18406	3931	10989044	9229094	1126377835342123
1175308	1156868	18440	997	4779792	3358438	1126377841487573
902558	884120	18438	83	2954372	1254090	1126377845534823
558272	542012	16260	1970	5411726	4683182	1126377851694491
1200078	1161760	38318	897	4826780	3180182	1126377857912235
1175756	1157106	18650	3170	9387916	7701296	1126377868665833
569326	552644	16682	4614	12180326	9982654	1126377881605271
1173548	1156950	16598	4075	11350126	9507944	1126377894319413
1172520	1017590	154930	1936	7214848	5228540	1126377902896357
290488	266912	23576	3810	10563556	8096386	1126377913940205
1174074	1157002	17072	4699	12555146	10758734	1126377927859679
1146188	1124414	21774	2703	8245528	6738198	1126377937441733
1176434	1157342	19092	571	4393834	2503936	1126377943201949
1231392	1156892	74500	2121	7495162	5657758	1126377952118853
1173702	1156600	17102	204	3424788	1766848	1126377956911121
873916	715126	158790	653	2489914	2369320	1126377960465297
1292662	1258526	34136	4899	12673666	11275034	1126377974621951
1180116	1162524	17592	1951	7173456	5267702	1126377983165333
592136	566280	25856	1533	6046068	3845770	1126377989993253
1053984	1036054	17930	875	4905368	2988874	1126377996143091
1174438	1157170	17268	1820	6896670	5000130	1126378004407475
1282540	1155914	126626	1624	6019926	4716086	1126378011899511
605844	588686	17158	4226	11683420	9242908	1126378024378723
1175598	1157292	18306	2530	8035344	6421314	1126378033780423
1191336	1174776	16560	287	3752636	1949718	1126378038914093
829498	796938	32560	2017	7438720	5048310	1126378047372203
1174426	1157588	16838	4637	12258150	10633670	1126378060995059
778038	761138	16900	3099	9147120	7161376	1126378071110563
1178236	1159382	18854	3072	9333764	7507466	1126378081812697
495088	476386	18702	4460	11963842	9598966	1126378094461435
1181150	1164366	16784	2320	7446448	6005774	1126378103279439
1180204	1159040	21164	3691	10506712	8747474	1126378115156385
1175034	1157632	17402	3515	9861594	8388870	1126378126383147
1170580	1152166	18414	1689	6484990	4732796	1126378134228653
419780	403046	16734	4036	11231752	8676954	1126378146073723
1175454	1157356	18098	3330	9480928	8021060	1126378156923327
0	0	0	0	0	0	0
1170294	1153584	16710	4512	11982768	10378314	1126378180986009
1178462	1158216	20246	4272	11739974	9919948	1126378194094053
1179102	1161188	17914	2431	7627470	6225502	1126378203094653
239002	214656	24346	1271	5427016	2965116	1126378208950461
1174070	1157428	16642	270	3917316	1899586	1126378214231505
1173234	1155556	17678	1835	7010288	5027426	1126378222608603
444394	424284	20110	2272	7418478	5173466	1126378230661731
1173130	1155866	17264	1381	5936032	4119256	1126378237960367
1173310	1155594	17716	2583	8013086	6523958	1126378247336519
1319768	1301594	18174	4192	11348874	9888984	1126378260194881
563274	532550	30724	4268	11486474	9284906	1126378272438295
1175030	1155244	19786	2526	8026700	6412172	1126378281829973
1168740	1151868	16872	4175	11582852	9704068	1126378294771537
1170728	1153616	17112	1343	5337268	4041856	1126378301469521
1174532	1156160	18372	2034	7007720	5428578	1126378309841249
902012	883050	18962	894	5057060	2874848	1126378315990677
1014568	997702	16866	3835	10556032	8869526	1126378327751165
1454828	1162958	291870	1528	6094808	4695024	1126378335491357
1172746	1155930	16816	3525	10278608	8408396	1126378347133167
1214772	1197092	17680	2292	7735072	5983952	1126378356273129
465334	323808	141526	421	3946650	1491818	1126378360875635
431284	414238	17046	1282	3924926	3180732	1126378365421601
1237316	1155606	81710	1609	6144426	4640914	1126378372993533
191856	172734	19122	4497	12132340	9378504	1126378385507995
1174992	1158604	16388	1542	6030172	4443320	1126378392903065
1214344	1196532	17812	1225	5446622	3849556	1126378399754369
1177874	1159602	18272	3580	10229522	8523728	1126378411351801
643928	626200	17728	371	3676282	1570708	1126378415861813
1235626	1160574	75052	2230	5691982	5879498	1126378422979475
235476	209336	26140	2381	8034080	5182380	1126378431439241
6369624	6367736	1888	2057	7412360	10668238	1126378445411349
1198068	1178846	19222	3524	10042134	8429602	1126378456841659
1125882	1107764	18118	2149	7419600	5608620	1126378465577405
1177782	1158810	18972	4944	13051456	11251668	1126378479997163
1179028	1158660	20368	3449	10031786	8261556	1126378491398365
595518	578766	16752	4539	12061308	9859392	1126378504244751
1174306	1157754	16552	192	3246626	1743868	1126378508855497
1173308	1155760	17548	2481	6333352	6324626	1126378516552425
784724	705112	79612	4389	11962972	9747580	1126378529489777
302184	272776	29408	2949	8903060	6384428	1126378538885137
961108	944356	16752	3720	10577802	8585524	1126378550613981
1172438	1153900	18538	4840	12562510	11037244	1126378564539217
562216	545380	16836	701	4413688	2148766	1126378569704921
805684	787572	18112	4793	13165644	10577956	1126378583866321
653390	636470	16920	2731	8546544	6300788	1126378593255947
1216740	1162956	53784	3654	10528794	8710450	1126378605191177
1172220	1153604	18616	3423	10058776	8204002	1126378616612601
671582	654348	17234	3618	10249588	8092190	1126378627723899
1173774	1156150	17624	937	4808220	3233718	1126378633896027
316072	197176	118896	2350	7894244	5200108	1126378642296241
1263628	1157538	106090	523	4013434	2495554	1126378647763773
1128368	1111608	16760	45	3403624	1403220	1126378652486471
247790	230406	17384	445	2257226	1323250	1126378655181875
1169780	1153128	16652	445	3839910	2248748	1126378660381853
944488	927676	16812	4271	12068340	9671886	1126378673584431
534916	517416	17500	4308	11621204	9334906	1126378685930775
187434	170828	16606	4659	12389826	9690104	1126378698697173
1172524	1155950	16574	598	4354564	2553732	1126378704414227
1176412	1159678	16734	2719	8691206	6799650	1126378714472033
1173192	1155808	17384	2527	8063272	6412832	1126378723898749
1172018	1154024	17994	2390	7867342	6136744	1126378733127521
1174446	1157396	17050	1682	6381416	4726896	1126378740873893
251530	233548	17982	1631	6367420	3697022	1126378747682875
1177836	1161470	16366	128	3120864	1618164	1126378752171187
1173420	1155360	18060	4569	10502430	10495720	1126378764040681
975952	958884	17068	126	3163558	1413036	1126378768373183
1176874	1159118	17756	87	1408024	1535496	1126378771148099
748674	731766	16908	3824	10406980	8581738	1126378782493777
818392	801704	16688	3739	10457058	8481822	1126378793959405
1197246	1158194	39052	3153	9389838	7687454	1126378804736191
728646	711992	16654	318	3575810	1559550	1126378809230789
867032	816068	50964	2058	5491862	5168312	1126378815779893
1037102	1019380	17722	3238	9462818	7698064	1126378826469893
1124664	1108088	16576	312	3802846	1933870	1126378831587431
1274024	1170152	103872	3157	9804736	7773002	1126378842856685
276988	191072	85916	3223	9342316	6908314	1126378852665573
961352	939706	21646	243	3491114	1632396	1126378857307893
214764	197406	17358	467	2296190	1333812	1126378860009281
1035872	1018606	17266	4652	12369324	10524202	1126378873604293
368084	349312	18772	4695	12500126	9943776	1126378886662401
1190582	1157420	33162	762	4681782	2899576	1126378892724845
1195886	1178392	17494	963	4777122	3307530	1126378898888131
530748	513592	17156	400	3629932	1516664	1126378903238933
175430	158388	17042	3189	7739166	6738886	1126378911343543
273138	255026	18112	4682	12532210	9821304	1126378924339161
1186956	1168822	18134	1819	6521104	5010670	1126378932236899
1195226	1162376	32850	895	4966790	3169990	1126378938589141
1233058	1215338	17720	320	3620554	2058134	1126378943632923
444928	427608	17320	3966	11318402	8561428	1126378955586721
949854	931974	17880	714	4272674	2562426	1126378960999651
440646	420428	20218	2764	8758192	6152694	1126378970388309
1172484	1155908	16576	1471	6027394	4299740	1126378977778117
526720	510034	16686	1798	6733928	4306970	1126378985228279
1273970	1159480	114490	3201	9195226	7861056	1126378995887493
1173084	1155448	17636	1900	6965526	5158950	1126379004216521
556078	538240	17838	4672	12433418	10085398	1126379017399383
1043726	1022286	21440	153	3398018	1534470	1126379022031003
560256	543628	16628	3198	7764196	7140264	1126379030545453
1177512	1159552	17960	588	4241464	2537574	1126379036154683
765488	747562	17926	2721	8762844	6393008	1126379045876577
1154634	1136044	18590	1103	5252684	3546146	1126379052473723
880288	863828	16460	2384	7730898	5833534	1126379061275271
1172744	1155454	17290	2908	8959570	7174256	1126379071597653
540500	522706	17794	372	3890980	1470346	1126379076219365
1179988	1160706	19282	3139	7515912	7642144	1126379085108821
546980	530404	16576	1263	5411950	3258124	1126379091257737
835334	817230	18104	2561	8030892	6145506	1126379100314051
1180800	1162532	18268	1519	6000808	4403396	1126379107685461
1172196	1154436	17760	1868	6819318	5093380	1126379115866781
734504	717784	16720	3472	10038154	7864772	1126379126829017
1171682	1154846	16836	4907	12765454	11170580	1126379140956075
8882050	8879018	3032	4167	11499542	17410224	1126379161528319
1176626	1159132	17494	951	4782164	3264574	1126379167676819
586594	570030	16564	1851	6739162	4472758	1126379175192707
1172702	1155896	16806	1590	6099238	4540344	1126379182654773
654980	638590	16390	589	4059006	2018654	1126379187559031
35406	3658	31748	195	1752694	612760	1126379189537447
346532	329204	17328	2721	6886720	5973436	1126379196960453
709678	693268	16410	2067	7275642	5030894	1126379205135547
508912	490654	18258	2388	7932176	5470356	1126379213766733
1172878	1155882	16996	4887	12540494	11131920	1126379227670615
0	0	0	0	0	0	0
1172008	1155968	16040	1048	5002926	3453624	1126379248253561
757610	740510	17100	388	3971898	1718106	1126379253173149
1174760	1156096	18664	4060	9484218	9478822	1126379264022213
1174544	1157294	17250	918	4975128	3195218	1126379270361913
1172582	1152740	19842	3950	10933160	9257510	1126379282657887
732876	715612	17264	3299	9639124	7516298	1126379293220125
1186694	1170228	16466	2518	8207140	6407004	1126379302803839
872866	854534	18332	1972	7121512	5002152	1126379310987983
1172192	1155514	16678	2965	8762584	7286724	1126379321113233
1173252	1156006	17246	4362	11899498	10082086	1126379334376169
759306	740170	19136	4345	11772916	9635324	1126379347098103
889658	873006	16652	252	3430842	1578996	1126379351608465
1219118	1168174	50944	2260	5885678	5923130	1126379358903835
841448	805422	36026	3056	9124890	7138712	1126379369060099
1175584	1159108	16476	1249	5168444	3857658	1126379375594167
1211786	1158358	53428	3482	10088188	8359884	1126379387084299
280258	262188	18070	578	4157854	1628466	1126379391712733
467792	449196	18596	3726	8687526	8105272	1126379401058203
231020	211294	19726	432	4023992	1299572	1126379405503399
1190128	1172976	17152	1476	4428640	4326416	1126379411312445
1181602	1164804	16798	1578	6297880	4522576	1126379418981881
280922	262204	18718	2249	7330622	4964040	1126379426783133
1176702	1158848	17854	4532	11975524	10426854	1126379440124817
616140	599750	16390	38	3255602	877950	1126379444190217
322314	291928	30386	701	2628056	1908292	1126379447334349
880050	861594	18456	2883	8729644	6831614	1126379457134019
1171568	1154190	17378	3978	11089768	9312626	1126379469585455
850972	833706	17266	3495	9914518	8025666	1126379480540771
1174634	1156972	17662	3730	10634636	8820684	1126379492540341
860944	842740	18204	4538	12006962	10122000	1126379505598537
733046	716138	16908	1181	5607168	3280310	1126379512128613
1355092	1338206	16886	2714	8162876	6966746	1126379521840587
1103830	1087006	16824	1225	5672370	3738708	1126379528807253
1178704	1159372	19332	2628	8088108	6619216	1126379538264053
1109688	1091614	18074	4001	11311812	9296024	1126379550875253
585298	566626	18672	1268	5483752	3306194	1126379557134495
979700	962122	17578	1116	5156308	3403836	1126379563460853
1133624	1115320	18304	4282	11290488	9885956	1126379576074685
1175008	1157472	17536	493	4358406	2345880	1126379581802045
1179028	1158776	20252	556	4496584	2475924	1126379587668093
1180616	1161382	19234	4864	13102528	11094770	1126379602141495
1265334	1248614	16720	3641	10463648	8732410	1126379614064115
632278	614042	18236	3694	10456974	8206330	1126379625346999
1180918	1162090	18828	3797	10613446	8960398	1126379637331515
857340	840748	16592	360	3821108	1823104	1126379642199853
0	0	0	0	0	0	0
1260228	1155306	104922	2952	8764314	7352356	1126379661446627
659138	642496	16642	4922	12701552	10688972	1126379674997441
935280	918150	17130	998	5016198	3115726	1126379681139557
1284884	1169882	115002	2081	7208578	5636392	1126379689823081
1177524	1159262	18262	121	3143320	1604410	1126379694333715
297050	176378	120672	741	2856440	1965198	1126379697677175
1177902	1161326	16576	2532	7968820	6427022	1126379707013979
269354	250162	19192	1722	6399538	3898286	1126379713873351
1161268	1120832	40436	58	3272352	1462208	1126379718497239
211512	174012	37500	1754	4876528	3905960	1126379723775429
1285470	1157472	127998	2074	7357992	5617134	1126379732609333
1186534	1168228	18306	2597	8228858	6564770	1126379742214331
459958	443434	16524	2080	7096102	4804902	1126379749963691
1173336	1155748	17588	1836	6655832	5031442	1126379757983013
1157840	1123802	34038	130	3555122	1602932	1126379762885477
1174954	1156948	18006	2069	5504148	5498534	1126379769754547
1171358	1153840	17518	2678	8358892	6711716	1126379779474887
1189076	1166154	22922	4911	12908360	11196078	1126379793762493
1177582	1159882	17700	1080	5106512	3522378	1126379800236939
1174464	1157696	16768	967	5013950	3294428	1126379806615765
834884	816332	18552	2463	7883700	5945356	1126379815524133
727470	711044	16426	1022	5168796	2955814	1126379821610679
1177088	1159616	17472	3603	9970332	8569272	1126379832948203
1174500	1157900	16600	1355	5546592	4070222	1126379839859563
1461950	1163900	298050	3710	10213170	9067180	1126379851724921
388838	371358	17480	4999	12988116	10571802	1126379865291699
1311150	1293020	18130	3502	9900804	8502636	1126379876693933
778300	759592	18708	163	3306974	1290184	1126379880969053
1169632	1153136	16496	2809	6891856	6972638	1126379889220335
1174838	1157374	17464	1627	6235652	4616726	1126379896821483
1173128	1155682	17446	2610	12588606	6581668	1126379910773645
1173294	1153732	19562	3908	10762942	9173850	1126379922899747
996632	979874	16758	288	3868334	1761426	1126379927955011
187884	171090	16794	3458	8275670	7290470	1126379936608203
1177174	1157152	20022	299	3755198	1959292	1126379941731453
1170270	1153828	16442	986	5378788	3327646	1126379948470503
1173180	1155092	18088	2761	8465924	6879892	1126379958299321
1176632	1158816	17816	3415	9832752	8191650	1126379969498705
971364	948808	22556	1169	5301432	3493412	1126379975961361
476106	458114	17992	2529	8226806	5718892	1126379984854051
1173916	1157156	16760	2766	8382340	6890780	1126379994599805
595582	577282	18300	3818	10662086	8416256	1126380006047379
1176556	1159292	17264	1750	6534924	4861670	1126380013952297
1193288	1173372	19916	2372	7712872	6121710	1126380023048965
1169656	1151842	17814	1229	5466582	3816982	1126380029875291
914040	896480	17560	4289	11684206	9677460	1126380042663541
884844	868372	16472	3973	11037552	9016508	1126380054776253
1209186	1159868	49318	3125	9140972	7643366	1126380065316543
1176484	1157752	18732	1993	6896440	5346650	1126380073579759
1176580	1159900	16680	1045	4925202	3451812	1126380079871813
176980	160132	16848	4853	12773352	10068266	1126380093012097
1174386	1156902	17484	533	4239328	2428084	1126380098615473
1319868	1160050	159818	615	4493046	2734568	1126380104618933
410428	393164	17264	392	3783014	1379178	1126380109001447
417958	399452	18506	1915	5193432	4433188	1126380114802929
964094	946038	18056	3939	10837858	9025652	1126380126794971
701368	684228	17140	2399	7581884	5684680	1126380135268165
519646	378042	141604	503	3892682	1715288	1126380139870411
1169502	1152608	16894	766	2894018	2886980	1126380144124245
1085526	1069056	16470	256	3614788	1782422	1126380149018241
779368	753240	26128	2662	6688830	6289092	1126380156676001
1267668	1167660	100008	4682	12304958	10817190	1126380170438205
516096	499430	16666	2947	9148506	6595146	1126380180292561
930956	913282	17674	3937	10749712	8988814	1126380192163351
502710	485196	17514	1218	5319310	3123284	1126380198179025
1180686	1160874	19812	367	3710088	2099398	1126380203262987
1231676	1212802	18874	4643	12563678	10701702	1126380217247893
1190670	1173766	16904	3985	10836488	9349594	1126380229464643
1173998	1157430	16568	1715	6389996	4776998	1126380237206009
1195076	1178110	16966	948	4969512	3275426	1126380243561055
1005266	986418	18848	1741	6420692	4671176	1126380251177173
1005440	988784	16656	3084	9270174	7357852	1126380261643273
1290004	1272766	17238	1612	6136884	4699316	1126380269259773
1177666	1159848	17818	82	3329604	1526762	1126380273957431
1176224	1158470	17754	541	2502244	2442608	1126380277825943
1180272	1163444	16828	1064	5077510	3494720	1126380284273977
603484	587148	16336	1438	5693152	3664072	1126380290761089
620264	599654	20610	4076	11079058	8957918	1126380302649803
1230564	1162978	67586	224	3475710	1863464	1126380307546053
19440	1852	17588	447	2263198	1099606	1126380310018911
1174542	1155448	19094	757	2491044	2872462	1126380313874005
841606	824854	16752	4618	12071266	10262908	1126380326976951
378358	241384	136974	436	3840224	1435290	1126380331385663
1182122	1162714	19408	3427	8213940	8219964	1126380340971375
699610	682586	17024	270	3519364	1425188	1126380345380821
1192954	1175512	17442	3861	9082220	9101076	1126380355846081
1263570	1157192	106378	2504	8302468	6456668	1126380365602617
1175312	1158654	16658	748	4579992	2856968	1126380371548343
1009062	992160	16902	979	5198950	3151798	1126380377946043
1176066	1159264	16802	2357	7808854	6075162	1126380387120951
1004288	983350	20938	43	3195952	1275486	1126380391511107
277326	255156	22170	4633	10629918	9727494	1126380402608105
1175886	1157216	18670	2468	7839046	6296642	1126380411812565
1030060	1012984	17076	1151	5085922	3516836	1126380418118733
1174694	1157364	17330	3447	9994462	8252798	1126380429481253
510870	494214	16656	3099	9073436	6894162	1126380439255377
1304052	1154540	149512	1272	5533354	4032876	1126380446282511
1174240	1156828	17412	4199	11351830	9758072	1126380458998581
916886	898792	18094	1753	6635728	4611126	1126380466741187
1174580	1157270	17310	3094	9582724	7551650	1126380477688799
464520	380196	84324	2978	9111662	6604678	1126380487454653
1177862	1157276	20586	4698	12277472	10759042	1126380501099871
220780	204094	16686	3538	9984240	7480996	1126380511494733
1172926	1153998	18928	1790	6347392	4936980	1126380519204817
1172844	1154544	18300	184	3329156	1729730	1126380523896693
1239554	1211584	27970	2449	6241032	6323214	1126380531567333
274192	257012	17180	4167	16990298	8793916	1126380549021841
1008314	991586	16728	2790	8351978	6773080	1126380558571923
1172248	1154996	17252	8	3175424	1372164	1126380563109645
441070	424038	17032	345	2051924	1316286	1126380565792607
1174850	1157584	17266	2434	7783404	6228404	1126380574940325
639904	622598	17306	1518	5782844	3860946	1126380581553337
959068	942134	16934	3876	10912350	8896070	1126380593614407
209212	189984	19228	475	3916722	1344508	1126380597930485
1193248	1162352	30896	628	2618128	2633410	1126380601932507
1179078	1162590	16488	3792	10916678	8947836	1126380614218255
1178690	1155270	23420	2114	7192602	5592162	1126380622779791
1153006	1132520	20486	2550	8182746	6437524	1126380632306025
1182088	1157520	24568	138	3466436	1642770	1126380637145091
669658	652074	17584	4150	9676040	9155570	1126380647680559
1174052	1155992	18060	2659	8460566	6677114	1126380657504877
508828	492568	16260	1973	7189994	4638804	1126380665393613
1176124	1158228	17896	3768	10686938	8896096	1126380677446801
1172092	1155636	16456	4173	11323550	9703342	1126380690132661
1175234	1157422	17812	2066	7270652	5492550	1126380698771779
489864	473046	16818	157	3160564	988096	1126380702612339
1174254	1155934	18320	3739	8721766	8836294	1126380712698665
1177912	1158794	19118	2993	8825778	7348730	1126380722892255
1175434	1159046	16388	728	4369858	2816220	1126380728627697
326178	309738	16440	183	3316566	877026	1126380732460443
1111580	1094612	16968	4562	10493492	10420438	1126380744255773
392610	318622	73988	1618	6088082	3812426	1126380750926711
398798	379784	19014	970	4774912	2524668	1126380756290883
1175574	1157758	17816	4618	12489140	10596916	1126380770145531
1172306	1155906	16400	358	3702406	2072778	1126380775214257
1181886	1163080	18806	1157	3461390	3682434	1126380780047771
1336026	1158784	177242	3241	7845148	8003460	1126380789421845
401022	383540	17482	4692	12356030	9969334	1126380802368751
413156	391090	22066	411	3994942	1420432	1126380806966843
410112	311716	98396	546	2466542	1684510	1126380810033661
1257330	1241514	15816	3644	10183668	8716726	1126380821652783
659194	641930	17264	4623	12471012	10076330	1126380834960659
924422	907760	16662	2433	7958994	5979728	1126380844033803
963476	946514	16962	3730	10543690	8608014	1126380855734805
983914	967252	16662	3606	10468690	8381260	1126380867377137
838174	821212	16962	3548	10068072	8120062	1126380878473303
1178946	1160692	18254	901	4860108	3165752	1126380884702045
1285484	1239070	46414	193	3418894	1856320	1126380889596545
0	0	0	0	0	0	0
558182	540144	18038	687	1576586	2116854	1126380895417191
695800	678686	17114	4937	13315276	10754608	1126380909618731
1184816	1168122	16694	895	4720062	3159622	1126380915713679
1178150	1161484	16666	4204	11051074	9771088	1126380928132947
1084914	1067518	17396	1193	5372782	3656924	1126380934783647
1191336	1173348	17988	1157	5202938	3689946	1126380941367985
1273902	1157066	116836	1775	6588564	5009976	1126380949420523
1236554	1218706	17848	3359	9590342	8140232	1126380960437085
1271790	1191294	80496	2438	7849526	6332840	1126380969748255
1338970	1175538	163432	912	4978400	3347718	1126380976255375
949760	926746	23014	3817	10459162	8769602	1126380987854087
1363632	1157990	205642	1772	6792568	5091220	1126380996199897
1181104	1157362	23742	834	4712910	3034402	1126381002287311
1375120	1293080	82040	2446	8005154	6452528	1126381011857221
1184380	1155936	28444	3018	8995694	7405000	1126381022226401
1156954	1128588	28366	1080	5064292	3502208	1126381028636947
1031568	946482	85086	326	3388840	1869606	1126381033247213
1171962	1155454	16508	2323	6014620	6004690	1126381040623867
1170652	1153540	17112	168	3664508	1692630	1126381045648551
1169874	1153198	16676	2089	5540976	5534126	1126381052549691
1175194	1157964	17230	2884	8742172	7128970	1126381062656947
1175238	1155738	19500	2153	6986838	5666314	1126381071008943
1172476	1155386	17090	2873	8776392	7106694	1126381081148095
968508	951762	16746	4577	12303170	10308046	1126381094610009
1174406	1157946	16460	2046	7183326	5451028	1126381103157831
820698	801824	18874	3282	9474938	7573160	1126381113644077
1317902	1159436	158466	2183	7168902	5869244	1126381122321189
1118096	1097800	20296	1024	5252098	3351694	1126381128881345
1175068	1157232	17836	3381	9503650	8122680	1126381139750199
1171568	1155216	16352	2619	8360420	6595424	1126381149472641
1176154	1158808	17346	2207	7410918	5774348	1126381158249191
1173648	1157566	16082	2764	8335910	6886426	1126381167948587
1177866	1160786	17080	1235	5536414	3833686	1126381174852765
1175626	1158714	16912	4500	11820220	10360174	1126381188038399
1176458	1159302	17156	2002	7332404	5365550	1126381196741187
1177172	1159120	18052	758	4309280	2878844	1126381202417845
621788	602960	18828	1917	6790314	4641522	1126381210020413
1185528	1164242	21286	4866	12615204	11102610	1126381224016029
1177244	1155052	22192	1565	5994384	4493070	1126381231377701
1171156	1153646	17510	2710	8250396	6776716	1126381240989533
1183754	1159620	24134	3802	10671038	8976394	1126381253034059
1176176	1158166	18010	3889	10869810	9142556	1126381265270373
1172286	1155534	16752	1803	6709882	4963288	1126381273342425
1156984	1139998	16986	3098	9103088	7538342	1126381283793063
333686	314990	18696	377	3662814	1271810	1126381287979719
979346	961772	17574	2894	7148152	6952608	1126381296297325
7373086	7371274	1812	1815	6856390	11188198	1126381310717003
1191954	1175454	16500	697	4324924	2771442	1126381316445775
839878	820920	18958	2187	7395564	5398988	1126381324871621
807734	790286	17448	3418	10179720	7828254	1126381336049415
510472	492756	17716	1080	5390386	2855202	1126381342144085
871888	853306	18582	4588	12003300	10232594	1126381355213379
1175754	1157404	18350	1679	6334016	4754040	1126381362913229
1181708	1164990	16718	3070	9243546	7507394	1126381373529085
493232	476470	16762	785	4426392	2248224	1126381378638561
1174370	1157186	17184	2971	9434834	7305514	1126381389437631
1175646	1157890	17756	1889	6853156	5138428	1126381397656831
728642	708716	19926	3379	9858274	7671888	1126381408433785
1173416	1156180	17236	1766	6198554	4890106	1126381415996469
299652	276198	23454	3274	9498040	7032390	1126381425984639
411074	392396	18678	1153	5506318	2901792	1126381432092025
1170326	1152304	18022	1844	6481056	5043712	1126381439937205
1177512	1160880	16632	4103	11447400	9568592	1126381452752285
1174206	1157486	16720	2491	8135446	6341948	1126381462252911
1173352	1156168	17184	2528	8209350	6414030	1126381471825961
936370	919822	16548	2361	7657916	5842432	1126381480610951
932336	911712	20624	3613	10413450	8342716	1126381492146813
1179574	1162826	16748	4592	12009908	10548364	1126381505529939
256672	235910	20762	3249	9611956	6939590	1126381515588961
1176922	1158622	18300	4848	12640648	11058846	1126381529597135
1173144	1154820	18324	965	4829460	3288082	1126381535789285
1181372	1163334	18038	2984	8834790	7334200	1126381545995421
1185710	1167598	18112	3223	9566122	7817046	1126381556937703
973098	955020	18078	2530	7973940	6218292	1126381566074989
1173386	1156950	16436	2681	8583860	6720170	1126381576025223
1159344	1137864	21480	1560	6254956	4464874	1126381583633129
1171114	1154256	16858	3364	9744726	8084512	1126381594738805
279636	262196	17440	3365	9680630	7196082	1126381604889245
1212298	1188664	23634	3213	9114282	7823472	1126381615405851
1174102	1157422	16680	1309	5871014	3977320	1126381622641601
860028	796194	63834	3605	10155836	8254210	1126381633847415
1175452	1158808	16644	360	3546284	2079514	1126381638758833
1102410	1083474	18936	4757	13202574	10800506	1126381653253683
1173822	1157510	16312	142	3585440	1642518	1126381658203039
1176294	1157256	19038	2001	5370464	5363172	1126381664943463
566532	550038	16494	3810	10707088	8374566	1126381676407595
639524	623052	16472	1020	5145146	2865100	1126381682382551
274044	256756	17288	3852	10604674	8163780	1126381693450989
1174542	1157294	17248	56	3116188	1470994	1126381697931433
664774	647366	17408	4159	9681438	9168024	1126381708467585
1174136	1155296	18840	3229	9402764	7817788	1126381719234881
799288	781392	17896	375	3699994	1736642	1126381723923977
1174948	1157800	17148	1427	4220422	4213506	1126381729509627
1173336	1156550	16786	3318	9755784	7994548	1126381740639921
1177994	1160714	17280	88	3435024	1540306	1126381745442551
1173030	1155536	17494	3309	8027418	7974848	1126381754833493
532968	511902	21066	4516	12130602	9749374	1126381767687361
1075682	1055664	20018	4325	11512820	9910646	1126381780465947
299392	267638	31754	1821	6531952	4125894	1126381787487611
1071750	1054970	16780	52	3028580	1360894	1126381791777963
1173888	1155552	18336	4542	10444468	10442934	1126381803585987
905874	887834	18040	291	3749496	1672370	1126381808431935
605466	589098	16368	3259	7882092	7308220	1126381817109475
1015882	998520	17362	4029	11222062	9259434	1126381829537785
320672	283142	37530	4554	12206210	9612684	1126381842254495
1180634	1161958	18676	2045	7215204	5455640	1126381850840401
1013876	997072	16804	2378	7637092	5953512	1126381859681565
806392	787794	18598	3803	10716342	8597268	1126381871393965
472720	453940	18780	2660	8485484	5977324	1126381880542245
1171068	1153416	17652	4020	11138808	9396786	1126381893042503
1170586	1152214	18372	3310	9616742	7989764	1126381904019929
214754	176046	38708	3669	10573628	7736922	1126381915002013
1177190	1158794	18396	3489	9881324	8340122	1126381926250347
1174106	1157746	16360	640	4200340	2639366	1126381931815251
1037198	1020016	17182	1712	6561714	4645594	1126381939604291
869352	853030	16322	2758	8596686	6569282	1126381949260335
367012	348390	18622	1168	5540438	2887272	1126381955357943
448248	427862	20386	780	4762736	2193414	1126381960759151
1244100	1154996	89104	278	3841256	1988212	1126381966034961
1175768	1158180	17588	4858	13002260	11076528	1126381980406547
1175262	1157028	18234	2826	8622294	7010998	1126381990393933
1324386	1305210	19176	2268	7487262	6045512	1126381999394995
1185720	1155358	30362	3785	10383376	8941500	1126382011154231
826574	809256	17318	4697	12284580	10410252	1126382024454983
442438	425208	17230	2197	7377650	5021292	1126382032464787
1175128	1157938	17190	4071	10992004	9501154	1126382044821385
1183984	1158628	25356	3753	10837204	8879510	1126382057032161
1175814	1159204	16610	1188	5321806	3736862	1126382063719925
1178544	1160744	17800	1912	7002108	5186516	1126382072090591
1195404	1168286	27118	698	4474298	2776450	1126382077953387
1219166	1202712	16454	2219	7443258	5842192	1126382086805121
655406	543634	111772	4056	10948134	8953588	1126382098599271
766928	749026	17902	2425	7680142	5802612	1126382107236721
612992	594936	18056	2190	7114952	5177924	1126382115154721
1177850	1158528	19322	308	3757204	1979604	1126382120279553
1110890	1094366	16524	2187	5704098	5672332	1126382127284551
1168768	1151580	17188	1406	5903334	4165482	1126382134546337
785792	767882	17910	1209	5325714	3389066	1126382140847323
7722390	7720396	1994	2610	8478094	13131150	1126382157237849
1154562	1121916	32646	201	3297482	1745574	1126382161879937
1175352	1157854	17498	1784	4931468	4928854	1126382168176665
1178334	1158958	19376	2659	8363296	6680510	1126382177911591
1243430	1226278	17152	2130	7455946	5688624	1126382186800635
1179598	1160468	19130	1284	5684626	3933108	1126382193854743
1052220	1034162	18058	2430	7806078	6096572	1126382202903289
665506	648726	16780	4695	12401934	10240060	1126382216160471
1179140	1162100	17040	4905	12780620	11174012	1126382230313987
1312302	1162592	149710	2076	6927212	5648602	1126382238743079
651774	635030	16744	2692	8357496	6221664	1126382247942507
1187412	1169554	17858	3880	10941956	9131950	1126382260262027
997388	980744	16644	3979	11140588	9141468	1126382272589931
1052110	1033632	18478	4091	11402712	9419622	1126382285234559
529648	511810	17838	551	3966150	1818776	1126382289920069
1182570	1158680	23890	1069	3498268	3504528	1126382294790903
195740	177748	17992	3150	9243620	6681590	1126382304420001
1175192	1157780	17412	3413	10016990	8187292	1126382315801413
1173372	1156836	16536	1759	6534914	4876432	1126382323699529
1160960	1142428	18532	1770	6765726	4885100	1126382331817025
1176952	1156858	20094	4588	12100782	10536544	1126382345284947
638938	613918	25020	1953	7033222	4729712	1126382353146871
338414	318466	19948	4215	11547380	8954476	1126382365222251
970884	953018	17866	4713	12460020	10581732	1126382378842589
1173166	1157782	15384	2835	8844808	7032382	1126382389050703
1321948	1307262	14686	308	3432792	2111036	1126382393983445
1173868	1155884	17984	4377	11987938	10112216	1126382407335365
636586	618986	17600	2844	8840038	6508210	1126382417002015
201656	184776	16880	137	3126828	660888	1126382420521053
1158484	1138156	20328	1670	4576326	4683144	1126382426445841
497488	481008	16480	4240	11436966	9161434	1126382438570765
1176350	1158842	17508	4037	11277862	9436168	1126382451215531
693484	676772	16712	3400	9877566	7678906	1126382461976573
1175888	1156060	19828	120	3265226	1599742	1126382466606933
703738	682390	21348	2891	6937724	6670078	1126382474438707
1186802	1166314	20488	3402	9647712	8174782	1126382485463719
1156562	1140396	16166	4914	12886824	11168868	1126382499697333
1172084	1155534	16550	4014	11255338	9384828	1126382512314787
