# Loop @ Start frequency 3100000Hz took 708.04 cycles
# Interval [707 ; 709]
# Q1 : 706 ; Q3 : 708
# Loop @ Target frequency 2100000Hz took 1013.50 cycles
# Interval [1012 ; 1015]
# Q1 : 1008 ; Q3 : 1012
# Confidence intervals do not overlap, alternatives are statistically different with selected confidence level
Change time (with write) [cycles]	Change time [cycles]	Write cost [cycles]	Wait time [us]	Time since last frequency change request [cycles]	Time since last frequency change [cycles]	Detected frequency change timestamp [cycles]
500936	472202	28734	3567	219683246	218499468	1126302709967449
1240654	1158150	82504	4812	11406572	11049168	1126302722855037
804620	787380	17240	907	3462900	2804520	1126302727360989
1187036	1158170	28866	3036	7726358	7444572	1126302736513349
824206	807222	16984	4996	11525996	11000628	1126302749102389
1178736	1161302	17434	2463	6572976	6294114	1126302757092875
1174432	1157820	16612	4156	10136620	9658522	1126302768642373
191260	170876	20384	3982	9888314	8328716	1126302778953077
1174482	1157232	17250	4075	9688372	9497212	1126302790042273
867754	772222	95532	3998	10015402	9036210	1126302801153539
1180412	1160904	19508	3427	8443552	8222672	1126302811016115
1178092	1159180	18912	2191	6369604	5746270	1126302818801751
1172862	1155976	16886	4544	11103544	10446020	1126302831320449
946204	928400	17804	3891	9593790	8911856	1126302842101713
811872	793912	17960	4101	9994126	9186616	1126302853145269
1259816	1160388	99428	3295	8479738	8033646	1126302863123155
1180920	1163932	16988	2535	6935508	6436288	1126302871478179
911058	894390	16668	27	1730830	1150692	1126302874358291
1173132	1156174	16958	2511	6485172	6381182	1126302882254341
1177684	1160224	17460	4626	10882564	10615166	1126302894552769
1176682	1157760	18922	4697	11105820	10756966	1126302907073687
1176346	1158402	17944	4859	11227962	11082762	1126302919717231
768836	751646	17190	1572	4828958	4098700	1126302925553699
1363764	1299798	63966	447	2862872	2442010	1126302930018587
800854	782862	17992	3556	8729472	8099536	1126302939787607
1198608	1178886	19722	4871	11466616	11126616	1126302952691251
773652	754286	19366	3275	8213136	7508298	1126302961920219
773254	756162	17092	1540	4853674	4038458	1126302967785795
1177716	1160184	17532	3078	8044296	7518620	1126302977246053
1178044	1160402	17642	1572	5064412	4495110	1126302983716439
324710	173550	151160	1286	4223626	3081518	1126302988503095
515850	498036	17814	4158	10153418	9015842	1126302999410123
1184756	1160568	24188	156	1947586	1681578	1126303002781029
571524	555152	16372	590	2312846	1936636	1126303005909757
619798	600566	19232	1788	5280508	4380614	1126303012047991
1126992	1106980	20012	4822	11358262	10955652	1126303024771109
691502	675072	16430	271	2384064	1421180	1126303028091563
1177874	1160398	17476	2722	6813620	6807562	1126303036321871
1175214	1158230	16984	3041	7997028	7442042	1126303045735171
1187470	1162792	24678	1519	4813558	4409878	1126303051977331
1184354	1167182	17172	1506	4794376	4381298	1126303058196179
1173850	1154248	19602	4306	10297702	9969824	1126303069905609
1177454	1162068	15386	3273	8380130	7908350	1126303079701021
1174530	1157522	17008	1904	5407102	5155212	1126303086510043
510304	394894	115410	2294	6371880	5271012	1126303093621749
885660	869650	16010	1597	4760094	4252280	1126303099495129
1180908	1164380	16528	2113	6213176	5580780	1126303107116393
299706	282576	17130	412	2583766	1309660	1126303110239129
1032716	1016120	16596	138	1638024	1493430	1126303113148127
1209456	1192484	16972	3347	8130694	8090952	1126303122726821
1175566	1158402	17164	16	1717212	1393026	1126303125862883
1288588	1164944	123644	1746	4864140	4965856	1126303132253861
988956	971732	17224	4935	11634902	11043912	1126303145116153
540092	523078	17014	3464	8652216	7653272	1126303154547221
1175478	1158082	17396	3745	9345514	8850290	1126303165306489
545196	527976	17220	2732	6942104	6194808	1126303173032165
1174906	1156536	18370	1498	4658042	4359682	1126303179103723
992498	976380	16118	4146	9675562	9456356	1126303190001229
1080432	1063202	17230	1096	4118352	3445508	1126303195427213
1185146	1165710	19436	1260	4350314	3889912	1126303201201875
245418	210390	35028	4117	10039978	8663998	1126303211726067
380202	363236	16966	2011	5907548	4587302	1126303218252835
979890	963024	16866	172	2285220	1508526	1126303221756497
1177024	1158182	18842	2268	5901812	5898392	1126303229073581
999200	982024	17176	4094	9987268	9371326	1126303240301685
781990	765688	16302	745	3554216	2457150	1126303244876423
1174738	1158024	16714	2672	6990112	6703662	1126303253279103
707066	690230	16836	3355	8622942	7602398	1126303262847343
559708	542532	17176	1239	4279070	3225924	1126303267923953
514534	497778	16756	4099	10138624	8896302	1126303278816703
1179072	1162452	16620	3278	8342932	7923236	1126303288579177
743882	708608	35274	2673	7209114	6274156	1126303296773927
854068	836898	17170	2143	5715472	5325566	1126303303586023
1037390	1020188	17202	1737	5123898	4696312	1126303309985329
1176092	1158974	17118	1406	4678860	4159736	1126303316075979
1185230	1165326	19904	797	3175460	2963946	1126303320675087
1174468	1158118	16350	643	3122696	2646378	1126303325214259
1175876	1159414	16462	3558	8893566	8476836	1126303335521611
1072450	1055276	17174	4047	9860944	9352246	1126303346696101
1178792	1161768	17024	882	3532840	3127876	1126303351652401
1203616	1167604	36012	2473	6631590	6334996	1126303359725169
1219784	1162634	57150	1585	5040568	4574658	1126303366223287
1145598	1123108	22490	2540	7131898	6410002	1126303374739007
1171586	1154978	16608	4264	10162268	9884134	1126303386314911
1184824	1158900	25924	2738	7359824	6846328	1126303395098125
1179470	1158320	21150	2733	7267312	6830652	1126303403786689
1177538	1159850	17688	4271	10476470	9904678	1126303415678651
415344	396870	18474	2902	7593486	6405212	1126303423926401
827160	657880	169280	3628	9093666	8267736	1126303434088153
1176686	1158486	18200	3111	7815170	7584656	1126303443317619
367904	349820	18084	266	2429100	1085748	1126303446352805
1254038	1224286	29752	4833	11043742	11102456	1126303458888735
1178760	1160318	18442	157	1975436	1666004	1126303462269417
1235612	1158600	77012	226	1807868	1876828	1126303465540357
1173440	1156078	17362	1531	5166896	4421684	1126303472118139
1176480	1158800	17680	3004	7570262	7369550	1126303481103089
1177442	1160162	17280	3731	9207020	8824926	1126303491725983
1182116	1163526	18590	4131	10283924	9629024	1126303503430551
1293840	1215556	78284	3481	8840570	8441092	1126303513806081
985208	969188	16020	587	2781276	2332232	1126303517799615
1281084	1263806	17278	4252	10388066	9969574	1126303529711339
1031780	1014724	17056	3693	8958004	8602360	1126303539939971
248258	226178	22080	3638	8932748	7708926	1126303549358317
1285768	1160200	125568	2737	7178052	6944880	1126303558061811
1178404	1159866	18538	1854	7453992	5071478	1126303566932369
1204584	1186322	18262	262	2422792	1913516	1126303570798525
1175360	1158090	17270	2312	6792814	5984282	1126303579009245
995754	979068	16686	533	2870080	2247016	1126303583113605
1199390	1165618	33772	3593	9369232	8571716	1126303593921171
1172460	1155750	16710	99	1973784	1555836	1126303597308193
978770	960762	18008	4288	9951102	9744556	1126303608476435
900778	882588	18190	4109	9912414	9304112	1126303619528329
1307302	1289936	17366	2408	6654710	6307916	1126303627728793
1179500	1161840	17660	3027	8076048	7418696	1126303637222937
984614	966978	17636	4985	12036150	11139938	1126303650481927
477162	458688	18474	678	2980178	2018874	1126303654178451
229638	207046	22592	2117	6194048	4649596	1126303660840873
1175438	1158322	17116	2293	6491094	5949642	1126303668746595
1206318	1188082	18236	1789	5066562	4970442	1126303675265485
822628	803886	18742	914	3360912	2835242	1126303679687727
1326166	1302144	24022	4153	9895050	9816866	1126303691147187
1176716	1158380	18336	1515	4690444	4392682	1126303697253671
1179594	1159672	19922	1040	3777134	3445146	1126303702448525
1280806	1263726	17080	4496	10523898	10458554	1126303714491671
619660	599110	20550	3415	8777090	7635720	1126303724126445
1173674	1156298	17376	4104	9995134	9568210	1126303735536371
1177686	1160294	17392	3390	8644056	8143890	1126303745596295
1183316	1165340	17976	3186	8053848	7739514	1126303755071833
1188058	1171092	16966	4864	11495668	11100594	1126303767996543
1185508	1165482	20026	3823	9262282	9003786	1126303778679875
1184346	1163186	21160	4098	9925292	9566266	1126303790032595
1175734	1158276	17458	155	1767578	1671086	1126303793213979
646792	627936	18856	3875	8863598	8581020	1126303802962973
1238310	1167628	70682	4861	11422314	11149110	1126303815862387
1177572	1160628	16944	2928	7357774	7218862	1126303824635581
368886	352522	16364	110	2027576	773210	1126303827276851
1177168	1158706	18462	1900	5196852	5166324	1126303833889111
1179904	1163216	16688	4545	11033654	10454480	1126303846341749
8735852	8732658	3194	3369	8690388	15658166	1126303864005631
1055358	1038422	16936	2297	6205822	5834362	1126303871504991
1075158	1058410	16748	4406	10836122	10071578	1126303883654699
1175278	1158372	16906	787	3323818	2933696	1126303888392791
1115302	1097954	17348	3521	9028176	8343296	1126303898774725
306296	278312	27984	2005	5623766	4502850	1126303904947705
1336052	1165852	170200	1318	4354806	4160388	1126303910877405
444114	407570	36544	4294	10145342	9217124	1126303921705365
1322054	1169432	152622	824	3512998	3154474	1126303926779183
561182	545330	15852	1278	4365556	3312330	1126303931938259
416230	290854	125376	2680	7316158	5948192	1126303939897369
961596	938270	23326	1094	4096616	3334506	1126303945194695
1179876	1161298	18578	3047	7936254	7458618	1126303954548863
1178940	1158496	20444	162	1929866	1688982	1126303957895923
1175374	1156108	19266	1420	4048920	4201234	1126303963358331
1201606	1176966	24640	1616	5199814	4617620	1126303969998505
609910	593516	16394	4621	11123768	10036998	1126303981970721
469168	451322	17846	1886	5557484	4425436	1126303988237933
1050264	1032758	17506	4189	10171106	9613422	1126303999700955
302500	271834	30666	4642	11110868	9772122	1126304011355099
349700	322552	27148	2200	6168762	4934886	1126304018114245
497688	480868	16820	4100	10236130	8883006	1126304029086141
1174536	1157552	16984	3859	9530752	9077138	1126304040032777
1205458	1158720	46738	1704	5078752	4786438	1126304046543655
882668	865884	16784	4153	9989044	9360980	1126304057642785
1218682	1161972	56710	3768	9157718	8927090	1126304068246721
771840	755972	15868	2718	7211262	6380556	1126304076459817
1178208	1159236	18972	3756	9474184	8863314	1126304087340203
541786	525028	16758	1692	5252988	4110688	1126304093375743
1175096	1158204	16892	4481	10609440	10323302	1126304105398933
695080	677692	17388	1863	5674074	4606352	1126304112006889
1306666	1286782	19884	2575	7080890	6642140	1126304120632411
984620	967902	16718	1574	5014404	4317760	1126304126874323
873126	855232	17894	4855	11605300	10768974	1126304139590721
1184352	1165126	19226	44	2002534	1457808	1126304143015943
492728	475774	16954	4716	10796138	10110076	1126304154544227
929250	910548	18702	3488	8702906	8089818	1126304164414675
639206	619220	19986	2537	6896552	5897960	1126304172188549
1175792	1159880	15912	3773	9372172	8905658	1126304182976951
1180422	1165750	14672	320	2020924	1993654	1126304186407551
987172	967668	19504	1013	4037126	3197948	1126304191674367
831838	814804	17034	613	2921094	2242314	1126304195665003
201784	184006	17778	4795	11429942	9976746	1126304207534883
1176932	1159664	17268	1000	3411698	3362900	1126304212361993
1177258	1160874	16384	2181	6250350	5723770	1126304220028251
1186828	1169520	17308	4979	11574596	11329354	1126304233027719
1175358	1156094	19264	1799	5412528	4959258	1126304239856181
596390	579366	17024	1483	5016298	3748066	1126304245707171
684510	667750	16760	1306	4233358	3481314	1126304250863281
1175248	1158516	16732	1083	4042368	3529718	1126304256319989
1175462	1158298	17164	2629	7060220	6618948	1126304264794123
697828	602012	95816	847	3384064	2576698	1126304269118411
1166948	1147434	19514	3437	8458202	8230418	1126304278981377
1059414	1042286	17128	2324	6670194	5879066	1126304286937899
1178774	1158872	19902	2335	6501708	6033730	1126304294859199
429908	410880	19028	4813	11204512	10241272	1126304306732261
712760	695718	17042	4546	10733172	9990792	1126304318421007
1172738	1155878	16860	3083	8109176	7522374	1126304327940899
1181198	1166542	14656	4348	10697044	10049374	1126304340057165
1181496	1165080	16416	1639	5119456	4632238	1126304346585391
1174636	1157744	16892	4708	11087956	10762404	1126304359078433
585688	569740	15948	3991	9497902	8746284	1126304369388473
1174438	1156638	17800	895	3671970	3137678	1126304374462251
875732	854792	20940	130	1972568	1320600	1126304377549531
514824	496326	18498	3547	8463762	7793710	1126304386766563
1157714	1136304	21410	2350	6546540	6080396	1126304394713365
633952	617238	16714	3611	8892484	8040262	1126304404481531
1179532	1160946	18586	3071	7571606	7507194	1126304413471063
984258	967466	16792	3121	7746828	7410780	1126304422439717
1176648	1159446	17202	3537	9049310	8436644	1126304432904033
1172228	1155732	16496	1541	5001470	4439100	1126304439315553
1175644	1158766	16878	4851	11070944	11065902	1126304451802903
1373142	1174200	198942	3520	8679944	8598850	1126304462094301
505224	488122	17102	3752	9114824	8194002	1126304471952275
236250	218006	18244	1926	5533270	4272736	1126304477959271
421118	404178	16940	4751	11031150	10107770	1126304489650025
293594	276988	16606	2108	5865998	4695362	1126304496048493
324054	300736	23318	3409	8585654	7326146	1126304505198865
1094978	1077644	17334	1582	4853766	4444258	1126304511385749
513426	493618	19808	1307	4321134	3300262	1126304516456151
1175748	1157844	17904	3269	8520166	7897836	1126304526390385
1174310	1157764	16546	1444	4776784	4247312	1126304532578921
1176390	1158686	17704	367	2611648	2094890	1126304536608973
1184394	1167072	17322	4526	10966620	10421846	1126304549002871
1175910	1156600	19310	1010	3854822	3381088	1126304554272345
1039464	1022776	16688	3218	8440328	7661500	1126304563989831
1173202	1155700	17502	4507	10879700	10358836	1126304576281487
405770	388360	17410	3592	8842200	7775292	1126304585767971
1175848	1158288	17560	4429	10553120	10217708	1126304597735953
476518	456316	20202	2363	6318012	5388952	1126304604768569
1175576	1158082	17494	3697	8971778	8753888	1126304615161545
1175700	1158816	16884	765	3473794	2890464	1126304620049641
1172706	1156272	16434	3037	7666436	7432266	1126304629126461
824526	808884	15642	1186	4302574	3368494	1126304634480231
233222	200864	32358	2722	7308440	5850028	1126304642248857
1235132	1218612	16520	2586	7120120	6579564	1126304650830737
574546	559474	15072	2562	6712202	5870908	1126304658344097
1264504	1162340	102164	3618	9114798	8673836	1126304668949965
1172710	1157906	14804	410	2742696	2165242	1126304673092131
1051052	1031804	19248	4858	11614140	10939320	1126304685984509
785490	768254	17236	1582	4973848	4135172	1126304691984911
4132338	4130034	2304	3846	9618080	12009956	1126304705973641
1182950	1165558	17392	3808	9224820	8983964	1126304716620167
1161746	1142568	19178	616	2932524	2579150	1126304720956911
1175432	1158032	17400	730	3290112	2821060	1126304725660597
1200630	1159452	41178	4975	11590264	11335436	1126304738689653
1180546	1161068	19478	3171	8220230	7711718	1126304748333519
1161022	1143864	17158	3263	7972902	7871380	1126304757707913
1202884	1172120	30764	3658	9271764	8704288	1126304768421689
347986	329760	18226	2970	7756514	6472724	1126304776764727
819316	801990	17326	1899	5416488	4801930	1126304783242015
1181176	1159598	21578	4467	10703416	10299798	1126304795367809
1175162	1157914	17248	4256	10148302	9872768	1126304806929699
1174468	1159614	14854	1769	5246108	4901376	1126304813588845
1176448	1157250	19198	4276	10558026	9901692	1126304825550843
1176622	1159560	17062	301	2612870	1964720	1126304829578981
1175638	1158840	16798	3424	8941110	8209644	1126304839933939
1195696	1179574	16122	2861	7392430	7103060	1126304848759915
696448	679820	16628	4112	10060196	9109200	1126304859760565
1176506	1161508	14998	4151	9959046	9664070	1126304871134423
1041646	1025610	16036	2256	6494398	5727432	1126304878897499
1182288	1158932	23356	4034	9671068	9427222	1126304889977579
766548	749986	16562	4903	11569528	10758560	1126304902552357
1181434	1164286	17148	1688	4938964	4741850	1126304908911187
1177212	1160116	17096	2109	5987118	5584478	1126304916316909
972802	952710	20092	1608	4973358	4374476	1126304922504435
1129196	1110724	18472	962	3723364	3238296	1126304927594817
566086	548482	17604	3338	8258762	7427252	1126304936657615
1177108	1160054	17054	735	3403468	2835670	1126304941480607
1196120	1177820	18300	1482	4573768	4345276	1126304947489595
808740	791392	17348	3071	7965220	7135990	1126304956502151
1174348	1158964	15384	4014	9913802	9386748	1126304967829505
1179936	1159718	20218	1443	4540216	4238806	1126304973777209
1265034	1158410	106624	1781	5453006	5011552	1126304980734257
1207264	1188188	19076	2561	6646632	6515362	1126304988830425
618468	601348	17120	2849	7330076	6500908	1126304997017517
1175572	1156920	18652	1244	4078916	3851036	1126305002510593
1183568	1166864	16704	2967	7883558	7303000	1126305011816525
1087380	1069918	17462	1604	4854832	4480068	1126305017996305
1179434	1160102	19332	39	2059534	1443706	1126305021474323
1175152	1158700	16452	1695	4674520	4750672	1126305027561989
1177232	1159636	17596	4374	10453266	10109638	1126305039429989
1176968	1160268	16700	3531	8756104	8424260	1126305049601661
934940	917504	17436	2513	6800248	6146280	1126305057577549
4747344	4745442	1902	2483	6928462	9898916	1126305069491903
520810	502804	18006	4695	11308460	10096744	1126305081559205
1174564	1156478	18086	2080	5964448	5520038	1126305088938923
1253622	1160758	92864	4985	11825104	11408540	1126305102255899
1033436	1016062	17374	4703	11143756	10623524	1126305114671605
429774	414494	15280	3532	8721528	7678060	1126305124065771
1180104	1163324	16780	2604	6941006	6561316	1126305132414029
1183432	1165784	17648	4218	10137196	9792654	1126305143961277
1173388	1158058	15330	596	2827682	2538312	1126305148189193
1173244	1157860	15384	4133	9848152	9612504	1126305159436981
372514	354744	17770	4664	11150484	9872732	1126305171186243
1131834	1113934	17900	3903	9786026	9122142	1126305182343515
540466	524010	16456	1905	5451210	4536808	1126305188574099
1177490	1161182	16308	3540	9021194	8447204	1126305199051019
1271360	1159134	112226	4592	11015900	10640816	1126305211578821
413668	395038	18630	4918	11847744	10434754	1126305224079009
1175018	1157288	17730	1158	4151598	3676428	1126305229646309
1013420	996388	17032	856	3408458	2911150	1126305234306709
1177260	1161650	15610	3235	8116516	7833282	1126305243838351
939612	923990	15622	553	3028652	2217708	1126305248034659
1176746	1158568	18178	3179	8253930	7707010	1126305257691845
1201034	1182536	18498	4849	11682596	11084134	1126305270814003
1174338	1157678	16660	4083	10016270	9529642	1126305282245251
1180720	1162038	18682	4279	10405100	9924134	1126305294069551
621966	604718	17248	3894	9818956	8594884	1126305304748699
1176166	1158604	17562	1731	5372208	4827166	1126305311538865
726194	709376	16818	2542	6849436	5994550	1126305319352803
1172424	1156532	15892	1197	4141904	3750718	1126305324908889
1180894	1164500	16394	4572	10704604	10498402	1126305337021251
1195366	1179728	15638	4725	11259862	10817832	1126305349705625
1177732	1158840	18892	1616	4811968	4583292	1126305355922089
219976	202420	17556	2907	7782792	6218460	1126305364162249
1173550	1157130	16420	2035	5879164	5429644	1126305371455767
1174604	1157334	17270	251	2524702	1862278	1126305375392795
605446	586390	19056	4439	10213042	9688190	1126305386449535
1178688	1154588	24100	4084	10088010	9531122	1126305397954711
1187032	1171196	15836	3836	9371220	9043238	1126305408750867
955224	928088	27136	1843	5672334	4814910	1126305415611085
1173824	1156450	17374	2724	7147428	6807950	1126305424171635
1176070	1157170	18900	2228	6174184	5817244	1126305431759855
1236020	1162986	73034	4334	10627736	10089342	1126305443861717
1181186	1162050	19136	220	2243540	1807092	1126305447524809
1189262	1160518	28744	2469	7318388	6311096	1126305456270831
1207800	1190360	17440	4381	10478178	10155272	1126305468195285
929402	912684	16718	3324	8295958	7762840	1126305477658811
1085188	1067834	17354	1701	5044024	4672462	1126305484026541
816752	798896	17856	2389	6288390	5780048	1126305491370077
727290	709504	17786	1254	4119384	3421444	1126305496454541
1176898	1161510	15388	1146	4178726	3653136	1126305502048015
1178996	1162340	16656	1524	4680222	4400212	1126305508134081
476044	459736	16308	2838	7398056	6324512	1126305516235061
1175592	1160006	15586	757	3390238	2863000	1126305521028573
387556	372334	15222	1387	4395730	3336560	1126305526038493
678636	663072	15564	1916	5745484	4683668	1126305532689525
1176298	1158272	18026	778	3068590	2906174	1126305537165139
7530546	7527694	2852	3625	8848414	14953932	1126305553771323
1179996	1159990	20006	1366	4747600	4098268	1126305559938801
1176200	1158516	17684	4116	9881260	9592708	1126305571234901
843286	825952	17334	3541	8635442	8109922	1126305580951919
491174	474140	17034	2343	6494956	5362878	1126305588179719
712830	695252	17578	138	2253902	1175016	1126305591385369
1051684	1034892	16792	3398	8352346	8093296	1126305601028181
1179328	1160488	18840	577	2917482	2518512	1126305605365741
1177122	1158424	18698	4330	10226324	10021166	1126305617007461
1173050	1156598	16452	1997	5946530	5353036	1126305624365343
1297066	1279310	17756	751	3154064	2984072	1126305629055329
1046820	1029680	17140	304	2070626	1840750	1126305632411047
765818	744496	21322	1683	4749018	4333490	1126305638164027
550708	533470	17238	24	2003528	784472	1126305640956851
1404640	1156266	248374	4052	9424380	9694318	1126305652024703
555934	538902	17032	1074	3853116	2890006	1126305656671967
412836	396436	16400	192	1992130	983032	1126305659320875
1173236	1156834	16402	1046	3488302	3452502	1126305664221207
1176360	1159400	16960	1820	5081588	5002272	1126305670718205
1174424	1159708	14716	1357	4239068	4062256	1126305676362213
1173460	1158244	15216	503	2753994	2352936	1126305680517225
1172042	1156468	15574	3001	7707370	7346152	1126305689623739
1177146	1159582	17564	4432	10899110	10214588	1126305701926887
1072206	1054134	18072	3206	8225738	7669202	1126305711465855
341214	324144	17070	901	3181018	2329872	1126305715228835
719682	700768	18914	4711	11104802	10326954	1126305727291207
819650	801276	18374	1660	5281102	4325660	1126305733631103
1177350	1158096	19254	689	3278032	2789204	1126305738326889
623456	601022	22434	3718	9215534	8244666	1126305748404789
717800	698894	18906	4450	10528024	9802204	1126305759889061
1181718	1164156	17562	3635	9054970	8637164	1126305770366889
1072842	1055884	16958	1159	4341518	3575696	1126305776020001
800792	784942	15850	4807	11378294	10598928	1126305788439711
1173228	1157234	15994	4644	11015754	10633382	1126305800856071
1178504	1163164	15340	339	2313846	2029810	1126305804575311
1182606	1165232	17374	3398	7938446	8163380	1126305813927347
1319448	1241472	77976	1625	4691372	4742006	1126305820168123
1175130	1158416	16714	3388	8460394	8123994	1126305830029883
1174424	1156784	17640	2588	6979742	6535076	1126305838425061
1179216	1162506	16710	4440	10509436	10243638	1126305850351783
1173000	1156354	16646	2426	6414458	6210714	1126305858177539
531272	508830	22442	1390	4362780	3495446	1126305863309743
256730	238304	18426	517	2922946	1475798	1126305866727181
1159304	1116262	43042	3612	8587700	8568966	1126305876715687
1129034	1112428	16606	3997	9595496	9308918	1126305887683213
1179356	1157660	21696	1515	4872736	4382274	1126305893961591
1157164	1135162	22002	4807	11397440	10957370	1126305906757331
1179008	1161422	17586	2226	6188672	5816308	1126305914367097
1177302	1159736	17566	2777	7514548	6916478	1126305923297321
1175862	1158596	17266	1518	5046098	4395948	1126305929757833
812768	797346	15422	4911	11542206	10819686	1126305942350543
591618	576244	15374	1246	4310570	3255248	1126305947479319
1179666	1160422	19244	3597	9196978	8545728	1126305958083301
1173966	1158542	15424	3397	8500830	8140434	1126305967985545
788014	770672	17342	1898	5174114	4757208	1126305974177539
1171202	1156342	14860	3990	9768704	9324804	1126305985344635
1185086	1166236	18850	1573	4939750	4503714	1126305991698467
1210666	1194022	16644	2998	8113582	7378696	1126306001249969
902816	886230	16586	4025	9564014	9125158	1126306011944033
1271888	1160650	111238	903	3784882	3250250	1126306017227219
213448	196290	17158	4058	10231210	8514418	1126306027910671
1271706	1255280	16426	2849	7370326	7156196	1126306036790873
963068	939774	23294	2038	5885888	5227878	1126306043878171
1056074	1038886	17188	2576	6940674	6393438	1126306052113107
785206	767902	17304	1794	5445488	4558188	1126306058582191
1176368	1161000	15368	3309	8509982	7980108	1126306068511161
298732	278394	20338	1021	3982492	2513870	1126306073019507
1173370	1157892	15478	2521	6632926	6391428	1126306081052081
1315142	1298720	16422	256	2105530	2002432	1126306084699815
702270	614080	88190	1647	5307702	4184220	1126306090956995
882882	864534	18348	3051	7660746	7169202	1126306099739533
1025726	1009038	16688	82	2072722	1373670	1126306103076379
1015240	997762	17478	3606	8617598	8411900	1126306112947823
1175330	1157598	17732	1823	5508204	5005522	1126306119869843
710154	692726	17428	2797	7192996	6489718	1126306128010631
1017912	1001348	16564	2847	7609462	6896366	1126306136876317
477800	461728	16072	4533	11093766	9729762	1126306148686115
1175344	1158090	17254	2314	6293926	5988392	1126306156397593
893210	873754	19456	1416	4531868	3911498	1126306162061419
1176572	1159944	16628	4815	11427234	10992544	1126306174906661
1173506	1156332	17174	1925	5785024	5209090	1126306182103555
988002	971610	16392	804	3372166	2780688	1126306186704035
634130	616348	17782	3314	8395720	7446920	1126306195976081
1174262	1157386	16876	3590	9093368	8540462	1126306206482099
530696	513894	16802	4213	10094252	9141048	1126306217346465
276982	250770	26212	4843	11566248	10174470	1126306229428671
1174116	1156958	17158	2107	6017744	5573582	1126306236869743
1302324	1161254	141070	466	2601108	2419196	1126306241011929
1177390	1158570	18820	165	2044488	1696360	1126306244472955
952718	930144	22574	3640	8670596	8431374	1126306254334195
1174104	1156356	17748	929	3549018	3218212	1126306259295553
1291170	1164010	127160	4618	10907020	10711900	1126306271732417
853884	837760	16124	3585	8952796	8195806	1126306281767071
1195790	1180564	15226	169	1950952	1708082	1126306285140945
5782626	5780650	1976	887	4041858	7742376	1126306295209875
993956	955236	38720	3960	9934622	9098450	1126306306377049
1177430	1158676	18754	1222	4007378	3805886	1126306311800503
192694	174708	17986	256	1993634	889078	1126306314225731
1174828	1157988	16840	2861	7088918	7081696	1126306322727789
874074	857252	16822	1736	5083914	4532232	1126306328929005
1267400	1249648	17752	747	3403298	2945924	1126306333838313
1178486	1156318	22168	4831	11540098	11026182	1126306346795291
978738	961848	16890	3066	7756672	7283372	1126306355769361
1173540	1157890	15650	3173	8079172	7692720	1126306365250065
548924	534204	14720	840	3370754	2400964	1126306369397441
567278	551774	15504	3440	8577134	7619696	1126306378769699
349304	334086	15218	639	2976066	1801430	1126306382329709
538358	518798	19560	4969	11301632	10661532	1126306394396655
1173142	1158302	14840	2874	7440088	7093544	1126306403237401
1175810	1158626	17184	2794	7122076	6936818	1126306411762007
1141162	1126354	14808	1947	5581102	5207186	1126306418711315
805644	644648	160996	3675	8953196	8327738	1126306428703787
723362	706250	17112	2683	6785768	6274450	1126306436455475
1177262	1158736	18526	2129	6215994	5621270	1126306444087337
1321568	1294114	27454	1178	4182808	3863314	1126306449829579
439036	421208	17828	4357	10629848	9337742	1126306461136953
1177136	1160538	16598	2768	7308284	6898070	1126306469863015
1174814	1157726	17088	1728	5153100	4816356	1126306476428623
1175510	1158302	17208	1345	4365258	4050806	1126306482207263
487356	470304	17052	2397	6371410	5465924	1126306489305061
187606	171582	16024	4420	10693984	9213258	1126306500425123
508726	493382	15344	4668	11124510	10016594	1126306512288163
593298	575100	18198	2509	6893702	5784644	1126306520002645
1176014	1160204	15810	2084	5795560	5517224	1126306527201311
372246	355750	16496	1008	3763850	2561630	1126306531573511
959424	944190	15234	989	3546714	3110180	1126306536306657
1174206	1159420	14786	2209	6227064	5764516	1126306543935405
246132	227646	18486	2132	5887322	4682060	1126306550295391
228052	199586	28466	529	2967634	1471318	1126306553729303
369254	352746	16508	1889	5145628	4331638	1126306559482415
557514	540416	17098	480	2608628	1702596	1126306562886653
351570	333144	18426	1836	5035750	4207860	1126306568512659
1174440	1156516	17924	3609	9015616	8578676	1126306578943461
1117306	1097986	19320	3931	9539102	9168726	1126306589838251
1174934	1156132	18802	997	3620838	3354426	1126306594871837
617840	600628	17212	83	2172424	968910	1126306597900721
1009578	992304	17274	1970	5306670	5134570	1126306604454423
1173266	1155958	17308	897	3617504	3152588	1126306609484065
1178426	1161530	16896	3170	8084996	7703754	1126306618985139
1185952	1161428	24524	4614	10917850	10602428	1126306631326573
321376	303482	17894	4075	9843416	8656592	1126306641729929
1299800	1157614	142186	1936	5585798	5357712	1126306648852289
404622	385878	18744	3810	9231996	8210202	1126306658727007
475730	456428	19302	4699	11436498	10059176	1126306670882043
1178406	1157804	20602	2703	7308644	6768970	1126306679606651
1008948	855934	153014	571	2479738	2337084	1126306683333179
328562	310612	17950	2121	6035810	4742884	1126306689934755
932816	914202	18614	204	2393530	1524912	1126306693498981
211604	169716	41888	653	2671322	1702936	1126306696619695
1175348	1158786	16562	4899	11633442	11158114	1126306709671381
1185878	1168078	17800	1951	5494434	5272808	1126306716589851
1173458	1156210	17248	1533	4671688	4425770	1126306722677415
1125454	1108880	16574	875	3446076	3060380	1126306727491353
1126468	1109094	17374	1820	5108214	4950844	1126306733964313
865738	848418	17320	1624	5275674	4299454	1126306740343507
1179406	1160056	19350	4226	10272458	9816612	1126306752033133
1177292	1160508	16784	2530	6701738	6422532	1126306760150941
1178708	1156542	22166	287	2294308	1938540	1126306763862313
914644	895770	18874	2017	6120542	5132972	1126306771136211
269184	245144	24040	4637	10986996	9728832	1126306782630649
193802	167908	25894	3099	7997898	6576986	1126306791067211
1173600	1156340	17260	3072	8081942	7503770	1126306800560965
1178282	1160214	18068	4460	10940236	10287042	1126306812921427
797186	781776	15410	2320	6648760	5610460	1126306820594261
1378722	1362690	16032	3691	9157930	8932298	1126306831361703
592418	576764	15654	3515	8845388	7794900	1126306841029317
1178742	1159620	19122	1689	5296668	4729122	1126306847799721
4017258	4015362	1896	4036	9903628	12273730	1126306861958161
1178964	1160240	18724	3330	8460368	8024332	1126306871837741
1321520	1302012	19508	3527	8963260	8560704	1126306882360237
1176366	1158116	18250	4512	11030262	10385626	1126306894805003
1192390	1175824	16566	4272	10362828	9923932	1126306906600909
181774	166480	15294	2431	6513860	5228082	1126306913542111
782716	767444	15272	1271	4255420	3497412	1126306918807025
1097656	1082932	14724	270	2364550	1812516	1126306922495945
950780	935398	15382	1835	5035928	4807436	1126306928709013
1175682	1161066	14616	2272	6219964	5892336	1126306936335859
1175372	1157388	17984	1381	4170028	4110896	1126306941907517
206590	181522	25068	2583	7111574	5545606	1126306949452655
1177590	1160024	17566	4192	10153456	9734218	1126306961013615
1175104	1158706	16398	4268	10214790	9887012	1126306972631041
1173362	1158590	14772	2526	6719406	6397866	1126306980755207
696354	680988	15366	4175	10179120	9222844	1126306991864099
1182210	1164294	17916	1343	4473928	4040150	1126306997750047
1179526	1160260	19266	2034	5754064	5432408	1126307004921311
1026936	1010078	16858	894	3402994	3000036	1126307009588731
1180278	1162224	18054	3835	9460292	9036478	1126307020467939
1177840	1161362	16478	1528	4720886	4419920	1126307026605449
503316	486790	16526	3525	8713742	7738360	1126307036064845
1251420	1158114	93306	2292	6324550	6020550	1126307043878921
1187082	1160226	26856	421	2621006	2214878	1126307047928555
1176802	1158226	18576	1282	4410622	3925728	1126307053754211
1172428	1155876	16552	1609	5071592	4574860	1126307060239769
504752	486346	18406	4497	10647130	9683660	1126307071630011
678200	661392	16808	1542	4834274	3947860	1126307077383437
1177530	1159370	18160	1225	4219298	3811916	1126307083020591
469930	396018	73912	3580	9103388	7802850	1126307092820947
915768	900594	15174	371	2333452	1830090	1126307096296721
411348	395902	15446	2230	5808156	5057628	1126307102742267
1173178	1157544	15634	2381	6750408	6107126	1126307110896057
912188	894284	17904	2057	5781732	5200802	1126307117817125
241612	214276	27336	3524	8835092	7473732	1126307127134437
1288292	1267228	21064	2149	6190376	5772064	1126307134851089
1178786	1157174	21612	4944	11551554	11252354	1126307147819491
887246	869708	17538	3449	8446788	7969664	1126307157391879
1184484	1166516	17968	4539	10886286	10446762	1126307169700989
563344	546424	16920	192	2181006	1132320	1126307172685821
1214270	1163782	50488	2481	6147802	6362154	1126307180290743
1062994	1044054	18940	4389	10696760	10026596	1126307192289371
1004066	987624	16442	2949	7516730	7087222	1126307201048331
1307664	1290406	17258	3720	9786168	8920388	1126307212377861
773206	756358	16848	4840	11375840	10638688	1126307224765305
1179848	1163458	16390	701	3117454	2766076	1126307229305945
1181232	1160436	20796	4793	17928198	10953214	1126307248653151
1170328	1155654	14674	2731	7315342	6816854	1126307257384071
1146770	1129984	16786	3654	9111946	8626658	1126307267872541
340594	323864	16730	3423	8868742	7371282	1126307277320271
213972	179856	34116	3618	8768806	7635822	1126307286541611
1175530	1158210	17320	937	3699506	3234662	1126307291659127
1176700	1157610	19090	2350	6405656	6062420	1126307299480245
1173864	1156906	16958	523	2828220	2404488	1126307303723353
1174350	1157950	16400	45	1917136	1450006	1126307307053823
1174422	1158034	16388	445	2080350	2249218	1126307310545859
1004088	987666	16422	445	2350570	2079870	1126307314143527
1177792	1159882	17910	4271	10539446	9903850	1126307326099107
1013026	994130	18896	4308	10110734	9814906	1126307337460251
637908	612960	24948	4659	10884444	10141106	1126307349221051
1177726	1160382	17344	598	2795652	2558700	1126307353432843
1208962	1157658	51304	2719	7340116	6832636	1126307362219997
851566	713666	137900	2527	6724212	6078468	1126307370022439
636434	614972	21462	2390	6527652	5590092	1126307377413065
610562	593484	17078	1682	4983880	4159528	1126307383245451
1032502	1015954	16548	1631	5169100	4479520	1126307389685351
1179398	1162288	17110	128	1929936	1619818	1126307393032231
773840	754012	19828	4569	10247834	10096618	1126307404292569
1179710	1161962	17748	126	1789816	1617020	1126307407500437
1173774	1156588	17186	87	1409594	1531500	1126307410322475
366746	349284	17462	3824	9261808	8199168	1126307420189377
1179890	1162514	17376	3739	9162584	8842790	1126307430770447
522428	505184	17244	3153	8009744	7014122	1126307439544905
1201736	1162366	39370	318	2612738	2021716	1126307443598075
1001662	984480	17182	2058	6213148	5304180	1126307451040033
716236	698696	17540	3238	8109660	7381624	1126307460104561
576036	559662	16374	312	2598780	1385040	1126307463518327
629788	613146	16642	3157	7676862	7128432	1126307472064011
1018852	1002488	16364	3223	7949162	7649020	1126307481271005
1129330	1106178	23152	243	2274606	1801458	1126307484913447
993066	976244	16822	467	2314006	2126470	1126307488459177
1173108	1157890	15218	4652	10669038	10663086	1126307500538983
1205492	1159412	46080	4695	10924340	10768656	1126307512895309
791156	775486	15670	762	3151692	2488642	1126307517064911
1315350	1300592	14758	963	3541400	3417276	1126307522149073
1175290	1158592	16698	400	2643474	2148736	1126307526194987
1181544	1160188	21356	3189	8319662	7731528	1126307535923297
836074	817212	18862	4682	11074142	10384468	1126307548071725
204808	178684	26124	1819	5492974	4028002	1126307554010391
1174686	1156010	18676	895	3640678	3149920	1126307559066245
1206936	1158438	48498	320	2370324	2031598	1126307562882489
1284442	1159416	125026	3966	10120516	9402610	1126307574525907
921994	905106	16888	714	3327518	2535004	1126307579013407
1281452	1158708	122744	2764	7427118	6994618	1126307587960781
1200914	1167246	33668	1471	4743828	4315192	1126307594144207
1178278	1160912	17366	1798	5322412	4958736	1126307600883511
1215690	1158668	57022	3201	8071800	7807458	1126307610408847
1180454	1160620	19834	1900	5892190	5164350	1126307617719581
1173268	1155700	17568	4672	11130956	10702050	1126307630264293
1174432	1157630	16802	153	2330498	1665964	1126307634007427
1057912	1040546	17366	3198	7825366	7639120	1126307643128823
1179622	1161706	17916	588	3185346	2540870	1126307647732499
1252642	1229196	23446	2721	6948530	6880282	1126307656171471
1132850	1114298	18552	1103	3899036	3524670	1126307661441647
1235410	1159852	75558	2384	6567472	6188494	1126307669486153
1296166	1158514	137652	2908	7904230	7297260	1126307678924791
1090706	1072280	18426	372	2515166	2022598	1126307682769329
325892	307104	18788	3139	8275218	6790120	1126307691612445
1172640	1155636	17004	1263	3949674	3883722	1126307696973137
1174924	1158378	16546	2561	6933232	6482650	1126307705319399
1177388	1159986	17402	1519	4645110	4401158	1126307711379783
1175120	1158320	16800	1868	5604258	5096612	1126307718397369
1173254	1158494	14760	3472	8828064	8289582	1126307728625419
1200254	1182658	17596	4907	11399682	11186168	1126307741456425
1172932	1156286	16646	4167	10091538	9693112	1126307752959045
1177108	1160652	16456	951	3309062	3263874	1126307757683185
1180270	1163572	16698	1851	5676238	5067602	1126307764778271
1138334	1119748	18586	1590	4661076	4503122	1126307770816279
1030612	1013610	17002	589	2919188	2397584	1126307775004529
819478	801398	18080	195	2035306	1396342	1126307778097383
320118	302064	18054	2721	6808416	5947102	1126307785463937
309466	279178	30288	2067	5673600	4628698	1126307791685249
1175316	1159684	15632	2388	6662000	6135582	1126307799760917
1173894	1157924	15970	4887	11476718	11121494	1126307812639391
1029176	1012288	16888	4998	11495074	11197176	1126307825394593
1175694	1160608	15086	1048	3761126	3443482	1126307830559091
1178870	1161552	17318	388	2361488	2128008	1126307834330221
1247076	1160306	86770	4060	10041980	9540330	1126307845846341
363072	347330	15742	918	3746526	2371588	1126307850182287
1172468	1157256	15212	3950	9644166	9245596	1126307861225601
1174300	1158356	15944	3299	8010374	7948182	1126307870637361
1178758	1161504	17254	2518	6478266	6388426	1126307878525795
402080	325886	76194	1972	5773914	4518252	1126307884929041
208586	179978	28608	2965	7877010	6311944	1126307893241483
1174464	1158736	15728	4362	10580622	10071040	1126307905223289
368588	351902	16686	4345	10622874	9231460	1126307916441293
1174370	1157948	16422	252	2262048	1851130	1126307920105049
1173648	1156630	17018	2260	5904504	5886738	1126307927410427
1250924	1159848	91076	3056	7794300	7547466	1126307936693615
774432	758450	15982	1249	4390304	3462456	1126307942101071
1173960	1155998	17962	3482	8803662	8323788	1126307952316545
651158	634584	16574	578	3041308	1991502	1126307956247689
1179436	1160132	19304	3726	9564382	8817124	1126307967229885
1203060	1184816	18244	432	2645558	2253136	1126307971319485
1177308	1158658	18650	1476	4722386	4314352	1126307977457691
1179572	1160096	19476	1578	4619568	4521006	1126307983495889
1180578	1160594	19984	2249	6172052	5864186	1126307991086827
3542964	3540702	2262	4532	11081876	12791842	1126308005951133
1177924	1160032	17892	38	2016538	1439732	1126308009384041
248678	231532	17146	701	2623956	1840224	1126308012494791
1175998	1158082	17916	2883	7410780	7126810	1126308021320035
1222274	1162980	59294	3978	9923480	9362942	1126308032704251
1229708	1212828	16880	3495	8606926	8405012	1126308042783613
572256	555748	16508	3730	9241646	8209138	1126308052834051
811702	794270	17432	4538	10761594	10073836	1126308064645427
1173564	1156568	16996	1181	4197174	3721324	1126308070261221
1173228	1156508	16720	2714	7068380	6786784	1126308078740821
1173918	1156792	17126	1225	4271934	3812856	1126308084429471
260548	241768	18780	2628	7206548	5701214	1126308092134023
1265296	1161844	103452	4001	9587448	9452852	1126308103224601
1173698	1158148	15550	1268	4161948	3881872	1126308108786957
555620	540434	15186	1116	4126536	2963188	1126308113696827
789842	774218	15624	4282	10478626	9527250	1126308125192999
1253488	1166288	87200	493	2959050	2412174	1126308129632567
255948	238024	17924	556	2790362	1553396	1126308132917141
674436	657760	16676	4864	11099768	10587478	1126308144929501
991168	973594	17574	3641	9368008	8458558	1126308155526151
1180412	1163880	16532	3694	9086502	8753338	1126308166031343
296398	279082	17316	3797	9474168	8075926	1126308176039223
852462	835522	16940	360	2525012	1745220	1126308179655151
1064946	1048210	16736	3414	8195080	8079526	1126308189141603
1181910	1163324	18586	2952	7711486	7258318	1126308198264603
1205422	1186340	19082	4922	11629768	11234388	1126308211338005
555182	537282	17900	998	3791440	2735954	1126308215925747
1178874	1161368	17506	2081	5838518	5525374	1126308223181351
1174508	1156868	17640	121	2032502	1601428	1126308226628973
592918	510890	82028	741	2655592	2260258	1126308230119379
842808	824022	18786	2532	6514768	6092568	1126308237715193
820664	801918	18746	1722	5228920	4450936	1126308244005019
666980	648116	18864	58	2195384	967508	1126308247105297
566422	549706	16716	1754	4874836	4258802	1126308252784699
468438	451374	17064	2074	6159312	4802102	1126308259650647
1175502	1157852	17650	2597	6915424	6554348	1126308267979647
518748	502068	16680	2080	12371840	4863568	1126308281108809
604468	588092	16376	1836	5765016	4461476	1126308287716501
1174892	1157814	17078	130	1922524	1620258	1126308291052871
785080	768002	17078	2069	5510958	5107860	1126308297587005
1242148	1160908	81240	2678	7003918	6782242	1126308306071897
1177454	1159846	17608	4911	11604264	11172630	1126308319081091
947974	931320	16654	1080	4097158	3281800	1126308324353693
919386	903042	16344	967	3928042	3038202	1126308329439099
1176816	1159864	16952	2463	6804104	6287342	1126308337658433
852424	835234	17190	1022	3627348	3082206	1126308342376031
979760	962730	17030	3603	9030890	8370686	1126308352625273
895824	879278	16546	1355	4506660	3790498	1126308358273275
1189198	1171980	17218	3710	9323382	8793408	1126308369024609
1174352	1154742	19610	4999	11757758	11357910	1126308382197655
322548	303398	19150	3502	8812480	7511770	1126308391573745
1198358	1179490	18868	163	2253252	1709928	1126308395263557
1175112	1157612	17500	2809	6919628	6980496	1126308403596233
1176838	1158082	18756	1627	5052568	4615670	1126308410063943
1267730	1168918	98812	2610	7240532	6673072	1126308418810767
609676	591060	18616	3908	9655016	8613096	1126308429316601
569424	551006	18418	288	2235922	1331570	1126308432360349
1179814	1162610	17204	3458	8291594	8279114	1126308442070531
730546	714206	16340	299	2616934	1501154	1126308445645243
1179480	1161086	18394	986	3148382	3335584	1126308450216263
523332	503782	19550	2761	7230176	6230830	1126308458208059
1179168	1160320	18848	3415	8695568	8194096	1126308468321815
510618	493412	17206	1169	3930212	3033190	1126308473001201
1174554	1157902	16652	2529	6886838	6418722	1126308481301095
542434	524928	17506	2766	6911986	6263442	1126308488996891
1071196	1055786	15410	3818	9626496	8892566	1126308499933475
924286	906974	17312	1750	5344984	4596818	1126308506430623
247368	229446	17922	2372	6605366	5176596	1126308513521641
571828	554726	17102	1229	4221938	3214676	1126308518556077
973546	957782	15764	4289	10203726	9735846	1126308529975715
1176396	1156842	19554	3973	9793866	9307584	1126308541184489
1185080	1168526	16554	3125	7962672	7621366	1126308550571103
644648	626340	18308	1993	5796748	4804488	1126308557256605
1176902	1158754	18148	1045	3907044	3451500	1126308562580845
1213206	1158540	54666	4853	11554918	11104654	1126308575591031
1176930	1159702	17228	533	2792276	2427978	1126308579798687
1184984	1168088	16896	615	2848702	2600850	1126308584070755
651890	625940	25950	392	2599042	1621716	1126308587559621
1196476	1179110	17366	1915	5169978	5211004	1126308594164173
353644	337332	16312	3939	9737284	8415956	1126308604493237
1006898	952206	54692	2399	6682348	5989928	1126308612420425
527690	510772	16918	503	2716692	1719278	1126308615903207
466470	449374	17096	766	2886020	2198942	1126308619493943
1184452	1166626	17826	256	1705370	1884758	1126308622621943
1273236	1177062	96174	2662	7116980	6782202	1126308631254631
1176388	1159148	17240	4682	11196170	10725040	1126308643867693
1180634	1161274	19360	2947	7490752	7260282	1126308652777831
468776	450058	18718	3937	9636248	8531652	1126308663123907
535258	518378	16880	1218	4136840	3157298	1126308668034363
336584	319988	16596	367	2526236	1256076	1126308671135661
1255280	1160324	94956	4643	10651064	10726796	1126308683280185
1113260	1097992	15268	3985	9687842	9255744	1126308694308077
1175452	1159618	15834	1715	5181454	4777972	1126308700892223
1116588	1100358	16230	948	3663206	3189716	1126308705901305
1175060	1158266	16794	1741	5196516	4830102	1126308712499823
1173880	1157920	15960	3084	7954098	7527712	1126308721866569
1180986	1163898	17088	1612	4937796	4590408	1126308728223651
1182278	1164456	17822	82	1768238	1532834	1126308731412917
1182508	1163268	19240	541	2319874	2452794	1126308735153077
418208	401782	16426	1064	3837522	2730726	1126308739646765
1174760	1158224	16536	1438	4653808	4236816	1126308745713289
1178042	1159470	18572	4076	9986486	9514106	1126308757116463
1172896	1156536	16360	224	2381822	1806916	1126308760909291
1081856	1064428	17428	447	2088506	2160544	1126308764318241
1177106	1160646	16460	757	3189846	2875178	1126308768923475
1177358	1160760	16598	4618	10944222	10601758	1126308781283609
1185928	1160650	25278	436	2625606	2243972	1126308785334165
777188	758712	18476	3427	8500396	7815400	1126308794849345
787468	770306	17162	270	2272546	1516550	1126308798147601
990686	973312	17374	3861	9087688	8885078	1126308808462625
1275444	1162934	112510	2504	6648522	6455430	1126308816613307
373908	357110	16798	748	3189870	2042870	1126308820407763
1178970	1157106	21864	979	4042790	3321832	1126308825872915
320154	212318	107836	2357	6224450	5218756	1126308832656007
1251150	1234696	16454	43	1714588	1521434	1126308835865009
1220108	1163068	57040	4633	10422358	10670964	1126308847745853
1176982	1160294	16688	2468	6819742	6298174	1126308855980659
925940	908412	17528	1151	4196242	3413458	1126308861341579
486942	470878	16064	3447	8861142	7566414	1126308870928375
1172288	1156600	15688	3099	7988252	7542448	1126308880315673
469144	453316	15828	1272	4402886	3185190	1126308885414471
339390	322480	16910	4199	10180064	8909240	1126308896160649
1204106	1160174	43932	1753	5264050	4882462	1126308902855311
1393884	1168404	225480	3094	7866608	7755752	1126308912343021
977052	960330	16722	2978	8004892	7104846	1126308921552251
717050	700262	16788	4698	11262856	10297354	1126308933770151
745786	728270	17516	3538	8730202	8008192	1126308943484805
863980	846824	17156	1790	5355432	4628384	1126308949944941
953676	937900	15776	184	2280222	1506634	1126308953416605
1176812	1158412	18400	2449	6263956	6259940	1126308961095677
410096	391812	18284	4167	10256966	8929270	1126308972000865
1204984	1161654	43330	2790	7213904	6970312	1126308980657597
1179790	1157538	22252	8	1904744	1371078	1126308983972227
1174610	1158652	15958	345	2094016	2054164	1126308987467273
915802	896804	18998	2434	6535806	5968786	1126308995156439
1316068	1298584	17484	1518	4756340	4536956	1126309001466649
1054184	1036998	17186	3876	9415354	8990862	1126309012174647
1013576	996498	17078	475	2671568	2149014	1126309016098027
533768	516208	17560	628	3101550	1975938	1126309019972189
1177612	1158752	18860	3792	9641910	8947456	1126309031029965
6769378	6767546	1832	2114	5901794	11185840	1126309043939691
181326	164682	16644	2550	6927692	5466534	1126309051287511
1099722	1082644	17078	138	2146764	1559996	1126309054771891
1176232	1150868	25364	4150	9665434	9660452	1126309065852329
1177356	1159636	17720	2659	7101660	6680476	1126309074369381
1179688	1162236	17452	1973	5830610	5311362	1126309081617671
1184944	1166988	17956	3768	9294036	8906550	1126309092334821
411714	392754	18960	4173	10056934	8941604	1126309103041499
1039026	1022434	16592	2066	5826300	5355406	1126309110144779
814784	796054	18730	157	2051588	1314022	1126309113248487
1175588	1158420	17168	3739	8845198	8842186	1126309123507251
825656	808244	17412	2993	7766568	6997316	1126309132341249
258686	241540	17146	728	3034468	1900620	1126309135872257
1073050	1055196	17854	183	2471382	1623814	1126309139654603
1177694	1160750	16944	4562	10492466	10487280	1126309151563131
1253824	1235770	18054	1618	4887176	4674436	1126309157943195
446188	428372	17816	970	3699418	2572244	1126309162329541
1187760	1171038	16722	4618	10822970	10608770	1126309174579023
901718	885498	16220	358	2388276	1803122	1126309178110951
476970	328686	148284	1157	3692772	2976054	1126309182516045
675346	625940	49406	3241	8496698	7329388	1126309191914347
1172078	1157514	14564	4692	11149620	10728644	1126309204462981
644298	628982	15316	411	2810426	1638972	1126309208145175
559048	542638	16410	546	2470608	1835892	1126309211418041
438654	421178	17476	3644	9042084	7911604	1126309221137555
311238	281238	30000	4623	11099412	9741724	1126309232786047
479632	462472	17160	2433	6626636	5535020	1126309240132401
655790	638374	17416	3730	9330214	8301406	1126309250356475
1175614	1158190	17424	3606	9143540	8572370	1126309260914105
926150	910750	15400	3548	8811196	8197550	1126309270878561
1181212	1162676	18536	901	3746956	3156538	1126309276033689
618172	600334	17838	193	2180716	1189752	1126309279070623
1175942	1159292	16650	897	3157870	3155140	1126309283642351
1108426	1091522	16904	687	2957526	2667114	1126309287946823
377728	360040	17688	4937	11813256	10436882	1126309300376015
1271416	1244628	26788	895	3308140	3245912	1126309305193649
1180850	1160652	20198	4204	9990118	9773524	1126309316603015
1196626	1163296	33330	1193	4236746	3768726	1126309322280753
951560	929712	21848	1157	4347064	3450102	1126309327817689
1173394	1157552	15842	1775	5470246	4908600	1126309334699429
1179848	1160058	19790	3359	8343448	8083124	1126309344465791
1176930	1158436	18494	2438	6690824	6236900	1126309352574845
933330	916742	16588	912	3748462	2942304	1126309357499195
1213800	1164534	49266	3817	9603002	9033202	1126309368553577
1212794	1161836	50958	1772	5187828	4941494	1126309375196519
817626	799624	18002	834	3664792	2670514	1126309379917339
637428	619806	17622	2446	6768156	5714692	1126309387561049
253432	235036	18396	3018	7983644	6475304	1126309396037001
1185090	1168504	16586	1080	4048936	3529616	1126309401508641
1177034	1158278	18756	326	2400488	2014450	1126309405324539
1173084	1156588	16496	2323	6642652	6004730	1126309413378523
481976	466228	15748	168	2164458	989772	1126309416263289
489434	470584	18850	2089	5530874	4841658	1126309422510819
1191256	1175480	15776	2884	7522310	7143676	1126309431462569
1174034	1158208	15826	2153	6222186	5665656	1126309439097285
570404	553622	16782	2873	7819060	6502114	1126309447725585
1205620	1187402	18218	4577	10897914	10543798	1126309460066737
314988	276694	38294	2046	5784550	4591684	1126309466404021
1111304	1093298	18006	3282	8225456	7861452	1126309475978261
1179136	1160358	18778	2183	6249940	5730140	1126309483648011
1192698	1175832	16866	1024	3664796	3425594	1126309488743539
346822	330218	16604	3381	8246978	7294524	1126309497579619
1175330	1158580	16750	2619	6910752	6597976	1126309505904087
1115422	1098376	17046	2207	5990210	5715194	1126309513248099
370838	353684	17154	2764	7188434	6083446	1126309521045449
1192624	1157958	34666	1235	4238246	3848262	1126309526717193
1129066	1109118	19948	4500	10848596	10317334	1126309538937559
862784	843762	19022	2002	5668332	5086810	1126309545706941
1203226	1160776	42450	758	3449174	2904158	1126309550597611
1174892	1157462	17430	1917	5791976	5196522	1126309557807245
630300	612960	17340	4866	11410138	10547820	1126309570086549
866832	849344	17488	1565	5129242	4181658	1126309576321029
830500	787366	43134	2710	7029236	6434612	1126309584418617
1178012	1158562	19450	3802	9362890	8966266	1126309595198091
458922	442122	16800	3889	9779162	8422386	1126309605674903
2914878	2912998	1880	1803	5110848	6706506	1126309613938831
1176408	1159550	16858	3098	8106458	7557046	1126309623460255
896484	880024	16460	377	2619352	1834472	1126309627214301
1179898	1159260	20638	2894	7172812	7171782	1126309635805637
1176066	1159576	16490	1815	5513394	4991422	1126309642733729
279644	257788	21856	697	3265870	1863000	1126309646521289
1177228	1158670	18558	2187	6544084	5739542	1126309654484811
1184066	1157620	26446	3418	8458446	8204772	1126309664365605
1240266	1159814	80452	1080	3731934	3586064	1126309669575771
1089234	1065088	24146	4588	10930184	10449910	1126309681832619
649462	632666	16796	1679	5192932	4193074	1126309687912823
491970	473182	18788	3070	8102208	6817866	1126309696745219
244642	222738	21904	785	3027552	1998252	1126309700259891
892716	872512	20204	2971	7979292	7019530	1126309709369907
381410	350996	30414	1889	5746622	4344750	1126309715736527
1310940	1293698	17242	3379	8566018	8254024	1126309725854001
1174278	1157838	16440	1766	5520504	4890386	1126309732787263
1260758	1239292	21466	3274	8231946	7994530	1126309742517715
6898106	6896130	1976	1153	4282766	9390362	1126309753940979
871328	854060	17268	1844	5579646	4743552	1126309760630125
1175786	1158170	17616	4103	9925734	9567758	1126309771974503
444462	291492	152970	2491	6596072	5612264	1126309779253133
1311418	1159112	152306	2528	6470462	6554940	1126309787276011
325878	303450	22428	2361	6394286	5234036	1126309794234421
562684	544268	18416	3613	9059120	7973856	1126309804097129
362694	296098	66596	4592	11184272	9720062	1126309815880951
1173530	1157466	16064	3249	8000348	7844778	1126309825281707
1177354	1157892	19462	4848	11037328	11048656	1126309837723425
1303748	1212630	91118	965	3885320	3407372	1126309843139789
277806	258584	19222	2984	7901262	6419210	1126309851545771
520466	505576	14890	3223	8222536	7139538	1126309860518387
926148	910292	15856	2530	6582324	6159668	1126309868254013
232128	210568	21560	2681	7290606	5767096	1126309876003921
1174186	1158868	15318	1560	4805196	4467974	1126309882209925
663534	648302	15232	3364	8435028	7563932	1126309891535211
269040	253702	15338	3365	8572322	7172490	1126309900606619
1169926	1154484	15442	3213	8172420	7768982	1126309910179487
1181062	1162492	18570	1309	4655012	3971974	1126309916242671
448922	431584	17338	3605	8938476	7843578	1126309925868461
942116	917008	25108	360	2385184	1847408	1126309929433633
284370	267966	16404	4757	10891640	9999018	1126309940847793
1173598	1156442	17156	142	1908738	1643110	1126309944168995
1149164	1131802	17362	2001	5412504	5336986	1126309950968493
841770	824378	17392	3810	9425616	8645694	1126309961477055
288456	270542	17914	1020	4009914	2513380	1126309966013675
809654	793042	16612	3852	9636852	8698052	1126309976698811
621814	533660	88154	56	2095672	921752	1126309979658983
992410	975470	16940	4159	9773664	9495612	1126309990663463
447138	427966	19172	3229	8062814	7089130	1126309999416095
409944	391906	18038	375	2576126	1344870	1126310002640873
1232862	1156568	76294	1427	4327188	4271782	1126310008443765
382376	364970	17406	3318	8599096	7203970	1126310017663223
1178692	1162224	16468	88	1788836	1540820	1126310020869517
1177502	1160772	16730	3309	7856852	7979804	1126310030142245
979732	901666	78066	4516	10676476	10196494	1126310042036381
885976	866740	19236	4325	10522230	9720444	1126310053682541
429268	412456	16812	1821	5350974	4255742	1126310059701787
1171690	1154784	16906	52	1636332	1461430	1126310062748195
633094	602690	30404	4542	10457588	9901950	1126310074081499
1132832	1116148	16684	291	2170150	1900450	1126310077623209
1176262	1157730	18532	3259	8653418	7880458	1126310087690551
193368	175260	18108	4029	9972608	8437532	1126310098093581
1188562	1160406	28156	4554	11028870	10480896	1126310110548701
1200612	1182128	18484	2045	5842216	5474982	1126310117836697
1207056	1180200	26856	2378	6674872	6147190	1126310125957077
1213306	1155748	57558	3803	9606462	9004824	1126310137015225
897896	880150	17746	2660	7012300	6403722	1126310145163783
1188216	1170076	18140	4020	9943032	9413448	1126310156534009
1181756	1162082	19674	3310	8635950	7991438	1126310166593441
771436	753862	17574	3669	9138938	8294522	1126310176747071
1173764	1157174	16590	3489	8854046	8341592	1126310187017315
784386	764496	19890	640	2811950	2283932	1126310190851881
1066442	1048308	18134	1712	5204720	4677790	1126310197361913
1175290	1158830	16460	2758	7352992	6876238	1126310206128709
281620	264680	16940	1168	4090390	2802978	1126310210738981
312460	276722	35738	780	3290476	2057944	1126310214585793
509668	493204	16464	278	2677008	1251602	1126310218014973
1129774	1112384	17390	4858	10971538	11030232	1126310230354995
952690	930006	22684	2826	7664050	6788802	1126310239209831
1181934	1165240	16694	2268	6420604	5903476	1126310247051037
1175308	1158904	16404	3785	9533342	8931784	1126310257998321
1184956	1158876	26080	4697	11279898	10765076	1126310270703881
1109182	1092338	16844	2197	5926692	5688896	1126310277982031
799766	776374	23392	4071	9807944	9126268	1126310288828537
1174988	1157674	17314	3753	9543178	8866116	1126310299785675
1172874	1156346	16528	1188	4233508	3733190	1126310305433515
1182922	1165974	16948	1912	5350810	5191972	1126310312205521
1101854	1084140	17714	698	3054354	2683510	1126310316600421
1178518	1162242	16276	2219	6213916	5802508	1126310324235047
5414304	5412132	2172	4056	10040598	13711418	1126310339928727
373832	356378	17454	2425	6763180	5408828	1126310347304149
349936	333042	16894	2190	6005140	4915528	1126310353898197
580830	563542	17288	308	2543630	1381922	1126310357261075
671762	655236	16526	2187	5726122	5233710	1126310363897941
1185090	1168450	16640	1406	4571198	4183124	1126310369895247
1192106	1084248	107858	1209	4272136	3783154	1126310375596211
926934	908718	18216	2610	7104068	6332820	1126310383864965
1215018	1194704	20314	201	1932894	1802348	1126310387251049
1177540	1158478	19062	1784	5016636	4991984	1126310393683541
1177504	1158024	19480	2659	6967448	6680458	1126310402067421
1184140	1165868	18272	2130	6162670	5629076	1126310409652013
1176934	1158394	18540	1284	4210298	3930762	1126310415276739
931076	913996	17080	2430	6691900	5976800	1126310423140817
982118	965396	16722	4695	10838888	10562316	1126310435199741
538908	522296	16612	4905	11614824	10532272	1126310447594341
753400	735960	17440	2076	6059328	5078172	1126310454634889
261014	243536	17478	2692	7282832	5837462	1126310462422517
1197570	1179450	18120	3880	9606206	9142808	1126310473476927
1173642	1155678	17964	3979	9821872	9317178	1126310484710955
185184	166386	18798	4091	10107914	8557752	1126310495254397
715426	697960	17466	551	2823658	2002290	1126310499032605
1182156	1161282	20874	1069	4154552	3505238	1126310504607295
1174624	1157900	16724	3150	8208594	7665484	1126310514237687
341750	325004	16746	3413	8619684	7353636	1126310523436733
1173192	1158476	14716	1759	5214274	4875466	1126310530061987
1147724	1131782	15942	1770	5227716	4859868	1126310536664501
904732	885386	19346	4588	10941162	10253454	1126310548745543
1180412	1162406	18006	1953	5931478	5271530	1126310556099155
1174432	1157398	17034	4215	10065492	9788952	1126310567577061
664674	648106	16568	4713	11075748	10276944	1126310579555213
897868	881014	16854	2835	7640756	6752812	1126310588332267
749644	734040	15604	308	2461300	1538320	1126310591769985
1175514	1158380	17134	4377	10131606	10115212	1126310603319895
773526	754792	18734	2844	7291742	6645908	1126310611623843
295344	278872	16472	137	2240568	753784	1126310614397643
406722	387570	19152	1670	4708992	3931112	1126310619750955
1176622	1160062	16560	4240	10125166	9840884	1126310631290779
1276106	1246350	29756	4037	9713618	9534354	1126310642518205
227046	210878	16168	3400	8759534	7199014	1126310651732931
462936	447338	15598	120	2278080	875538	1126310654700813
1178330	1161800	16530	2891	7131694	7133206	1126310663242137
228042	212062	15980	3402	8496598	7204406	1126310672193775
1176528	1160498	16030	4914	11604792	11176494	1126310685204183
1175740	1158524	17216	4014	9682786	9375812	1126310696289425
