# Loop @ Start frequency 3300000Hz took 708.19 cycles
# Interval [707 ; 709]
# Q1 : 706 ; Q3 : 708
# Loop @ Target frequency 1800000Hz took 1186.89 cycles
# Interval [1175 ; 1198]
# Q1 : 1176 ; Q3 : 1180
# Confidence intervals do not overlap, alternatives are statistically different with selected confidence level
Change time (with write) [cycles]	Change time [cycles]	Write cost [cycles]	Wait time [us]	Time since last frequency change request [cycles]	Time since last frequency change [cycles]	Detected frequency change timestamp [cycles]
762034	730716	31318	3567	3442796528	219366774	1126787378495691
789352	772290	17062	4812	11598010	10598150	1126787391152911
786758	768082	18676	907	3654522	2788916	1126787395862313
698412	669842	28570	3036	7936702	6956736	1126787404765875
326536	278920	47616	4996	11370534	10504038	1126787416729915
1193380	1174426	18954	2463	6637224	6304092	1126787424828713
1173628	1157332	16296	4156	10237014	9671804	1126787436506741
1176028	1158914	17114	3982	9653382	9314034	1126787447593059
732552	717716	14836	4075	9897934	9054674	1126787458479469
1173044	1156384	16660	3998	9584668	9342158	1126787469494011
1179070	1161948	17122	3427	8611120	8217796	1126787479551981
764280	747838	16442	2191	6034508	5332216	1126787486619099
978790	961530	17260	4544	11041202	10252458	1126787498905555
779806	760818	18988	3891	9388886	8748254	1126787509346471
1155706	1140374	15332	4101	10150708	9542872	1126787520922163
1181962	1158494	23468	3295	8215426	7945422	1126787530582439
287030	268280	18750	2535	6826086	5543008	1126787537963481
1177450	1159438	18012	27	1611086	1417006	1126787541019885
1284044	1160458	123586	2511	6394436	6491756	1126787548970409
652136	635356	16780	4626	10843788	10089964	1126787560738393
870822	854528	16294	4697	11246452	10450432	1126787573122995
1302306	1283302	19004	4859	11473140	11209760	1126787586166379
1174006	1156366	17640	1572	4935992	4503922	1126787592544031
1192850	1175080	17770	447	2578270	2271632	1126787596582875
1216876	1171216	45660	3556	8596834	8517988	1126787606672869
1176908	1158532	18376	4871	11421692	11109766	1126787619566769
1185772	1167008	18764	3275	8421136	7924966	1126787629445541
1082924	1065008	17916	1540	4684204	4353056	1126787635484659
736208	718994	17214	3078	7925052	7081170	1126787644417871
1121760	1103018	18742	1572	5004536	4454384	1126787650815379
1243130	1158342	84788	1286	4228230	4004988	1126787656558723
882852	863864	18988	4158	9986502	9387508	1126787667700369
818574	790938	27636	156	2097584	1320196	1126787670888101
193664	177398	16266	590	2554092	1563340	1126787673913099
966614	949528	17086	1788	5200104	4732334	1126787680352031
215950	197922	18028	4822	11465720	10049652	1126787692305271
888736	848506	40230	271	2360064	1620704	1126787695826031
418054	399116	18938	2722	6717564	6052650	1126787703233319
368376	350266	18110	3041	8012600	6640352	1126787711885561
1117356	1099020	18336	1519	4917312	4344722	1126787718192443
488746	470742	18004	1506	4768746	3690044	1126787723721831
1126104	980736	145368	4306	10591812	9926976	1126787735711101
1182892	1158512	24380	3273	8067190	7917726	1126787745231807
1178184	1161130	17054	1904	5189506	5176302	1126787751871065
335764	316106	19658	2294	6358146	5113196	1126787758836545
1180890	1162042	18848	1597	4945374	4563766	1126787765233639
668684	649856	18828	2113	5701256	5083528	1126787771875401
518846	500286	18560	412	2287066	1531342	1126787774953545
997356	980338	17018	138	1650370	1462664	1126787777876019
1185150	1165350	19800	3347	8472216	8067448	1126787787803735
1174666	1156318	18348	16	1741308	1395648	1126787790991235
1166832	1143490	23342	1746	4865708	4848188	1126787797299331
609828	591182	18646	4935	11643112	10668886	1126787809824233
887972	859600	28372	3464	8722430	8005434	1126787819706305
1177034	1158138	18896	3745	9321146	8855294	1126787830475303
1509526	1309498	200028	2732	7381382	7163962	1126787839637719
1015270	996022	19248	1498	4733346	4201282	1126787845657455
908418	891152	17266	4146	10118980	9390574	1126787856956469
1453996	1163310	290686	1096	4093420	3839294	1126787862780021
934728	917494	17234	1260	4366246	3644632	1126787868352705
1181926	1164946	16980	4117	9995890	9605290	1126787879801795
1209708	1191284	18424	2011	5434646	5421644	1126787886717533
1011180	993502	17678	172	2209094	1544660	1126787890208983
262962	244886	18076	2268	5907762	4988202	1126787896650695
1184552	1158596	25956	4094	10188070	9560518	1126787908294205
481500	461606	19894	745	3374724	2160884	1126787912421143
1304250	1283828	20422	2672	7126824	6836838	1126787921123825
1173892	1156548	17344	3355	8472028	8076674	1126787931041379
850364	832642	17722	1239	4054686	3517344	1126787936221835
1177470	1158370	19100	4099	10000046	9565334	1126787947670841
1183922	1164148	19774	3278	8569888	7928608	1126787957695221
1178812	1161168	17644	2673	7217262	6713642	1126787966362033
993396	975438	17958	2143	6177934	5467984	1126787973804561
1180196	1160052	20144	1737	4824882	4844316	1126787980081321
1175786	1158666	17120	1406	4523420	4177482	1126787986050871
664858	646988	17870	797	3056930	2449124	1126787990043903
871790	851088	20702	643	3237430	2346856	1126787994424811
1176118	1156990	19128	3558	8780606	8480934	1126788004653035
1178578	1159914	18664	4047	10106498	9461486	1126788016209439
1101214	1082770	18444	882	3370144	3053738	1126788020952019
1178364	1159864	18500	2473	6818306	6314168	1126788029225101
1180238	1162626	17612	1585	4946458	4542278	1126788035622943
1224676	1156736	67940	2540	7045990	6494548	1126788044165301
604618	586750	17868	4264	10269396	9320892	1126788055311153
1177576	1159490	18086	2738	7081588	6846210	1126788063842063
445846	426326	19520	2733	12270090	6100366	1126788076830219
1174426	1156284	18142	4271	10261402	9906414	1126788088536721
1175536	1157878	17658	2902	7578550	7168508	1126788097561745
1071274	1050598	20676	3628	9120860	8517486	1126788108025435
922246	902812	19434	3111	7884908	7333832	1126788117104333
662876	645342	17534	266	2515338	1384884	1126788120558935
1188314	1169736	18578	4833	10828302	11044558	1126788132846259
1182414	1162496	19918	157	2198948	1685618	1126788136504335
1175836	1158732	17104	226	1645910	1816890	1126788139597731
1173170	1156084	17086	1531	4798470	4424374	1126788145841051
1177574	1159944	17630	3004	7554084	7376544	1126788154843369
1194398	1174578	19820	3731	9038180	8844234	1126788165352103
190318	172172	18146	4131	9976068	8641502	1126788175885971
1054550	1036604	17946	3481	8571996	8205466	1126788185784099
1176702	1158476	18226	587	3152246	2540378	1126788190384219
1187582	1168888	18694	4252	10157986	9881354	1126788202001031
1177502	1154890	22612	3693	9235132	8753098	1126788212684839
938550	918646	19904	3638	9024780	8403898	1126788222919819
1158042	1137318	20724	2737	7344862	6821090	1126788231699225
1053908	1010946	42962	1854	5414338	4951146	1126788238439039
1288536	1271436	17100	262	2201864	2002712	1126788242201651
1179130	1161060	18070	2312	6543758	5992722	1126788250196191
1180350	1160402	19948	533	2883550	2434646	1126788254531375
1178650	1158410	20240	3593	8886528	8554994	1126788264867579
1181736	1156952	24784	99	1817830	1570022	1126788268142651
1293030	1158578	134452	4288	9662936	10059612	1126788279369891
775748	757598	18150	4109	9589162	9182514	1126788290006519
1182180	1162796	19384	2408	6666326	6186372	1126788298126881
1123244	1104432	18812	3027	8132038	7365660	1126788307653875
634870	616860	18010	4985	11569576	10794348	1126788320129381
436502	319468	117034	678	3258950	1982222	1126788324097011
1187758	1159948	27810	2117	5976242	5610868	1126788331532211
1314408	1296536	17872	2293	6400782	6088770	1126788339518779
1178696	1158688	20008	1789	5232092	4946332	1126788346201021
938926	915254	23672	914	3539822	2957112	1126788350951211
1178126	1158190	19936	4153	10149324	9672894	1126788362554323
1177862	1160866	16996	1515	4812896	4398412	1126788368816033
1317182	1228776	88406	1040	3825150	3585464	1126788374229293
1177982	1158516	19466	4496	10743520	10358810	1126788386421983
915046	771932	143114	3415	8592964	7934168	1126788396200989
1253924	1160360	93564	4104	9741900	9651854	1126788407467805
1215428	1196038	19390	3390	8615120	8184682	1126788417569205
1177428	1159998	17430	3186	8258666	7739080	1126788427277139
1197944	1170396	27548	4864	11459246	11117358	1126788440205561
233736	202184	31552	3823	9156706	8069472	1126788449867241
1294508	1160102	134406	4098	10001510	9680086	1126788461433939
1180964	1163144	17820	155	2215618	1680194	1126788465102381
408148	390328	17820	3875	9130478	8348590	1126788474917479
555278	536736	18542	4861	11436070	10466872	1126788487184503
1176342	1158884	17458	2928	7825316	7222380	1126788496457537
1175516	1158578	16938	110	1960884	1584978	1126788499864695
1063914	1047054	16860	1900	5031058	5052126	1126788506231011
293582	276372	17210	4545	10946604	9572160	1126788517742599
614506	596610	17896	3369	8103356	7542298	1126788526731443
1235078	1160248	74830	2297	6536616	6018334	1126788534773955
1186436	1162108	24328	4406	10497272	10188478	1126788546729261
831648	813036	18612	787	3444370	2596306	1126788551276419
373892	355932	17960	3521	8815466	7604928	1126788560736593
948896	927516	21380	2005	5832764	5148302	1126788567789533
1179930	1161072	18858	1318	4303792	4005282	1126788573544551
1312942	1295380	17562	4294	10266418	10090058	1126788585395479
1065404	1047702	17702	824	3384896	2902632	1126788590117885
1194602	1159310	35292	1278	4534648	3939542	1126788596119031
1185322	1166948	18374	2680	7111258	6733804	1126788604687661
1177750	1157438	20312	1094	4045552	3554466	1126788610182075
1199836	1179842	19994	3047	7914522	7482026	1126788619568091
4137632	4135140	2492	162	2232970	4651276	1126788626209853
1177414	1158874	18540	1420	4648894	4208092	1126788632307579
1177542	1160650	16892	1616	5151878	4599176	1126788638907633
1184086	1165404	18682	4621	10856964	10614722	1126788651224075
1071244	1048928	22316	1886	5608150	5033972	1126788658175185
1106606	1089098	17508	4189	10293868	9673756	1126788669846469
1010872	989268	21604	4642	11027414	10484024	1126788682156645
467980	450936	17044	2200	5959254	5057470	1126788688855683
1182178	1160090	22088	4100	9559934	9572026	1126788699873803
519284	501650	17634	3859	9578852	8426258	1126788710242815
858958	840150	18808	1704	5141440	4455220	1126788716514453
312462	245638	66824	4153	9933554	8808850	1126788727031899
1180484	1161960	18524	3768	9305116	8905468	1126788737793845
1175944	1158060	17884	2718	7058156	6800776	1126788746299209
1136188	1116780	19408	3756	9371010	8838134	1126788757077413
528002	510450	17552	1692	5123682	4101360	1126788763005159
1176014	1158192	17822	4481	10452346	10328546	1126788774909079
1025488	1007740	17748	1863	5277836	4940210	1126788781488483
1173630	1156322	17308	2575	7092822	6513688	1126788790026561
1177506	1158348	19158	1574	5178610	4515534	1126788796654391
1195776	1156104	39672	4855	11219046	11095600	1126788809340561
1183394	1165726	17668	44	1614940	1464822	1126788812410175
1221908	1166090	55818	4716	10810678	10842546	1126788824714579
1175790	1158508	17282	3488	8869996	8341992	1126788835032395
1282026	1162294	119732	2537	6804132	6545778	1126788843398563
1038062	1020060	18002	3773	9511114	8772806	1126788854218519
927794	908658	19136	320	2435660	1756370	1126788857872199
1196760	1167706	29054	1013	3421580	3433170	1126788862761159
1179944	1159868	20076	613	2843726	2595796	1126788867056315
1265654	1160346	105308	4795	11047606	11044302	1126788879645915
260536	242774	17762	1000	3965034	2449630	1126788884142753
1265586	1168630	96956	2181	5905678	5816442	1126788891585755
1037670	1017702	19968	4979	11903156	11185412	1126788904797739
1186184	1166920	19264	1799	5042242	4973574	1126788911296205
1179970	1160802	19168	1483	4838302	4335566	1126788917585943
1312510	1160680	151830	1306	4454334	4114932	1126788923624445
1174726	1157806	16920	1083	3725510	3529844	1126788928796615
382916	365430	17486	2629	7030028	5830494	1126788936480753
342806	320534	22272	847	3687974	2226354	1126788940782603
894420	875624	18796	3437	14519910	7958382	1126788956468091
1182212	1163708	18504	2324	6092456	6019294	1126788964013829
1184508	1165792	18716	2335	6469978	6043964	1126788971940065
1180384	1157976	22408	4813	11504094	10995694	1126788984895839
1173648	1156422	17226	4546	10598204	10454114	1126788996943011
1174472	1156236	18236	3083	7953774	7529072	1126789006423791
1198560	1161472	37088	4348	10522268	10084042	1126789018415781
1176424	1158376	18048	1639	5097454	4643460	1126789024959593
1188312	1168214	20098	4708	11277414	10793532	1126789037703365
427138	410272	16866	3991	9520342	8597560	1126789047922115
1267730	1249908	17822	895	3763474	3247666	1126789053224675
1182444	1162868	19576	130	1834882	1630898	1126789056513361
1176760	1157198	19562	3547	8408614	8461082	1126789066369615
891858	872328	19530	2350	6663966	5780504	1126789074196613
1268478	1248298	20180	3611	9133212	8679294	1126789084869155
1173252	1155826	17426	3071	7729530	7505230	1126789094047893
1059478	1040984	18494	3121	8175610	7491158	1126789103554039
1249040	1230576	18464	3537	8942760	8513810	1126789114017523
1040486	1021892	18594	1541	4643066	4311582	1126789119972903
659372	640336	19036	4851	11452106	10552092	1126789132355709
1176344	1158928	17416	3520	9051462	8405398	1126789142854595
1131650	1114524	17126	3752	8899532	8825874	1126789153165841
1182342	1162128	20214	1926	5592088	5226986	1126789160212475
1127768	1107910	19858	4751	11205320	10819210	1126789172817797
1142392	1124552	17840	2108	6177116	5548850	1126789180408361
244792	168318	76474	3409	8597912	7252272	1126789189522699
1178356	1161606	16750	1582	4798016	4531406	1126789195770203
1180720	1160632	20088	1307	4628758	3984188	1126789201850521
1176930	1158748	18182	3269	8200012	7905194	1126789211498661
1176424	1157720	18704	1444	4670086	4253404	1126789217616101
1181030	1158870	22160	367	2720510	2103856	1126789221788679
1184104	1164982	19122	4526	10952906	10425676	1126789234197685
1258048	1241032	17016	1010	3926812	3468008	1126789239653581
745982	728370	17612	3218	8206794	7371962	1126789248877435
1176976	1156906	20070	4507	10991244	10383928	1126789261322333
632364	584858	47506	3592	9043094	8007018	1126789271269649
1173976	1156270	17706	4429	10381760	10222032	1126789283097155
1179012	1161848	17164	2363	6321444	6094756	1126789290872135
424168	404890	19278	3697	9413878	8011558	1126789300985209
1173540	1156436	17104	765	3237926	2893632	1126789305672559
1177134	1158172	18962	3037	8099264	7440906	1126789315220071
394878	375996	18882	1186	3923452	2955722	1126789319809779
1179712	1161014	18698	2722	7406766	6813040	1126789328668541
1174276	1156464	17812	2586	6886270	6535604	1126789337001051
1192398	1170172	22226	2562	6822802	6506610	1126789345293079
1177346	1157518	19828	3618	9183742	8603022	1126789355925979
813584	795660	17924	410	2743606	1824194	1126789359754193
367260	348944	18316	4858	11109192	10295504	1126789371501773
512228	494416	17812	1582	4993518	3866144	1126789377278721
1177530	1158450	19080	3846	9570396	9059386	1126789388297931
345256	325632	19624	3808	9315158	8151420	1126789398229569
323418	304610	18808	616	2982782	1745670	1126789401807699
1009340	992236	17104	730	2852976	2681088	1126789405941609
1182974	1163500	19474	4975	11788602	11323708	1126789419185135
1284094	1266282	17812	3171	8175960	7818726	1126789428916193
1178234	1160754	17480	3263	8316490	7894286	1126789438688255
1115344	1095932	19412	3658	8826698	8620474	1126789448901281
1301504	1283048	18456	2970	7925934	7433920	1126789458405361
1185606	1166284	19322	1899	5338972	5172572	1126789465201391
1176888	1158156	18732	4467	10605806	10303544	1126789477256589
1176136	1158222	17914	4256	10450180	9877934	1126789489153761
1208064	1156488	51576	1769	5238642	4938970	1126789495871625
1272240	1253748	18492	4276	10174690	10013984	1126789507589721
482348	464234	18114	301	1983430	1278362	1126789510327779
1186898	1168964	17934	3424	8345890	8223446	1126789520132273
1145174	1116180	28994	2861	7673876	7056554	1126789529222495
1182166	1159698	22468	4112	10090730	9594480	1126789540767381
1295884	1156686	139198	4151	10116818	9787026	1126789552451035
1178142	1160220	17922	2256	6151466	5878620	1126789560051199
1011784	992914	18870	4034	9907768	9269104	1126789571242763
1306250	1260646	45604	4903	11659766	11301270	1126789584479139
1135364	1109578	25786	1688	6938338	4701764	1126789592824191
1176258	1158998	17260	2109	5961702	5584530	1126789600233011
293668	275174	18494	1608	4962792	3698172	1126789605760401
981530	963628	17902	962	3429636	3095860	1126789610442199
989292	969760	19532	3338	8478488	7855012	1126789620181921
1181844	1160796	21048	735	3078800	2841770	1126789624714423
1232388	1160602	71786	1482	4578190	4386290	1126789630796919
1309406	1162210	147196	3071	8194328	7643650	1126789640571859
423094	403540	19554	4014	9845590	8642010	1126789651111479
1177862	1160386	17476	1443	4555140	4252858	1126789657116203
1001304	845254	156050	1781	5322446	4756388	1126789663711591
1178088	1160646	17442	2561	6892910	6488834	1126789672054279
649952	632508	17444	2849	7382204	6537944	1126789680358105
1192590	1156688	35902	1244	4506186	3870192	1126789686328685
1179364	1160602	18762	2967	7838006	7302722	1126789695617375
1181898	1161618	20280	1604	4993390	4579004	1126789702063899
1177384	1157464	19920	39	2087138	1445014	1126789705599351
968376	951102	17274	1695	4763656	4551524	1126789711602295
820594	802026	18568	4374	10662220	9757108	1126789723356409
1202678	1182770	19908	3531	8886172	8453698	1126789733716403
1174122	1156166	17956	2513	7000388	6388822	1126789742161819
1193188	1175908	17280	2483	6296468	6348798	1126789749922835
456572	439168	17404	4695	11177260	10036546	1126789761828113
1029750	1008636	21114	2080	6142262	5378272	1126789769271225
8796538	8794286	2252	4985	11938662	18954848	1126789790277903
1179950	1159088	20862	4703	10751604	10776032	1126789802481153
1178030	1159966	18064	3532	9036512	8430616	1126789812967179
1176898	1159498	17400	2604	7039180	6574510	1126789821469983
1183472	1165412	18060	4218	10122074	9808078	1126789833046495
1179312	1160902	18410	596	3225188	2560444	1126789837726261
559874	540870	19004	4133	9712822	9015432	1126789848270755
1022598	1002124	20474	4664	11260976	10540366	1126789860825399
1175892	1158294	17598	3903	9546232	9172180	1126789871826605
1176388	1158082	18306	1905	5592878	5176750	1126789878867019
278020	261098	16922	3540	8888016	7547960	1126789888312575
842082	824070	18012	4592	11052912	10214400	1126789900478539
563164	546260	16904	4918	11452506	10588410	1126789912765569
1191512	1162486	29026	1158	4366928	3696552	1126789918595841
1162180	1123036	39144	856	3317474	3063594	1126789923346473
1245376	1228068	17308	3235	8298036	7904612	1126789933161593
1176348	1157828	18520	553	2967244	2472370	1126789937576553
1177552	1158270	19282	3179	7926112	7725526	1126789946951673
996386	978606	17780	4849	11402366	10883510	1126789959626415
911396	892674	18722	4083	9926022	9265736	1126789970735357
773854	755114	18740	4279	10377530	9521490	1126789982157699
514372	496460	17912	3894	9195220	8492712	1126789992138161
1198004	1178486	19518	1731	5227614	4850696	1126789998835729
903952	885176	18776	2542	7037238	6180172	1126790007089625
1027172	1008020	19152	1197	4319730	3610504	1126790012728793
1176916	1158654	18262	4572	10980956	10510308	1126790025158471
1179120	1158400	20720	4725	11043610	10817726	1126790037652533
1176144	1158274	17870	1616	4682378	4597852	1126790043781515
1174940	1156354	18586	2907	7676740	7178488	1126790052904241
515674	496520	19154	2035	5867170	4775836	1126790059562935
930598	913630	16968	251	2189364	1621392	1126790062953841
1177222	1158612	18610	4439	10183176	10243846	1126790074590399
278284	260096	18188	4084	9639090	8635336	1126790084779359
833162	814550	18612	3836	9167306	8693898	1126790095050159
754246	735564	18682	1843	5703896	4629784	1126790101785201
1175242	1157898	17344	2724	7016416	6811306	1126790110248099
1186886	1168160	18726	2228	5740686	5833214	1126790117447701
1176650	1159290	17360	4334	10323670	10033602	1126790129219379
684704	667836	16868	220	2220006	1316662	1126790132395411
1187652	1167684	19968	2469	6307904	6314714	1126790140162309
1177858	1156302	21556	4381	10630660	10128672	1126790152242439
1181764	1163526	18238	3324	8329034	8018994	1126790162024259
1176278	1158964	17314	1701	5262584	4767770	1126790168734723
246248	228538	17710	2389	6647064	5213408	1126790175900615
317124	299124	18000	1254	4113728	3014008	1126790180603445
1180440	1163410	17030	1146	4191668	3662020	1126790186246733
1249358	1232080	17278	1524	4700270	4487012	1126790192467613
1276630	1159854	116776	2838	7262428	7142650	1126790201278803
781502	764544	16958	757	3298542	2485618	1126790205629645
1315916	1162498	153418	1387	4418698	4279934	1126790211636033
1137142	1115090	22052	1916	5539104	5159414	1126790218583199
1284556	1255502	29054	778	3352672	3028992	1126790223492561
623930	600662	23268	3625	9023546	8062568	1126790233411871
544248	526376	17872	1366	4524648	3465100	1126790238752119
1242214	1159974	82240	4116	10021884	9663414	1126790250288019
785738	766442	19296	3541	8980500	8056526	1126790260325459
1260148	1242152	17996	2343	6388572	6135342	1126790268245841
842074	823536	18538	138	2012214	1307460	1126790271371739
1183934	1166108	17826	3398	8170412	8169558	1126790280997499
1198140	1159980	38160	577	2898584	2541320	1126790285369693
314310	215210	99100	4330	10161022	9168374	1126790296115783
1201550	1156538	45012	1997	5788656	5384384	1126790303376965
1179434	1162470	16964	751	3389142	2869962	1126790308216819
932150	913642	18508	304	2169442	1730668	1126790311589495
1178216	1161036	17180	1683	4504676	4734074	1126790317543515
1176808	1159780	17028	24	1845982	1414256	1126790320838089
1012920	994314	18606	4052	9483700	9306776	1126790331614105
1180194	1162242	17952	1074	3787842	3518278	1126790336853345
1194120	1175746	18374	192	2153476	1767312	1126790340479249
1174668	1156420	18248	1046	3484784	3479208	1126790345409761
1179284	1160436	18848	1820	5600022	5008884	1126790352460325
1180362	1158010	22352	1357	4614922	4083220	1126790358527343
1174408	1156500	17908	503	2664866	2370518	1126790362637373
949058	931170	17888	3001	7660186	7140974	1126790371517963
1087762	1068600	19162	4432	10650056	10142390	1126790383526563
821400	803368	18032	3206	8198892	7423054	1126790392818111
1176764	1158850	17914	901	3777414	3167902	1126790398043463
1197224	1178818	18406	4711	11161692	10809028	1126790410673811
831382	811128	20254	1660	5231756	4341332	1126790417007913
230670	207790	22880	689	3130720	1798138	1126790420645195
861188	843896	17292	3718	8838178	8508412	1126790430615615
511942	490276	21666	4450	10623450	9600650	1126790442022299
1176918	1158648	18270	3635	9227452	8636852	1126790452697181
221634	171950	49684	1159	4104068	2728870	1126790457293851
674980	657432	17548	4807	11283060	10481600	1126790469523109
1028498	1010492	18006	4644	11113916	10505556	1126790481936539
824582	805564	19018	339	2360038	1692614	1126790485392579
534798	517406	17392	3398	8168104	7519108	1126790494366731
818294	800418	17876	1625	4981858	4257298	1126790500438191
381464	362784	18680	3388	8617710	7346738	1126790509709269
960818	943898	16920	2588	7167462	6326168	1126790518108575
886328	867312	19016	4440	10723886	9960250	1126790529990273
1263766	1162426	101340	2426	6760076	6304080	1126790538285383
1182970	1162238	20732	1390	4619570	4153014	1126790544358531
1175762	1158470	17292	517	2949148	2399472	1126790548755293
1210904	1190596	20308	3612	8837636	8624248	1126790559074375
1176806	1156450	20356	3997	9664934	9360624	1126790570192179
1180460	1162536	17924	1515	4828512	4399860	1126790576471805
1176180	1158910	17270	4807	10924264	10978526	1126790588843403
1249398	1232474	16924	2226	6088290	5888954	1126790596456583
1219142	1160286	58856	2777	6942742	6963466	1126790604890243
241844	208272	33572	1518	4628038	3466556	1126790610034925
859388	840950	18438	4911	11657542	10870850	1126790622822343
1206884	1157986	48898	1246	4323686	3889182	1126790628627819
1175046	1158108	16938	3597	8607626	8558132	1126790638681901
526674	507480	19194	3397	8499710	7509556	1126790647979439
1195922	1175014	20908	1898	5661106	5181720	1126790655106643
717736	701232	16504	3990	9969580	8886566	1126790666064383
1176670	1159242	17428	1573	4896940	4512232	1126790672409255
1175284	1157984	17300	2998	8070618	7361098	1126790681925801
8088954	8086782	2172	4025	9985770	16328498	1126790700271395
1179044	1159996	19048	903	3787816	3174194	1126790705509399
1047854	1029766	18088	4058	9842124	9352182	1126790716670119
286286	168322	117964	2849	7370744	6172416	1126790724598471
1178238	1159506	18732	2038	5718430	5443004	1126790731766409
628396	600550	27846	2576	7059210	5970026	1126790739724459
601682	584654	17028	1794	5441620	4379356	1126790746039703
1154850	1136950	17900	3309	8046518	7963024	1126790755512831
1177760	1160058	17702	1021	3725784	3409668	1126790760687669
205910	188720	17190	2521	6474166	5436890	1126790767639779
1385772	1291940	93832	256	2056644	2086716	1126790771353605
1178760	1159916	18844	1647	5114578	4662372	1126790777918541
1051034	1033276	17758	3051	7937326	7343546	1126790787178759
879270	863010	16260	82	2161884	1232354	1126790790490959
669816	650590	19226	3606	8601000	8070488	1126790800033441
1189866	1170908	18958	1823	5490384	5024864	1126790806985435
1175114	1158820	16294	2797	7489848	6963310	1126790815926603
1328850	1268636	60214	2847	7641490	7213262	1126790825168271
525604	506812	18792	4533	10875560	9785758	1126790836840909
1177398	1158330	19068	2314	6643962	5999130	1126790844938663
1270798	1163918	106880	1416	4611056	4292878	1126790851096039
1204274	1185554	18720	4815	11536706	11037612	1126790864107415
1176990	1158870	18120	1925	5488248	5216988	1126790871044083
850476	832378	18098	804	3276708	2646940	1126790875447505
1206842	1187070	19772	3314	8422616	8023706	1126790885347819
1176946	1158820	18126	3590	8961762	8546494	1126790895757853
1177598	1160354	17244	4213	10153934	9793480	1126790907360423
1178220	1159102	19118	4843	11290510	11057294	1126790920100931
945106	927762	17344	2107	5831860	5348610	1126790927149761
432616	352108	80508	466	2827460	1554612	1126790930681225
1173734	1156238	17496	165	1466646	1693856	1126790933592331
1175382	1158132	17250	3640	8914210	8643732	1126790943951905
1204884	1187630	17254	929	3342074	3252502	1126790948769391
1177912	1158974	18938	4618	11079508	10603312	1126790961298291
1021498	1001438	20060	3585	8996320	8378964	1126790971587799
413028	393996	19032	169	2253368	941040	1126790974525329
1175344	1158136	17208	887	2921430	3139006	1126790978893613
269180	249558	19622	3960	9587842	8378292	1126790989025335
1176596	1158884	17712	1222	4292498	3812918	1126790994770733
1202602	1184082	18520	256	2520194	1903604	1126790998764681
1182220	1160168	22052	2861	7421936	7092580	1126791007640251
1176482	1158400	18082	1736	5429408	4839028	1126791014516465
321456	303824	17632	747	3172764	2005548	1126791018281425
499302	481914	17388	4831	11579008	10351538	1126791030631173
1189844	1158296	31548	3066	8008106	7510340	1126791040099641
445828	428808	17020	3173	7901006	6980306	1126791048717559
1055222	1037972	17250	840	3266862	2924598	1126791053310905
1191164	1156434	34730	3440	8809744	8261246	1126791063582783
1179150	1160050	19100	639	3305950	2646794	1126791068338731
226524	209104	17420	4969	11708008	10354602	1126791080544015
1233986	1162464	71522	2874	7604862	7170732	1126791089653379
1302152	1160358	141794	2794	7412700	7078770	1126791098639513
1180410	1163612	16798	1947	5722590	5263710	1126791105813711
984420	963446	20974	3675	8970746	8523718	1126791116039615
620556	603860	16696	2683	7075808	6176430	1126791124007709
1125930	1108698	17232	2129	5890490	5574142	1126791131295015
822280	803322	18958	1178	4130550	3367422	1126791136519325
193756	174354	19402	4357	10652128	9096450	1126791147636725
932414	915494	16920	2768	7429814	6658050	1126791156271311
1155786	1127374	28412	1728	5299428	4800742	1126791162998635
504988	487766	17222	1345	6103412	3384162	1126791169881799
389298	371454	17844	2397	6629762	5372154	1126791177172023
572446	554982	17464	4420	10715184	9601516	1126791188731115
1042040	1021936	20104	4668	11144138	10566336	1126791201188589
1179012	1161748	17264	2509	6678986	6389464	1126791209317533
593270	575746	17524	2084	5933694	4951110	1126791216115719
1222008	1161134	60874	1008	3907480	3427242	1126791221516419
245290	210380	34910	989	3834704	2412224	1126791225867645
1136250	1118312	17938	2209	6093404	5742562	1126791233368583
1188638	1165292	23346	2132	6263818	5641280	1126791241092795
650442	633488	16954	529	2720872	1897082	1126791244734665
1177290	1160020	17270	1889	4946744	5144396	1126791251129479
981422	963640	17782	480	2597714	2130418	1126791254979575
659620	642218	17402	1836	5264454	4521202	1126791261179729
1176634	1156206	20428	3609	9140736	8584400	1126791271768659
379578	360762	18816	3931	9541372	8430044	1126791281961503
1423124	1161264	261860	997	3737796	3606968	1126791287393041
1177942	1158802	19140	83	1913590	1533198	1126791290755811
1176240	1158778	17462	1970	5346106	5305258	1126791297550055
1117526	1099444	18082	897	3716740	3101558	1126791302655331
1242590	1224756	17834	3170	8175178	7772720	1126791312344321
1287944	1161534	126410	4614	11197754	10705210	1126791325101559
391434	373458	17976	4075	9825556	8729474	1126791335588963
869140	852184	16956	1936	5370040	4930348	1126791342098641
1175964	1158698	17266	3810	9183708	8984964	1126791352729381
1036572	1012962	23610	4699	11018790	10624242	1126791365055873
687092	668878	18214	2703	7157044	6285830	1126791373186343
290024	267388	22636	571	2953776	1624906	1126791376701261
357074	339886	17188	2121	5627376	4787546	1126791382956259
0	0	0	0	0	0	0
767092	750110	16982	653	2662954	2285826	1126791390116233
953774	930792	22982	4899	11183298	10941702	1126791402524811
501266	482182	19084	1951	5562390	4591568	1126791408860251
1090410	1071942	18468	1533	5135470	4348182	1126791415377335
715652	698062	17590	875	3390858	2654864	1126791419754541
1183466	1161772	21694	1820	5461020	5013384	1126791426670321
1177114	1158120	18994	1624	4893512	4614800	1126791433011919
1176120	1158162	17958	4226	10078910	9817004	1126791444542813
6411548	6409666	1882	2530	7042750	11661300	1126791458268205
1179530	1162458	17072	287	2454996	1942456	1126791462174115
1018946	1001388	17558	2017	5690122	5243292	1126791469153453
1043140	1024088	19052	4637	10960566	10511166	1126791481427581
415252	397680	17572	3099	8025360	6802206	1126791490139591
1176528	1158870	17658	3072	8024780	7509582	1126791499612819
1258480	1225556	32924	4460	10808110	10366826	1126791511950679
597708	579022	18686	2320	6241916	5428158	1126791519061835
1177236	1159040	18196	3691	9262018	8751592	1126791529777305
1174272	1155650	18622	3515	8843628	8393654	1126791540066263
1212906	1156382	56524	1689	5214046	4780638	1126791546764831
205020	168964	36056	4036	9752636	8466564	1126791556994881
1175932	1156328	19604	3330	8424216	8025348	1126791566871701
1183288	1160994	22294	3527	8839196	8426038	1126791577168999
787028	759494	27534	4512	10966702	10000906	1126791589194611
1175646	1158556	17090	4272	10500924	9908636	1126791601143149
1177020	1158366	18654	2431	6786984	6229288	1126791609378455
226690	209650	17040	1271	3974154	2958942	1126791613850115
615772	598608	17164	270	2451798	1346210	1126791617189171
801134	782908	18226	1835	5038450	4660092	1126791623300465
1290370	1160618	129752	2272	6305748	6025154	1126791631167663
663192	645560	17632	1381	4520438	3618008	1126791636622425
699846	674826	25020	2583	6869624	6056118	1126791644463015
1183854	1163182	20672	4192	10084360	9757928	1126791656002965
1176092	1158760	17332	4268	10165004	9902502	1126791667615085
349566	330420	19146	2526	6988114	5590654	1126791675224481
1180116	1161892	18224	4175	10164864	9720680	1126791686840981
1177144	1158718	18426	1343	4353500	4053778	1126791692647943
1176266	1159120	17146	2034	6091596	5434002	1126791700187015
352490	333916	18574	894	3233120	2330740	1126791704043185
1214848	1155898	58950	3835	9434452	9075056	1126791714963499
1175200	1158014	17186	1528	4742230	4420702	1126791721157791
743514	725532	17982	3525	8747306	7986390	1126791730920031
1082608	1029354	53254	2292	6503290	5858612	1126791738781069
246186	224858	21328	421	2791146	1276982	1126791742090631
1180972	1162282	18690	1282	3935516	3933746	1126791747479383
1123758	1103950	19808	1609	5066176	4908674	1126791753940103
372284	354264	18020	4497	10908468	9556468	1126791765492525
1210900	1193248	17652	1542	4946938	4484558	1126791771921121
1177214	1158786	18428	1225	4085194	3817146	1126791777455383
1175010	1157478	17532	3580	9001652	8524664	1126791787903101
1179660	1160132	19528	371	2629526	2111730	1126791791983731
1178548	1160588	17960	2230	5937264	5828406	1126791799370553
786450	767788	18662	2381	6600818	5738834	1126791807028401
377916	355348	22568	2057	5753044	4681138	1126791813435801
226958	202848	24110	3524	8885134	7464200	1126791822818771
1177026	1159280	17746	2149	6331476	5669362	1126791830602783
517838	499638	18200	4944	11870666	10596066	1126791843261495
666078	647300	18778	3449	8806496	7754388	1126791853005669
1191838	1171366	20472	4539	10709638	10458760	1126791865183339
1078668	1060944	17724	192	2140052	1655042	1126791868674141
1187774	1169334	18440	2481	6336546	6338668	1126791876469205
660206	640284	19922	4389	10768614	9627016	1126791888169519
1302124	1278806	23318	2949	7692406	7389056	1126791897435365
1178736	1160600	18136	3720	9350690	8808232	1126791908235909
1303568	1212614	90954	4840	11516016	11173770	1126791921326633
340242	321194	19048	701	3363578	1932762	1126791925301299
1183996	1165766	18230	4793	10745076	10980878	1126791937500931
1176208	1158246	17962	2731	7430330	6828368	1126791946379103
239218	220874	18344	3654	9046926	7736528	1126791955936023
882614	864438	18176	3423	8428602	7917820	1126791965519361
1173826	1156140	17686	3618	9156158	8598962	1126791976120475
3880366	3878108	2258	937	3935138	5943750	1126791984206963
548082	528606	19476	2350	6534608	5436956	1126791991560603
1278248	1250756	27492	523	2810590	2513890	1126791995920769
1175132	1158060	17072	45	1687198	1453190	1126791999053603
443168	424610	18558	445	2275168	1522268	1126792002047625
461014	443504	17510	445	2517948	1540438	1126792005297459
953020	934960	18060	4271	9920196	9683696	1126792016441369
1195612	1176822	18790	4308	10649684	9999854	1126792028557875
690846	672050	18796	4659	11198872	10198186	1126792040718983
337200	319404	17796	598	2919986	1723638	1126792044247325
498684	478274	20410	2719	6837646	6147966	1126792051854759
1133120	1108940	24180	2527	6729324	6376112	1126792059989139
1058486	1039246	19240	2390	6589728	6027166	1126792067908459
374924	356732	18192	1682	5136506	3928576	1126792073690841
855840	837686	18154	1631	4993192	4307850	1126792079811711
952176	917388	34788	128	2001096	1397538	1126792083035993
716730	699288	17442	4569	10263730	10043460	1126792094292485
761776	743984	17792	126	2183010	1203854	1126792097509509
1175408	1158410	16998	87	1547630	1541254	1126792100503123
1180504	1159996	20508	3824	9198438	9017892	1126792111154121
698234	680812	17422	3739	9304494	8369470	1126792121427769
1080702	1062816	17886	3153	8019082	7575802	1126792130798193
856322	837406	18916	318	2374320	1681918	1126792134299781
388160	369020	19140	2058	5514758	4715152	1126792140473553
314836	282238	32598	3238	8318292	6979512	1126792149378171
731024	713920	17104	312	2628940	1545942	1126792153008319
1187138	1168222	18916	3157	7601956	7689698	1126792162074375
1083438	1064520	18918	3223	8199264	7718196	1126792171628603
1121788	1104728	17060	243	2201636	1797760	1126792175222913
1023510	1007206	16304	467	2019460	2147054	1126792178536641
728364	708368	19996	4652	10774570	10221404	1126792190311395
846508	827614	18894	4695	11402068	10425486	1126792202831429
197582	179222	18360	762	2967024	1911854	1126792206286479
1191798	1161874	29924	963	3095352	3327796	1126792210844679
505486	488504	16982	400	2466836	1494402	1126792214092311
371246	352676	18570	3189	7829784	6939260	1126792222564081
205968	179292	26676	4682	11305330	9759034	1126792234346633
724898	707424	17474	1819	5255138	4551878	1126792240597559
1173634	1156552	17082	895	3768540	3153604	1126792245810239
1179980	1160180	19800	320	2311052	2008776	1126792249572553
354346	336070	18276	3966	9550950	8475588	1126792259748819
408146	389880	18266	714	3176024	2026396	1126792263604599
1286332	1267264	19068	2764	6706422	7027950	1126792271868713
1175160	1157984	17176	1471	4522250	4306708	1126792277837525
1174142	1156444	17698	1798	5393028	4960096	1126792284676449
1207404	1158096	49308	3201	8314696	7799598	1126792294469641
938838	919636	19202	1900	9974766	4928810	1126792305654983
724724	706392	18332	4672	11257984	10258664	1126792317908781
588814	571092	17722	153	2340784	1084080	1126792321108819
282232	265544	16688	3198	7768104	6867696	1126792329430241
387434	368344	19090	588	2882626	1752986	1126792332971375
478724	461708	17016	2721	6835332	6132566	1126792340560581
1178060	1158130	19930	1103	3849908	3573486	1126792345859889
1176342	1158422	17920	2384	6352548	6133296	1126792353660119
495684	478716	16968	2908	7426146	6500708	1126792361853405
802302	784508	17794	372	2405288	1735918	1126792365331995
1183602	1159058	24544	3139	7674878	7673606	1126792374461239
1186942	1168942	18000	1263	4298726	3902436	1126792380218519
506100	488790	17310	2561	6958326	5817212	1126792387953621
1085472	1068162	17310	1519	4896296	4312106	1126792394206939
603660	586484	17176	1868	5662256	4530374	1126792400743085
769826	748430	21396	3472	8589992	7904440	1126792410375169
547006	529034	17972	4907	11630380	10550114	1126792422824271
1186202	1167796	18406	4167	10073182	9710334	1126792434359343
604728	588024	16704	951	3558400	2696842	1126792438793841
1010838	992868	17970	1851	5479556	4902092	1126792445555919
1208478	1190088	18390	1590	4880228	4577498	1126792451915515
186394	168284	18110	589	3134274	1552966	1126792455507381
649052	630782	18270	195	1767990	1232130	1126792458196043
1158818	1001354	157464	2721	7229510	6789014	1126792466855723
259928	242190	17738	2067	5862782	4582302	1126792473254775
657428	638198	19230	2388	6418246	5627522	1126792480602235
856038	744402	111636	4887	11382748	10818992	1126792493112729
1214100	1192634	21466	4998	11834264	11403048	1126792506432741
424934	408598	16336	1048	3773336	2710964	1126792510903505
1029926	1011670	18256	388	2221316	1995954	1126792514430483
358500	339478	19022	4060	9712026	8667692	1126792524772985
1176822	1158878	17944	918	3730008	3202434	1126792529951263
486692	456492	30200	3950	9625818	8576036	1126792540335049
943882	924262	19620	3299	8251402	7730998	1126792549802165
1074180	1056654	17526	2518	6870590	6300136	1126792558018401
1220056	1199192	20864	1972	5828066	5353736	1126792565338205
1182864	1160212	22652	2965	7786160	7302410	1126792574578979
648190	630178	18012	4362	10517392	9561668	1126792586016195
715226	698378	16848	4345	10532416	9594734	1126792597535151
892868	838336	54532	252	2244038	1586132	1126792600944729
181574	165358	16216	2260	5778684	4891722	1126792607233399
1178774	1158578	20196	3056	8065240	7479944	1126792616748545
1173856	1156568	17288	1249	4149434	3862320	1126792622343609
339118	321776	17342	3482	8334022	7493426	1126792631288793
1176450	1158914	17536	578	3135672	2521506	1126792635872055
1093308	1073618	19690	3726	8961956	8735206	1126792646198859
1188028	1160150	27878	432	2815322	2240922	1126792650473539
1276864	1158836	118028	1476	4862674	4418966	1126792656884329
537488	512648	24840	1578	4811578	3882824	1126792662508889
1178682	1160848	17834	2249	6336940	5865970	1126792670296055
1175674	1158462	17212	4532	10925738	10428168	1126792682668945
1191958	1174888	17070	38	1543208	1458202	1126792685675175
1178320	1159388	18932	701	2780466	2770364	1126792689905529
1202600	1184124	18476	2883	7440054	7157976	1126792698819745
934920	913976	20944	3978	9696010	9080362	1126792709725953
1177724	1158298	19426	3495	8879264	8357486	1126792720054701
887142	869260	17882	3730	8887428	8537544	1126792730100061
1214186	1155880	58306	4538	11000738	10480148	1126792742587005
484118	466284	17834	1181	4344542	3034508	1126792747686871
1286280	1268954	17326	2714	7302290	6904350	1126792756547001
1177066	1158264	18802	1225	4116350	3817390	1126792762111711
657550	640214	17336	2628	7175490	6103192	1126792770216165
1181186	1162362	18824	4001	9994198	9371340	1126792781663703
1181702	1159412	22290	1268	4469310	3906998	1126792787586161
1183218	1164020	19198	1116	3976352	3605002	1126792793017623
878226	859452	18774	4282	10193420	9632396	1126792804368561
532482	514144	18338	493	2900666	1707640	1126792808072779
495222	477316	17906	556	2514114	1819556	1126792811353489
921874	801796	120078	4864	10887294	10839512	1126792823434059
1175840	1158524	17316	3641	9060862	8647548	1126792833941961
322382	305188	17194	3694	8879690	7898954	1126792843414431
1175962	1158638	17324	3797	9534856	8960514	1126792854395939
1174608	1157494	17114	360	2361038	2084540	1126792858202545
713916	695790	18126	3414	8344176	7730492	1126792867531765
1184820	1168216	16604	2952	7834708	7277864	1126792876822625
1155108	1136742	18366	4922	11493874	11187750	1126792889746793
646130	629126	17004	998	3520466	2832434	1126792894183775
460658	443584	17074	2081	6206976	4812006	1126792901122243
1039464	1021796	17668	121	1934638	1473866	1126792904367045
1196956	1156324	40632	741	2855586	2869432	1126792908690481
1176378	1158996	17382	2532	7123402	6430490	1126792917261879
1250026	1213920	36106	1722	5088140	4886772	1126792923871445
559096	532138	26958	58	2147272	865706	1126792926848481
1043624	1026620	17004	1754	4882456	4740510	1126792933050983
765354	747142	18212	2074	6106450	5101820	1126792940208645
1175610	1156560	19050	2597	7038780	6559964	1126792948694841
1199370	1158792	40578	2080	6096502	5549022	1126792956262565
1028934	1011232	17702	1836	5410468	4890306	1126792962974073
4619848	4618062	1786	130	1769652	5069050	1126792969654955
1180654	1159258	21396	2069	6068092	5508526	1126792977175689
442212	422762	19450	2678	7218304	5987390	1126792985107167
455874	436580	19294	4911	11911296	10468488	1126792997744709
384370	366450	17920	1080	4043314	2733686	1126793002443199
807500	785482	22018	967	3613080	2931814	1126793007134291
1195054	1165346	29708	2463	6448774	6310982	1126793015049771
694308	676802	17506	1022	4044492	2927792	1126793020064979
642394	623650	18744	3603	9048064	8037248	1126793030026999
1178578	1161460	17118	1355	4494330	4078468	1126793035971171
967196	891058	76138	3710	9387010	8577416	1126793046595699
212962	195378	17584	4999	11667996	10400040	1126793058747339
1179754	1160580	19174	3502	8919832	8373032	1126793069118085
570136	550900	19236	163	2209032	1084860	1126793072168449
1172510	1155810	16700	2809	6988704	6980226	1126793080600735
1239204	1220942	18262	1627	5274288	4683156	1126793087385385
1223754	1206320	17434	2610	7179038	6633634	1126793096059841
1231768	1169454	62314	3908	9329036	9236200	1126793106891815
1254840	1161836	93004	288	2445836	2021232	1126793110868825
1173250	1155886	17364	3458	8796994	8277870	1126793121115165
1179040	1161410	17630	299	2107632	1966910	1126793124672915
1099604	1082502	17102	986	3594616	3261132	1126793129637471
632488	615264	17224	2761	7499858	6344350	1126793138042299
559872	542758	17114	3415	8636108	7580408	1126793147509593
1178010	1158882	19128	1169	4094040	3705252	1126793153053715
1245060	1227086	17974	2529	7033138	6492404	1126793161608683
869976	850522	19454	2766	7271714	6591806	1126793170021515
1291842	1160152	131690	3818	9666984	9117460	1126793181251297
1180930	1160914	20016	1750	5477008	4869262	1126793188180351
1314198	1295314	18884	2372	6423966	6248444	1126793196189563
1175536	1156616	18920	1229	4345822	3822192	1126793201982859
1262312	1159024	103288	4289	10389228	10029200	1126793213905529
747340	730030	17310	3973	9702942	8882064	1126793224626481
1308266	1158018	150248	3125	7871310	7747164	1126793234077337
457818	440848	16970	1993	5578520	4633780	1126793240384823
957092	938464	18628	1045	3701618	3236100	1126793245314069
1191788	1170424	21364	4853	11598748	11087512	1126793258376661
1131108	1113086	18022	533	3044812	2386738	1126793262823939
1177284	1160240	17044	615	2849382	2597332	1126793267126101
1182692	1165452	17240	392	2241110	2156186	1126793270821491
703168	629138	74030	1915	5366712	4723210	1126793277167899
8839700	8835572	4128	3939	9635966	16911888	1126793295915425
1178700	1159348	19352	2399	6696686	6166634	1126793304061251
819540	802530	17010	503	2922672	2014904	1126793308076033
1099448	1081236	18212	766	3492952	2820556	1126793312939921
698306	681372	16934	256	2224170	1400258	1126793316144721
1175462	1156452	19010	2662	6844894	6688746	1126793324435841
1175802	1158112	17690	4682	11216844	10728902	1126793337100099
1179642	1161030	18612	2947	7746282	7265994	1126793346297859
374848	328464	46384	3937	9689166	8438430	1126793356632963
953764	933286	20478	1218	4120634	3578626	1126793361977859
1178776	1158992	19784	367	2095166	2102620	1126793365522821
669922	651094	18828	4643	10917610	10145222	1126793377381871
1176074	1158024	18050	3985	9284780	9335030	1126793388113955
1179982	1160290	19692	1715	5076938	4800530	1126793394641819
487938	465506	22432	948	3648860	2572724	1126793399049743
787148	766446	20702	1741	5070538	4458536	1126793405182891
1182744	1162504	20240	3084	7848354	7548400	1126793414486443
1341662	1162858	178804	1612	5173478	4754338	1126793421273321
1176310	1158728	17582	82	1928336	1530948	1126793424649931
1173548	1156660	16888	541	2320918	2446038	1126793428415113
231574	208184	23390	1064	3673214	2549312	1126793432591105
1167600	1145622	21978	1438	4855086	4232696	1126793438885105
1176194	1158118	18076	4076	9506440	9518204	1126793449843625
336842	318416	18426	224	1938110	974966	1126793452390251
311990	292738	19252	447	2272280	1396058	1126793455245363
1180486	1159890	20596	757	3360350	2884422	1126793460057845
521974	503532	18442	4618	10745874	9946818	1126793471597243
945566	927218	18348	436	2458588	2006712	1126793475272795
722946	702696	20250	3427	8798586	7767028	1126793485064093
669094	651350	17744	270	2299126	1402396	1126793488308219
555672	537280	18392	3861	9129688	8467752	1126793498264733
938170	921210	16960	2504	7017106	6136096	1126793506491159
1296390	1158146	138244	748	3474520	2981682	1126793511533331
611988	595574	16414	979	3931500	2759902	1126793516348919
654784	636622	18162	2357	6426674	5558042	1126793523701635
949034	931482	17552	43	1903762	1224146	1126793526825875
363734	346264	17470	4633	10657584	9820088	1126793538122491
1177498	1159016	18482	2468	6818712	6303536	1126793546818173
1264136	1163442	100694	1151	4286868	3758426	1126793552644775
1175808	1158792	17016	3447	8654092	8259912	1126793562746361
1174532	1156274	18258	3099	7784534	7561222	1126793571977019
1178278	1159586	18692	1272	4352514	3911418	1126793577778731
364366	345344	19022	4199	10156894	8952554	1126793588570739
907206	889196	18010	1753	5241722	4603700	1126793594991519
1112154	1093398	18756	3094	8231060	7490242	1126793604610389
932790	913142	19648	2978	7830930	7079306	1126793613644961
638584	621916	16668	4698	11303776	10224332	1126793625858655
1277426	1164344	113082	3538	9035756	8543592	1126793636443413
764104	746460	17644	1790	5537518	4532780	1126793643016045
1182898	1163710	19188	184	1906076	1739798	1126793646398823
1178524	1160068	18456	2449	6023268	6266308	1126793653870401
1179716	1161526	18190	4167	10332288	9702376	1126793665653489
291600	266246	25354	2790	7192862	6060446	1126793673409325
1191400	1162388	29012	8	1790008	1396978	1126793676662943
1182374	1163920	18454	345	1911950	2061748	1126793680028025
1177768	1159584	18184	2434	6223534	6234718	1126793687701365
404370	247962	156408	1518	4916456	3629892	1126793693293911
1176284	1158010	18274	3876	9419966	9120716	1126793704161771
1175860	1158702	17158	475	2554836	2316430	1126793708163315
863728	845754	17974	628	2932826	2309872	1126793712231135
402904	384196	18708	3792	9257248	8175614	1126793722162253
1176174	1158970	17204	2114	6242408	5593258	1126793729851455
493552	475518	18034	2550	7166080	5781978	1126793737782791
1013414	996454	16960	138	2368490	1478164	1126793741436599
1175864	1158580	17284	4150	9399790	9665232	1126793752282985
1176870	1158988	17882	2659	7289890	6684746	1126793761021939
1311910	1164522	147388	1973	5339972	5446928	1126793767948891
1084010	1066872	17138	3768	9100522	8809376	1126793778404915
1177764	1160562	17202	4173	10172984	9712548	1126793790026609
339640	320088	19552	2066	5908660	4662048	1126793796546405
1056110	1036022	20088	157	2176824	1558726	1126793800050865
916804	897434	19370	3739	8859514	8584674	1126793810097499
495188	477926	17262	2993	7985778	6670484	1126793818849777
285378	266324	19054	728	2967646	1930382	1126793822377959
1186556	1166738	19818	183	1534302	1765490	1126793825369111
1191758	1172374	19384	4562	10377744	10505830	1126793837210213
1107536	1090118	17418	1618	4987044	4536776	1126793843575935
438918	315978	122940	970	3885846	2568276	1126793848171299
1239868	1156182	83686	4618	11112746	10666232	1126793860794139
0	0	0	0	0	0	0
1174952	1157984	16968	1157	3443128	3701850	1126793869305189
1179050	1161516	17534	3241	8420516	7849822	1126793879175219
689714	670626	19088	4692	10965424	10262784	1126793891101771
1177860	1158146	19714	411	2258832	2188518	1126793894809895
780178	762502	17676	546	2506142	2061596	1126793898372199
943086	919576	23510	3644	8966740	8421066	1126793908552991
1330278	1179286	150992	4623	10981796	10766610	1126793921136099
702942	685790	17152	2433	6726724	5758430	1126793928836699
2940542	2938548	1994	3730	9366866	10590698	1126793941420219
1220928	1160138	60790	3606	8862946	8622414	1126793951776533
218612	201432	17180	3548	9232166	7503892	1126793961498141
1177558	1159882	17676	901	3680550	3169856	1126793966627059
1275980	1157810	118170	193	2138488	1851346	1126793970313449
884474	867050	17424	897	3534780	2867502	1126793975003919
1178806	1161354	17452	687	3285640	2745550	1126793979744171
1183710	1163682	20028	4937	11512978	11247418	1126793992712991
377034	359292	17742	895	3623368	2355744	1126793996984265
939002	917806	21196	4204	10056374	9536490	1126794008256159
1310388	1158088	152300	1193	4300812	3885420	1126794014139501
1176468	1158750	17718	1157	4212022	3680004	1126794019799553
1175372	1158060	17312	1775	5504162	4915368	1126794026750409
1340584	1156860	183724	3359	8240810	8248140	1126794036603533
1175208	1156436	18772	2438	6510950	6240168	1126794044562081
841158	823966	17192	912	3751122	2854502	1126794049425999
1174170	1156360	17810	3817	9281394	8998288	1126794060152945
1198608	1177774	20834	1772	5156124	4931998	1126794066779333
269958	251164	18794	834	3660688	2128562	1126794070980639
1179836	1161716	18120	2446	6461384	6261826	1126794078898461
1175322	1157432	17890	3018	7854374	7401386	1126794088207879
1257312	1158472	98840	1080	3787050	3606838	1126794093523835
1184330	1164662	19668	326	2327494	2025206	1126794097306819
697886	679630	18256	2323	6290354	5537060	1126794104566291
447434	429430	18004	168	2101242	972686	1126794107385831
1167790	1147514	20276	2089	5550530	5535134	1126794114376141
749474	730726	18748	2884	7531728	6706918	1126794122927751
1176828	1158766	18062	2153	6059098	5672198	1126794130441061
1173678	1156126	17552	2873	7393902	7110058	1126794139279839
1175486	1159242	16244	4577	10723320	10521938	1126794151449571
571674	554454	17220	2046	5745006	4852776	1126794158037691
1179792	1161186	18606	3282	8198498	7932454	1126794167687731
1015402	998240	17162	2183	6139870	5570272	1126794175115291
1305754	1159120	146634	1024	3704794	3543864	1126794180397593
577098	558460	18638	3381	14812442	7529042	1126794196058813
1178980	1158696	20284	2619	7073552	6607326	1126794204582661
1174216	1154758	19458	2207	6275862	5776932	1126794212303811
1108630	1091398	17232	2764	7001980	6827140	1126794220686183
973528	953084	20444	1235	4169232	3633124	1126794226101031
530080	512228	17852	4500	10646830	9719586	1126794237549463
237222	208310	28912	2002	5998906	4431294	1126794244056587
1174302	1156438	17864	758	3204478	2879096	1126794248707623
1109464	1091486	17978	1917	5808022	5132876	1126794255896735
268318	247838	20480	4866	11524884	10190146	1126794267961503
1180950	1162830	18120	1565	4805982	4501292	1126794274220093
582530	463606	118924	2710	7175734	6190968	1126794282249605
1178388	1159704	18684	3802	9620586	8970748	1126794293319365
337542	319944	17598	3889	9438066	8308822	1126794303366439
326110	303382	22728	1803	5535426	4121694	1126794309498975
1193838	1175116	18722	3098	7718786	7579124	1126794318682629
573324	556112	17212	377	2498468	1516502	1126794322026071
1175292	1158322	16970	2894	7160868	7152824	1126794330633995
249060	223528	25532	1815	5380886	4067626	1126794336535731
692454	671262	21192	697	2955926	2274950	1126794340455075
453684	436300	17384	2187	6097716	5017852	1126794347278275
956928	939264	17664	3418	8324252	7982606	1126794356831433
446092	427390	18702	1080	4025746	2795750	1126794361578599
501468	483876	17592	4588	10807990	9867098	1126794373159859
523476	507000	16476	1679	5288426	4070510	1126794379243811
276554	253166	23388	3070	8131150	6606268	1126794387922835
324550	304492	20058	785	3559620	2083764	1126794392078791
1185214	1167496	17718	2971	7629786	7315894	1126794401165381
1175458	1157662	17796	1889	5321674	5143056	1126794407933565
1180816	1161228	19588	3379	8083472	8127956	1126794417468861
1204356	1164746	39610	1766	5233490	4926044	1126794424178361
1175598	1158330	17268	3274	8134744	7913954	1126794433759507
1177088	1157746	19342	1153	4188780	3671322	1126794439396943
1176326	1158178	18148	1844	5262150	5056800	1126794446106115
1395420	1157994	237426	4103	10098814	9790432	1126794457871165
245816	209636	36180	2491	6695418	5416876	1126794465083469
1181744	1162810	18934	2528	6930746	6431588	1126794473467353
336350	318340	18010	2361	6403220	5247538	1126794480477921
826468	809260	17208	3613	8830780	8241252	1126794490405969
545472	526710	18762	4592	11125680	9918296	1126794502348863
228814	210794	18020	3249	8222364	6916454	1126794511072119
704174	686672	17502	4848	11262968	10589862	1126794523311395
1291056	1273768	17288	965	3555292	3414854	1126794528428241
1178084	1159168	18916	2984	7817896	7335520	1126794537695211
1173380	1156046	17334	3223	8419966	7808188	1126794547560439
1055532	1037618	17914	2530	7030962	6304872	1126794555918513
778202	759132	19070	2681	7154546	6328788	1126794564123129
1033032	1012330	20702	1560	4918788	4341342	1126794570345905
640454	623116	17338	3364	8510320	7556890	1126794579767239
1178946	1160748	18198	3365	8621638	8098078	1126794589839651
515060	497774	17286	3213	8420560	7130594	1126794599047699
651722	633372	18350	1309	4491248	3462794	1126794604466331
1175876	1158412	17464	3605	8658336	8575162	1126794614572425
275394	258436	16958	360	2674224	1184912	1126794617793913
1229792	1160168	69624	4757	10891104	10934502	1126794630186215
1180914	1162358	18556	142	1965116	1655064	1126794633603315
1177082	1159958	17124	2001	5387672	5368826	1126794640439435
1180648	1159896	20752	3810	9301654	8991014	1126794651192881
799226	647552	151674	1020	3784116	3032718	1126794656047435
1179742	1162400	17342	3852	9543248	9073362	1126794667041899
1178244	1158660	19584	56	2034290	1482988	1126794670530353
352110	332302	19808	4159	9493972	8860462	1126794680648155
910836	891492	19344	3229	8106546	7558230	1126794689936795
689756	672580	17176	375	2218550	1628692	1126794693115681
1177640	1160488	17152	1427	4330064	4243366	1126794698895549
1152314	1129510	22804	3318	8116252	7977688	1126794708440135
795214	777350	17864	88	1971470	1162230	1126794711479019
692552	674628	17924	3309	7755254	7501368	1126794720198277
495986	474150	21836	4516	10462280	9717056	1126794731427619
356914	339960	16954	4325	10266722	9196738	1126794742322479
1183454	1162496	20958	1821	5412792	5014108	1126794749190965
1180260	1159948	20312	52	2043030	1474080	1126794752685773
319334	299978	19356	4542	10463738	9593184	1126794763740721
526756	393332	133424	291	2465336	1299226	1126794767004113
201892	184444	17448	3259	7894158	6909368	1126794775375209
1173226	1156256	16970	4029	10018594	9420044	1126794786838461
1178662	1158322	20340	4554	10486542	10474942	1126794798779819
1177318	1158656	18662	2045	5916076	5457220	1126794806144389
454592	431260	23332	2378	6647168	5399846	1126794813517595
1207734	1164298	43436	3803	9191778	9003644	1126794824188671
810506	791294	19212	2660	7368914	6319018	1126794832639399
261800	242810	18990	4020	9832766	8490870	1126794843004599
1192036	1162196	29840	3310	8429276	8005428	1126794852906801
1178562	1160758	17804	3669	9104854	8706622	1126794863465175
1175564	1158430	17134	3489	8936140	8342466	1126794873848119
9033738	9031892	1846	640	3087134	10503512	1126794886240285
886768	868030	18738	1712	5270972	4500866	1126794892669203
1173370	1156112	17258	2758	7175452	6880012	1126794901289715
483558	465346	18212	1168	3903036	3013970	1126794905947883
1279108	1160580	118528	780	3510386	3028418	1126794911007373
1285350	1268378	16972	278	2419534	2033472	1126794914987595
1174578	1156392	18186	4858	11262340	11078476	1126794927700719
1142316	1114912	27404	2826	7671766	6983884	1126794936786401
1192908	1158314	34594	2268	6376296	5919060	1126794944634939
380790	357344	23446	3785	9318680	8140890	1126794954604729
947292	929934	17358	4697	11009476	10530266	1126794966833149
1009780	986276	23504	2197	5782450	5592516	1126794973901581
1179806	1161846	17960	4071	9880886	9510984	1126794985233511
1287754	1269630	18124	3753	8958540	8984022	1126794995751379
1177936	1158684	19252	1188	4030566	3743638	1126795001231541
768146	749610	18536	1912	5502386	4817138	1126795007773671
926804	909512	17292	698	3082768	2511812	1126795012054325
1178512	1158620	19892	2219	6307964	5805598	1126795019811969
1176412	1156922	19490	4056	9661602	9477896	1126795030921783
849294	829702	19592	2425	6824202	5892802	1126795038884595
275934	254952	20982	2190	5760364	4846130	1126795045197181
1188856	1171148	17708	308	2615270	1994278	1126795049272081
756454	739342	17112	2187	6433800	5319632	1126795056733615
689758	535724	154034	1406	4926662	3692756	1126795062620885
604274	584766	19508	1209	3918298	3211226	1126795067415363
894420	877228	17192	2610	6866680	6304380	1126795075447461
1253298	1158706	94592	201	1892032	1916506	1126795078864315
1180378	1163224	17154	1784	4714704	4937814	1126795085035323
1179398	1162474	16924	2659	6788778	6685732	1126795093278299
1183454	1165480	17974	2130	6099718	5632038	1126795100832305
1218580	1164516	54064	1284	4330948	3974992	1126795106661361
320068	303218	16850	2430	6645384	5369710	1126795113896791
373738	355542	18196	4695	11318562	9953232	1126795125860361
1178218	1159192	19026	4905	11744378	11177168	1126795139054749
1232460	1160204	72256	2076	6092100	5574194	1126795146654953
1172962	1156010	16952	2692	7008326	6746332	1126795155107399
1173632	1156204	17428	3880	9587246	9127036	1126795166139953
1177318	1159196	18122	3979	9956442	9324236	1126795177545559
1176948	1158934	18014	4091	9889168	9549366	1126795188883079
1175344	1156152	19192	551	3043630	2471220	1126795193377493
1179424	1160358	19066	1069	3721432	3509594	1126795198549539
1176636	1156376	20260	3150	8111258	7665794	1126795208108665
1181250	1160036	21214	3413	8669676	8196628	1126795218231195
1186490	1167950	18540	1759	5091630	4894456	1126795224780383
858100	836196	21904	1770	5199816	4587932	1126795231109921
1177874	1160578	17296	4588	10681148	10542808	1126795243239635
605036	586184	18852	1953	5764600	4701858	1126795249880719
1174848	1157804	17044	4215	10173202	9794336	1126795261500453
1062366	1041356	21010	4713	10965824	10679110	1126795273799871
374042	355636	18406	2835	7257042	6234314	1126795281701499
1220602	1156576	64026	308	2446282	2026950	1126795285640019
1179108	1161758	17350	4377	10922618	10122646	1126795298012439
492394	474428	17966	2844	7698404	6370274	1126795306475631
1186844	1168180	18664	137	2004336	1650324	1126795309938079
936674	919328	17346	1670	4714076	4466422	1126795315859855
437702	418618	19084	4240	10353632	9107834	1126795326922793
1181614	1162566	19048	4037	9942018	9449058	1126795338322631
421120	403042	18078	3400	8419970	7411280	1126795347436065
1175870	1158902	16968	120	1799404	1605466	1126795350682795
1179018	1159798	19220	2891	7296970	7173162	1126795359429863
586768	569630	17138	3402	8511690	7581228	1126795368799551
683370	665514	17856	4914	11560400	10701022	1126795381318051
1140796	1123444	17352	4014	9921672	9359190	1126795392651413
