# Loop @ Start frequency 3400000Hz took 709.08 cycles
# Interval [708 ; 710]
# Q1 : 706 ; Q3 : 708
# Loop @ Target frequency 2700000Hz took 789.53 cycles
# Interval [786 ; 793]
# Q1 : 784 ; Q3 : 786
# Confidence intervals do not overlap, alternatives are statistically different with selected confidence level
Change time (with write) [cycles]	Change time [cycles]	Write cost [cycles]	Wait time [us]	Time since last frequency change request [cycles]	Time since last frequency change [cycles]	Detected frequency change timestamp [cycles]
1187740	1156132	31608	3567	3359517018	218440092	1127170102671869
1181644	1163352	18292	4812	11940702	10990366	1127170115995675
506448	489400	17048	907	4068590	2505232	1127170120770447
582744	566148	16596	3036	8496322	6840536	1127170130048689
952088	793992	158096	4996	12066522	11133038	1127170143269909
954008	933950	20058	2463	7286860	6066050	1127170151709785
1060322	1042626	17696	4156	10470888	9556196	1127170163439903
1174304	1157248	17056	3982	9910084	9324312	1127170174723913
1176596	1160240	16356	4075	10296802	9512334	1127170186396115
1262264	1157770	104494	3998	9882004	9443780	1127170197739685
998508	980736	17772	3427	9266374	8039676	1127170208203865
1174878	1157872	17006	2191	6664292	5742082	1127170216242151
1172554	1155796	16758	4544	11163978	10446326	1127170228777741
1255208	1161118	94090	3891	10126190	9221700	1127170240358299
1179086	1159586	19500	4101	10541300	9566952	1127170252278003
677346	660898	16448	3295	8951492	7452404	1127170262106273
1177970	1159372	18598	2535	7114260	6435726	1127170270600847
1175870	1157406	18464	27	2294786	1414762	1127170274270679
1177450	1159474	17976	2511	6391902	6384092	1127170282038231
1182706	1163798	18908	4626	11518798	10619990	1127170294941379
849112	831702	17410	4697	11874214	10428722	1127170307863655
1136900	1120282	16618	4859	11997728	11043508	1127170321197349
1174666	1157696	16970	1572	5315402	4504562	1127170327887097
1189744	1160972	28772	447	2966208	2268768	1127170332242141
606074	589462	16612	3556	9771428	7903030	1127170342818379
1174866	1158144	16722	4871	12118758	11101286	1127170356311091
1221628	1157692	63936	3275	8604010	7957652	1127170366335737
1021000	1001562	19438	1540	4999626	4285344	1127170372555089
862690	844470	18220	3078	8410322	7202652	1127170382026695
784632	765816	18816	1572	5440566	4113718	1127170388454583
918714	899842	18872	1286	5080060	3675926	1127170394652631
1042716	1025194	17522	4158	10365990	9543050	1127170406260535
436586	420664	15922	156	2318638	934080	1127170409214377
531432	514848	16584	590	2480242	1896016	1127170412425201
862674	846002	16672	1788	6063514	4624730	1127170419550387
1308302	1291246	17056	4822	12052058	11136470	1127170433109899
1188536	1166538	21998	271	3118580	1915510	1127170437616125
1059600	1041030	18570	2722	8028138	6689924	1127170446903109
482232	464670	17562	3041	8091252	6749622	1127170455675667
664092	647574	16518	1519	5564692	3886422	1127170462103503
619090	594330	24760	1506	5274578	3815740	1127170468200419
941138	922798	18340	4306	10909658	9738284	1127170480250361
1000598	964248	36350	3273	8505736	7731978	1127170489955779
1176172	1159088	17084	1904	5908660	5179366	1127170497255315
1173846	1155968	17878	2294	6798400	5947344	1127170505426921
1141200	1116982	24218	1597	5440962	4519710	1127170512208219
638066	621310	16756	2113	6233350	5049914	1127170519279023
918516	783028	135488	412	3191320	1927572	1127170523587441
33518	1928	31590	138	1642558	499350	1127170525462459
1183876	1166154	17722	3347	7441838	8063590	1127170534286737
0	0	0	0	0	0	0
861996	842580	19416	1746	4870522	4538352	1127170543918737
1173986	1157170	16816	4935	12037112	11232476	1127170557328675
1172502	1155794	16708	3464	9452786	8285618	1127170568153095
1174910	1158240	16670	3745	9432342	8852956	1127170578963421
1279228	1161618	117610	2732	7757846	6929054	1127170588199665
1172262	1155702	16560	1498	5551492	4353924	1127170595122655
1273800	1256148	17652	4146	10584586	9750552	1127170607180089
265276	184844	80432	1096	4711626	2642428	1127170612355525
525548	508582	16966	1260	4801650	3230838	1127170617881767
273770	181432	92338	4117	10279844	8692988	1127170628633897
1172696	1155348	17348	2011	6445060	5379092	1127170636450773
1056586	1039364	17222	172	2768488	1586794	1127170640474611
998174	981714	16460	2268	5900214	5718650	1127170647572181
1098188	1077912	20276	4094	10196116	9471048	1127170659066065
1281664	1159810	121854	745	3512556	2956922	1127170664059511
1172514	1155890	16624	2672	7719242	6700750	1127170673154287
1175790	1157868	17922	3355	9030374	8070950	1127170683559501
1174462	1155946	18516	1239	4754904	3837810	1127170689688135
1177660	1158010	19650	4099	10616014	9563820	1127170701681245
304048	272914	31134	3278	8793074	7044672	1127170710977541
824826	807584	17242	2673	7768752	6356752	1127170719770249
0	0	0	0	0	0	0
523414	506972	16442	1737	5846776	4183474	1127170733816731
222134	203226	18908	1406	5237056	3219016	1127170739475407
808580	791826	16754	797	3739174	2588900	1127170744221811
1172828	1155812	17016	643	3688372	2644314	1127170749282051
683010	666392	16618	3558	9376252	7983336	1127170759540137
604536	587904	16632	4047	10419590	8884000	1127170770763585
1306242	1287758	18484	882	4092250	3256370	1127170776361235
1284948	1268204	16744	2473	7298938	6415198	1127170785143903
1177600	1159732	17868	1585	5413346	4532936	1127170791934485
386826	332772	54054	2540	7117132	5651652	1127170799637633
1175248	1157816	17432	4264	10744104	9887796	1127170811755985
1183714	1157850	25864	2738	7871818	6847936	1127170821010379
1177256	1157708	19548	2733	8122942	6827848	1127170830509849
1183102	1166382	16720	4271	11149762	9909854	1127170843041619
793238	775462	17776	2902	8181934	6781834	1127170852215671
1176706	1159356	17350	3628	9554934	8618004	1127170863147021
739576	722060	17516	3111	8287854	7147302	1127170872373849
1183882	1167546	16336	266	2850866	1901992	1127170876608143
1173890	1156140	17750	4833	11032696	11027696	1127170889014021
1238372	1194398	43974	157	2474400	1737416	1127170892926485
21254	1934	19320	226	1882542	662870	1127170895029379
1180334	1163762	16572	1531	3807266	4427518	1127170900216383
639408	622742	16666	3004	8104618	6832902	1127170909159407
1186098	1164734	21364	3731	9329004	8832974	1127170919873999
1184012	1166724	17288	4131	10498582	9634260	1127170931755809
1305698	1288160	17538	3481	9127132	8452516	1127170942387453
389454	373144	16310	587	3485132	1748158	1127170946461169
1176246	1157604	18642	4252	9723432	9864938	1127170957559887
259744	241262	18482	3693	9848708	7835194	1127170967867263
657538	639296	18242	3638	9676738	8119772	1127170978401001
626514	609704	16810	2737	7462804	6285930	1127170986689899
355342	337702	17640	1854	6081988	4248140	1127170993326659
1137912	1119442	18470	262	2905606	1846124	1127170997569217
700018	682702	17316	2312	7328554	5508208	1127171005797259
792632	772898	19734	533	3250776	2044068	1127171010039857
1138160	1118646	19514	3593	9641706	8508852	1127171021023301
815920	798758	17162	99	2382920	1199250	1127171024421047
1174774	1158106	16668	4288	9818636	9934722	1127171035613819
1201566	1183464	18102	4109	10572906	9603478	1127171047588467
319808	301380	18428	2408	7085350	5321072	1127171055192685
1183402	1163544	19858	3027	14268510	7422248	1127171070844157
197386	179614	17772	4985	12013068	10353072	1127171083254023
1178040	1159436	18604	678	3779766	2719294	1127171088410683
272922	253448	19474	2117	6440698	4691426	1127171095323491
1178966	1161294	17672	2293	6881496	5949456	1127171103583445
911964	892756	19208	1789	5788676	4675006	1127171110482423
634832	617774	17058	914	3784486	2648570	1127171115101271
1175244	1158690	16554	4153	11023446	9666810	1127171127499587
1190876	1174090	16786	1515	5313564	4406366	1127171134203143
1179330	1161316	18014	1040	4289506	3443352	1127171139871581
1288494	1157710	130784	4496	11327860	10464566	1127171152686623
812540	794692	17848	3415	9140522	7827432	1127171162838563
953556	931610	21946	4104	10292116	9346918	1127171174283535
405608	388972	16636	3390	9011666	7370416	1127171183899485
412222	394366	17856	3186	8339280	6968602	1127171192850067
1175974	1157130	18844	4864	11736352	11088382	1127171205961731
1177688	1158584	19104	3823	9916924	9008912	1127171217255337
776746	756832	19914	4098	10718832	9158792	1127171228950285
1176996	1158610	18386	155	2658370	1671906	1127171232984509
595664	579118	16546	3875	9019430	8531684	1127171242799097
1177156	1158684	18472	4861	12183300	11084978	1127171256358513
538782	515946	22836	2928	8357978	6579292	1127171265454045
543284	524168	19116	110	2540962	949028	1127171268738521
328918	310406	18512	1900	5043580	4314848	1127171274310115
1173780	1156402	17378	4545	11571680	10449438	1127171287254855
1173204	1156234	16970	3369	9041002	8096154	1127171297668223
1174344	1157402	16942	2297	6638026	5953890	1127171305679301
1183904	1165636	18268	4406	11096104	10181612	1127171318158777
896590	878118	18472	787	3641050	2655938	1127171322899423
1212992	1159570	53422	3521	9330374	8439920	1127171333641743
559848	544146	15702	2005	6423722	4759178	1127171340824553
1175082	1157670	17412	1318	4830700	3996826	1127171347029731
1177906	1159028	18878	4294	10735964	9951110	1127171359142463
1174058	1157460	16598	824	3924804	3006682	1127171364440565
1175324	1157422	17902	1278	4851072	3916670	1127171370665805
1233126	1162886	70240	2680	7667280	6777762	1127171379765551
1175476	1157758	17718	1094	4446294	3550938	1127171385585819
1174464	1157736	16728	3047	8307346	7453040	1127171395266775
1180574	1163494	17080	162	2456340	1688990	1127171399102811
263884	181574	82310	1420	4214012	3292678	1127171403780079
445022	426164	18858	1616	4606590	3867240	1127171409031177
1174594	1155920	18674	4621	11549944	10602924	1127171421954697
1182516	1164498	18018	1886	6124476	5138834	1127171429460565
827758	811042	16716	4189	10724150	9390114	1127171441211663
1181910	1164616	17294	4642	11541546	10651078	1127171454133755
385868	292282	93586	2200	6606174	4970350	1127171461331661
1174588	1157782	16806	4100	10184970	9558870	1127171472890287
747324	730660	16664	3859	9804338	8651180	1127171483640911
1177382	1158636	18746	1704	5737658	4769542	1127171490754955
1175764	1157780	17984	4153	10451592	9667086	1127171502581257
404096	385534	18562	3768	10159288	8125422	1127171513343487
1175942	1155308	20634	2718	7770898	6795498	1127171522489247
1264162	1245292	18870	3756	9755066	8960482	1127171533707411
1172680	1155894	16786	1692	5710552	4744346	1127171540789823
1175130	1157024	18106	4481	11089788	10322780	1127171553254207
910954	893820	17134	1863	6191452	4822232	1127171560555977
1087104	1067066	20038	2575	7421632	6423486	1127171569264047
456798	322142	134656	1574	5433508	3790098	1127171575353715
873690	856726	16964	4855	12159964	10768730	1127171588586487
1175356	1157692	17664	44	1925028	1448076	1127171591886133
658016	640464	17552	4716	10717942	10275624	1127171603460729
1249462	1231092	18370	3488	9208484	8410750	1127171614118059
1055614	1036658	18956	2537	7393488	6314474	1127171622770131
1251380	1231358	20022	3773	9807628	8983218	1127171634027859
1363012	1345798	17214	320	3097544	2189226	1127171638691445
1174958	1157272	17686	1013	4803760	3387026	1127171644869337
1130502	1113664	16838	613	3560022	2541354	1127171649758861
1178726	1158488	20238	4795	11995990	10957888	1127171663132985
1178784	1161112	17672	1000	4253904	3363242	1127171668765005
957678	941276	16402	2181	6700218	5505204	1127171676621821
1176104	1155824	20280	4979	12249788	11318878	1127171690246149
1177986	1159080	18906	1799	6034852	4960648	1127171697657979
815262	797296	17966	1483	5377202	3969538	1127171704049203
1235306	1218574	16732	1306	4907940	4032834	1127171710395183
1168162	1148822	19340	1083	4450666	3518672	1127171716214007
1110992	1094562	16430	2629	7537054	6554608	1127171725060783
1174716	1157478	17238	847	4172760	3055046	1127171730606459
871034	853338	17696	3437	9170178	7928882	1127171740846657
1199356	1157220	42136	2324	7049724	6033044	1127171749294939
772230	755736	16494	2335	7205308	5626142	1127171757471755
1154226	1136850	17376	4813	11879164	10966234	1127171770703659
382576	365616	16960	4546	11188486	9660496	1127171782473921
1174014	1157320	16694	3083	8510088	7526188	1127171792357285
1174440	1157220	17220	4348	11074312	10055576	1127171804805617
745478	728744	16734	1639	5543790	4208390	1127171811294595
0	0	0	0	0	0	0
1099130	1082590	16540	3991	10662104	9269468	1127171837342043
1061322	1043414	17908	895	4379804	3036106	1127171842982171
273044	256628	16416	130	2586042	717594	1127171846039903
394328	376832	17496	3547	8460080	7674444	1127171855097109
1191484	1172176	19308	2350	7252526	6077890	1127171863740161
1175248	1158114	17134	3611	9109620	8582976	1127171874223885
1184180	1164714	19466	3071	8187148	7510798	1127171883794737
1311000	1292570	18430	3121	8632886	7771846	1127171893937503
573092	556148	16944	3537	9129096	7836528	1127171903839517
860822	843474	17348	1541	5483326	4127674	1127171910383165
359540	341398	18142	4851	11826054	10247136	1127171922767805
492050	473228	18822	3520	9185202	7716852	1127171932644209
1281236	1159498	121738	3752	9622358	8971202	1127171943747337
1200258	1155738	44520	1926	7677294	5236958	1127171952824295
1312704	1161872	150832	4751	11586534	10999894	1127171965922645
491864	475418	16446	2108	6461986	4896194	1127171973075743
1175970	1158232	17738	3409	9168808	8178514	1127171983619779
795584	777434	18150	1582	5242388	4144700	1127171989857325
1200622	1181700	18922	1307	4632716	3998976	1127171995890321
290544	264028	26516	3269	8996256	7014198	1127172005376169
935854	915638	20216	1444	4948000	4008128	1127172011459423
1153504	1125440	28064	367	2946564	2072910	1127172015759085
1176772	1159468	17304	4526	11449182	10417526	1127172028584231
1176022	1159482	16540	1010	4250084	3381762	1127172034209405
1052382	1034520	17862	3218	8696266	7673578	1127172044157723
735772	718240	17532	4507	11214070	9934996	1127172056311025
1177634	1159778	17856	3592	9572378	8546496	1127172067260805
933876	911436	22440	4429	10866746	9976336	1127172079260953
1286960	1159820	127140	2363	7055058	6199354	1127172087801995
1172736	1155876	16860	3697	9531848	8751804	1127172098705647
644100	627178	16922	765	3882026	2358166	1127172103430977
672838	656104	16734	3037	8634704	6935560	1127172112937645
996520	979916	16604	1186	4888102	3554258	1127172119021313
1178320	1159480	18840	2722	7670772	6808316	1127172128069021
915104	897294	17810	2586	7472362	6332988	1127172136659737
1180960	1164296	16664	2562	7185632	6488768	1127172145225503
1179148	1159564	19584	3618	9782520	8601988	1127172156385645
807424	789900	17524	410	3296092	1812300	1127172160687885
1178290	1160956	17334	4858	12399368	11079230	1127172174464645
627554	609816	17738	1582	5230468	3976122	1127172180521845
1175888	1157616	18272	3846	10231046	9052768	1127172192128113
1176878	1159412	17466	3808	9995322	8977326	1127172203502995
1191198	1173230	17968	616	3315802	2608516	1127172208209263
1175254	1158788	16466	730	3675734	2820940	1127172213259327
766622	747852	18770	4975	12471212	10902288	1127172226696565
1177512	1160670	16842	3171	8585982	7704500	1127172236659383
633394	616216	17178	3263	8821946	7344170	1127172246313187
1233480	1214042	19438	3658	9427306	8735568	1127172257173183
1315702	1297224	18478	2970	8478482	7440686	1127172267167325
1149976	1131550	18426	1899	5901096	5132608	1127172274417557
1387412	1385492	1920	4467	10966636	10506654	1127172286970953
1178146	1158950	19196	4256	10821484	9875952	1127172299169529
1174812	1157660	17152	1769	5656734	4897514	1127172306200129
1175218	1158362	16856	4276	11112062	9912968	1127172318686463
1182694	1164274	18420	301	3200090	1970264	1127172323267927
1182678	1164972	17706	3424	9284084	8215180	1127172333933805
789276	770872	18404	2861	8294226	6695576	1127172343216325
1180526	1162408	18118	4112	10233950	9590054	1127172354829485
1229466	1162864	66602	4151	10340280	9716230	1127172366598315
1027434	1010202	17232	2256	8749490	5723614	1127172376574239
1176932	1156248	20684	4034	10688952	9429488	1127172388639641
1175872	1158192	17680	4903	11843510	11166724	1127172401858481
271994	254206	17788	1688	5595402	3835720	1127172407924563
1172358	1155816	16542	2109	6488744	5574724	1127172415784857
1174622	1156630	17992	1608	5476162	4579416	1127172422635071
561554	543898	17656	962	3866122	2670614	1127172427261951
1181700	1165060	16640	3338	9345506	8042442	1127172437988017
0	0	0	0	0	0	0
996042	976766	19276	1482	5104138	4144792	1127172449410287
1176352	1158590	17762	3071	8178636	7503876	1127172458964531
1177450	1161014	16436	4014	9980310	9390914	1127172470321529
1175870	1159372	16498	1443	5103252	4247130	1127172476799919
636518	620134	16384	1781	5972910	4384326	1127172483608515
1175428	1157778	17650	2561	7386252	6483442	1127172492369337
319424	285306	34118	2849	8285522	6202910	1127172501173287
1175120	1158062	17058	1244	4671894	3848170	1127172507218943
1179258	1159266	19992	2967	8212148	7297838	1127172516808983
906544	888142	18402	1604	5480002	4299110	1127172523394247
1183794	1166658	17136	39	2300472	1446054	1127172527077443
737746	721424	16322	1695	4751022	4312322	1127172532765351
1175430	1157198	18232	4374	10966922	10109630	1127172545106935
1177166	1157804	19362	3531	9255742	8424028	1127172555738605
1172918	1155574	17344	2513	7314092	6386804	1127172564424287
1175574	1156932	18642	2483	7227714	6327452	1127172573026893
1174972	1158448	16524	4695	11791642	10749500	1127172586192205
802328	784552	17776	2080	6485880	5146560	1127172593679473
1174438	1157002	17436	4985	12142626	11330918	1127172607195475
1174858	1157398	17460	4703	12008326	10765110	1127172620577819
1175270	1158002	17268	3532	9453454	8423716	1127172631406143
1182278	1164818	17460	2604	7425248	6574920	1127172640213069
950228	921978	28250	4218	10970030	9571446	1127172652332937
581018	563696	17322	596	3520768	1958512	1127172656633689
579986	562728	17258	4133	11065922	9030476	1127172668478565
1174270	1155234	19036	4664	11662610	10688606	1127172681514767
1182406	1159632	22774	3903	9908330	9173236	1127172692804787
1198364	1181160	17204	1905	5774712	5194002	1127172699976727
1319784	1159180	160604	3540	9286650	8584580	1127172710798057
1172770	1156052	16718	4592	11554998	10541260	1127172723724937
1160946	1123722	37224	4918	11933892	11182848	1127172737019021
688520	671942	16578	1158	4365714	3190256	1127172742272525
1176910	1159108	17802	856	3986522	3074804	1127172747634909
716834	700204	16630	3235	8820158	7375516	1127172757370745
1175370	1156378	18992	553	3274210	2465974	1127172762019243
1175536	1157790	17746	3179	8827768	7718892	1127172772225321
662980	646308	16672	4849	12218906	10545186	1127172785306651
1176384	1157908	18476	4083	10299530	9528312	1127172796981977
885066	862416	22650	4279	11003030	9627194	1127172809068571
1173142	1155798	17344	3894	10199786	9146454	1127172820640539
751376	733984	17392	1731	5801786	4399080	1127172827392745
221304	202668	18636	2542	7373366	5490390	1127172835186621
3269890	3267862	2028	1197	4703670	5847710	1127172843359127
541894	524544	17350	4572	11255172	9869974	1127172855355045
1181882	1160502	21380	4725	12090784	10819914	1127172868826927
1083952	1066450	17502	1616	5598946	4502352	1127172875708967
592068	575106	16962	2907	8201212	6594656	1127172884701007
1182592	1164740	17852	2035	6171118	5437464	1127172892253465
1125984	1108090	17894	251	2851948	1813514	1127172896430831
318258	288586	29672	4439	10244920	9384250	1127172907193023
809670	793254	16416	4084	10402518	9162896	1127172918604327
374390	357360	17030	3836	9900600	8231766	1127172929078995
1176198	1159564	16634	1843	6048386	5047072	1127172936502755
1498908	1254860	244048	2724	7754854	7132252	1127172945955385
1174164	1156324	17840	2228	6865626	5815248	1127172954194557
879250	861236	18014	4334	11132668	9733190	1127172966405567
516170	499702	16468	220	2662198	1141742	1127172969782445
1174454	1155102	19352	2469	6320942	6298684	1127172977476699
1195956	1176344	19612	4381	11098416	10143884	1127172989970101
263984	246682	17302	3324	8511040	7096352	1127172998944057
622068	600116	21952	1701	5391012	4208304	1127173005156051
6854812	6853048	1764	2389	7106804	11817176	1127173019316761
1176010	1157750	18260	1254	4672458	3868342	1127173025363875
1172870	1156416	16454	1146	4117250	3650874	1127173030852703
863036	845064	17972	1524	5158006	4096020	1127173037072805
1179868	1161136	18732	2838	7807748	7040806	1127173046259583
1174802	1156958	17844	757	3529010	2873782	1127173051162487
1183546	1160936	22610	1387	5124270	4141582	1127173057669131
567614	551080	16534	1916	6212744	4587526	1127173064649181
1178580	1158412	20168	778	3937510	2919376	1127173069964085
1175042	1157534	17508	3625	9312692	8612770	1127173080650503
1178464	1161282	17182	1366	5269386	4095684	1127173087297845
1188660	1169632	19028	4116	10248466	9606280	1127173098933937
1174372	1157512	16860	3541	9500122	8441438	1127173109807583
1179978	1159836	20142	2343	6734100	6051620	1127173117921129
913300	895582	17718	138	2383152	1376390	1127173121416417
581468	564836	16632	3398	8157372	7562510	1127173130354541
1105382	1089008	16374	577	3501834	2444840	1127173135160387
1176986	1158234	18752	4330	11189534	10023278	1127173147725903
987192	970114	17078	1997	5915870	5166442	1127173154828045
379686	294154	85532	751	3819218	2066992	1127173159226509
1179750	1161392	18358	304	3045000	1974360	1127173163650533
1049598	1031574	18024	1683	5897006	4601406	1127173170796341
597328	578864	18464	24	2483904	830820	1127173174076045
747802	730146	17656	4052	9586106	9037140	1127173184612451
450668	432318	18350	1074	4445362	2783820	1127173189707293
1243420	1223716	19704	192	2904506	1812420	1127173194054005
1173738	1156724	17014	1046	3459484	3455064	1127173198890295
581900	565210	16690	1820	5953224	4405836	1127173205624375
893944	874598	19346	1357	4860934	3791918	1127173211578377
195276	177980	17296	503	3003080	1386574	1127173214975709
1184944	1166312	18632	3001	7233642	7372776	1127173223593285
1048056	1030760	17296	4432	11273928	10099992	1127173236114301
1176270	1159054	17216	3206	8535110	7774400	1127173246028463
1174302	1157900	16402	901	4211072	3162310	1127173251616447
1269062	1167674	101388	4711	11686802	10876168	1127173264771087
780810	762004	18806	1660	5717758	4285708	1127173271468791
1172138	1155512	16626	689	3624100	2734828	1127173276464055
1198118	1173640	24478	3718	9556644	8817982	1127173287417993
763880	679380	84500	4450	11108702	9850188	1127173299489657
1179084	1160654	18430	3635	9311102	8634672	1127173310178803
1190226	1164742	25484	1159	4447970	3693164	1127173316015847
1105112	1090456	14656	4807	12040112	10903892	1127173329364549
863512	846162	17350	4644	11590176	10323954	1127173342004971
873410	855144	18266	339	3153912	1736726	1127173346234835
1175178	1158080	17098	3398	8158082	8156866	1127173355766509
1066088	1048878	17210	1625	5477644	4503954	1127173362509405
1178902	1160416	18486	3388	9290446	8139390	1127173373178115
463020	375098	87922	2588	7290050	5824408	1127173381130149
1178488	1157812	20676	4440	11343914	10244506	1127173393851531
551254	533542	17712	2426	7090770	5590770	1127173401692247
789012	771936	17076	1390	5117504	3757854	1127173407797951
721818	701448	20370	517	3532270	1940768	1127173412250725
1007388	990426	16962	3612	10179382	8415212	1127173423636235
1173970	1156814	17156	3997	10209750	9352314	1127173435218725
637352	621010	16342	1515	5229132	3853132	1127173441284049
1109722	1091596	18126	4807	11889560	10907636	1127173454482313
422358	403098	19260	2226	6686038	5060244	1127173461788869
1176246	1159726	16520	2777	7901064	6918430	1127173471064727
627506	609098	18408	1518	5252878	3848288	1127173477143939
755912	737786	18126	4911	12079138	10762348	1127173490178229
637746	610838	26908	1246	4742694	3315836	1127173495758035
1179402	1155642	23760	3597	9628584	8558704	1127173506765497
798460	781060	17400	3397	9034112	7765068	1127173516784577
831376	812986	18390	1898	5742344	4812664	1127173523557451
1174994	1156980	18014	3990	10526926	9343444	1127173535458937
1129788	1113454	16334	1573	5071916	4461754	1127173541859703
481278	462882	18396	2998	8008856	6661936	1127173550549111
1157406	1139460	17946	4025	10437842	9391920	1127173562343163
1176476	1159534	16942	903	4031666	3167136	1127173567750179
1175582	1157670	17912	4058	10264160	9477150	1127173579389215
521708	503240	18468	2849	8066494	6405848	1127173588177273
1203142	1160018	43124	2038	6362868	5464816	1127173595942657
348810	331394	17416	2576	7493786	5686458	1127173603984259
509322	357582	151740	1794	6102810	4282190	1127173610798723
419332	399902	19430	3309	8731302	7221588	1127173620148657
422374	403120	19254	1021	4343212	2650448	1127173625117645
722342	705476	16866	2521	7670522	5949216	1127173633709567
1280178	1262902	17276	256	2752252	1976064	1127173637941401
1177614	1159492	18122	1647	5846518	4656818	1127173645164767
1175714	1159392	16322	3051	8496818	7462962	1127173655036777
1174016	1156532	17484	82	2239062	1523384	1127173658649049
3585430	3583234	2196	3606	8582752	10985478	1127173671016375
401428	382918	18510	1823	5890578	4232772	1127173677508303
882250	863264	18986	2797	7918764	6661734	1127173686509073
1173688	1156184	17504	2847	8036374	7052080	1127173695918405
1178358	1158614	19744	4533	11407068	10430192	1127173708702995
770306	752908	17398	2314	7066288	5582622	1127173716738891
1176294	1159422	16872	1416	5097812	4193842	1127173723212831
1176636	1157848	18788	4815	12053694	10991728	1127173736643073
982958	965780	17178	1925	6204022	5017950	1127173744029337
1174248	1157632	16616	804	4012374	2968118	1127173749418577
506400	489516	16884	3314	9046786	7319004	1127173759170677
1386432	1369516	16916	3590	9270178	8751592	1127173770026617
579854	563212	16642	4213	10662164	9190912	1127173781471967
1176064	1157960	18104	4843	11988830	11048234	1127173794836019
1177132	1157618	19514	2107	6384974	5576382	1127173802597075
635588	617044	18544	466	3111362	1753572	1127173806543505
21740	1932	19808	165	1695338	539702	1127173808459687
1175060	1157660	17400	3640	8121070	8640470	1127173817954845
483056	464592	18464	929	4216074	2525868	1127173822852841
1284140	1159288	124852	4618	11625228	10704894	1127173835961805
1176646	1157498	19148	3585	9312286	8534230	1127173846650239
1174770	1156296	18474	169	2596080	1697536	1127173850620313
1194238	1177146	17092	887	3141932	3157462	1127173855155753
1174956	1156800	18156	3960	10298484	9280476	1127173866828405
1178550	1159462	19088	1222	4603816	3807356	1127173872809943
687466	670392	17074	256	2832562	1383338	1127173876528849
1191018	1167250	23768	2861	6977362	7098564	1127173884896297
506622	489402	17220	1736	5727768	4162712	1127173891329861
197130	178004	19126	747	3899968	1876560	1127173895626365
1271504	1156326	115178	4831	11025942	11122228	1127173908122657
1273220	1158734	114486	3066	13601626	7588960	1127173923200217
1186306	1155572	30734	3173	8763176	7716262	1127173933349249
1179068	1159270	19798	840	4154422	3045552	1127173938881981
983560	966930	16630	3440	9261262	8048686	1127173949326393
1177976	1159088	18888	639	3541296	2640678	1127173954244745
1177340	1157980	19360	4969	12186774	11299828	1127173967808001
875470	858740	16730	2874	8099586	6808194	1127173976982063
613134	597008	16126	2794	8157490	6385544	1127173985951675
1273078	1255710	17368	1947	6484934	5351286	1127173993909555
850032	831108	18924	3675	9731914	8384982	1127174004690437
900466	881468	18998	2683	7644800	6451592	1127174013434769
1311610	1156886	154724	2129	6325694	5754450	1127174021271875
1173846	1156864	16982	1178	4772102	3715866	1127174027416091
568096	551406	16690	4357	11079026	9466090	1127174039262207
835128	818364	16764	2768	7866724	6556712	1127174048163181
1174912	1157612	17300	1728	6006296	4815560	1127174055546945
1171988	1155264	16724	1345	4892284	4046768	1127174061809939
1177590	1159664	17926	2397	7326602	6156370	1127174070513467
1314812	1254680	60132	4420	11329176	10339290	1127174083356491
1192432	1173934	18498	4668	11737402	10700638	1127174096474143
1178478	1161328	17150	2509	7386366	6382342	1127174105238103
543378	525980	17398	2084	6552124	4896098	1127174112532965
1176330	1159202	17128	1008	4353616	3378070	1127174118261863
1175520	1157854	17666	989	4338802	3338024	1127174123974995
1092962	1075380	17582	2209	6430062	5700112	1127174131700381
1173610	1156382	17228	2132	6411456	5621806	1127174139484967
1210756	1187046	23710	529	3405402	2453928	1127174144300073
1172400	1155768	16632	1889	6203792	5136162	1127174151875635
1178182	1158864	19318	480	3349180	2324354	1127174156601419
1060650	1043604	17046	1836	6268352	4917498	1127174164129847
1180862	1164112	16750	3609	9301116	8583180	1127174174813955
825116	807590	17526	3931	10237736	8871520	1127174186076137
1179374	1162240	17134	997	3815976	3358140	1127174191274339
1173644	1157140	16504	83	2547446	1524872	1127174195194609
592370	575600	16770	1970	5359032	4718246	1127174201345273
1182146	1162648	19498	897	4374994	3159970	1127174207100985
1094342	1076996	17346	3170	8847170	7618432	1127174217241137
1044348	1027070	17278	4614	11852364	10456460	1127174230337021
1097376	1080328	17048	4075	10407074	9432878	1127174242039955
1174582	1157776	16806	1936	5880348	5236000	1127174249297125
1194958	1178470	16488	3810	9887672	9000478	1127174260579423
1214874	1159526	55348	4699	11507664	10798386	1127174273501241
684414	531160	153254	2703	7883942	6282706	1127174282268677
1238740	1220376	18364	571	3606522	2565106	1127174287313005
1175502	1156006	19496	2121	6590040	5602732	1127174295277669
1267742	1251384	16358	204	2715434	1860754	1127174299459885
1180164	1161108	19056	653	2673652	2675052	1127174303512281
1205740	1159070	46670	4899	11166288	11188102	1127174316083745
469674	452242	17432	1951	5932290	4559602	1127174322687643
1139332	1121012	18320	1533	5497270	4390086	1127174329523273
646850	628512	18338	875	4023866	2580784	1127174334392659
1177050	1160764	16286	1820	6040176	5001440	1127174341808861
1173080	1156478	16602	1624	5555964	4610458	1127174348736835
333402	315108	18294	4226	10817642	8970796	1127174360087101
1175926	1159586	16340	2530	7270290	6421704	1127174368735543
0	0	0	0	0	0	0
715170	698968	16202	2017	5397216	4937736	1127174379182701
396878	362658	34220	4637	11743694	9854848	1127174391522287
542062	521304	20758	3099	8210094	6924070	1127174400473431
1316694	1157854	158840	3072	8291106	7645884	1127174410279991
280288	262556	17732	4460	11160080	9383990	1127174421919509
1174206	1157760	16446	2320	6768578	6001870	1127174430061351
638190	610950	27240	3691	9514714	8205290	1127174440417275
1257212	1236276	20936	3515	9130874	8472540	1127174451004193
1174280	1159116	15164	1689	5599222	4738192	1127174457977125
758056	743140	14916	4036	10420830	9002892	1127174469346793
1268160	1156430	111730	3330	9217400	8101486	1127174480018917
913118	755942	157176	3527	9303568	8152806	1127174490437817
1186852	1163988	22864	4512	11309600	10395478	1127174503133463
1174730	1157932	16798	4272	10668488	9904490	1127174515175235
302066	285510	16556	2431	6905832	5348048	1127174522582503
1192786	1157212	35574	1271	4494688	3919472	1127174528469217
632134	614652	17482	270	2835192	1357354	1127174532136503
1118274	1101354	16920	1835	4925842	4972742	1127174538382619
240806	204288	36518	2272	6830740	4969152	1127174545653043
642660	624780	17880	1381	5178326	3593602	1127174551672885
1174508	1158014	16494	2583	7372054	6525826	1127174560418651
365910	348758	17152	4192	14984358	8935660	1127174575967955
555584	448906	106678	4268	10635054	9280160	1127174587361549
1176036	1159028	17008	2526	6897464	6413480	1127174595633937
839530	821374	18156	4175	10578908	9374406	1127174607251327
1148684	1132264	16420	1343	5197496	4018986	1127174613796437
1180650	1159918	20732	2034	6198208	5434038	1127174621374349
1178932	1160148	18784	894	4215992	3151320	1127174626968597
388592	370048	18544	3835	9752034	8244776	1127174637308165
699176	681420	17756	1528	5178226	3940192	1127174643384703
446510	429682	16828	3525	9389528	7682288	1127174653419943
1177432	1159676	17756	2292	6866100	5945472	1127174661662817
1172436	1156088	16348	421	3211068	2202246	1127174666245787
1177022	1159756	17266	1282	4964368	3925696	1127174672586327
721170	704038	17132	1609	5473820	4124286	1127174678980395
1177692	1157944	19748	4497	11491720	10356774	1127174691848873
1174386	1157358	17028	1542	5110904	4442880	1127174698333499
1175542	1157384	18158	1225	4699978	3811736	1127174704408605
778218	759882	18336	3580	9437034	8123846	1127174714823183
301392	279480	21912	371	2924826	1228252	1127174718248361
1191456	1171868	19588	2230	5825004	5835782	1127174725464239
638430	623214	15216	2381	7373128	5575476	1127174733663147
973594	957018	16576	2057	6260564	5261054	1127174741084367
338638	322014	16624	3524	9105286	7570686	1127174750727363
1177980	1160936	17044	2149	6164254	5660408	1127174758268637
1176612	1159316	17296	4944	12494830	11250170	1127174772139127
1175724	1158880	16844	3449	9262666	8257614	1127174782780177
826966	809516	17450	4539	11421034	10089374	1127174795227297
593844	577374	16470	192	2687520	1162812	1127174798708169
1178438	1159676	18762	2481	6329276	6330040	1127174806414711
1177380	1159902	17478	4389	10992302	10141372	1127174818783585
1174402	1157732	16670	2949	8201756	7257364	1127174828358513
1174076	1157736	16340	3720	9714466	8798370	1127174839446085
333794	314628	19166	4840	12227070	10202788	1127174852205737
1188296	1168570	19726	701	3953290	2776514	1127174857546195
1178198	1158994	19204	4793	12234774	10950188	1127174871158005
610964	594892	16072	2731	7575988	6257064	1127174879544709
1181190	1159830	21360	3654	9291864	8674408	1127174890216851
1189126	1171028	18098	3423	9450274	8219548	1127174901054697
1273172	1157878	115294	3618	9529462	8695168	1127174912056645
567068	550624	16444	937	4046448	2625972	1127174916872513
1174688	1158004	16684	2350	7384140	6060848	1127174925630045
978912	962556	16356	523	3115946	2209980	1127174929924257
1207378	1170362	37016	45	2786056	1481820	1127174934116685
246898	229106	17792	445	2363688	1321246	1127174936930195
457024	437900	19124	445	3239466	1532832	1127174940826273
491820	473258	18562	4271	9902058	9218228	1127174951419005
1146712	1128110	18602	4308	10895744	9947274	1127174963659807
186216	169388	16828	4659	11608174	9689382	1127174975653223
564840	542256	22584	598	3490592	1946394	1127174979907797
1175660	1157454	18206	2719	7918042	6799114	1127174989200551
1173876	1157424	16452	2527	7303208	6413614	1127174997876721
531368	431446	99922	2390	7090810	5495872	1127175005698155
1174038	1157710	16328	1682	5605488	4722376	1127175012676755
1188568	1171852	16716	1631	5528804	4635668	1127175019593217
1191558	1175234	16324	128	2522522	1633010	1127175023506155
1176190	1157866	18324	4569	10431188	10499328	1127175035312731
1188626	1170546	18080	126	2752308	1625090	1127175039453129
1177014	1158920	18094	87	1536070	1535496	1127175042365513
1182528	1163218	19310	3824	10031770	9015922	1127175053852937
1175012	1157598	17414	3739	9729534	8839984	1127175064957329
1303278	1286560	16718	3153	8521340	7793718	1127175074981489
1175928	1158648	17280	318	3423880	1997588	1127175079780125
1100212	1083606	16606	2058	6453322	5404048	1127175087532339
383878	366486	17392	3238	8956648	7047796	1127175097071919
504986	487156	17830	312	2657496	1313524	1127175100433035
1182410	1159514	22896	3157	7697804	7679962	1127175109512405
1156222	1134824	21398	3223	8352454	7787736	1127175119220113
1185048	1167976	17072	243	2618558	1856188	1127175123222937
23930	3858	20072	467	2303948	1146228	1127175125749829
1175662	1159120	16542	4652	9538764	10666912	1127175136663421
574872	558576	16296	4695	11853374	10148924	1127175149290565
1172720	1156010	16710	762	3696224	2882650	1127175154358367
1147764	1122770	24994	963	4328306	3259056	1127175160033349
1178378	1160824	17554	400	2807216	2167726	1127175164221915
376444	357498	18946	3189	9224416	6939586	1127175174021935
482722	464850	17872	4682	11446512	10035380	1127175186154103
379186	362882	16304	1819	5956580	4202056	1127175192692517
1174036	1157668	16368	895	4139650	3149434	1127175198205337
643104	624750	18354	320	2948560	1467382	1127175201996355
730944	714682	16262	3966	9158480	8846920	1127175212088139
1174222	1157048	17174	714	3559336	2787706	1127175217023367
647486	630458	17028	2764	7656696	6360672	1127175225526577
793168	775660	17508	1471	5447744	3923620	1127175231966181
1182846	1159160	23686	1798	5833712	4964408	1127175239185835
1177682	1157028	20654	3201	8769678	7765578	1127175249332595
898372	871506	26866	1900	6324792	4882820	1127175256755221
311210	294066	17144	4672	11450310	9839070	1127175268715939
326458	231756	94702	153	2471706	817594	1127175271713183
1092778	1074792	17986	3198	7750270	7672996	1127175280755469
301150	280002	21148	588	3659848	1661180	1127175284915795
791688	774070	17618	2721	6809934	6418152	1127175292716269
1174596	1157204	17392	1103	4319054	3565680	1127175298409121
1175612	1157568	18044	2384	7018290	6128416	1127175306802085
1175868	1157512	18356	2908	8357132	7177866	1127175316534275
745196	728822	16374	372	2668852	1673436	1127175320147553
953930	937452	16478	3139	7642634	7416716	1127175328946233
1184082	1159484	24598	1263	4555220	3894712	1127175334884353
1176490	1157248	19242	2561	7428412	6483334	1127175343688645
1046552	1029196	17356	1519	5242374	4268938	1127175350176683
1176682	1157288	19394	1868	6104108	5097458	1127175357656731
806324	788176	18148	3472	14656232	7935376	1127175373318293
1184068	1155976	28092	4907	12088638	11184516	1127175386789957
1174472	1157146	17326	4167	10748882	9693568	1127175398912233
1175146	1157290	17856	951	4237732	3262122	1127175404524859
714358	691788	22570	1851	6101748	4602012	1127175411540049
1305692	1157380	148312	1590	5552402	4670020	1127175418597301
1181560	1164430	17130	589	3499932	2544334	1127175423477131
1360800	1343622	17178	195	3281240	1937002	1127175428318363
430944	414178	16766	2721	7982536	6057394	1127175436930435
1115486	1097692	17794	2067	6312150	5433988	1127175444556909
1182000	1161510	20490	2388	7155430	6143560	1127175453093357
908732	825256	83476	4887	12270894	10867940	1127175466472005
1172738	1155900	16838	4998	12394458	11354118	1127175480237855
368888	350288	18600	1048	4332628	2648964	1127175485137965
1178000	1159304	18696	388	3067668	2139632	1127175489583077
1217154	1199648	17506	4060	10520576	9525382	1127175501520139
997156	979504	17652	918	3962512	3017686	1127175506678125
1175356	1157596	17760	3950	10229542	9259740	1127175518282209
810708	793446	17262	3299	8863588	7593410	1127175528155479
640278	622634	17644	2518	7246666	5860538	1127175536244967
1177100	1159670	17430	1972	6354946	5306800	1127175543975789
1175748	1158804	16944	2965	8100026	7290262	1127175553454331
1134726	1105250	29476	4362	11236534	10046160	1127175566025443
1204140	1187756	16384	4345	10986774	10079072	1127175578418563
472496	454018	18478	252	2814482	1160468	1127175581904875
1174654	1157256	17398	2260	5880598	5879570	1127175589158943
724680	708248	16432	3056	8452416	7021326	1127175598534915
655814	638434	17380	1249	4840460	3338764	1127175604230005
0	0	0	0	0	0	0
873012	854676	18336	578	3541530	2213498	1127175619627087
895980	877730	18250	3726	10173286	8534026	1127175630895963
569932	552860	17072	432	3394476	1619204	1127175635059885
386198	369798	16400	1476	4320652	3523576	1127175639966113
766538	747966	18572	1578	5206794	4111824	1127175646142429
1178030	1160006	18024	2249	6498132	5860288	1127175654021839
1042092	1025438	16654	4532	11314946	10290670	1127175666581819
993500	977470	16030	38	2509068	1253696	1127175670283177
444160	427918	16242	701	2765332	2029990	1127175673691845
880450	863624	16826	2883	8175030	6836474	1127175682946063
386350	366278	20072	3978	10170250	8527960	1127175693701863
1176330	1157886	18444	3495	9016580	8351446	1127175704093783
550124	532284	17840	3730	9384738	8199052	1127175714231489
1306654	1159706	146948	4538	11660348	10567962	1127175727397913
1311122	1292720	18402	1181	4614756	3857624	1127175733522353
1173836	1155252	18584	2714	7653388	6774778	1127175742548857
1208416	1183574	24842	1225	4700188	3832712	1127175748645501
1153604	1136698	16906	2628	7554274	6594466	1127175757552627
1174596	1157272	17324	4001	10157162	9362740	1127175769083541
1180798	1163496	17302	1268	5128136	3902150	1127175775591711
1182096	1164732	17364	1116	4581950	3599756	1127175781554945
1131654	1113658	17996	4282	11186834	9880984	1127175794072411
393436	375110	18326	493	3083610	1564992	1127175797752175
494426	477054	17372	556	2477096	1791950	1127175800923115
454440	434752	19688	4864	11584648	10366722	1127175813161057
840622	823042	17580	3641	9656444	8308516	1127175823857135
900540	883172	17368	3694	9710070	8473842	1127175834667005
1185516	1167846	17670	3797	9834150	8965634	1127175845885845
1184190	1157250	26940	360	2715478	2089306	1127175849984543
1174632	1157260	17372	3414	9312800	8188170	1127175860674867
1033156	1016468	16688	2952	8012082	7122310	1127175869919233
1176042	1159220	16822	4922	11707816	11204950	1127175883002127
966840	949928	16912	998	4358476	3147148	1127175888526885
1174328	1157148	17180	2081	6426270	5521644	1127175896326273
1107554	1089780	17774	121	2456660	1535348	1127175900089485
911568	895284	16284	741	2688508	2578546	1127175903891481
1198334	1180950	17384	2532	7141376	6449516	1127175912430195
1195280	1173408	21872	1722	5513256	4824340	1127175919337073
955782	914104	41678	58	2215506	1258096	1127175922707579
1181800	1163596	18204	1754	4716932	4876448	1127175928805531
1240802	1224012	16790	2074	6238710	5572778	1127175936484463
557964	541124	16840	2597	7435832	5936760	1127175944677589
1177402	1160808	16594	2080	6512892	5523378	1127175952566971
1174134	1157344	16790	1836	5947888	5031322	1127175959887619
979580	962650	16930	130	2221202	1424208	1127175963287045
699816	682818	16998	2069	5363144	5022222	1127175969549223
711858	694548	17310	2678	7865292	6256550	1127175978325195
370964	288782	82182	4911	12167242	10377812	1127175991062201
490188	473354	16834	1080	4426264	2834370	1127175996177407
1280600	1156260	124340	967	4422416	3400700	1127176002079769
488712	469980	18732	2463	7210368	5600082	1127176009981805
1211488	1192424	19064	1022	4566704	3440064	1127176015962547
1175452	1156476	18976	3603	9529748	8567220	1127176026870435
1017078	999642	17436	1355	4900734	3912026	1127176032988031
1171584	1155304	16280	3710	9770078	8777084	1127176044128433
1173802	1156130	17672	4999	12383548	11356250	1127176057888555
1081784	1064168	17616	3502	9593186	8270418	1127176068762433
1265014	1243272	21742	163	2587658	1777514	1127176072813637
1010064	949022	61042	2809	6982176	6816676	1127176081004635
393622	375260	18362	1627	5280734	3832924	1127176086878149
1183518	1165250	18268	2610	7499550	6587840	1127176095759983
1174760	1157962	16798	3908	10377408	9175736	1127176107511131
865560	848090	17470	288	3047966	1630696	1127176111623891
538012	521240	16772	3458	15051204	7639030	1127176127412233
426090	408422	17668	299	2716850	1209706	1127176130754271
1403112	1269080	134032	986	3336858	3563520	1127176135693257
1176892	1159102	17790	2761	7645416	6883278	1127176144714943
1184974	1167910	17064	3415	9050454	8199218	1127176155148995
1176386	1155838	20548	1169	4799536	3699198	1127176161324331
1202994	1184198	18796	2529	7110282	6445486	1127176169836857
1176152	1159332	16820	2766	7651990	6897126	1127176178863991
1228924	1165746	63178	3818	9905074	9049836	1127176190196677
1183418	1164792	18626	1750	5931872	4868040	1127176197511081
1174494	1155818	18676	2372	7291520	6107100	1127176206176115
1181464	1161786	19678	1229	4952108	3824072	1127176212509035
1173616	1156292	17324	4289	10859638	9936758	1127176224741089
1175286	1156730	18556	3973	10139418	9306028	1127176236254659
776896	760016	16880	3125	8537060	7212426	1127176245768201
399850	382480	17370	1993	5810132	4570962	1127176252177109
1164558	1147908	16650	1045	4454922	3440020	1127176257995795
1175504	1157198	18306	4853	12085226	11065748	1127176271458645
0	0	0	0	0	0	0
1242388	1220242	22146	615	2598388	2662744	1127176279383461
339416	322450	16966	392	2148496	1309490	1127176282070453
1178400	1157762	20638	1915	6289888	5193190	1127176289741375
1173674	1157640	16034	3939	10020674	9236368	1127176301134565
1174666	1157882	16784	2399	6905332	6156752	1127176309413487
1176732	1159018	17714	503	3022784	2367510	1127176313811511
1310798	1162422	148376	766	4160600	3027810	1127176319481527
1177250	1159546	17704	256	2371000	1874550	1127176323227967
1196716	1157286	39430	2662	6645372	6709364	1127176331269375
396036	378632	17404	4682	11926576	9944446	1127176343790565
1180140	1163514	16626	2947	8353232	7257842	1127176353522617
1180136	1164230	15906	3937	10465016	9241874	1127176365366435
1237346	1219582	17764	1218	4724998	3845668	1127176371515715
577110	559878	17232	367	3115718	1495592	1127176375407435
221270	160454	60816	4643	10527690	9691834	1127176386355515
305620	278454	27166	3985	10353818	8461366	1127176397213769
870948	853472	17476	1715	5721402	4486336	1127176404005033
565906	549082	16824	948	4093346	2647646	1127176408865955
298242	278250	19992	1741	5708970	3964610	1127176415072247
377866	359182	18684	3084	8331004	6730714	1127176423979823
1194300	1177066	17234	1612	5415112	4590486	1127176430790223
563216	545700	17516	82	2188454	911426	1127176433741081
559666	538222	21444	541	2303862	1827804	1127176436803515
1183492	1166044	17448	1064	4704958	3495476	1127176442891289
505518	376760	128758	1438	5177376	3566054	1127176448773305
1176588	1158932	17656	4076	10407674	9513618	1127176460556259
1177570	1159054	18516	224	2432416	1810940	1127176464365195
790248	773780	16468	447	2069738	1868696	1127176467423873
1175642	1158702	16940	757	3678594	2874778	1127176472477235
602328	585770	16558	4618	11762804	10023180	1127176485041793
1193208	1160078	33130	436	3268726	2249592	1127176489702645
617420	600028	17392	3427	9614220	7657272	1127176500132805
185538	169244	16294	270	2819612	911510	1127176503340881
1175834	1159182	16652	3861	8945498	9083084	1127176513661127
1189012	1166582	22430	2504	6942560	6381380	1127176521992205
1125064	1108448	16616	748	3850242	2806326	1127176527170221
1184572	1157360	27212	979	4625842	3326532	1127176533179689
1173604	1157120	16484	2357	6788344	6072380	1127176541340677
390766	372972	17794	43	2291428	661238	1127176544221799
1173026	1155936	17090	4633	10628572	10624884	1127176556221969
919026	900550	18476	2468	7523682	6040114	1127176564863903
231542	211434	20108	1151	4902178	2718950	1127176570196351
1176270	1159640	16630	3447	9145544	8255412	1127176580717025
642308	624888	17420	3099	8624650	7026314	1127176590182993
1063036	1047908	15128	1272	4998606	3790900	1127176596443557
276886	257158	19728	4199	10817842	8847378	1127176607725451
306712	277122	29590	1753	5829970	4004848	1127176614061211
663878	645932	17946	3094	8752934	7036094	1127176623680303
1098322	1081454	16868	2978	8055284	7239552	1127176633032651
1127322	1109656	17666	4698	11801216	10708262	1127176646159595
1176534	1158162	18372	3538	9146364	8426076	1127176656680703
1178192	1159206	18986	1790	6168524	4943526	1127176664226297
411988	394766	17222	184	2744328	965408	1127176667582085
1079344	1062992	16352	2449	6205224	6161430	1127176675065377
458068	441034	17034	4167	10628966	8976140	1127176686352005
765988	748454	17534	2790	8108924	6530342	1127176695425849
1183386	1166236	17150	8	2138734	1384510	1127176698947087
1096200	1079300	16900	345	2054170	1971336	1127176702296045
1292752	1160754	131998	2434	7153190	6346228	1127176710940525
1177440	1156702	20738	1518	5414120	4398478	1127176717731155
1179108	1160506	18602	3876	9833236	9115874	1127176728942755
381930	364010	17920	475	2943894	1517604	1127176732467553
320790	303128	17662	628	2465362	1762066	1127176735452361
1173924	1157082	16842	3792	9676518	8942762	1127176746501413
1194162	1173226	20936	2114	6508984	5606580	1127176754403595
422010	403372	18638	2550	7655086	5707270	1127176762679355
869454	851706	17748	138	2316754	1329902	1127176766064811
1172728	1155806	16922	4150	9662320	9658218	1127176777101979
1162788	1141644	21144	2659	7665256	6665676	1127176786127971
0	0	0	0	0	0	0
1176170	1157638	18532	3768	9560666	8897808	1127176804795205
712780	694980	17800	4173	10565152	9244136	1127176816271713
926176	909624	16552	2066	6483906	5242724	1127176823881075
328392	311858	16534	157	2538418	832914	1127176826947285
522424	503248	19176	3739	8837998	8186424	1127176836507195
1172128	1155464	16664	2993	8606332	7343480	1127176846484857
662898	646018	16880	728	3950742	2304988	1127176851297605
777796	760022	17774	183	3061858	1332756	1127176855336477
1174280	1157514	16766	4562	10484422	10482808	1127176867194865
1174034	1157356	16678	1618	5660588	4595992	1127176874228537
580724	562938	17786	970	4252286	2707054	1127176879273191
1251572	1234166	17406	4618	11866172	10672512	1127176892589953
1204708	1173164	31544	358	2773004	2105902	1127176896767051
1178402	1158064	20338	1157	4802100	3676806	1127176902946715
1172692	1156840	15852	3241	8976554	7839526	1127176913294917
687528	670220	17308	4692	11474386	10257608	1127176925655645
753182	735728	17454	411	3360868	1760584	1127176929969261
3325092	3322976	2116	546	3859898	4602406	1127176937357141
1172382	1155888	16494	3644	9571470	8644990	1127176948300325
816378	798448	17930	4623	11612636	10246114	1127176960928223
1220396	1156556	63840	2433	7218362	6271108	1127176969566193
249774	232266	17508	3730	9911148	7897810	1127176979925487
883734	866262	17472	3606	9610674	8281922	1127176990619367
826076	808984	17092	3548	9457230	8106604	1127177001101605
1236496	1156748	79748	901	3783072	3223546	1127177006320001
1177322	1160914	16408	193	2470252	1748896	1127177010166821
844078	826354	17724	897	3165558	2826146	1127177014375523
1175066	1157276	17790	687	2737144	2735296	1127177018486473
1033402	1013226	20176	4937	12389834	11092660	1127177032108739
1195584	1178504	17080	895	4188410	3171346	1127177037694869
525974	508554	17420	4204	10553636	9119356	1127177048973153
1174638	1158130	16508	1193	4662840	3746260	1127177055009755
1179180	1155744	23436	1157	4718460	3677990	1127177061106285
0	0	0	0	0	0	0
1175384	1158210	17174	3359	9053346	8079754	1127177078000377
996344	979558	16786	2438	7224618	6056790	1127177086423247
0	0	0	0	0	0	0
1388738	1224162	164576	3817	9717588	9208548	1127177103479509
1174928	1157580	17348	1772	5933988	4903336	1127177110787633
1175608	1157520	18088	834	3685576	3029686	1127177115848301
746708	720210	26498	2446	7239132	5823274	1127177124033313
835740	817932	17808	3018	8431472	7056780	1127177133502285
1184400	1164730	19670	1080	4457032	3529434	1127177139342903
512906	496192	16714	326	2967862	1350708	1127177143023377
1174638	1157938	16700	2323	6004610	6005278	1127177150401067
1175942	1158638	17304	168	2360438	1696620	1127177154136325
179650	162042	17608	2089	5507020	4542060	1127177160025955
861452	821824	39628	2884	7911660	6814184	1127177169001721
0	0	0	0	0	0	0
1173538	1156062	17476	2873	7874626	7103682	1127177186203695
181646	165804	15842	4577	11469100	9519478	1127177198053691
1179304	1161136	18168	2046	6423338	5456880	1127177205859289
902282	885226	17056	3282	8965702	7652016	1127177215926223
1176474	1157276	19198	2183	6624880	5727322	1127177223926323
1179820	1163168	16652	1024	4092268	3416374	1127177229397631
1174214	1157644	16570	3381	9025300	8120878	1127177239795943
198694	181432	17262	2619	7681268	5622564	1127177247874355
6052090	6050310	1780	2207	6574640	10655256	1127177260699713
529318	500094	29224	2764	7870526	6241330	1127177269298839
1178666	1160942	17724	1235	4907412	3834192	1127177275584115
0	0	0	0	0	0	0
1298958	1159892	139066	2002	6312696	5488042	1127177295736259
295196	265860	29336	758	3869888	2000096	1127177300100467
919496	902832	16664	1917	6349116	4937806	1127177307572737
1194986	1166290	28696	4866	12261772	11116538	1127177321228123
1128758	1111930	16828	1565	5229736	4442898	1127177327785835
473326	441942	31384	2710	7947620	6078312	1127177336406329
1176372	1158304	18068	3802	9749126	8966356	1127177347531289
812546	795198	17348	3889	10098356	8775868	1127177358641391
1152416	1121374	31042	1803	5874408	4942978	1127177365867195
1173710	1155070	18640	3098	8286388	7557984	1127177375526401
1114358	1097466	16892	377	3209328	2057560	1127177380049011
1173840	1157286	16554	2894	8234832	7134590	1127177389658459
764866	747018	17848	1815	5861548	4580078	1127177396483397
378596	360768	17828	697	3839766	1957150	1127177400901099
1174984	1158512	16472	2187	6928866	5734948	1127177409203433
1177036	1157632	19404	3418	9397738	8198498	1127177419977365
1185830	1163378	22452	1080	4507056	3530054	1127177425872159
1197156	1159118	38038	4588	11351282	10560618	1127177438619369
1000572	982140	18432	1679	5824210	4542926	1127177445642737
303468	287118	16350	3070	8570458	6631460	1127177454715569
1173628	1157228	16400	785	3667210	2927944	1127177459755701
885330	867212	18118	2971	8439456	7011634	1127177469279299
1173564	1156116	17448	1889	6133180	5135960	1127177476785509
1176734	1159396	17338	3379	9401452	8118692	1127177487562581
1175238	1157806	17432	1766	5780318	4891514	1127177494717043
1174354	1157252	17102	3274	8577500	7907460	1127177504668059
1177716	1159592	18124	1153	4590748	3668432	1127177510635393
1184292	1166304	17988	1844	6215826	5056976	1127177518233925
1176670	1160254	16416	4103	10635164	9567874	1127177530244171
642860	623742	19118	2491	7300740	5811478	1127177538386589
678212	661486	16726	2528	7342574	5919144	1127177546667607
636346	619506	16840	2361	6655972	5542780	1127177554159671
944176	927226	16950	3613	9403594	8355690	1127177564707319
1177472	1161482	15990	4592	11514234	10533850	1127177577586623
1175130	1157822	17308	3249	8612804	7856982	1127177587574223
424112	404728	19384	4848	12075498	10308068	1127177600273085
1180626	1161676	18950	965	4106014	3295192	1127177605759591
1174884	1158092	16792	2984	8121652	7328506	1127177615255771
675936	657952	17984	3223	8537894	7307794	1127177624668731
373132	355250	17882	2530	7130254	5617596	1127177632371861
567472	550816	16656	2681	7813122	6115452	1127177640952137
1176992	1159932	17060	1560	5176992	4482496	1127177647505605
869760	851350	18410	3364	8709662	7782416	1127177657284325
1258162	1155580	102582	3365	9188786	8172276	1127177667930649
1174536	1155710	18826	3213	8860296	7786002	1127177678164947
179530	161890	17640	1309	4618164	2982132	1127177683161875
1179018	1159294	19724	3605	9619156	8573866	1127177694159291
622706	601220	21486	360	3233728	1528072	1127177698214937
875276	857832	17444	4757	10860058	10574394	1127177710149419
1026810	1009796	17014	142	2495152	1495662	1127177713870927
659662	575464	84198	2001	5363940	4846870	1127177720093713
1179412	1159228	20184	3810	9735074	8984632	1127177731211393
1182876	1156168	26708	1020	4377158	3408898	1127177736970829
1173758	1156432	17326	3852	10013698	9062278	1127177748357611
1178128	1160614	17514	56	2654972	1474230	1127177752389949
1176912	1159396	17516	4159	9688006	9680854	1127177763454669
1031460	1014864	16596	3229	8837980	7674656	1127177773523125
455606	438382	17224	375	2905354	1389588	1127177777083257
1173158	1155822	17336	1427	4215592	4211352	1127177782670753
1155314	1134174	21140	3318	8729842	7976232	1127177792754831
826400	808980	17420	88	2605564	1188110	1127177796385879
770354	752918	17436	3309	8000044	7572288	1127177805355765
506628	489162	17466	4516	11290404	9722850	1127177817351955
733870	716442	17428	4325	11186214	9568510	1127177829471119
1175286	1157764	17522	1821	6055126	5002862	1127177836900491
384780	365624	19156	52	2483474	673536	1127177839967917
1185174	1166082	19092	4542	10446974	10454090	1127177851802251
8325434	8323530	1904	291	2989794	9092158	1127177863316479
1176074	1157540	18534	3259	8479272	7879352	1127177873170977
1179692	1162850	16842	4029	10366214	9423630	1127177884916501
1177162	1158066	19096	4554	11647728	10470844	1127177897939887
499806	484052	15754	2045	6392784	4775008	1127177905034487
1180408	1160596	19812	2378	7320894	6120778	1127177913734977
177502	158774	18728	3803	9947712	7971480	1127177924060019
1180596	1164086	16510	2660	7158416	6685208	1127177932601073
1202818	1156306	46512	4020	10314334	9427368	1127177944317195
1113154	1096162	16992	3310	8983430	7917924	1127177954613447
680888	661568	19320	3669	9785252	8203944	1127177965279083
1176402	1158988	17414	3489	9632014	8338740	1127177976286505
1054894	1037754	17140	640	3274644	2521128	1127177980814969
1128060	1110232	17828	1712	5862682	4737720	1127177988004097
979210	962690	16520	2758	7737042	6680712	1127177996923155
979986	963544	16442	1168	4777784	3500196	1127178002879895
1178952	1160816	18136	780	3840994	2924524	1127178008098829
1003368	984158	19210	278	2902702	1744390	1127178012207241
246720	227226	19494	4858	11079028	10150804	1127178023732459
201040	184568	16472	2826	8106842	6038184	1127178032238713
1174948	1157818	17130	2268	7009762	5895334	1127178040622585
1175130	1157918	17212	3785	9861872	8930832	1127178051858675
1174492	1157640	16852	4697	11649642	10757020	1127178064881931
1174818	1157658	17160	2197	6756374	5753654	1127178073012203
1178564	1159268	19296	4071	10539932	9506212	1127178084929849
1109132	1090262	18870	3753	9600160	8800268	1127178095838337
1177350	1158936	18414	1188	4667370	3737052	1127178101882517
461606	445270	16336	1912	6268026	4470334	1127178108810723
231894	214772	17122	698	3219258	1811848	1127178112460981
395730	378272	17458	2219	5650732	5018030	1127178118706767
1176698	1156076	20622	4056	10303638	9474108	1127178130385637
1176378	1158582	17796	2425	7257668	6212518	1127178139019229
655996	638436	17560	2190	6426280	5220284	1127178146300829
429142	410756	18386	308	2758744	1229438	1127178149687909
1175914	1156700	19214	2187	5736230	5734940	1127178156798657
1184282	1166342	17940	1406	5068800	4180634	1127178163250967
1174226	1157494	16732	1209	4770112	3778030	1127178169394875
338480	320146	18334	2610	7206992	5743848	1127178177139049
382694	365172	17522	201	2820672	970346	1127178180541263
0	0	0	0	0	0	0
1112886	1094644	18242	2659	7625800	6615078	1127178195745323
1174898	1155450	19448	2130	6230248	5619850	1127178203349301
239216	209722	29494	1284	4651636	2992640	1127178208439557
1176226	1158774	17452	2430	7281726	6222150	1127178217096515
1198878	1180078	18800	4695	11467708	10773992	1127178229961035
1180436	1157634	22802	4905	12376486	11175352	1127178243720513
441174	422488	18686	2076	6364306	4778006	1127178250725183
1065592	1048264	17328	2692	8015912	6632940	1127178260005537
1181484	1159236	22248	3880	9746478	9129992	1127178271135349
1175728	1157482	18246	3979	10267308	9318820	1127178282777539
1176080	1157194	18886	4091	10512916	9541646	1127178294665791
1170756	1154316	16440	551	3442762	2458590	1127178299478407
1182670	1159252	23418	1069	4658016	3508984	1127178305518275
697778	680730	17048	3150	8686586	7183214	1127178315101331
285918	266048	19870	3413	9084734	7296364	1127178324671367
682932	608386	74546	1759	5573040	4384792	1127178331126341
318340	299428	18912	1770	5867004	4042314	1127178337509699
674522	656534	17988	4588	11720480	10040202	1127178350103807
1174732	1157612	17120	1953	6234656	5266192	1127178357715969
287890	269450	18440	4215	10548484	8903422	1127178368751007
736310	719310	17000	4713	11588912	10347582	1127178381275345
645806	538156	107650	2835	8066742	6501656	1127178390186765
363820	346558	17262	308	2722142	1165436	1127178393470773
1174650	1157766	16884	4377	9989050	10114514	1127178404833511
1188144	1160052	28092	2844	7631606	7062460	1127178413852929
1003590	942936	60654	137	2347146	1462636	1127178417402341
1046118	1028882	17236	1670	4557558	4571490	1127178423204835
1097388	1075978	21410	4240	10694602	9762378	1127178435195983
1183690	1164568	19122	4037	10336178	9443620	1127178446914245
963184	945822	17362	3400	8917332	7948546	1127178456993635
1220184	1157824	62360	120	2568134	1644624	1127178460980581
192040	167544	24496	2891	7128536	6157944	1127178468500383
874214	856788	17426	3402	9254898	7863676	1127178478828505
1176152	1159394	16758	4914	11936550	11189380	1127178492140337
276252	256888	19364	4014	10346986	8488698	1127178502962337
