# Loop @ Start frequency 3400000Hz took 708.50 cycles
# Interval [707 ; 710]
# Q1 : 706 ; Q3 : 708
# Loop @ Target frequency 1800000Hz took 1184.67 cycles
# Interval [1179 ; 1190]
# Q1 : 1176 ; Q3 : 1180
# Confidence intervals do not overlap, alternatives are statistically different with selected confidence level
Change time (with write) [cycles]	Change time [cycles]	Write cost [cycles]	Wait time [us]	Time since last frequency change request [cycles]	Time since last frequency change [cycles]	Detected frequency change timestamp [cycles]
1250478	1156578	93900	3567	2881742964	219561420	1127055294673783
1175756	1158166	17590	4812	11295230	10985566	1127055307416965
1173756	1156400	17356	907	3556690	3173726	1127055312414901
1178022	1159298	18724	3036	7744518	7436030	1127055321605121
924294	903332	20962	4996	11588088	11101648	1127055334385281
1205458	1158146	47312	2463	6623580	6315706	1127055342482359
1027650	1010828	16822	4156	10144724	9524060	1127055353922485
862342	841648	20694	3982	9854648	9010580	1127055364907101
741192	724292	16900	4075	9790710	9075350	1127055375709841
1174232	1156794	17438	3998	9640584	9354584	1127055386790801
633858	614028	19830	3427	8575884	7659874	1127055396268263
1018074	1002428	15646	2191	6147444	5572252	1127055403690411
409336	392174	17162	4544	10824888	9670024	1127055415181575
1191046	1176072	14974	3891	9745502	9146230	1127055426375201
1179138	1160926	18212	4101	10042604	9553616	1127055437853333
753728	736604	17124	3295	8444182	7528386	1127055447317841
1181400	1162476	18924	2535	6972980	6437470	1127055455739481
1201980	1163494	38486	27	1872736	1441578	1127055459082039
187478	170570	16908	2511	6398570	5394406	1127055465935463
1073614	1055366	18248	4626	11246860	10511160	1127055478523479
1177688	1158508	19180	4697	11398230	10757098	1127055491367471
318712	301754	16958	4859	11573780	10221986	1127055503528415
1175168	1158274	16894	1572	4920152	4504094	1127055509890693
1198698	1177454	21244	447	2446514	2265700	1127055513792191
580586	563288	17298	3556	8928164	7877802	1127055523574139
1178338	1160474	17864	4871	11633402	11105944	1127055536653771
1274890	1257308	17582	3275	8493440	8011870	1127055546690245
1173222	1156598	16624	1540	4900844	4438430	1127055553032539
1184262	1165640	18622	3078	7781640	7526666	1127055562270615
839156	821020	18136	1572	4902974	4167784	1127055568280349
732510	710202	22308	1286	4521292	3489502	1127055573801691
744614	724754	19860	4158	10063448	9245322	1127055584877575
437368	422232	15136	156	2192374	921020	1127055587768303
340210	323214	16996	590	2529556	1692464	1127055590895115
1253712	1235942	17770	1788	5188462	5015230	1127055597616685
645164	627928	17236	4822	11126236	10474252	1127055609656041
918512	901972	16540	271	2237140	1645444	1127055613079377
1177980	1160202	17778	2722	6812460	6806514	1127055621338803
408182	391198	16984	3041	7635724	6678868	1127055629650909
1304502	1249192	55310	1519	5034196	4527942	1127055636257181
1174604	1159382	15222	1506	4900672	4360166	1127055642589135
805038	790172	14866	4306	10301626	9590188	1127055653951475
983956	968294	15662	3273	8051746	7702802	1127055663244315
1179544	1161106	18438	1904	5442638	5163554	1127055670121975
1178690	1160038	18652	2294	6343004	5951724	1127055677911059
1176900	1155966	20934	1597	5117416	4698066	1127055684472773
1057568	1040784	16784	2113	6104246	5469496	1127055691901805
460024	441456	18568	412	2628148	1469316	1127055695258261
1143870	1116256	27614	138	1640688	1604998	1127055698310069
366376	347616	18760	3347	8314166	7244426	1127055707258521
1185980	1168724	17256	16	1812074	1402294	1127055710524083
1186256	1169128	17128	1746	4846622	4863758	1127055716824293
1176852	1158832	18020	4935	11557758	11231240	1127055729830845
1175548	1159612	15936	3464	8934978	8276950	1127055740209325
1174724	1156286	18438	3745	9372210	8838662	1127055751012535
442304	423776	18528	2732	7171220	6090792	1127055758898035
1179588	1159964	19624	1498	4662380	4359730	1127055765011293
211690	191796	19894	4146	9947526	8689390	1127055775445315
1002524	984428	18096	1096	4100948	3378340	1127055780816103
1290272	1165974	124298	1260	4400992	3994802	1127055786779843
1176092	1158922	17170	4117	9911194	9596028	1127055798135425
1178482	1163214	15268	2011	5866042	5374564	1127055805435739
1178680	1163768	14912	172	1919546	1695126	1127055808789929
1101208	1085696	15512	2268	5616634	5810228	1127055815764397
731372	715098	16274	4094	10096692	9093496	1127055826848465
495632	472114	23518	745	2941780	2157884	1127055830546711
1173684	1158514	15170	2672	7240634	6691076	1127055839216699
1175790	1159016	16774	3355	8187806	8057900	1127055848836755
1178784	1159834	18950	1239	4295648	3829750	1127055854571803
1175470	1158902	16568	4099	10096286	9559222	1127055866110395
838962	820842	18120	3278	8087912	7580160	1127055875303813
1177570	1159964	17606	2673	6806074	6708054	1127055883554339
755420	738796	16624	2143	6241552	5226830	1127055890818151
955184	902710	52474	1737	5128736	4614232	1127055897173883
1177516	1160932	16584	1406	4385026	4174952	1127055903004161
1176398	1157456	18942	797	3174556	2954202	1127055907627019
1193222	1158898	34324	643	2760130	2665188	1127055911847805
980288	963752	16536	3558	8485954	8282686	1127055921580781
1179094	1162900	16194	4047	9721854	9458184	1127055932749399
1172530	1156574	15956	882	3717156	3109204	1127055937894821
1173716	1158818	14898	2473	6328066	6293126	1127055945651935
1174838	1159492	15346	1585	5064542	4517404	1127055952147009
375796	360374	15422	2540	7045164	5628472	1127055959823903
1176518	1158138	18380	4264	10228764	9878284	1127055971484515
1176924	1160318	16606	2738	7122422	6826852	1127055980040885
1277834	1262116	15718	2733	7214924	6915996	1127055988789731
1185574	1170242	15332	4271	10229904	9901262	1127056000461379
1177316	1162436	14880	2902	7814192	7154724	1127056009709033
560722	546060	14662	3628	9147976	7989642	1127056019674379
1185240	1170576	14664	3111	8033214	7580036	1127056029148833
893570	878466	15104	266	2390198	1597844	1127056032689089
973914	957002	16912	4833	11033200	10823640	1127056044967483
1172274	1156426	15848	157	1810690	1671112	1127056048221819
1180788	1163772	17016	226	1529818	1817068	1127056051200305
1299678	1162782	136896	1531	4817506	4551256	1127056057585139
1180822	1159192	21630	3004	7913266	7374116	1127056066946243
609770	591720	18050	3731	9292210	8259980	1127056077221059
1192330	1159008	33322	4131	10241866	9638988	1127056088923549
813360	795890	17470	3481	8701230	7960226	1127056098738505
1186736	1166592	20144	587	2985222	2546516	1127056103177879
1175758	1159072	16686	4252	10340324	9865468	1127056114960803
1181428	1165640	15788	3693	8677406	8752410	1127056125092395
960508	943730	16778	3638	8793810	8421716	1127056135113383
1175560	1158022	17538	2737	7486250	6835082	1127056144042359
1042790	1026232	16558	1854	5607430	4936624	1127056150959541
667016	648688	18328	262	2450604	1380986	1127056154349763
1173668	1156646	17022	2312	5771046	5981626	1127056161562359
1178260	1160392	17868	533	2656248	2428622	1127056165664899
1115192	1098556	16636	3593	8745634	8485588	1127056175793789
1131354	1115744	15610	99	1985782	1501762	1127056179175771
1176320	1158370	17950	4288	9942014	9936880	1127056190566779
1175172	1158074	17098	4109	10010012	9577692	1127056202019549
838416	821544	16872	2408	6685256	5839476	1127056209810705
605028	587684	17344	3027	7947900	6843720	1127056218631241
1177274	1162550	14724	4985	11703746	11332490	1127056231779305
1172614	1156890	15724	678	3123524	2700582	1127056236330619
920826	905478	15348	2117	5745578	5326650	1127056243252743
773464	755598	17866	2293	6570950	5532700	1127056250853473
1174888	1157164	17724	1789	5388836	4939108	1127056257688845
880896	863174	17722	914	3720198	2892854	1127056262556813
1379610	1276682	102928	4153	10347288	9870946	1127056274551423
1298364	1162252	136112	1515	4512726	4512526	1127056280630131
341954	323120	18834	1040	3716338	2606784	1127056284955693
944382	926396	17986	4496	10839832	10125360	1127056297012029
1179860	1160836	19024	3415	16022814	8194610	1127056314487389
669524	652546	16978	4104	9807278	9062128	1127056325230935
1173626	1158790	14836	3390	8792338	8127094	1127056335464885
1174238	1156138	18100	3186	7719846	7722240	1127056344615405
1173682	1158460	15222	4864	11297536	11073550	1127056357342741
668588	651978	16610	3823	9150108	8490788	1127056367417701
1299500	1158692	140808	4098	9998064	9680334	1127056378982523
1277626	1161080	116546	155	2076266	1773814	1127056382608643
216068	179392	36676	3875	9142300	8171814	1127056392234999
1175150	1156622	18528	4861	11502020	11081692	1127056405179985
1217382	1193396	23986	2928	7526978	7261660	1127056414192125
555968	539500	16468	110	1997406	960604	1127056417012713
1173850	1153666	20184	1900	5170282	5158294	1127056423628523
646018	630738	15280	4545	10920466	9921396	1127056435462503
204408	186930	17478	3369	8387770	7116224	1127056444310829
1176634	1162064	14570	2297	5977300	5942272	1127056451720989
1179064	1163738	15326	4406	10541286	10163036	1127056463697339
1176380	1158952	17428	787	3335694	2922810	1127056468466619
1146622	1130684	15938	3521	8650960	8360714	1127056478520779
922750	906168	16582	2005	5730002	5105560	1127056485428971
1224514	1165678	58836	1318	4365308	4045374	1127056491286655
1182494	1162364	20130	4294	10267854	9958896	1127056503004551
652262	635252	17010	824	3354308	2486476	1127056507282295
1176722	1159652	17070	1278	4167328	3921296	1127056512894709
1172306	1156978	15328	2680	7230826	6717438	1127056521570117
814542	800046	14496	1094	3968938	3175730	1127056526610319
1178502	1158618	19884	3047	7831150	7445528	1127056535876211
1172008	1156700	15308	162	2099428	1668776	1127056539403685
1175064	1158084	16980	1420	4130184	4205390	1127056544964821
1175424	1157452	17972	1616	4975080	4592760	1127056551387135
1175964	1158790	17174	4621	11194538	10602894	1127056564025563
1204932	1188570	16362	1886	5053940	5161494	1127056570552493
1193486	1160026	33460	4189	10224228	9757264	1127056582236949
1181906	1167136	14770	4642	11031894	10649950	1127056594717179
812630	794984	17646	2200	6250768	5384450	1127056602035959
1184008	1165676	18332	4100	10182338	9570168	1127056613669245
1274568	1165098	109470	3859	9627952	9177066	1127056624839683
1188008	1170798	17210	1704	5148526	4781616	1127056631453125
1175274	1157310	17964	4153	10013966	9666942	1127056642910271
1178692	1160648	18044	3768	9188262	8898390	1127056653549625
429256	411548	17708	2718	7266054	6049744	1127056661512129
1131746	1116778	14968	3756	9234898	8829548	1127056672146423
1219302	1202956	16346	1692	5140030	4776522	1127056678761911
1172466	1156754	15712	4481	10654772	10308024	1127056690844999
1233174	1159940	73234	1863	5495916	5132104	1127056697833653
559240	544124	15116	2575	6928562	5881440	1127056705577643
1181874	1163098	18776	1574	5085324	4502924	1127056712100373
396768	377296	19472	4855	11302792	10292654	1127056724067139
1188714	1171964	16750	44	2060118	1462012	1127056727583081
1060050	1042090	17960	4716	10566246	10677152	1127056739476315
683492	667232	16260	3488	8729766	7844196	1127056749157701
1175820	1156662	19158	2537	6660696	6435364	1127056757261975
965322	948680	16642	3773	9192816	8700206	1127056767687383
1166592	1148242	18350	320	2109014	1991392	1127056771230651
272026	214230	57796	1013	3206160	2502914	1127056774976019
377676	360436	17240	613	2836438	1790226	1127056778461655
899966	881920	18046	4795	11901168	10674382	1127056791529833
1173128	1157818	15310	1000	3970522	3358024	1127056796940845
458922	315736	143186	2181	6225390	4995958	1127056803884691
1173494	1156416	17078	4979	11412196	11317374	1127056816739171
1179814	1160046	19768	1799	5367300	4962758	1127056823553463
1175888	1159456	16432	1483	4460702	4328054	1127056829457469
1173760	1156752	17008	1306	4431442	3971438	1127056835329331
372394	354542	17852	1083	3961980	2724298	1127056839931885
1178356	1161488	16868	2629	7002432	6620656	1127056848379789
734556	719386	15170	847	3306026	2601468	1127056852687841
785112	764852	20260	3437	8535318	7832568	1127056862264349
430870	412198	18672	2324	6430658	5252682	1127056869382143
1177584	1159282	18302	2335	6577710	6033138	1127056877404819
1174620	1156786	17834	4813	11364530	10986642	1127056890211733
1175996	1157174	18822	4546	10586884	10454310	1127056902241441
1216136	1199192	16944	3083	7944056	7568406	1127056911669101
1176716	1160364	16352	4348	10489712	10057130	1127056923601459
1171650	1156324	15326	1639	4727146	4622822	1127056929756355
776652	761738	14914	4708	10778644	10365158	1127056941567271
316798	299804	16994	3991	9523686	8470462	1127056951663323
866760	851012	15748	895	3450114	2830640	1127056956237277
404968	389584	15384	130	1953658	837916	1127056958851505
1174500	1158684	15816	3547	8447090	8441922	1127056968734889
1112388	1096092	16296	2350	6525514	5986060	1127056976628753
522334	504756	17578	3611	8977936	7916526	1127056986386713
913092	895666	17426	3071	8000750	7240592	1127056995567435
722062	704978	17084	3121	7955588	7148520	1127057004512335
1176752	1157226	19526	3537	8842214	8436720	1127057014798935
228084	203988	24096	1541	4820240	3495064	1127057020118213
788680	772306	16374	4851	11512546	10674908	1127057032686615
1173690	1156400	17290	3520	8996204	8386100	1127057043111633
1179138	1160394	18744	3752	9336302	8871572	1127057053895015
554830	537416	17414	1926	5365764	4592820	1127057060082649
800422	782474	17948	4751	11417646	10488392	1127057072568161
1257882	1239764	18118	2108	5994950	5658720	1127057080089531
1180692	1162330	18362	3409	8898096	8182892	1127057090436169
1175632	1158392	17240	1582	4843046	4512518	1127057096711175
1182642	1164516	18126	1307	4220934	3981714	1127057102382141
1176126	1157272	18854	3269	8280020	7898678	1127057112105549
1290152	1167592	122560	1444	4712496	4363866	1127057118375523
1173392	1151674	21718	367	2399822	2091630	1127057122216735
1175742	1157880	17862	4526	10931524	10413442	1127057134591019
1254006	1184408	69598	1010	3798928	3458838	1127057139911255
219424	182132	37292	3218	8184688	6839318	1127057148582461
788114	772924	15190	4507	10837066	9974370	1127057160463079
1020720	1005276	15444	3592	8668146	8377574	1127057170407585
1236732	1160246	76486	4429	10704704	10266592	1127057182605511
835282	820588	14694	2363	6316814	5734214	1127057190014025
1184496	1166802	17694	3697	9070888	8750540	1127057200525249
476560	455946	20614	765	3341974	2191064	1127057204611273
1186806	1169516	17290	3037	7668644	7446378	1127057213733469
1176128	1155996	20132	1186	4246678	3732736	1127057219422751
1114706	1088356	26350	2722	6940614	6747248	1127057227745245
1175028	1157504	17524	2586	6909294	6532074	1127057236097541
691046	673616	17430	2562	6864280	5999246	1127057243919469
1176426	1158958	17468	3618	9001582	8597604	1127057254364779
1185522	1166000	19522	410	2448758	2190344	1127057258265829
1176606	1161248	15358	4858	11490562	11076302	1127057271200717
1175604	1158476	17128	1582	4895724	4515376	1127057277527673
1173394	1158878	14516	3846	9293422	9038110	1127057288249335
688314	673172	15142	3808	9516412	8477720	1127057298710225
725870	689718	36152	616	2734242	2130434	1127057302425731
1161562	1146608	14954	730	3236028	2793692	1127057307079403
1172212	1156518	15694	4975	11701622	11296940	1127057320209959
476202	460206	15996	3171	8057420	6990338	1127057328999863
1173008	1156734	16274	3263	8102094	7871772	1127057338534625
496146	478238	17908	3658	9402988	7984924	1127057348689665
539670	523746	15924	2970	7635342	6652922	1127057357121135
871396	855472	15924	1899	5457686	4842838	1127057363706807
1297080	1167312	129768	4467	10603324	10403640	1127057375862381
1175720	1159910	15810	4256	10399036	9860836	1127057387692945
217488	200598	16890	1769	5043552	3927508	1127057393210659
1174616	1158312	16304	4276	10327708	9898452	1127057404969713
6047114	6045136	1978	301	2131296	6821992	1127057413408169
1174764	1156576	18188	3424	8503326	8207956	1127057423353813
224344	205410	18934	2861	7307926	6133882	1127057431153339
1457092	1164980	292112	4112	9972178	9869290	1127057442849981
491448	472944	18504	4151	9902728	8978218	1127057453516271
1174794	1158246	16548	2256	6353124	5872430	1127057461311563
420338	404394	15944	4034	9902666	8673168	1127057471902903
1174778	1156774	18004	4903	11662756	11153798	1127057484997255
908450	891676	16774	1688	5321276	4460222	1127057491486871
1172890	1157128	15762	2109	6303422	5563126	1127057499219271
1173810	1157826	15984	1608	4647938	4562900	1127057505298151
503118	405070	98048	962	3417970	2599842	1127057509475379
1224482	1158070	66412	3338	8454394	8072704	1127057519410695
494028	478694	15334	735	3209652	2136622	1127057523370219
1176046	1160470	15576	1482	4753334	4312234	1127057529556171
977200	960988	16212	3071	7869292	7291518	1127057538659241
1179202	1159402	19800	4014	9802326	9379458	1127057549897291
1174620	1156438	18182	1443	4501128	4244776	1127057555840671
1179262	1159942	19320	1781	5437770	4926862	1127057562725259
1228416	1158386	70030	2561	7106626	6536384	1127057571328333
599282	580330	18952	2849	7353240	6481970	1127057579549153
882876	864248	18628	1244	4225088	3556818	1127057584924721
1176430	1161146	15284	2967	7575134	7295714	1127057593950075
1181218	1162138	19080	1604	4925702	4562754	1127057600312931
1174334	1157310	17024	39	1645826	1437350	1127057603400031
1176878	1159178	17700	1695	4652518	4751134	1127057609496535
1166650	1150068	16582	4374	10233124	10100072	1127057621164193
921458	904910	16548	3531	8892138	8169670	1127057631244935
1178096	1159808	18288	2513	6737154	6393186	1127057639427535
1215166	1197582	17584	2483	6630440	6365496	1127057647540511
1180760	1160914	19846	4695	11169090	10743348	1127057660157899
1210022	1167468	42554	2080	5984918	5543258	1127057667609119
832870	763422	69448	4985	11841834	10975206	1127057680539863
736394	720314	16080	4703	11155012	10316362	1127057692687269
1174254	1158758	15496	3532	9029582	8410408	1127057703147059
618480	601516	16964	2604	7023118	6003380	1127057711045217
1180648	1162124	18524	4218	10141540	9790076	1127057722627309
1165602	1150824	14778	596	2818622	2529716	1127057726868219
1142578	1123850	18728	4133	10193544	9584138	1127057738465235
1179248	1159428	19820	4664	10869926	10692636	1127057750781813
1018674	999800	18874	3903	9399230	9009626	1127057761467163
1181004	1161640	19364	1905	5488124	5176350	1127057768403443
1147782	1121734	26048	3540	8575928	8413842	1127057778394139
1196656	1178450	18206	4592	10991334	10553698	1127057790846935
451316	431848	19468	4918	11438588	10471812	1127057803009495
1174776	1157962	16814	1158	4256594	3679648	1127057808712905
540752	523900	16852	856	3331362	2438278	1127057812852853
668602	651900	16702	3235	8062808	7323142	1127057821856611
709738	692582	17156	553	2719862	2001186	1127057825553723
1171696	1156396	15300	3179	7940800	7702868	1127057834931509
1173352	1156410	16942	4849	11355622	11044722	1127057847721055
1104170	1089248	14922	4083	9768406	9442500	1127057858849789
1174066	1158814	15252	4279	10426640	9905650	1127057870721595
866884	851098	15786	3894	9362614	8826236	1127057881206349
563866	493800	70066	1731	5157016	4202428	1127057887183265
1175196	1158314	16882	2542	6558062	6431200	1127057895172531
1176646	1160944	15702	1197	4240298	3742074	1127057900845965
1272314	1256028	16286	4572	10758658	10589076	1127057913135525
1172060	1156836	15224	4725	11117282	10797372	1127057925681161
885204	869950	15254	1616	5177828	4289974	1127057932000263
1407692	1253962	153730	2907	7621416	7395092	1127057941284711
1313144	1160108	153036	2035	5721044	5559342	1127057948574261
1175118	1158634	16484	251	2244068	1862804	1127057952260139
1176320	1158598	17722	4439	10049910	10239952	1127057963753169
1176604	1158620	17984	4084	10149888	9531092	1127057975347455
729572	713070	16502	3836	9541842	8587468	1127057985886365
1177780	1158700	19080	1843	5652100	5037980	1127057992980469
203972	185972	18000	2724	6928508	5837802	1127058000384619
1177532	1161080	16452	2228	6330402	5818098	1127058008160153
1172812	1156106	16706	4334	10179734	10027480	1127058019779331
343816	182784	161032	220	1973614	969714	1127058022364315
471742	455056	16686	2469	10481280	5595028	1127058033584161
1190510	1174252	16258	4381	10419602	10124608	1127058045460701
1010936	989512	21424	3324	8519084	7832078	1127058055247201
852100	833596	18504	1701	5095166	4442848	1127058061462285
797818	781432	16386	2389	6198038	5765092	1127058068725949
847742	819916	27826	1254	4296824	3541896	1127058074137841
1247566	1160116	87450	1146	4030674	3724498	1127058079683615
1177384	1160052	17332	1524	5000540	4410884	1127058086129393
621516	474918	146598	2838	7010818	6482090	1127058094029513
1193806	1177204	16602	757	3231636	2893688	1127058098721725
1179698	1159792	19906	1387	4066872	4141336	1127058104235525
1177858	1162030	15828	1916	5786262	5183090	1127058111467563
444410	412848	31562	778	3335210	2178804	1127058115502901
378074	360090	17984	3625	8710668	7803056	1127058124847773
1174388	1158080	16308	1366	4398126	4092956	1127058130692065
1173668	1156744	16924	4116	9900236	9591032	1127058142033249
422328	404444	17884	3541	8886842	7689264	1127058151609841
1211962	1162636	49326	2343	6448800	6083238	1127058159537395
1176192	1159088	17104	138	1940056	1637204	1127058162921629
1172836	1157152	15684	3398	8105520	8154160	1127058172472095
688442	673242	15200	577	3069256	2014722	1127058176485619
1238314	1163436	74878	4330	10143634	10083978	1127058188139551
1132318	1110316	22002	1997	5780232	5312138	1127058195319483
255222	236490	18732	751	3141956	1946308	1127058198984363
1178298	1161860	16438	304	1777262	1992588	1127058202211413
1176182	1159494	16688	1683	4822342	4727646	1127058208477263
1173476	1156678	16798	24	2100846	1406620	1127058212018525
1173726	1156980	16746	4052	9485034	9463890	1127058222944693
298358	281308	17050	1074	4023616	2635230	1127058227537273
778260	704650	73610	192	2250132	1346768	1127058230833171
484542	465782	18760	1046	3380172	2762472	1127058234969403
736066	719040	17026	1820	5652112	4561646	1127058241632891
346438	330100	16338	1357	4723526	3246110	1127058246971205
589792	572672	17120	503	2645228	1782344	1127058250478545
995490	851080	144410	3001	7392426	7204804	1127058259134181
704232	688086	16146	4432	10371120	9752756	1127058270476721
832860	815700	17160	3206	8156054	7418476	1127058279721293
1246902	1230216	16686	901	3458678	3221526	1127058284683311
1175868	1160612	15256	4711	11030986	10770994	1127058297146163
1184642	1169874	14768	1660	5098198	4681754	1127058303684899
1177772	1160212	17560	689	3260818	2729476	1127058308379945
1176104	1158906	17198	3718	9118274	8784576	1127058318930339
1176158	1159170	16988	4450	10850148	10264868	1127058331228295
1181192	1163740	17452	3635	9096442	8635622	1127058341773253
1176136	1158900	17236	1159	4239132	3679600	1127058347456161
1079948	1037168	42780	4807	11193282	10879204	1127058359995873
1179410	1162326	17084	4644	10741010	10639708	1127058372181259
1173464	1156480	16984	339	2161286	2036292	1127058375783249
1201290	1183178	18112	3398	8385944	8182124	1127058385637015
1186450	1169340	17110	1625	4978922	4621380	1127058392070113
858634	842064	16570	3388	8316958	7820390	1127058401512241
861878	843894	17984	2588	6744356	6223618	1127058409385423
811412	794576	16836	4440	10834910	9876766	1127058421298885
815828	799104	16724	2426	6455230	5856114	1127058428837233
1177700	1161330	16370	1390	4628706	4142040	1127058434915059
732614	716194	16420	517	3028326	1955166	1127058438947939
333974	316402	17572	3612	8915244	7743314	1127058448469211
1176286	1159010	17276	3997	9624856	9356108	1127058459537471
1023814	1007062	16752	1515	4690570	4240324	1127058465518939
7983172	7979640	3532	4807	11464148	17781746	1127058485234205
363822	346040	17782	2226	5953122	5000048	1127058491818699
1077612	1060082	17530	2777	7452060	6816860	1127058500616463
1235996	1206926	29070	1518	4800538	4456844	1127058506920793
1192546	1166024	26522	4911	11409340	11200134	1127058519795231
1072462	1055892	16570	1246	4353804	3750242	1127058525489125
1175890	1158396	17494	3597	9060804	8555804	1127058535994455
1175528	1160070	15458	3397	8404358	8141812	1127058545841921
1191664	1172326	19338	1898	5520378	5160802	1127058552810135
1179958	1162558	17400	3990	9670360	9345406	1127058563934323
1128024	1109848	18176	1573	4794486	4459244	1127058570124369
1163534	1123850	39684	2998	7620346	7345384	1127058579175785
252462	235328	17134	4025	10004788	8486776	1127058589700619
1203134	1159120	44014	903	3584094	3194202	1127058594755151
1185522	1170172	15350	4058	9871148	9473778	1127058606067459
1175130	1158086	17044	2849	7594490	7046926	1127058615093099
889672	871162	18510	2038	5518800	5151854	1127058621769615
221852	201988	19864	2576	6890098	5559308	1127058629149711
1174138	1156168	17970	1794	5367980	4951478	1127058635959975
1174764	1158348	16416	3309	8568764	7978588	1127058645970521
759884	741648	18236	1021	3845646	2987982	1127058650843579
991012	975018	15994	2521	6900952	6206070	1127058659006543
606942	592126	14816	256	2451538	1295526	1127058662326439
1174122	1157802	16320	1647	4775080	4652864	1127058668547703
1200618	1170624	29994	3051	7733018	7487944	1127058677748135
1174668	1156720	17948	82	1519354	1525376	1127058680710145
922316	905712	16604	3606	8484542	8319530	1127058690383703
514346	414276	100070	1823	5476986	4346348	1127058696641711
472346	455022	17324	2797	7384340	6251020	1127058704765609
1180464	1162538	17926	2847	7544376	7059334	1127058713757689
1280736	1158396	122340	4533	10615494	10531126	1127058725921869
1102964	1087256	15708	2314	6311260	5915480	1127058733603923
1087742	1071538	16204	1416	4710456	4093610	1127058739658639
1078764	1063490	15274	4815	11670338	10880954	1127058752663583
1171768	1156218	15550	1925	5693414	5194244	1127058759784503
719502	704030	15472	804	2957330	2500506	1127058763718235
463004	444132	18872	3314	8207592	7263086	1127058772645641
851522	834666	16856	3590	8856988	8205210	1127058782610119
1401206	1168526	232680	4213	10356214	10001370	1127058794623703
999516	982428	17088	4843	11556364	10858748	1127058807436019
1175690	1159258	16432	2107	5977352	5576192	1127058814856163
274152	257764	16388	466	2755072	1391866	1127058818156585
1175182	1156726	18456	165	1647924	1691228	1127058821247561
1173942	1156362	17580	3640	8873434	8643254	1127058831562271
748622	731464	17158	929	3839282	2791236	1127058836416913
716204	701202	15002	4618	10885420	10136440	1127058848286295
820602	801902	18700	3585	9005982	8163842	1127058858368719
1177056	1159312	17744	169	1923664	1700396	1127058861737163
772116	641858	130258	887	3010640	2731130	1127058865788201
1175570	1156448	19122	3960	9504954	9281090	1127058876735575
261732	240380	21352	1222	4176652	2891256	1127058881441659
1256292	1162044	94248	256	2145098	1954584	1127058885110181
1175630	1159204	16426	2861	7365964	7081798	1127058893919479
417844	398234	19610	1736	5387250	4075962	1127058899991655
1175028	1157354	17674	747	3537990	2853898	1127058904972783
1179006	1161056	17950	4831	11679314	11026524	1127058918102669
1186614	1158524	28090	3066	7962280	7503002	1127058927518213
1172944	1156866	16078	3173	8151664	7704182	1127058937110343
1180600	1159564	21036	840	3776914	3032582	1127058942324073
190804	174436	16368	3440	8480314	7256838	1127058951262201
1179792	1162776	17016	639	2865640	2646356	1127058955575171
1106048	1088900	17148	4969	11736766	11228734	1127058968685325
1214818	1163030	51788	2874	7282602	7148626	1127058977450051
1173462	1156978	16484	2794	7543482	6968436	1127058986434613
1171572	1156726	14846	1947	5566350	5251298	1127058993440555
307696	286976	20720	3675	9013372	7829562	1127059003018589
1178532	1157224	21308	2683	6912484	6717880	1127059011369369
1184606	1165770	18836	2129	6065832	5615898	1127059018875399
606874	589218	17656	1178	4038356	3135994	1127059023781723
1185290	1168084	17206	4357	10464376	10084934	1127059035698055
1324576	1307236	17340	2768	7287836	7045630	1127059044577301
1256944	1158256	98688	1728	5363768	4898576	1127059051465581
1184150	1165418	18732	1345	4351648	4058994	1127059057268759
827714	783728	43986	2397	6460080	5810996	1127059064824279
1174306	1157358	16948	4420	10328434	10199098	1127059076598655
1173870	1157496	16374	4668	10929560	10681574	1127059088958125
835636	819276	16360	2509	6542780	6026494	1127059096597825
787970	771694	16276	2084	5989636	5128394	1127059103632103
1245854	1157070	88784	1008	3850080	3434314	1127059108983963
1091032	1071220	19812	989	3794568	3245630	1127059114131065
927654	909046	18608	2209	5998624	5518170	1127059121313779
1158394	1129710	28684	2132	6058702	5607636	1127059128798455
1182848	1166038	16810	529	2883112	2426860	1127059133136845
1186884	1166042	20842	1889	5273660	5149350	1127059139864855
793990	701650	92340	480	2753670	1939262	1127059143679931
1174092	1158492	15600	1836	4952322	5056940	1127059150073969
508206	490632	17574	3609	9182974	7912400	1127059160032029
1197204	1180638	16566	3931	9711806	9244488	1127059171208971
1176352	1157606	18746	997	3441516	3355730	1127059176094079
584592	567564	17028	83	1770586	935132	1127059178716291
381214	362886	18328	1970	5434312	4505608	1127059184798851
1177622	1160356	17266	897	3451246	3155952	1127059189699209
639324	622528	16796	3170	8086672	7163468	1127059198692869
455252	437530	17722	4614	11016640	9869434	1127059210432671
1234530	1216258	18272	4075	9741096	9569558	1127059221675895
1174690	1158290	16400	1936	5390574	5232150	1127059228508003
1150562	1126044	24518	3810	9202848	8956596	1127059239129641
1175752	1159860	15892	4699	10973000	10747080	1127059251534761
829446	808826	20620	2703	7242890	6407464	1127059259862381
260188	243824	16364	571	2825434	1574436	1127059263205125
1172782	1158270	14512	2121	5595858	5587468	1127059270229659
1289260	1162090	127170	204	2089484	1870466	1127059273864083
1176950	1159474	17476	653	5938966	2667900	1127059281235875
1000926	984520	16406	4899	11243904	10985260	1127059293747745
535848	516760	19088	1951	5596858	4621740	1127059300148605
456700	437972	18728	1533	4960684	3707452	1127059305833425
1179938	1159914	20024	875	3749252	3116208	1127059311030623
1322662	1304214	18448	1820	5399888	5151844	1127059318025299
1091278	1074726	16552	1624	4936882	4523942	1127059324321859
1175256	1158052	17204	4226	10375214	9800444	1127059336137721
317600	301148	16452	2530	6617332	5562364	1127059343340031
812246	794528	17718	287	2402470	1570944	1127059346822615
763980	747108	16872	2017	5401560	4983132	1127059353260309
1102078	1082978	19100	4637	11114714	10561430	1127059365744313
1187462	1168950	18512	3099	7626140	7571828	1127059374825549
1175374	1158400	16974	3072	8009954	7493316	1127059384273351
1180160	1158918	21242	4460	10890612	10274018	1127059396600171
1176524	1157604	18920	2320	6706506	6002342	1127059404750491
1182128	1162746	19382	3691	9011526	8750068	1127059415211993
1052676	1035010	17666	3515	8889804	8268080	1127059425422459
789232	771698	17534	1689	5312604	4352544	1127059431790999
1201778	1162144	39634	4036	9796362	9446570	1127059443055319
1151132	1130826	20306	3330	8227178	7983372	1127059452690629
308534	291204	17330	3527	8848218	7535646	1127059462104025
832474	812798	19676	4512	10867408	10042458	1127059474071883
1177026	1157844	19182	4272	10004128	9907472	1127059485520369
259978	236232	23746	2431	6465278	5306362	1127059492513255
1175854	1158816	17038	1271	4518784	3902576	1127059498475099
1181442	1165088	16354	270	2248888	1907328	1127059502172665
1064644	1047778	16866	1835	5355336	4920802	1127059508859815
659370	642712	16658	2272	6524748	5391766	1127059516318459
433048	412200	20848	1381	4629270	3379590	1127059521648099
1172588	1157346	15242	2583	6898990	6523852	1127059529987457
5457594	5454950	2644	4192	10326742	14015498	1127059546028391
1177228	1158932	18296	4268	10402434	9899376	1127059557882041
1174422	1156706	17716	2526	6693004	6412336	1127059566017165
1176320	1159466	16854	4175	10096424	9710614	1127059577556955
1176978	1160518	16460	1343	4468458	4048860	1127059583469571
1177756	1159306	18450	2034	5735204	5432068	1127059590650281
687016	670308	16708	894	3674164	2660688	1127059595279529
428318	412666	15652	3835	9409372	8284232	1127059605384619
1184904	1158246	26658	1528	4578958	4415948	1127059611405181
445582	426528	19054	3525	9224736	7668720	1127059621331859
1174214	1156882	17332	2292	6341890	5943662	1127059629114463
1184006	1156986	27020	421	2455906	2210168	1127059633022225
1094392	1077406	16986	1282	4405434	3847188	1127059638794559
633306	616596	16710	1609	5081804	4037182	1127059644781433
599878	579932	19946	4497	10957208	9777654	1127059656609931
197138	169816	27322	1542	5046448	3465688	1127059662137129
1267802	1166108	101694	1225	4201358	3904364	1127059667873761
761158	744294	16864	3580	8616646	8106348	1127059677519035
761300	743750	17550	371	2400836	1689566	1127059680949151
895338	878210	17128	2230	5751472	5540992	1127059687867131
1190608	1173078	17530	2381	6442978	6136768	1127059695768325
1175492	1157182	18310	2057	6084098	5474976	1127059703295193
1175212	1158256	16956	3524	8875206	8408386	1127059713612809
909592	891542	18050	2149	6090274	5392198	1127059720881135
382464	360398	22066	4944	11864526	10460196	1127059733405875
578604	562092	16512	3449	8272484	7664658	1127059742523969
310212	280096	30116	4539	10889786	9572708	1127059753991391
602650	587674	14976	192	2281454	1158978	1127059757131795
1175602	1156362	19240	2481	6313262	6311108	1127059764876703
1171970	1156708	15262	4389	10620116	10123178	1127059776928989
1174280	1158826	15454	2949	7679160	7245768	1127059786043225
854468	839188	15280	3720	8770142	8468102	1127059795923331
413280	397454	15826	4840	11449108	10265548	1127059808042063
303794	279040	24754	701	3002392	1885136	1127059811603525
1174444	1158562	15882	4793	10960326	10951816	1127059823995081
1173890	1156996	16894	2731	7305764	6809582	1127059832730475
1112902	1096502	16400	3654	9045786	8594554	1127059843145403
290806	273714	17092	3423	8804202	7309190	1127059852497343
1173162	1156898	16264	3618	9074956	8594410	1127059863013639
733076	716766	16310	937	3853344	2792682	1127059867871509
1191322	1158362	32960	2350	6351828	6077058	1127059875681691
882400	863118	19282	523	2691778	2113962	1127059879522739
1271866	1157084	114782	45	1270734	1569100	1127059882332459
1175344	1157924	17420	445	2177766	2250044	1127059885953609
933718	916608	17110	445	2587818	2009200	1127059889741979
1307664	1157326	150338	4271	10168274	10035542	1127059901485743
1174834	1159128	15706	4308	10501098	9964984	1127059913416813
1175066	1157684	17382	4659	11249188	10666006	1127059926097063
773924	757024	16900	598	2821448	2156120	1127059929959885
1273600	1156476	117124	2719	7177708	6897006	1127059938677499
466846	317578	149268	2527	6663320	5705648	1127059946074665
1150754	1130434	20320	2390	6767544	6115288	1127059954260519
1079726	1062034	17692	1682	5067934	4628744	1127059960675439
1184770	1164948	19822	1631	5273376	4619410	1127059967404469
1434542	1161706	272836	128	2071954	1876274	1127059971178179
739230	722246	16984	4569	10251774	10062806	1127059982436783
785562	769228	16334	126	2026896	1223622	1127059985517091
862622	844950	17672	87	1549066	1225692	1127059988196121
434030	359756	74274	3824	9457836	8266534	1127059998355469
1151480	1130940	20540	3739	12740668	8814114	1127060012514769
832058	814694	17364	3153	8092996	7324002	1127060021707323
809976	791144	18832	318	2592494	1630674	1127060025377219
690386	674422	15964	2058	5483140	4991608	1127060031817559
1111884	1094914	16970	3238	8227992	7772564	1127060041425009
862246	844660	17586	312	2216270	1671520	1127060044771335
1175478	1157302	18176	3157	7690604	7680078	1127060053902355
957900	940840	17060	3223	8264118	7576108	1127060063380701
1169440	1151106	18334	243	1839620	1829068	1127060066646215
1000326	985046	15280	467	2302598	2122318	1127060070205099
1179322	1161810	17512	4652	10657684	10657566	1127060082297979
1171410	1156676	14734	4695	10826646	10733602	1127060094552015
831296	814330	16966	762	3020466	2527208	1127060098659833
397454	380860	16594	963	3848616	2495508	1127060103161959
1177342	1162164	15178	400	2385468	2150856	1127060106979829
1171580	1156338	15242	3189	8242370	7724862	1127060116653989
1186068	1162850	23218	4682	11028706	10723168	1127060129124493
830944	811906	19038	1819	5526142	4653780	1127060135749341
717202	699694	17508	895	3635122	2692242	1127060140369543
433130	416736	16394	320	2415650	1257898	1127060143485433
1177276	1159368	17908	3966	9353930	9299056	1127060154283521
1117548	1101306	16242	714	2883372	2731134	1127060158551735
1189434	1157206	32228	2764	7229182	6902096	1127060167237459
728364	711138	17226	1471	4236244	3843164	1127060172458369
1183380	1166370	17010	1798	5459720	4952450	1127060179357319
1173636	1156732	16904	3201	8370426	7748990	1127060189157513
1098692	1082534	16158	1900	5460070	5074830	1127060195972481
1173300	1157064	16236	4672	11255862	10689678	1127060208657121
427692	411180	16512	153	2293538	918794	1127060211645475
1179808	1160428	19380	3198	7761388	7761908	1127060220853549
1173622	1156772	16850	588	2803478	2535500	1127060225103341
1173984	1157326	16658	2721	6967214	6801042	1127060233511643
1178510	1159828	18682	1103	4006480	3568354	1127060238964091
786464	768224	18240	2384	6526252	5740334	1127060246548017
1171556	1156350	15206	2908	7368090	7173636	1127060255354901
1180558	1165780	14778	372	2510468	2097866	1127060259301879
1176348	1159082	17266	3139	7836764	7643688	1127060268587691
1175766	1158684	17082	1263	4274672	3886610	1127060274305079
691274	672788	18486	2561	7066898	5999276	1127060282330533
1174618	1156854	17764	1519	5028776	4398668	1127060288801825
1181530	1164146	17384	1868	5839750	5146364	1127060296094699
1179176	1161872	17304	3472	8809992	8308304	1127060306352261
1173392	1157688	15704	4907	11314196	11173110	1127060319106273
1174996	1158608	16388	4167	9797810	9681734	1127060330335885
797168	778674	18494	951	3603332	2885068	1127060335004039
395414	376958	18456	1851	5260720	4282954	1127060340934219
724614	708230	16384	1590	4984172	4089734	1127060346915375
259694	179034	80660	589	2838246	1623358	1127060350284439
1177082	1159932	17150	195	1546932	1751470	1127060353275793
1176296	1158240	18056	2721	7252882	6802600	1127060361972933
827662	810304	17358	2067	5945622	5146588	1127060369014245
1237658	1160722	76936	2388	6606392	6203146	1127060377130111
757142	741120	16022	4887	11661930	10704426	1127060389805483
1241554	1219630	21924	4998	11928196	11410860	1127060403231809
1173058	1157678	15380	1048	3844062	3441498	1127060408505259
1205604	1187880	17724	388	2590108	2154182	1127060412557731
1176190	1157830	18360	4060	9981288	9481236	1127060423982401
283696	267312	16384	918	3770456	2305590	1127060428303861
1177344	1161024	16320	3950	9622698	9262748	1127060439371403
1188346	1171726	16620	3299	8445044	7971776	1127060449272351
325470	252180	73290	2518	6789350	5546930	1127060456655399
1180948	1162162	18786	1972	5776464	5309874	1127060463880831
1177300	1160506	16794	2965	7813578	7293554	1127060473139111
1141572	1118576	22996	4362	10419698	10053886	1127060484967311
1157838	1135250	22588	4345	10496130	10036720	1127060496893483
957924	938106	19818	252	2284354	1646870	1127060500407521
1172366	1157192	15174	2260	5871248	5866126	1127060507715819
868702	852482	16220	3056	7479026	7154412	1127060516320059
1182150	1165962	16188	1249	4311478	3853740	1127060522069469
733432	714980	18452	3482	8831558	7871704	1127060531890789
681054	663740	17314	578	2695106	2022742	1127060535534399
1173862	1156514	17348	3726	9307418	8810474	1127060546283139
307072	188710	118362	432	2570704	1356070	1127060549428295
794468	775740	18728	1476	11521474	3930716	1127060562011573
218066	201712	16354	1578	4945722	3559758	1127060567443129
195476	178552	16924	2249	5994498	4882440	1127060573900523
1172972	1158348	14624	4532	11002456	10423040	1127060586343819
443300	428250	15050	38	2014150	692266	1127060589058095
1252466	1235512	16954	701	2754784	2827658	1127060593321353
1173934	1156874	17060	2883	7746060	7125864	1127060602508785
267756	248844	18912	3978	9768012	8409168	1127060612812473
1180152	1159968	20184	3495	8916492	8355744	1127060623180841
340048	322488	17560	3730	9336164	7984918	1127060633124641
600440	585756	14684	4538	10922108	9861270	1127060644914829
1171802	1156670	15132	1181	4283188	3709004	1127060650630161
1306662	1158050	148612	2714	7404084	6906758	1127060659597079
348108	330732	17376	1225	3817946	2982976	1127060664030473
1178824	1161934	16890	2628	7202378	6620004	1127060672679141
1176256	1158590	17666	4001	9925898	9363784	1127060684048453
1176810	1159552	17258	1268	4211430	3898160	1127060689704939
1178654	1160346	18308	1116	4034312	3595668	1127060695184747
1179466	1162440	17026	4282	10349928	9928676	1127060706981515
1179484	1158732	20752	493	2811434	2353498	1127060711243501
762716	745716	17000	556	2787298	2064072	1127060715060695
924808	909572	15236	4864	11356196	10838424	1127060727608569
1180184	1164378	15806	3641	9125742	8634856	1127060738169865
804728	788346	16382	3694	9373546	8364628	1127060748604303
647302	631052	16250	3797	9094994	8414070	1127060758602795
660752	645666	15086	360	2550136	1553236	1127060762070249
1176510	1160734	15776	3414	8181174	8177008	1127060771683883
1173758	1159192	14566	2952	7445576	7251360	1127060780559095
1175096	1158462	16634	4922	11586620	11192102	1127060793576369
879692	863432	16260	998	3841848	3047854	1127060798554911
1174216	1158868	15348	2081	5920794	5508292	1127060805905361
678788	661864	16924	121	1683566	1093174	1127060808523925
1181698	1166130	15568	741	2834826	2837434	1127060812796815
349516	333228	16288	2532	6712204	5587234	1127060820118573
995370	979916	15454	1722	5206030	4612684	1127060826576375
1185588	1170614	14974	58	1604752	1474070	1127060829622561
1176140	1157958	18182	1754	4882030	4870268	1127060835953203
1173522	1156574	16948	2074	6069986	5506930	1127060843464531
923106	904466	18640	2597	6958848	6302642	1127060851614059
1182210	1163958	18252	2080	6037136	5527390	1127060859101099
1178736	1160600	18136	1836	5528604	5036856	1127060866075561
1177918	1158762	19156	130	1733992	1623830	1127060869254701
642588	626168	16420	2069	5282418	4965036	1127060875447353
752086	734606	17480	2678	7069642	6292290	1127060883536759
1171676	1157042	14634	4911	11750480	11177964	1127060896726151
646994	631738	15256	1080	3927932	2978540	1127060901557411
1299828	1158700	141128	967	3769982	3407298	1127060906882231
1206952	1182636	24316	2463	6744354	6304960	1127060915093281
1140046	1117744	22302	1022	3969168	3356160	1127060920458329
245266	226684	18582	3603	9134500	7623514	1127060930093585
1199356	1180622	18734	1355	4482118	4094998	1127060936041655
880762	863136	17626	3710	9427554	8485310	1127060946616971
745230	728492	16738	4999	11784114	10927666	1127060959413335
1192882	1175272	17610	3502	8991464	8382220	1127060969864915
992196	975598	16598	163	2154324	1503790	1127060973278179
1173154	1156018	17136	2809	6984606	6976130	1127060981703079
920114	902142	17972	1627	5097040	4359992	1127060987988015
353788	226002	127786	2610	6924010	5745800	1127060995531489
490202	468936	21266	3908	9782462	8478724	1127061006059817
1203320	1186584	16736	288	2527452	1952140	1127061010046945
1181268	1166508	14760	3458	8658736	8271172	1127061020142825
920632	905160	15472	299	2352782	1690796	1127061023672113
1155530	1122416	33114	986	3359910	3334364	1127061028459073
749128	731312	17816	2761	7118444	6456212	1127061036594641
568774	552016	16758	3415	8506180	7584292	1127061045936225
1219510	1162738	56772	1169	4115824	3743478	1127061051538893
1254496	1158782	95714	2529	7020570	6497574	1127061060081815
1199978	1174200	25778	2766	7189094	6917310	1127061068739251
191432	175122	16310	3818	9233998	8012512	1127061078432509
1176070	1158028	18042	1750	5310502	4848140	1127061085175091
965946	950888	15058	2372	6527028	5882308	1127061092924925
452692	434112	18580	1229	4239604	3083452	1127061097875741
457456	441128	16328	4289	10386136	9221446	1127061108986411
1178472	1162300	16172	3973	9599494	9310010	1127061120035345
1234364	1158260	76104	3125	7932960	7669034	1127061129469183
1175832	1159208	16624	1993	5669744	5346044	1127061136582589
858990	840870	18120	1045	3619352	3133894	1127061141327735
1176684	1160142	16542	4853	11359482	11067274	1127061154131199
1176820	1158408	18412	533	2577498	2416206	1127061158141281
1172962	1156554	16408	615	3069138	2588020	1127061162639519
864794	847090	17704	392	2820136	1833808	1127061166591319
680782	664016	16766	1915	5217928	4717868	1127061172757259
1442754	1163334	279420	3939	9693640	9504478	1127061184161159
305944	276614	29330	2399	6773038	5288366	1127061191508263
878984	860618	18366	503	3020618	2069564	1127061195675301
1175232	1158198	17034	766	3202418	2891544	1127061200319521
1198654	1181716	16938	256	2194238	1895534	1127061203978893
1176232	1158836	17396	2662	6919634	6684600	1127061212342429
1172838	1157774	15064	4682	11212006	10721370	1127061224994795
1176056	1159620	16436	2947	7414880	7242000	1127061233845929
491404	476284	15120	3937	9652098	8537402	1127061244245221
1186188	1170578	15610	1218	4161438	3795560	1127061249849969
866628	851380	15248	367	2709592	1774058	1127061253682373
1209732	1192512	17220	4643	10393246	10684034	1127061265557499
1173710	1156824	16886	3985	9746564	9329044	1127061276745413
1172570	1155138	17432	1715	5076882	4787838	1127061283262215
886120	866044	20076	948	3733218	2967782	1127061288147731
193712	177046	16666	1741	5386640	3861842	1127061293995255
1192974	1173686	19288	3084	8116464	7545000	1127061303570453
1174406	1157844	16562	1612	5075402	4571820	1127061310089853
1258778	1160472	98306	82	1680030	1608020	1127061313296169
1034472	1016566	17906	541	2456010	2301640	1127061317053841
1183276	1165626	17650	1064	3786100	3496152	1127061322290619
1180394	1162768	17626	1438	4615510	4240564	1127061328353685
1310606	1293570	17036	4076	10048704	9646486	1127061339979795
1175914	1159502	16412	224	2306324	1809286	1127061343729081
214330	196620	17710	447	7589850	1294582	1127061351799423
1200984	1158062	42922	757	2884362	2899312	1127061356152059
1180366	1162546	17820	4618	10974744	10600634	1127061368573335
1176122	1158516	17606	436	2627440	2233288	1127061372643101
1017524	998516	19008	3427	8368916	8057366	1127061382296413
907630	889522	18108	270	2293884	1633364	1127061385764453
1245562	1229022	16540	3861	9088948	9152598	1127061396366345
1191998	1176074	15924	2504	6788620	6373370	1127061404614603
1240146	1173578	66568	748	3149140	2908472	1127061409260685
1180782	1163654	17128	979	3922690	3323244	1127061414631431
1198740	1171792	26948	2357	6350484	6098108	1127061422447325
914582	896260	18322	43	2023390	1185902	1127061425653113
1176440	1158104	18336	4633	10631936	10627224	1127061437728905
686670	668432	18238	2468	6754054	5808248	1127061445437053
1172478	1155958	16520	1151	4218690	3659758	1127061451094853
475254	456744	18510	3447	8506454	7553758	1127061460343523
694358	677102	17256	3099	8049552	7076956	1127061469354569
1178686	1160912	17774	1272	4366086	3895740	1127061475164853
1177210	1159920	17290	4199	9729494	9759352	1127061486447289
1181688	1163692	17996	1753	5291832	4872508	1127061493187711
1174988	1158366	16622	3094	7530876	7547412	1127061502160963
1208518	1158662	49856	2978	7693450	7348768	1127061511330419
1174238	1158456	15782	4698	11344482	10755578	1127061524115925
831986	816814	15172	3538	8791894	8081050	1127061533995599
783716	765052	18664	1790	5293300	4536286	1127061540329379
1182256	1161380	20876	184	1932150	1736132	1127061543711909
715132	698220	16912	2449	5968702	5800978	1127061550662739
883500	793626	89874	4167	10225600	9404170	1127061562038999
1178224	1161314	16910	2790	7152646	6943350	1127061570637659
1215930	1159296	56634	8	1622412	1416982	1127061573743201
1173436	1157694	15742	345	2063462	2049354	1127061577246819
266518	249090	17428	2434	6372444	5320926	1127061584153871
1166620	1149418	17202	1518	4781714	4388590	1127061590369895
1173556	1156882	16674	3876	9508128	9111372	1127061601318789
1057660	1040096	17564	475	2956616	2193724	1127061605600855
1173938	1156734	17204	628	3105658	2615050	1127061610149079
1193748	1177038	16710	3792	9421846	8962340	1127061621032795
738082	607538	130544	2114	6281118	5139186	1127061628321079
819556	801084	18472	2550	6602374	6105572	1127061636010509
447578	430326	17252	138	2337148	908956	1127061639062479
1206906	1188266	18640	4150	9672552	9692592	1127061650209739
297248	205252	91996	2659	7165632	5799786	1127061657940019
1213484	1158596	54888	1973	5911078	5343532	1127061665332201
564700	547934	16766	3768	9167212	8286114	1127061675331359
1082006	1063938	18068	4173	10199898	9613094	1127061686880563
1084664	1066238	18426	2066	5778946	5401378	1127061694015179
670996	654572	16424	157	2110660	1170670	1127061697063445
1189698	1169560	20138	3739	8973844	8853132	1127061707494095
1173904	1156416	17488	2993	7592958	7350170	1127061716540263
606676	567578	39098	728	3070850	2252622	1127061720489019
1184084	1160610	23474	183	1845760	1739802	1127061723790415
1174784	1156420	18364	4562	10453150	10488970	1127061735689015
1461902	1160336	301566	1618	4829756	4888486	1127061742252073
665478	647330	18148	970	10102664	2794648	1127061753291563
1219104	1166096	53008	4618	10993222	10644078	1127061765775125
1179384	1162412	16972	358	2809112	2085258	1127061770035375
392956	375892	17064	1157	4231286	2896172	1127061774930893
998498	980328	18170	3241	8458838	7674884	1127061784664335
836286	812646	23640	4692	11107416	10409298	1127061796880051
1179686	1162586	17100	411	2747054	2193566	1127061801083419
1177828	1159374	18454	546	2968972	2459394	1127061805501533
742250	723998	18252	3644	8874416	8219792	1127061815389871
632792	612666	20126	4623	10928142	10067596	1127061827222319
1177934	1160290	17644	2433	6639414	6234066	1127061835311391
1033284	1015190	18094	3730	9049390	8687182	1127061845664689
1177442	1160134	17308	3606	9141388	8577722	1127061856254759
1182452	1156730	25722	3548	8599892	8468804	1127061866307683
1245988	1228728	17260	901	3696242	3237194	1127061871521201
226076	209842	16234	193	2322652	800768	1127061874341239
1177934	1156482	21452	897	3168458	3161956	1127061878959071
1177472	1156742	20730	687	2793728	2741270	1127061883206579
759902	733520	26382	4937	11744098	10823822	1127061895982919
1173352	1156420	16932	895	3152620	3153620	1127061900580333
440538	414840	25698	4204	10040050	9037906	1127061911331475
1174654	1157148	17506	1193	4277932	3749878	1127061917055471
1195280	1158592	36688	1157	4205758	3698730	1127061922728071
1176472	1158628	17844	1775	4843258	4915372	1127061929019205
861460	841934	19526	3359	8417778	7768544	1127061938578141
1239000	1163822	75178	2438	6860380	6305314	1127061946949619
989908	972832	17076	912	3672794	3006922	1127061951888481
1314450	1297388	17062	3817	9448816	9137582	1127061962922965
1179804	1158484	21320	1772	5366188	4912802	1127061969744255
1175522	1158612	16910	834	3366626	3032070	1127061974557943
1177766	1160546	17220	2446	6753474	6258012	1127061982760119
1189802	1158410	31392	3018	7903812	7414936	1127061992130083
1180154	1161760	18394	1080	4090768	3528938	1127061997672385
1181904	1162008	19896	326	2361786	2024734	1127062001488109
1182912	1165496	17416	2323	6335004	6018584	1127062009277071
404510	386178	18332	168	2323168	931218	1127062012276631
1181696	1162538	19158	2089	5555770	5549300	1127062019285761
1253044	1234426	18618	2884	7532052	7211086	1127062028341029
311610	291518	20092	2153	6071402	4808176	1127062034995567
1177498	1159156	18342	2873	7422226	7112290	1127062043885375
1175688	1158258	17430	4577	10689638	10519216	1127062056021459
1016624	999500	17124	2046	5824922	5297192	1127062063134353
864514	846814	17700	3282	8197010	7620994	1127062072466155
1247174	1160506	86668	2183	6228642	5801834	1127062080212795
1184020	1165894	18126	1024	3964612	3420624	1127062085633593
1176540	1159090	17450	3381	8631800	8127884	1127062095714005
1291478	1162608	128870	2619	6968156	6719526	1127062104244903
890030	872342	17688	2207	6233350	5492570	1127062111639421
1176014	1157606	18408	2764	7387274	6893304	1127062120473303
414384	397400	16984	1235	4352476	3073816	1127062125511645
886414	868266	18148	4500	10892514	10075410	1127062137561579
336592	247784	88808	2002	5827268	4529658	1127062143995713
193724	174594	19130	758	3121408	1899966	1127062147582805
893292	875668	17624	1917	5589596	4916618	1127062154336339
1190910	1173310	17600	4866	11655150	11112446	1127062167453859
1284722	1161734	122988	1565	4741734	4605482	1127062173751599
1175044	1158406	16638	2710	7338130	6785476	1127062182535885
1177874	1160340	17534	3802	9571510	8972408	1127062193556633
628516	602344	26172	3889	9778760	8596072	1127062204235145
1176342	1159086	17256	1803	5658448	4971434	1127062211340963
1175682	1158680	17002	3098	8143966	7561826	1127062220932219
1053580	1035140	18440	377	2718146	2000288	1127062224980085
1175564	1158480	17084	2894	7377638	7151912	1127062233810005
1177278	1158288	18990	1815	5441288	4996594	1127062240699659
409294	316096	93198	697	2959886	1992634	1127062244339651
256186	239206	16980	2187	6009598	4819214	1127062250876495
1179116	1162226	16890	3418	8810526	8208236	1127062261141321
1170342	1149854	20488	1080	3878832	3524252	1127062266462515
1144058	1117326	26732	4588	11047588	10510194	1127062278926175
1083726	973060	110666	1679	5226348	4669086	1127062285511773
727122	709798	17324	3070	7998474	7056474	1127062294509079
1173324	1156202	17122	785	3563752	2932894	1127062299517259
4938868	4937616	1252	2971	7488894	11070428	1127062312216725
1051322	1033908	17414	1889	5714666	5018474	1127062319253083
1077690	1060264	17426	3379	8723212	8024132	1127062329325401
1176800	1157492	19308	1766	5275378	4898146	1127062336048451
1180466	1158218	22248	3274	8215236	7916978	1127062345716031
1253472	1158790	94682	1153	3879738	3749628	1127062351120993
1175508	1157986	17522	1844	5579084	5052318	1127062358147005
1184190	1159690	24500	4103	11679156	9579852	1127062371281555
1184626	1167426	17200	2491	6501118	6359586	1127062379237939
1227942	1204390	23552	2528	6795850	6472400	1127062387533193
1173562	1156282	17280	2361	6288608	6085054	1127062395266771
1241784	1225324	16460	3613	8855574	8661394	1127062405634909
1178524	1160568	17956	4592	10986488	10551688	1127062418071521
602478	585080	17398	3249	8312272	7289430	1127062427257433
321386	303226	18160	4848	11391892	10206510	1127062439242263
1033114	1011140	21974	965	3600970	3157176	1127062444147929
1305024	1158786	146238	2984	7661292	7461582	1127062453385775
1279788	1163730	116058	3223	8430536	7915308	1127062463366469
421846	404946	16900	2530	6907476	5672346	1127062470966455
1311482	1292864	18618	2681	6872654	6862772	1127062479426039
1181642	1163696	17946	1560	4796258	4489754	1127062485676161
800722	783430	17292	3364	8782722	7718268	1127062495531139
1236662	1158186	78476	3365	8511668	8156090	1127062505551031
923684	906268	17416	3213	8358086	7538410	1127062515103969
1232302	1214084	18218	1309	4369318	4042824	1127062520976541
1120128	1102836	17292	3605	8792732	8520122	1127062531168299
822600	806180	16420	360	2378440	1736384	1127062534640721
207900	188496	19404	4757	10889078	9911712	1127062546007931
1175144	1156660	18484	142	1755064	1648422	1127062549209179
952826	935348	17478	2001	5191302	5143566	1127062555624831
1189488	1171024	18464	3810	9532056	8999370	1127062566617363
1176092	1158480	17612	1020	3631216	3405912	1127062571695973
2617030	2615200	1830	3852	9612686	10510238	1127062584196815
1179802	1158668	21134	56	1954976	1482366	1127062587603521
1186220	1167892	18328	4159	9599182	9697506	1127062598659871
1297506	1160744	136762	3229	8193006	7944318	1127062608421091
1185802	1158516	27286	375	2656816	2125562	1127062612535319
1175962	1158502	17460	1427	4674648	4219738	1127062618657451
788540	769256	19284	3318	8567092	7614580	1127062628283933
1220414	1202750	17664	88	1966672	1584260	1127062631741819
1102482	1084590	17892	3309	7952072	7909450	1127062641067803
1177480	1157612	19868	4516	10710196	10400012	1127062653226705
1242544	1160518	82026	4325	10099534	10082670	1127062664839613
1245112	1160782	84330	1821	5253322	5077156	1127062671616225
1312444	1158196	154248	52	1933334	1607116	1127062675133493
1185188	1165608	19580	4542	10462360	10459514	1127062687052139
446656	428944	17712	291	2543664	1218326	1127062690313601
595532	578664	16868	3259	7890176	7302814	1127062699070421
1180832	1160418	20414	4029	9940862	9428492	1127062710463615
1181436	1164136	17300	4554	10863966	10479274	1127062722780145
785748	767674	18074	2045	5477590	5065882	1127062729368413
1236406	1158494	77912	2378	6724798	6181590	1127062737600999
1181990	1164528	17462	3803	9526604	8976588	1127062748582485
612066	594720	17346	2660	7058176	6120786	1127062756524493
198066	179870	18196	4020	9678338	8428630	1127062766672443
720774	703464	17310	3310	8370838	7530744	1127062776035085
1189970	1161916	28054	3669	8968524	8717972	1127062786464205
1083034	1065022	18012	3489	8790650	8249724	1127062796609149
1176828	1158734	18094	640	3109718	2646222	1127062801166919
1177446	1158602	18844	1712	5240584	4790010	1127062807855491
1189590	1171650	17940	2758	7197022	6894460	1127062816513563
1173956	1156368	17588	1168	4023276	3699144	1127062821981885
570850	553570	17280	780	3219304	2319802	1127062826042759
687276	654902	32374	278	2250026	1433776	1127062829251165
1177626	1160526	17100	4858	10875794	11083400	1127062841575441
381482	362850	18632	2826	7447274	6222408	1127062849675209
552200	534192	18008	2268	6483608	5277858	1127062856981861
1015544	998488	17056	3785	9334096	8779530	1127062867611141
1210850	1190382	20468	4697	11136442	10795438	1127062880230131
1176998	1157328	19670	2197	6383380	5760696	1127062888062463
534642	516210	18432	4071	10125346	8866952	1127062898993989
1173978	1156468	17510	3753	9299078	8873266	1127062909759255
1290658	1159182	131476	1188	4190512	3855328	1127062915511915
963654	847306	116348	1912	5648454	4975756	1127062922394849
1264202	1159034	105168	698	2971672	2850644	1127062926901373
1182884	1165286	17598	2219	6449384	5814438	1127062934809957
1180418	1160048	20370	4056	9747478	9482078	1127062946013421
1174864	1156318	18546	2425	6377934	6214816	1127062953837819
1123144	1106214	16930	2190	6311776	5692526	1127062961544019
1084032	1065008	19024	308	2316574	1888448	1127062965214905
1174994	1156432	18562	2187	6158984	5738576	1127062972819789
1178374	1159814	18560	1406	4406670	4180026	1127062978681103
1185982	1167580	18402	1209	4246238	3793966	1127062984384689
1181838	1163194	18644	2610	7140746	6591616	1127062992978503
804404	786790	17614	201	1993246	1395268	1127062996053019
1174036	1156468	17568	1784	4938756	4931396	1127063002436601
221416	201124	20292	2659	6995242	5728484	1127063009923941
1175652	1156448	19204	2130	5948454	5624290	1127063017320121
1185794	1168224	17570	1284	4248780	3942084	1127063023026199
977536	960426	17110	2430	6748892	6031072	1127063031023881
1177450	1156234	21216	4695	11140822	10760886	1127063043613695
918176	899944	18232	4905	11735750	10918756	1127063056538305
1179530	1162322	17208	2076	5889624	5522206	1127063063879635
1181154	1161892	19262	2692	7299462	6753906	1127063072631195
404080	386038	18042	3880	9629150	8353200	1127063082936031
1174956	1157600	17356	3979	9236212	9322610	1127063093662843
573378	551788	21590	4091	10115678	8945286	1127063104623139
1179508	1158360	21148	551	3082656	2471086	1127063109157263
605730	589554	16176	1069	3733496	2935962	1127063113767441
366186	348562	17624	3150	8158900	6855394	1127063122563851
197174	180226	16948	3413	8587750	7213004	1127063131620755
200750	179302	21448	1759	5277710	3907322	1127063137370275
557038	538928	18110	1770	5298100	4349116	1127063143496553
1176968	1158408	18560	4588	10942256	10541272	1127063155886385
1184880	1158016	26864	1953	5725990	5281060	1127063163068225
204250	186328	17922	4215	9937560	8823124	1127063173481513
1277262	1274728	2534	4713	11159786	10892068	1127063186190441
1136044	1117102	18942	2835	7451304	6995172	1127063195049141
979008	962074	16934	308	2203510	1784730	1127063198504093
4296798	4294986	1812	4377	10147886	13264186	1127063213219815
1182136	1162550	19586	2844	7528078	7059556	1127063222201019
1177000	1158126	18874	137	2034894	1639492	1127063225683859
1176434	1157610	18824	1670	4549796	4709472	1127063231681255
616602	598794	17808	4240	10237468	9286764	1127063242807339
841118	823840	17278	4037	9844058	9103310	1127063253767789
716342	698198	18144	3400	8293522	7706618	1127063263048907
1181158	1163724	17434	120	2067864	1614012	1127063266569711
1175218	1158006	17212	2891	7043096	7147326	1127063275059723
382034	363206	18828	3402	8548050	7378886	1127063284260439
392586	373632	18954	4914	11782484	10411120	1127063296706915
1006898	989434	17464	4014	9854566	9224626	1127063307839123
