# Loop @ Start frequency 3400000Hz took 708.39 cycles
# Interval [707 ; 709]
# Q1 : 706 ; Q3 : 708
# Loop @ Target frequency 1700000Hz took 1250.78 cycles
# Interval [1249 ; 1252]
# Q1 : 1246 ; Q3 : 1248
# Confidence intervals do not overlap, alternatives are statistically different with selected confidence level
Change time (with write) [cycles]	Change time [cycles]	Write cost [cycles]	Wait time [us]	Time since last frequency change request [cycles]	Time since last frequency change [cycles]	Detected frequency change timestamp [cycles]
1217448	1183760	33688	3567	1672958380	220868404	1127043962069141
543166	526112	17054	4812	10921248	10351998	1127043973816723
1265434	1161046	104388	907	3842692	3264436	1127043979204977
979414	954588	24826	3036	8177546	7235886	1127043988642875
1174320	1158774	15546	4996	11738806	11351178	1127044001835583
997808	981826	15982	2463	6315218	6155554	1127044009417023
1192330	1158900	33430	4156	9963984	9685374	1127044020841463
781930	766488	15442	3982	9263748	8918790	1127044031154975
1177968	1160488	17480	4075	9829480	9500878	1127044042436889
1155266	1124230	31036	3998	9659528	9323472	1127044053520121
1175910	1159494	16416	3427	8562486	8202102	1127044063526691
993294	978528	14766	2191	5898868	5551100	1127044070688049
750076	735240	14836	4544	10558988	10011992	1127044082264741
1448686	1433338	15348	3891	9434172	9402812	1127044093415265
403110	388316	14794	4101	9821972	8780860	1127044103907549
674850	659606	15244	3295	8052258	7438496	1127044112903269
1174258	1158806	15452	2535	7036782	6416474	1127044121386601
1184032	1168540	15492	27	1808652	1412018	1127044124648371
1202156	1162496	39660	2511	6506590	6409896	1127044132642521
658278	640050	18228	4626	10906928	10094778	1127044144486567
1053346	1036024	17322	4697	11139162	10633740	1127044156959529
552876	535584	17292	4859	11451846	10455028	1127044169248977
1177348	1161978	15370	1572	4629470	4507730	1127044175335269
984380	917370	67010	447	2855994	2051178	1127044179444255
537170	520238	16932	3556	9049522	7833650	1127044189315087
1185596	1166380	19216	4871	11275882	11113746	1127044202055455
501536	482376	19160	3275	8526094	7237612	1127044211363293
342292	323742	18550	1540	4828034	3607242	1127044216814017
1199500	1179524	19976	3078	8176392	7541904	1127044226469161
1188840	1170840	18000	1572	4924768	4517582	1127044232862437
1194734	1174706	20028	1286	4555914	3952488	1127044238892303
1176266	1156440	19826	4158	10031028	9681322	1127044250393789
1175800	1158628	17172	156	2186100	1677324	1127044254039301
644460	627568	16892	590	2450564	2014558	1127044257417921
472216	454514	17702	1788	5513362	4237000	1127044263687633
1320250	1300994	19256	4822	11447082	11153454	1127044276739553
1181064	1161972	19092	271	2574330	1912580	1127044280778329
685368	667822	17546	2722	7114886	6318594	1127044288862567
1189100	1170726	18374	3041	7842202	7459774	1127044298178265
1173344	1156194	17150	1519	4591292	4401836	1127044304226469
1177032	1159256	17776	1506	4660596	4378554	1127044310348389
1174770	1156464	18306	4306	10468666	9977154	1127044322275745
1046912	1028288	18624	3273	7947034	7782520	1127044331553781
313352	295048	18304	1904	5427500	4311972	1127044337580201
1179654	1158888	20766	2294	6328864	5957594	1127044345372441
1251790	1159864	91926	1597	5033898	4634742	1127044351942517
595178	577080	18098	2113	6093414	5011234	1127044358913847
478502	459436	19066	412	2758996	1491778	1127044362439161
1174082	1156358	17724	138	1401284	1639690	1127044365298715
1078872	1060000	18872	3347	8567928	7962480	1127044375229449
1179936	1162018	17918	16	1564884	1401014	1127044378258461
1178908	1159660	19248	1746	4690950	4860042	1127044384413393
416126	398206	17920	4935	11741914	10475150	1127044396854523
1143648	1126066	17582	3464	8840122	8262618	1127044407121989
338370	319950	18420	3745	9399436	8021998	1127044417148615
1173562	1156076	17486	2732	7324698	6938886	1127044425935743
1179772	1161604	18168	1498	4686640	4364908	1127044432085901
1174456	1156514	17942	4146	9900316	9655500	1127044443444517
752532	733918	18614	1096	3799636	3138356	1127044448280543
330918	215840	115078	1260	4290180	3041384	1127044453186869
1176446	1156550	19896	4117	9688580	9600594	1127044464335749
897820	879922	17898	2011	5442794	5109712	1127044470959655
989452	971482	17970	172	2087596	1522826	1127044474325263
314388	286132	28256	2268	6025820	5063236	1127044480950161
1180902	1162986	17916	4094	10164106	9562014	1127044492586583
744696	726376	18320	745	3401688	2424908	1127044497016345
1215278	1164006	51272	2672	6924864	6748504	1127044505444863
290954	272558	18396	3355	8110904	7190710	1127044514132435
476994	459234	17760	1239	3965266	3145552	1127044518858449
1177724	1160188	17536	4099	9890582	9566006	1127044530211081
1178958	1162014	16944	3278	8491916	7924524	1127044540166237
1232608	1213674	18934	2673	7097264	6767712	1127044548779869
1179856	1161834	18022	2143	6035790	5655174	1127044556278967
514134	496720	17414	1737	5181766	4177416	1127044562259255
1182724	1164554	18170	1406	4314334	4184506	1127044568039801
1175868	1158608	17260	797	3573784	2959186	1127044573074921
1176684	1158502	18182	643	3173162	2655938	1127044577713695
912466	894956	17510	3558	8529208	8217088	1127044587439397
296240	256254	39986	4047	10121484	8580300	1127044598141095
1185508	1160922	24586	882	3704190	3139508	1127044603314315
1175234	1156392	18842	2473	6608838	6314366	1127044611381993
1177122	1158580	18542	1585	5090218	4536384	1127044617933841
631688	613520	18168	2540	7020556	5901304	1127044625870353
1170320	1149710	20610	4264	10362782	9888558	1127044637688895
325364	306942	18422	2738	7463350	5990950	1127044645761843
1468128	1449818	18310	2733	7234802	7122752	1127044654748545
1235040	1163228	71812	4271	10335554	9966148	1127044666603371
998172	977350	20822	2902	7859078	6991778	1127044675744443
1238600	1161926	76674	3628	9132140	8683836	1127044686398789
1193870	1175072	18798	3111	8205904	7605522	1127044696082007
593916	576262	17654	266	2356274	1316058	1127044699316007
849452	829588	19864	4833	11042312	10704346	1127044711493437
1215170	1182652	32518	157	1972920	1719182	1127044714965145
1173864	1157574	16290	226	1850206	1837684	1127044718277823
198260	181104	17156	1531	4181654	3449104	1127044722942161
1289432	1160250	129182	3004	7834698	7487122	1127044732355251
452050	431684	20366	3731	9333270	8104542	1127044742423815
1177070	1159128	17942	4131	9963376	9629218	1127044753848741
797062	779272	17790	3481	8681442	7948116	1127044763610647
224232	203530	20702	587	3055406	1588256	1127044767175789
1178268	1159252	19016	4252	9606228	9872356	1127044778243771
990320	971404	18916	3693	8967690	8566044	1127044788485741
1208104	1191426	16678	3638	9049888	8673350	1127044799027455
540178	523060	17118	2737	7256890	6203036	1127044807123429
614160	596792	17368	1854	5262710	4511384	1127044813289393
630148	607628	22520	262	2505556	1344850	1127044816709339
256898	238610	18288	2312	5999926	5070800	1127044823250027
720608	701632	18976	533	2583344	1975478	1127044826837745
384988	367220	17768	3593	8805278	7760506	1127044836312055
799238	782210	17028	99	2173620	1187722	1127044839568255
1111298	1092816	18482	4288	9949216	9879518	1127044850912235
1175638	1156966	18672	4109	9971904	9584214	1127044862348495
1167088	1149578	17510	2408	6719560	6172510	1127044870519877
872808	854700	18108	3027	8049832	7117308	1127044879725549
251710	217450	34260	4985	11465330	10411958	1127044891726321
1178260	1160764	17496	678	3282600	2724280	1127044896470837
1177208	1159072	18136	2117	5887934	5600634	1127044903819735
320780	303490	17290	2293	6358980	5096712	1127044910783225
907372	890328	17044	1789	5207632	4674416	1127044917181793
1185748	1167248	18500	914	3271470	3204024	1127044921922161
0	0	0	0	0	0	0
1180034	1161370	18664	1515	4727040	4399016	1127044944522243
1190062	1162830	27232	1040	3772624	3459020	1127044949768247
1338078	1156160	181918	4496	10691986	10519324	1127044962082193
835290	818280	17010	3415	8438758	7854370	1127044971639289
946336	928816	17520	4104	10115330	9344464	1127044982984261
213846	177422	36424	3390	8589280	7184154	1127044992075681
1174602	1154978	19624	3186	8111700	7734878	1127045001646411
1174278	1156972	17306	4864	11659682	11092578	1127045014763981
1174082	1156498	17584	3823	9673770	9010588	1127045025895687
1177122	1158554	18568	4098	10108082	9561828	1127045037464629
1178010	1159644	18366	155	2352486	1677520	1127045041279489
330342	312220	18122	3875	9156216	8293556	1127045051049753
1165382	1123052	42330	4861	11689056	11080516	1127045064198713
1184134	1167212	16922	2928	7474414	7229588	1127045073141385
559384	541010	18374	110	2082508	973274	1127045076072575
1197638	1164072	33566	1900	5169158	5187214	1127045082722821
464582	445172	19410	4545	10904610	9743040	1127045094375681
1189744	1171864	17880	3369	8451648	8116802	1127045104300735
1117040	1099330	17710	2297	6280092	5900778	1127045111981995
1181868	1165212	16656	4406	10153194	10182212	1127045123600753
244406	211764	32642	787	3208020	2008078	1127045127337215
1046192	1028138	18054	3521	8963776	8278326	1127045137630929
1183176	1163502	19674	2005	5968954	5383196	1127045145067865
1175096	1158214	16882	1318	4215908	3999820	1127045150747749
1181132	1162330	18802	4294	9907074	9958692	1127045162119697
911320	892972	18348	824	3259148	2748660	1127045166573849
1179218	1161364	17854	1278	4188308	3925544	1127045172225697
1190116	1173064	17052	2680	7206264	6739652	1127045180906561
1039140	1021450	17690	1094	4023638	3417072	1127045186257521
1176562	1158542	18020	3047	7582804	7459824	1127045195300863
1188314	1167130	21184	162	2086092	1700926	1127045198858595
1194638	1167782	26856	1420	4215436	4247002	1127045204552895
711994	694936	17058	1616	5210774	4133760	1127045210760189
927432	910148	17284	4621	11166146	10359352	1127045223137553
1178418	1161098	17320	1886	5863088	5140712	1127045230468481
1179828	1160886	18942	4189	9969960	9747484	1127045241901781
1184736	1167632	17104	4642	10932342	10658188	1127045254302609
1200588	1162884	37704	2200	5893288	5790370	1127045261680385
1174884	1156764	18120	4100	9690826	9565438	1127045272830615
274670	256952	17718	3859	9193056	8182084	1127045282582321
1009240	992206	17034	1704	5069304	4606666	1127045288944825
1265922	1156278	109644	4153	10161022	9761630	1127045300659441
437994	418460	19534	3768	9244564	8163802	1127045310627421
1162180	1142172	20008	2718	7439574	6787866	1127045319513537
553488	535492	17996	3756	9252384	8254318	1127045329602753
1180278	1163282	16996	1692	5280836	4752970	1127045336347503
1178072	1159530	18542	4481	10764652	10330036	1127045348573229
1177486	1159068	18418	1863	5629306	5093224	1127045355664585
1177646	1159028	18618	2575	6914484	6517518	1127045364040661
1105266	1088626	16640	1574	4767160	4443138	1127045370196235
1323152	1300632	22520	4855	11669280	11221636	1127045383474025
1293560	1166578	126982	44	1985066	1571156	1127045387036389
1334924	1167504	167420	4716	10809632	10955848	1127045399473669
873906	853070	20836	3488	8587660	8039930	1127045409218607
1180458	1161204	19254	2537	6918650	6443968	1127045417601083
620776	601822	18954	3773	9206152	8355264	1127045427711317
414296	397328	16968	320	2613340	1243754	1127045431022785
1175360	1158204	17156	1013	3396670	3390324	1127045435885841
1177704	1160762	16942	613	2922330	2593774	1127045440270137
732180	712832	19348	4795	11458276	10510916	1127045452744521
1316030	1297962	18068	1000	3737688	3505802	1127045458082335
962230	944360	17870	2181	6030090	5512746	1127045465358495
1186942	1168338	18604	4979	11401098	11334320	1127045478229091
1186532	1161506	25026	1799	5203636	4974652	1127045484902649
1004696	987314	17382	1483	4505108	4160028	1127045490700749
455154	437852	17302	1306	4616346	3256084	1127045496055169
1182262	1164932	17330	1083	4214488	3536944	1127045501736237
282992	264144	18848	2629	6932324	5731152	1127045509234909
1176108	1156078	20030	847	3259152	3058696	1127045513953989
244440	207032	37408	3437	8635180	7308410	1127045523118229
1178020	1160960	17060	2324	6359098	6014880	1127045530943753
5824580	5822146	2434	2335	6412784	10683590	1127045543468273
986680	963246	23434	4813	11665324	10803304	1127045556404247
389286	371648	17638	4546	10936966	9671478	1127045568014755
866666	845864	20802	3083	7806222	7222968	1127045576972037
267272	248566	18706	4348	10458366	9153194	1127045587986609
1022512	1005162	17350	1639	4931328	4489310	1127045594223793
1175750	1158974	16776	4708	11087776	10782152	1127045606770915
750258	732784	17474	3991	9744298	8923166	1127045617549357
1176360	1158514	17846	895	3396710	3156402	1127045622405441
1179488	1160728	18760	130	1933960	1629122	1127045625802509
246878	226268	20610	3547	8438626	7529482	1127045634771839
1178554	1160886	17668	2350	6302114	6069076	1127045642537483
1182764	1163856	18908	3611	9201614	8594528	1127045653205673
1173476	1156492	16984	3071	7668306	7505936	1127045662332229
1179140	1161338	17802	3121	8002218	7609086	1127045671797823
1175866	1158180	17686	3537	8787872	8439484	1127045682044481
1259772	1163710	96062	1541	4870242	4531572	1127045688458323
1209868	1186116	23752	4851	11543940	11101178	1127045701496313
1112786	1095294	17492	3520	8974656	8341658	1127045711869171
1174898	1156586	18312	3752	9378288	8869204	1127045722707195
717010	697724	19286	1926	5663092	4758226	1127045729371223
1165006	1143516	21490	4751	11338442	10857148	1127045742159143
1174666	1158148	16518	2108	5995560	5579456	1127045749612757
777546	759674	17872	3409	8617316	7786258	1127045759291543
1176446	1159168	17278	1582	4979068	4530228	1127045765730401
0	0	0	0	0	0	0
1181750	1164276	17474	3269	8570886	7909592	1127045781959591
665834	400042	265792	1444	4414252	3743184	1127045787323615
1178796	1161558	17238	367	2681152	2101310	1127045791466577
1181478	1162058	19420	4526	10661382	10422986	1127045803593155
0	0	0	0	0	0	0
434990	417692	17298	3218	8314730	7059992	1127045817928557
1176394	1156266	20128	4507	10615472	10378838	1127045830003855
1131272	1113504	17768	3592	9144200	8505430	1127045840562647
318766	301450	17316	4429	10589490	9365716	1127045851754077
1178386	1159518	18868	2363	6487664	6093492	1127045859705651
909154	891380	17774	3697	9113510	8493002	1127045870012321
1326698	1303170	23528	765	3262574	3046786	1127045874885803
1179560	1159200	20360	3037	7954818	7442464	1127045884308625
817818	799238	18580	1186	4352508	3380268	1127045889762835
853258	835414	17844	2722	7317944	6487618	1127045898218223
1173712	1156334	17378	2586	6816920	6534904	1127045906492593
596626	579250	17376	2562	7028940	5910942	1127045914401455
1178586	1159142	19444	3618	8702140	8604236	1127045924567315
361388	285804	75584	410	2468416	1370838	1127045927680109
448542	314846	133696	4858	11096520	10355126	1127045939509175
792872	772356	20516	1582	5053330	4147216	1127045945639483
1184972	1138618	46354	3846	9621752	9067184	1127045956729477
1176768	1158934	17834	3808	9497734	8982796	1127045967727193
1133052	1116622	16430	616	3101528	2553088	1127045972245461
1176026	1159122	16904	730	3307916	2825988	1127045977012363
1045164	1027268	17896	4975	11519368	11183914	1127045989865397
1198306	1178208	20098	3171	7857242	7728280	1127045999204465
1176582	1158534	18048	3263	7924816	7891720	1127046008590713
946072	928742	17330	3658	9159860	8451140	1127046018980113
1179430	1162106	17324	2970	7666978	7308218	1127046028115415
1310592	1293412	17180	1899	5579156	5298608	1127046035288523
1145844	1117412	28432	4467	10503024	10269406	1127046047221629
1295414	1277886	17528	4256	10454372	9996664	1127046059255131
1178496	1160856	17640	1769	5360412	4906200	1127046066078189
1179494	1161904	17590	4276	10421294	9920450	1127046077963069
1269722	1164590	105132	301	2094622	2061304	1127046081611287
237174	212758	24416	3424	8864080	7275018	1127046090996655
1175856	1158628	17228	2861	7439210	7087670	1127046099901249
1208730	1188464	20266	4112	10121726	9623186	1127046111516049
1175052	1156780	18272	4151	10140254	9665786	1127046123114269
643936	626582	17354	2256	5801232	5345024	1127046129847131
1176508	1158894	17614	4034	9679578	9433976	1127046140987601
705350	685896	19454	4903	11330988	10699728	1127046153352361
1076020	1057572	18448	1688	5191276	4642298	1127046159903001
574084	557092	16992	2109	6114294	4981410	1127046166874993
798118	778090	20028	1608	5111526	4203808	1127046173072975
1177136	1158552	18584	962	3798962	3294176	1127046178339953
1180932	1163620	17312	3338	8234966	8047732	1127046188039673
1194890	1159384	35506	735	3199490	2853408	1127046192717595
560608	542964	17644	1482	4963034	3713606	1127046198525289
1258658	1240128	18530	3071	8145634	7590632	1127046208213241
1181112	1161800	19312	4014	9803814	9397566	1127046219481589
1184598	1166734	17864	1443	4482570	4260404	1127046225433073
5248896	5246832	2064	1781	5370966	9001130	1127046236337313
445656	428600	17056	2561	6822796	5756854	1127046243889961
1309612	1158456	151156	2849	7388326	7197472	1127046252871873
1296086	1199640	96446	1244	4227430	3973184	1127046258684317
1255032	1162778	92254	2967	7639878	7377774	1127046267863161
1176296	1158594	17702	1604	5180970	4574146	1127046274504397
1176546	1158690	17856	39	1577656	1443918	1127046277542595
974472	956180	18292	1695	4657848	4554248	1127046283458497
269024	251336	17688	4374	10680846	9207928	1127046294690949
1193286	1175182	18104	3531	8939154	8445050	1127046305107167
388034	370242	17792	2513	6960256	5608278	1127046312743825
1180280	1160956	19324	2483	6738074	6334462	1127046320946011
863548	797398	66150	4695	11294968	10442454	1127046333393197
1270142	1252196	17946	2080	5846904	5619434	1127046340793723
1302254	1155832	146422	4985	11776412	11462328	1127046354155749
1191850	1161846	30004	4703	11032568	10788218	1127046366663241
450648	431960	18688	3532	8870986	7703506	1127046376267929
1173876	1156494	17382	2604	7226844	6571566	1127046384953117
1174330	1156918	17412	4218	10000442	9798830	1127046396417495
1181120	1162798	18322	596	3110096	2562182	1127046400992249
1178160	1157908	20252	4133	9738752	9634048	1127046412197169
1128372	1110372	18000	4664	10970876	10644714	1127046424579321
1173002	1156478	16524	3903	9643396	9167574	1127046435679833
1192824	1174758	18066	1905	5597020	5191340	1127046442753597
929044	912340	16704	3540	8842062	8199256	1127046452807769
1177046	1159360	17686	4592	11120734	10549706	1127046465389689
1174664	1158072	16592	4918	11583274	11200604	1127046478431201
1172784	1155592	17192	1158	4174772	3678654	1127046484061265
751924	734522	17402	856	3745654	2652748	1127046488842389
1176490	1158290	18200	3235	8342688	7836952	1127046498644895
1177798	1158614	19184	553	2645580	2473470	1127046502752153
1246408	1179898	66510	3179	7983018	7793980	1127046512264689
401380	384228	17152	4849	11305444	10289220	1127046524255545
1223932	1157450	66482	4083	10139388	9578998	1127046535902015
1177374	1158624	18750	4279	10422646	9925462	1127046547785361
1264070	1166342	97728	3894	9655338	9240814	1127046558988015
1178330	1159832	18498	1731	5232570	4828938	1127046565688189
719358	701610	17748	2542	6718318	5993042	1127046573409163
1174924	1156552	18372	1197	4198894	3758164	1127046579066701
1181502	1163416	18086	4572	10962632	10517334	1127046591499175
458862	440794	18068	4725	11044638	10098670	1127046603286429
640270	623888	16382	1616	4870704	4063828	1127046609081781
1157642	1138530	19112	2907	7722306	7165306	1127046618251123
186920	169736	17184	2035	5901912	4447138	1127046624624337
611146	575088	36058	251	2221268	1302134	1127046627740557
877788	860638	17150	4439	9999692	9948800	1127046638901081
1191360	1174402	16958	4084	10039200	9549180	1127046650420601
1179984	1161666	18318	3836	9396766	9040374	1127046661281135
1187638	1167560	20078	1843	5658310	5063058	1127046668410723
381298	361812	19486	2724	6917498	6018098	1127046675994309
814982	797352	17630	2228	6125594	5459788	1127046683217937
608432	590010	18422	4334	10582990	9466350	1127046694693327
650206	633268	16938	220	2373644	1279422	1127046698001051
1179206	1160386	18820	2469	6312728	6307362	1127046705776029
1959408	1957508	1900	4381	10306128	10910460	1127046718324105
1177616	1160094	17522	3324	8376748	8013848	1127046728162265
1187236	1160412	26824	1701	5112764	4778140	1127046734745829
234540	212700	21840	2389	6417438	5202628	1127046741681051
1179758	1162824	16934	1254	4172648	3877206	1127046747318243
1176900	1158416	18484	1146	4224082	3658884	1127046753003349
1178722	1161706	17016	1524	4597064	4416454	1127046759067121
1174836	1158202	16634	2838	7725450	7039926	1127046768255163
966706	949668	17038	757	3505544	2671220	1127046773010977
1178252	1161102	17150	1387	4499088	4141722	1127046778976497
741280	723162	18118	1916	5219416	4763798	1127046785225491
1177150	1160014	17136	778	3572450	2922762	1127046790259295
1176560	1158826	17734	3625	9095178	8616196	1127046800814625
1178556	1159294	19262	1366	7551264	4100600	1127046809828575
492312	473148	19164	4116	10151484	8913420	1127046820756225
1175788	1157020	18768	3541	8855654	8447666	1127046831071643
1174548	1156392	18156	2343	6311574	6049290	1127046838846337
1175944	1159110	16834	138	2061440	1641540	1127046842367697
1189214	1160478	28736	3398	8209780	8197256	1127046852050899
706796	689360	17436	577	2963070	2050780	1127046856004477
1179534	1160004	19530	4330	10255924	10029294	1127046867723091
886058	868822	17236	1997	5488100	5070698	1127046874381575
1182950	1163520	19430	751	3532342	2873628	1127046879380441
1271666	1161022	110644	304	2221060	2072750	1127046883157117
1204348	1160876	43472	1683	5026540	4760132	1127046889671769
1176356	1158944	17412	24	2159566	1413128	1127046893291717
834372	816828	17544	4052	9279458	9128020	1127046903689673
591406	574192	17214	1074	4106952	2929278	1127046908670655
666602	648976	17626	192	2350888	1239782	1127046911971835
1276136	1161698	114438	1046	3460142	3557408	1127046916991321
1176598	1159290	17308	1820	5593186	5009132	1127046924049729
1185506	1167340	18166	1357	4527538	4087780	1127046930046593
684854	667450	17404	503	2583780	1880530	1127046933599915
694446	675304	19142	3001	8189864	6886712	1127046942767441
1176566	1159222	17344	4432	10619632	10229242	1127046954847469
695952	678208	17744	3206	8376828	7297800	1127046964204789
1285458	1165914	119544	901	3522162	3276996	1127046969296243
1176292	1156248	20044	4711	11394490	10787488	1127046982150957
1191000	1172578	18422	1660	5100574	4701046	1127046988739635
1218918	1202520	16398	689	3112860	2785786	1127046993355523
276064	257340	18724	3718	9100208	7904044	1127047003016575
1178358	1160942	17416	4450	10751284	10271272	1127047015234811
405746	386912	18834	3635	9121618	7864428	1127047025046101
1173634	1156512	17122	1159	4311670	3685458	1127047030819955
582990	565512	17478	4807	11558888	10385638	1127047043245221
1194360	1174870	19490	4644	11303340	10672698	1127047056026481
492370	474680	17690	339	2474656	1360080	1127047059276481
1196682	1178872	17810	3398	8167926	8182422	1127047068924709
1175296	1158432	16864	1625	4881020	4614702	1127047075269261
1103020	1084238	18782	3388	8601292	8069136	1127047085256929
1181038	1163922	17116	2588	6875240	6550166	1127047093596875
1067556	1049618	17938	4440	10547150	10137480	1127047105495281
1177108	1158898	18210	2426	6705780	6219662	1127047113660783
1195542	1173824	21718	1390	4594862	4166008	1127047119735181
1180526	1160812	19714	517	2955920	2404778	1127047124156141
0	0	0	0	0	0	0
565920	545384	20536	3997	9787348	8749392	1127047144649389
186612	169740	16872	1515	4822742	3407156	1127047149942017
1179792	1160956	18836	4807	11493208	10983100	1127047162899121
1071220	1054012	17208	2226	6173426	5712980	1127047170432481
1175696	1158548	17148	2777	7506970	6918608	1127047179398881
1190488	1164460	26028	1518	4780878	4415830	1127047185653643
580408	562776	17632	4911	11425756	10591644	1127047197943473
1314078	1297558	16520	1246	4472010	3996364	1127047204013077
7363986	7358388	5598	3597	8804556	14747984	1127047220464913
835168	816850	18318	3397	8748040	7818508	1127047230331985
840694	818960	21734	1898	5425520	4825906	1127047236881455
1180180	1160080	20100	3990	9612224	9350736	1127047247962829
1238184	1160360	77824	1573	4927484	4573226	1127047254412829
1176432	1158300	18132	2998	7535692	7361996	1127047263408993
1130470	1109934	20536	4025	9999682	9369218	1127047274822927
1197304	1180394	16910	903	3570662	3193614	1127047279873735
0	0	0	0	0	0	0
1176654	1159196	17458	2849	7530660	7064884	1127047299944909
609494	593086	16408	2038	5971498	4875720	1127047306809709
1183902	1164970	18932	2576	7122376	6526492	1127047315400055
1177546	1160144	17402	1794	5197978	4959592	1127047322059561
378092	358544	19548	3309	8499102	7185852	1127047331220129
1180498	1160384	20114	1021	4072530	3411840	1127047336890497
1183456	1162550	20906	2521	6867490	6415478	1127047345229355
1179024	1160654	18370	256	2259096	1884520	1127047348950903
1206506	1160814	45692	1647	5084466	4689174	1127047355530367
1180976	1159376	21600	3051	7862302	7473090	1127047364856737
1179748	1162766	16982	82	1645360	1533532	1127047367969509
1175716	1158722	16994	3606	8574734	8576072	1127047378003385
580360	563412	16948	1823	5194268	4416278	1127047384061969
728390	711646	16744	2797	7289356	6511604	1127047392364015
1081046	1061486	19560	2847	7349002	6964104	1127047401078557
499786	479306	20480	4533	11044980	9754968	1127047412911175
1175108	1156674	18434	2314	6342076	5993228	1127047420716465
1176292	1156832	19460	1416	4578674	4197072	1127047426755561
1178274	1158364	19910	4815	11418072	10998734	1127047439635463
1318184	1160116	158068	1925	5505856	5358746	1127047446743329
342064	324302	17762	804	3257924	2139182	1127047450627195
1179460	1161856	17604	3314	8456246	7997646	1127047460546501
1133786	1112208	21578	3590	8929226	8503074	1127047470892755
1189416	1161812	27604	4213	10176330	9804784	1127047482546281
743802	664812	78990	4843	11441722	10618330	1127047495014571
326908	307516	19392	2107	5763700	4730630	1127047501393649
869446	852656	16790	466	2679834	1990568	1127047505226121
1181044	1162468	18576	165	1490446	1722664	1127047508181745
1180930	1162950	17980	3640	8428584	8649506	1127047518075623
1057404	1038178	19226	929	3432798	3105176	1127047522849969
953280	935340	17940	4618	10998134	10377716	1127047535099749
405382	386186	19196	3585	8874348	7778594	1127047544831767
973614	955892	17722	169	2341154	1502634	1127047548429975
1052052	1028668	23384	887	2914054	3015388	1127047552680393
929464	911562	17902	3960	9970358	9040038	1127047563863735
1253316	1162338	90978	1222	4062840	3886832	1127047569463527
1177124	1160296	16828	256	2281258	1879888	1127047573205317
1306076	1286792	19284	2861	7412940	7220730	1127047582208171
1176762	1158592	18170	1736	5302204	4838814	1127047588970807
1176266	1158668	17598	747	3245152	2859818	1127047593680313
791026	771806	19220	4831	11246206	10641658	1127047606000941
1176172	1158738	17434	3066	7761408	7497320	1127047615222061
373380	352482	20898	3173	8471650	6909012	1127047624351175
1188816	1170540	18276	840	3544680	3057540	1127047629368561
1174480	1156442	18038	3440	8619708	8244324	1127047639446169
306232	288512	17720	639	3276912	1774424	1127047643313861
1073568	1053650	19918	4969	11335564	11224080	1127047656007149
1313524	1161054	152470	2874	7129394	7251412	1127047664733009
1173766	1156572	17194	2794	7246714	6950056	1127047673437193
1182404	1161930	20474	1947	5472942	5270096	1127047680375769
590278	572202	18076	3675	9105610	8129140	1127047690355569
1182198	1164932	17266	2683	7283470	6738416	1127047699105429
633484	616570	16914	2129	6071262	5084090	1127047706098633
1190352	1166952	23400	1178	4274242	3735610	1127047711847495
875678	858430	17248	4357	10243564	9778842	1127047723250743
1178886	1160162	18724	2768	7172302	6908390	1127047731885883
6775580	6773734	1846	1728	5415034	10422248	1127047744360509
1218532	1164656	53876	1345	4677046	4098812	1127047750539371
186248	168856	17392	2397	6698282	5169646	1127047757709027
1182072	1161364	20708	4420	10568090	10211598	1127047769742763
283932	266404	17528	4668	11027124	9808742	1127047781338497
1272260	1163028	109232	2509	6635386	6482762	1127047789530821
582512	565218	17294	2084	6221358	4940850	1127047796618979
1176422	1158308	18114	1008	3947920	3382136	1127047802026877
1181252	1164014	17238	989	3952840	3349946	1127047807445629
1180972	1161978	18994	2209	6327152	5787630	1127047815237295
369732	340024	29708	2132	5820762	4824200	1127047821711989
1309054	1292206	16848	529	2814836	2555850	1127047826119299
1175396	1158536	16860	1889	5612944	5143748	1127047833191629
408400	389916	18484	480	2595512	1558780	1127047836478577
639170	621094	18076	1836	5043482	4499672	1127047842445301
1318048	1298592	19456	3609	9092806	8724990	1127047853140103
1177802	1158476	19326	3931	9747936	9233654	1127047864349767
1182488	1162176	20312	997	3666260	3365328	1127047869482429
1263410	1244368	19042	83	2088682	1619128	1127047873119295
1085194	1067480	17714	1970	5317950	5214270	1127047879811047
1175114	1158640	16474	897	3777210	3158260	1127047885046927
1174478	1156764	17714	3170	8030420	7704446	1127047894540215
1274286	1157078	117208	4614	10805494	10692806	1127047906903923
1178290	1158788	19502	4075	10073102	9518754	1127047918443857
839082	820476	18606	1936	5845706	4899532	1127047925412569
948238	928046	20192	3810	9062928	8760542	1127047935707675
1181100	1160780	20320	4699	11153278	10768318	1127047948326441
534438	516572	17866	2703	6755354	6130390	1127047955899701
564064	546990	17074	571	2832136	1895880	1127047959579309
738056	720922	17134	2121	5648320	5199766	1127047966249249
619032	602034	16998	204	2097780	1217216	1127047969250193
311544	282722	28822	653	2789638	1807562	1127047972634665
920604	902910	17694	4899	11662836	10908220	1127047985501643
1178610	1159894	18716	1951	5751132	5269592	1127047992715589
1180188	1161204	18984	1533	4722526	4435592	1127047998901121
1175116	1157560	17556	875	3872808	3119024	1127048004238041
1226964	1158584	68380	1820	5241414	5055486	1127048010989819
1178020	1159242	18778	1624	5088810	4616438	1127048017548825
538888	519864	19024	4226	10445884	9180406	1127048028817609
1185436	1156168	29268	2530	6866840	6435266	1127048037154101
1155944	1134046	21898	287	2230920	1919456	1127048040824569
246456	215254	31202	2017	5170312	4470648	1127048046525041
455056	435558	19498	4637	11085410	9919660	1127048058349549
808524	790028	18496	3099	8265324	7195898	1127048067706935
723936	706108	17828	3072	7957572	7056658	1127048076672275
1178256	1159104	19152	4460	10893740	10288290	1127048089028517
669704	606162	63542	2320	6396480	5497948	1127048096381915
1176358	1158356	18002	3691	9100844	8747440	1127048106942483
976552	959234	17318	3515	8580938	8194972	1127048116788585
602240	584612	17628	1689	4952094	4170340	1127048122626229
418204	399830	18374	4036	10011350	8679828	1127048133340121
1182820	1162316	20504	3330	8614372	8032708	1127048143420669
1183274	1162812	20462	3527	8895256	8425948	1127048153783105
1186016	1166158	19858	4512	10481064	10399052	1127048165733655
1023018	1002812	20206	4272	10353712	9756540	1127048177394625
1177386	1159606	17780	2431	6184988	6227998	1127048185040917
267090	249228	17862	1271	4468060	3002898	1127048190064553
686910	670006	16904	270	2358778	1416656	1127048193394369
939406	917442	21964	1835	5047274	4799566	1127048199664807
794968	777722	17246	2272	6511168	5528572	1127048207254305
746194	728150	18044	1381	4554220	3699282	1127048212837489
1180352	1163052	17300	2583	7063536	6535760	1127048221365609
531052	513212	17840	4192	10045320	9107972	1127048232226197
895062	877556	17506	4268	10192082	9620950	1127048243596141
1308176	1162376	145800	2526	6871172	6549428	1127048252059185
3342088	3339840	2248	4175	9912778	11882482	1127048265597029
1175618	1158398	17220	1343	4410034	4050726	1127048271466469
408584	388732	19852	2034	5687108	4666048	1127048277845389
1176106	1158852	17254	894	3615646	3153752	1127048282920865
763342	746154	17188	3835	9567040	8623238	1127048293540051
1184926	1165656	19270	1528	4934878	4431464	1127048299943567
368320	349342	18978	3525	9042862	7607356	1127048309638877
1268756	1161064	107692	2292	6384336	6043038	1127048317575281
1174212	1156514	17698	421	2527206	2205460	1127048321560713
1183582	1162384	21198	1282	4504002	3936338	1127048327532041
1186866	1168894	17972	1609	5164380	4593922	1127048334167247
1185730	1167634	18096	4497	10751810	10369278	1127048346388015
1187314	1170438	16876	1542	4927850	4459980	1127048352787571
1174198	1157116	17082	1225	4079814	3813248	1127048358324393
884630	867714	16916	3580	9132890	8234912	1127048368626761
806092	778848	27244	371	2324708	1737960	1127048372042201
1181900	1164594	17306	2230	5737908	5831714	1127048379245937
1019360	1000388	18972	2381	6493344	5975144	1127048387041341
348450	329598	18852	2057	5926862	4655458	1127048393604367
1179148	1157770	21378	3524	8858734	8416330	1127048403927019
1174360	1156744	17616	2149	6049108	5661756	1127048411434169
936782	918974	17808	4944	11522368	11013266	1127048424176483
796508	778034	18474	3449	8509320	7883598	1127048433766123
1140372	1117340	23032	4539	10862178	10408342	1127048446051903
1057904	1039566	18338	192	2298272	1630326	1127048449691417
347506	328220	19286	2481	6335810	5499298	1127048456658931
204732	187322	17410	4389	10403018	9171988	1127048467550121
1184962	1168342	16620	2949	7697478	7271358	1127048476716251
227416	196892	30524	3720	9061696	7856668	1127048486288661
235636	216154	19482	4840	11218998	10104294	1127048498026763
1178764	1160754	18010	701	3388328	2770608	1127048502877869
1184862	1165500	19362	4793	11342862	10960202	1127048515693841
1174646	1158276	16370	2731	7210254	6826642	1127048524361597
1239874	1222914	16960	3654	9454742	8737006	1127048535340791
1183256	1163606	19650	3423	8702160	8219568	1127048545510037
1017672	1000588	17084	3618	8826754	8443140	1127048555638397
1182128	1164588	17540	937	3719884	3245252	1127048560824793
1186144	1166646	19498	2350	6438480	6076234	1127048568732745
1178646	1161750	16896	523	2703990	2414610	1127048572899203
1214492	1197690	16802	45	1802934	1494364	1127048576205055
1200008	1182270	17738	445	2134856	2279224	1127048579824513
612778	595696	17082	445	2682434	1692580	1127048583403277
1181522	1162574	18948	4271	9937190	9934186	1127048594805923
1173776	1156564	17212	4308	10274176	9979644	1127048606538061
6213702	6211948	1754	4659	11266502	15721542	1127048624301933
1193346	1175938	17408	598	2942320	2578346	1127048628721491
1179736	1161786	17950	2719	7352448	6807836	1127048637537833
1225498	1208594	16904	2527	6496526	6473782	1127048645543523
706256	688452	17804	2390	6384180	5675108	1127048652918197
860220	842164	18056	1682	5084620	4414084	1127048659150149
1061294	1042144	19150	1631	4988258	4515284	1127048665483163
1170256	1152638	17618	128	1854278	1615490	1127048668792095
1176696	1159434	17262	4569	10295402	10503334	1127048680548447
1178096	1161936	16160	126	2053548	1620248	1127048684063821
1176908	1159216	17692	87	1486480	1539988	1127048687010577
1184646	1163208	21438	3824	9621990	9025532	1127048698106261
695970	678636	17334	3739	9479586	8362664	1127048708565429
1176994	1159052	17942	3153	8007660	7671994	1127048718034435
1176160	1158410	17750	318	2425484	2002024	1127048721919589
583484	566434	17050	2058	5740470	4888394	1127048728526851
1175246	1158336	16910	3238	8445056	7840820	1127048738430583
1175690	1158250	17440	312	2101990	1989014	1127048741992955
1160594	1138690	21904	3157	7919658	7664786	1127048751357815
568312	538994	29318	3223	8165834	7205012	1127048760375461
1151816	1129446	22370	243	2021960	1826596	1127048763832931
1189412	1167588	21824	467	2330240	2335210	1127048767636475
636672	609162	27510	4652	11030912	10130592	1127048779587665
1180566	1156956	23610	4695	11281454	10760192	1127048792333459
1187408	1167320	20088	762	3243484	2900572	1127048797048287
1270660	1251120	19540	963	3858134	3390456	1127048802465477
1321606	1301222	20384	400	2675060	2310828	1127048806746415
1152456	1131856	20600	3189	8048152	7720082	1127048816231171
791896	773096	18800	4682	11020064	10346352	1127048828326521
395604	378486	17118	1819	5459476	4223242	1127048834466195
1176552	1159210	17342	895	3229990	3156594	1127048839157103
453260	316382	136878	320	2342704	1286894	1127048842237761
1146314	1116970	29344	3966	9299494	9266632	1127048852966763
1194680	1176826	17854	714	3420818	2816598	1127048857871081
1173418	1156506	16912	2764	7161394	6890876	1127048866489729
1160898	1123138	37760	1471	4592130	4291950	1127048872527203
1174076	1156358	17718	1798	5415816	4958350	1127048879400317
1174716	1157176	17540	3201	7867798	7768908	1127048888726877
481488	463796	17692	1900	5735548	4471862	1127048895227589
350906	331784	19122	4672	11339446	9884924	1127048907200941
877340	858348	18992	153	2124970	1375936	1127048910487345
753932	737564	16368	3198	7772340	7339302	1127048919297875
1258096	1239770	18326	588	3113762	2624716	1127048923953981
186618	169610	17008	2721	7260366	5818028	1127048931684461
1176620	1157510	19110	1103	4019688	3572704	1127048937164411
404466	384712	19754	2384	6446846	5365832	1127048944300193
1194636	1176308	18328	2908	7697872	7199932	1127048953476315
1323584	1158374	165210	372	2469610	2257872	1127048957553229
1176088	1159344	16744	3139	7664588	7646590	1127048966677665
1258872	1160638	98234	1263	4134378	3974138	1127048972354371
1186342	1169298	17044	2561	6781440	6498918	1127048980605807
1180922	1163046	17876	1519	4711752	4408858	1127048986782337
997832	980822	17010	1868	5477302	4923300	1127048993541189
1174554	1158006	16548	3472	8574436	8369362	1127049003573855
1177806	1160406	17400	4907	11643830	11180600	1127049016678993
1200536	1163670	36866	4167	9860336	9722978	1127049028023647
1175320	1158356	16964	951	3667066	3267038	1127049033150361
1177740	1160686	17054	1851	5337366	5069340	1127049039948743
1179672	1161850	17822	1590	5056050	4549704	1127049046468603
858754	841878	16876	589	2768680	2226734	1127049050379699
853530	835936	17594	195	2239092	1433460	1127049053756417
1175492	1158142	17350	2721	6809274	6806206	1127049062026343
927596	908770	18826	2067	5641310	5251398	1127049068878361
1178146	1158906	19240	2388	6422862	6142814	1127049076770863
656130	638756	17374	4887	11378342	10618884	1127049089088769
271668	171102	100566	4998	11844832	10460528	1127049101494195
1081632	1064694	16938	1048	3814592	3367720	1127049106674121
494542	477060	17482	388	2680984	1459778	1127049110133001
1175778	1159164	16614	4060	9273088	9485124	1127049120864155
886384	866708	19676	918	3465568	2911336	1127049125504705
1179824	1160146	19678	3950	9432122	9268632	1127049136400075
1183688	1163826	19862	3299	8396778	7971786	1127049146263903
1216586	1163466	53120	2518	6925878	6442794	1127049154690727
828456	808288	20168	1972	5915668	4961202	1127049161718531
1178702	1161470	17232	2965	7870846	7297958	1127049171050717
1188724	1171306	17418	4362	10355178	10101976	1127049182882651
1199436	1166214	33222	4345	10371758	10078386	1127049194745251
1177184	1158764	18420	252	2294422	1870918	1127049198500975
510228	493116	17112	2260	6209212	5220204	1127049205503931
1179764	1162454	17310	3056	12456350	7482132	1127049219423395
1176648	1159254	17394	1249	4408246	3864868	1127049225292249
285252	268006	17246	3482	8795688	7438228	1127049234656763
1176808	1158308	18500	578	3049590	2523342	1127049239166303
960616	942790	17826	3726	9323984	8602256	1127049249734029
917646	898528	19118	432	2470178	1970314	1127049253405021
1176774	1158978	17796	1476	4570380	4322842	1127049259436131
1178960	1161290	17670	1578	4933252	4524056	1127049265832263
441794	423998	17796	2249	6121050	5129260	1127049272679033
556512	395518	160994	4532	10920160	9809214	1127049284439633
1181968	1164896	17072	38	1453440	1446910	1127049287359097
253070	218490	34580	701	2781854	1843916	1127049290678149
1176288	1158884	17404	2883	7510928	7131866	1127049299649305
457692	438404	19288	3978	9318308	8608046	1127049309708635
1127966	1110098	17868	3495	8606058	8307280	1127049319726847
1294174	1156510	137664	3730	9162370	8942576	1127049330466969
1184494	1159066	25428	4538	10705966	10449886	1127049342641215
1183382	1164996	18386	1181	4231278	3734972	1127049348340029
1178892	1159322	19570	2714	6870938	6796734	1127049356673477
488276	470692	17584	1225	4213352	3128348	1127049361658837
1175330	1157574	17756	2628	7022280	6620680	1127049370139795
958816	939424	19392	4001	9609298	9150198	1127049380991201
1026954	1007032	19922	1268	4250534	3752226	1127049386557303
1181658	1161946	19712	1116	4067222	3601822	1127049392089989
1003200	985284	17916	4282	10208200	9756332	1127049403585429
565236	548190	17046	493	2654382	1740616	1127049407089451
329464	309872	19592	556	2486418	1631012	1127049410193637
1177092	1156736	20356	4864	11503134	11095108	1127049423157189
1200396	1180396	20000	3641	9184808	8670752	1127049433826381
1104612	1087552	17060	3694	9256156	8683316	1127049444470523
615116	472650	142466	3797	9563686	8397730	1127049454932963
0	0	0	0	0	0	0
959276	941152	18124	3414	7962480	7976796	1127049467585021
1176230	1159004	17226	2952	7513376	7268744	1127049476557895
1180158	1162754	17404	4922	11569626	11212952	1127049489591727
1179288	1161194	18094	998	3852220	3365010	1127049494906843
1177080	1160246	16834	2081	5973980	5529016	1127049502358555
1178108	1161178	16930	121	2097618	1608820	1127049505917583
1174818	1158070	16748	741	2644376	2845900	1127049510020223
521226	503662	17564	2532	6675084	5774242	1127049517500615
481518	463712	17806	1722	5264524	4114476	1127049523530835
896674	877524	19150	58	2233806	1201966	1127049526945975
665392	647720	17672	1754	4884936	4361820	1127049532784633
1178516	1160106	18410	2074	6126620	5515896	1127049540373681
1186318	1167234	19084	2597	7003924	6570522	1127049548849451
820532	801892	18640	2080	6115068	5171230	1127049556073597
1178752	1161200	17552	1836	5435684	5040934	1127049562971777
405412	387130	18282	130	2139808	858622	1127049565806389
1173854	1156510	17344	2069	5517152	5501952	1127049572780795
1178880	1160212	18668	2678	7283614	6724738	1127049581527775
1178416	1159348	19068	4911	11263594	11193844	1127049594253221
279794	261920	17874	1080	3579914	2629600	1127049598396549
1178408	1160342	18066	967	3755610	3303114	1127049603615101
1176774	1159182	17592	2463	6867268	6292576	1127049611943399
1178026	1158932	19094	1022	3894374	3412034	1127049617300647
1323072	1160930	162142	3603	9034830	8718850	1127049627941611
1187872	1170762	17110	1355	4486708	4087872	1127049633900337
1184586	1166172	18414	3710	9336032	8794002	1127049644704971
1170022	1149962	20060	4999	11851192	11357958	1127049658010305
292996	271596	21400	3502	8762874	7486964	1127049667349197
799616	782348	17268	163	2335014	1314970	1127049670767797
1000408	982044	18364	2809	6990276	6807730	1127049679042549
1190462	1172568	17894	1627	4774584	4634476	1127049685296549
1181494	1161014	20480	2610	7091550	6590760	1127049693853509
1175684	1157500	18184	3908	9724708	9181376	1127049705037625
831230	813570	17660	288	2320276	1596498	1127049708483161
397278	378770	18508	3458	8290674	7501716	1127049717455113
998148	981268	16880	299	2280644	1786140	1127049721017953
1174104	1156444	17660	986	3368690	3358370	1127049725849909
1179752	1159070	20682	2761	7411804	6890640	1127049734725465
4378528	4375802	2726	3415	8816478	11397582	1127049748204175
1180804	1163370	17434	1169	4258938	3707732	1127049753928375
1183446	1165252	18194	2529	6656180	6431806	1127049762052869
275220	253990	21230	2766	7244180	5996450	1127049769856663
1181664	1163570	18094	3818	9370770	9006756	1127049780693029
826406	696566	129840	1750	5270314	4514680	1127049787073703
1179006	1161030	17976	2372	6350688	6113064	1127049794892251
412838	395028	17810	1229	4058762	3060410	1127049799652055
1183428	1166076	17352	4289	10353602	9950044	1127049811472557
1176436	1158658	17778	3973	9528632	9312656	1127049822461481
783664	765716	17948	3125	8093336	7222888	1127049831622641
1175398	1158490	16908	1993	5704330	5351364	1127049838786323
367298	348164	19134	1045	3614788	2646976	1127049843052149
330696	312556	18140	4853	11498708	10229402	1127049855169495
212622	174516	38106	533	2823400	1471610	1127049858489389
1175174	1158288	16886	615	2599792	2594038	1127049862547901
1179992	1160420	19572	392	2599462	2154150	1127049866610713
1176566	1158726	17840	1915	5322822	5195470	1127049873393241
910364	890306	20058	3939	9565332	8978052	1127049884152937
455310	438160	17150	2399	6403308	5443270	1127049891295835
656362	637418	18944	503	2410454	1851184	1127049894646841
564958	548022	16936	766	2824054	2307688	1127049898319435
1172668	1152278	20390	256	1661052	1873836	1127049901437121
856774	839724	17050	2662	7305300	6371216	1127049909883129
639568	622120	17448	4682	11229334	10192442	1127049922035829
828768	809562	19206	2947	7856490	6912540	1127049931004993
1190668	1172570	18098	3937	9479186	9255322	1127049941962815
434558	415130	19428	1218	4085582	3058402	1127049946766655
844622	779018	65604	367	2489836	1767786	1127049950384695
743822	723660	20162	4643	10449762	10218794	1127049961861793
1180794	1160724	20070	3985	9756928	9340178	1127049973082697
1175172	1157226	17946	1715	5491208	4793680	1127049980037003
1174912	1156622	18290	948	3632308	3259382	1127049985128715
1175306	1157066	18240	1741	5368950	4850752	1127049991957065
1186946	1159378	27568	3084	7806738	7544230	1127050001234641
1188132	1169002	19130	1612	4656240	4601468	1127050007363761
1206346	1159810	46536	82	1681888	1563188	1127050010535963
1057232	1040132	17100	541	2268108	2327818	1127050014144801
1178504	1159184	19320	1064	4168412	3495988	1127050019776057
1274316	1256196	18120	1438	4652600	4339688	1127050025985825
1179208	1161064	18144	4076	9910318	9521166	1127050037358613
347962	331644	16318	224	1963444	989528	1127050039953361
1179990	1162052	17938	447	2264836	2263528	1127050043681361
589630	572352	17278	757	3341910	2293380	1127050047896937
1175238	1156784	18454	4618	11105058	10601054	1127050060460469
1178172	1160198	17974	436	2905412	2239556	1127050064827353
1178386	1158578	19808	3427	8328200	8221890	1127050074617513
812890	795770	17120	270	2263770	1541990	1127050077977967
7017334	7015536	1798	3861	9091394	14928936	1127050094370369
915024	895742	19282	2504	6821422	6113460	1127050102389941
1183822	1166946	16876	748	3514832	2869732	1127050107372705
238700	209792	28908	979	3887078	2387116	1127050111781545
1176510	1159168	17342	2357	6352080	6079996	1127050119593317
696948	679264	17684	43	1860436	971762	1127050122433705
477388	460964	16424	4633	10635440	9932728	1127050133830057
898624	878952	19672	2468	6624324	6023368	1127050141637225
1179674	1158402	21272	1151	3964036	3670690	1127050147064255
1177668	1158448	19220	3447	8508482	8262268	1127050157040157
1030804	1012950	17854	3099	7701618	7417454	1127050166061233
1085458	1068458	17000	1272	4360530	3819060	1127050171791829
0	0	0	0	0	0	0
1074882	1056872	18010	1753	5173510	4770970	1127050189969115
1176960	1156938	20022	3094	7849734	7554730	1127050199279135
316502	298668	17834	2978	7753488	6461270	1127050207632607
1183348	1165836	17512	4698	11137424	10769408	1127050220237357
1176608	1158494	18114	3538	8696622	8441944	1127050230394557
1178036	1160960	17076	1790	5234968	4947594	1127050237091895
1177396	1158532	18864	184	1934740	1735570	1127050240509241
1174550	1156728	17822	2449	6188476	6262438	1127050248156321
613366	595768	17598	4167	9983134	9136890	1127050259037097
1181094	1162334	18760	2790	7369622	6954088	1127050267876757
1185200	1168370	16830	8	1662052	1390058	1127050271008649
1122544	1100588	21956	345	1806392	2002712	1127050274226131
1216236	1161002	55234	2434	6715608	6272990	1127050282441767
1184446	1160898	23548	1518	4974222	4410262	1127050288883949
1176908	1158168	18740	3876	9573808	9117706	1127050299922299
1236412	1156552	79860	475	2945446	2375044	1127050304387789
401420	383406	18014	628	2923346	1846528	1127050307996735
1173610	1156438	17172	3792	8730756	8947098	1127050318184863
931082	909624	21458	2114	6154480	5348758	1127050325554283
780412	762974	17438	2550	7049132	6069704	1127050333667529
980168	952464	27704	138	2009804	1446144	1127050336941281
1181652	1161850	19802	4150	9676044	9671752	1127050348086677
1179758	1160690	19068	2659	7242852	6687828	1127050356792701
1191610	1161876	29734	1973	5804054	5327602	1127050364072505
1191610	1172272	19338	3768	9142144	8917950	1127050374690415
802604	783806	18798	4173	10057228	9337104	1127050385833353
1221264	1201898	19366	2066	5823728	5543154	1127050393161949
1179640	1161986	17654	157	2284594	1682470	1127050396910297
609244	592118	17126	3739	8816032	8300510	1127050406623829
1185072	1165912	19160	2993	7640822	7360780	1127050415733589
1177106	1156544	20562	728	3108978	2823556	1127050420303593
801516	782372	19144	183	2005440	1356980	1127050423393977
971202	946734	24468	4562	10502184	10285434	1127050435151567
732568	710004	22564	1618	4955298	4160474	1127050441122873
1177606	1160338	17268	970	3758848	3312524	1127050446343875
1098240	1080944	17296	4618	11186640	10524178	1127050458912441
317730	301432	16298	358	2680828	1231328	1127050462203873
1190700	1172376	18324	1157	3687596	3693548	1127050467364801
1195108	1177750	17358	3241	8241600	7866864	1127050477085149
1182514	1163780	18734	4692	11362750	10755736	1127050489936481
1175642	1158410	17232	411	2738064	2186864	1127050494133531
462884	445720	17164	546	2940102	1744018	1127050497820775
191028	173680	17348	3644	8686724	7693016	1127050506982773
244186	226212	17974	4623	11296458	9680490	1127050518813909
1193746	1175376	18370	2433	6210202	6250126	1127050526501411
1226964	1209186	17778	3730	9310196	8877464	1127050537322529
1184644	1160684	23960	3606	9258598	8587410	1127050548050183
1181230	1162582	18648	3548	8720380	8466638	1127050558234651
581370	564316	17054	901	3545924	2573414	1127050562644775
1182454	1159922	22532	193	1857318	1757444	1127050565967835
1174306	1156604	17702	897	3634988	3158428	1127050571061637
1243386	1160894	82492	687	3095248	2807658	1127050575688675
1078228	1059448	18780	4937	11443054	11142416	1127050588493433
917092	900098	16994	895	3339462	2896384	1127050593034241
1176558	1159364	17194	4204	10327980	9778108	1127050604827641
218572	201002	17570	1193	4107910	2794578	1127050609443597
430092	412140	17952	1157	3919600	2933090	1127050614077109
1175534	1158400	17134	1775	5607700	4915352	1127050621144489
901616	883880	17736	3359	8296416	7808932	1127050630626497
688046	669518	18528	2438	6452012	5754366	1127050638050879
1143560	1109342	34218	912	3417260	3157796	1127050642896341
1204530	1160428	44102	3817	9356254	9027414	1127050653757249
1181994	1164734	17260	1772	5182180	4915094	1127050660404683
1180094	1161788	18306	834	3706020	3037500	1127050665574697
1175610	1158656	16954	2446	6702644	6257216	1127050673736169
1181544	1164436	17108	3018	7903784	7407424	1127050683106001
1174010	1156420	17590	1080	3634476	3524016	1127050688204443
1180832	1160442	20390	326	2465914	2023000	1127050692135229
1305368	1280968	24400	2323	6323036	6141936	1127050700047709
639216	618624	20592	168	2190296	1164574	1127050703161527
1179462	1159128	20334	2089	5552070	5547284	1127050710177721
1175474	1158550	16924	2884	7708706	7133462	1127050719345695
610572	593606	16966	2153	5658482	5105596	1127050725898729
434168	414856	19312	2873	7435704	6369374	1127050734052241
301640	281038	20602	4577	10985402	9645256	1127050745621635
469458	450322	19136	2046	5591394	4751208	1127050751967415
340970	323120	17850	3282	8309162	7094728	1127050760900841
6829892	6828136	1756	2183	6266556	11386124	1127050774285749
470038	451176	18862	1024	4032626	2707582	1127050779071761
1173508	1156564	16944	3381	8445204	8124818	1127050788979185
1181336	1162018	19318	2619	7171442	6610658	1127050797636931
524334	507320	17014	2207	6032114	5126992	1127050804477889
1172984	1156016	16968	2764	7295598	6890110	1127050813230469
1175374	1156408	18966	1235	4073444	3838802	1127050818762801
1180308	1162066	18242	4500	10843096	10369708	1127050831069641
237950	211874	26076	2002	5900836	4435170	1127050837497277
228616	210014	18602	758	3157732	1934668	1127050841167897
190588	173186	17402	1917	5934612	4214010	1127050847575817
1184914	1165820	19094	4866	11589780	11106556	1127050860634029
1188028	1167978	20050	1565	5129002	4507088	1127050867235105
1334458	1156614	177844	2710	7414516	6943558	1127050876267455
308752	273828	34924	3802	9322606	8103304	1127050886181673
414482	396468	18014	3889	9503042	8382496	1127050896383347
1179930	1161486	18444	1803	5321958	4974398	1127050903168735
1179866	1161126	18740	3098	8081500	7565024	1127050912714601
1179156	1161034	18122	377	2520818	2122460	1127050916697837
509188	490614	18574	2894	7272288	6487172	1127050924761829
1180816	1160214	20602	1815	5370664	5000340	1127050931597423
1204458	1187014	17444	697	2948630	2787810	1127050936035023
1180614	1162120	18494	2187	6097656	5744608	1127050943597077
1184058	1165142	18916	3418	8537974	8209968	1127050953602469
475888	458470	17418	1080	4102460	2826866	1127050958464265
263658	244152	19506	4588	10764476	9627896	1127050969791949
242166	223466	18700	1679	5209296	3789532	1127050975526429
1180952	1162416	18536	3070	7626070	7514704	1127050984617145
253506	233086	20420	785	3400920	2012672	1127050988555635
1089056	1070944	18112	2971	7531770	7219152	1127050997459113
264054	246800	17254	1889	5529854	4231260	1127051003536097
0	0	0	0	0	0	0
1178894	1161750	17144	1766	5187738	4901876	1127051020252789
1179608	1160862	18746	3274	8071346	7916668	1127051029787437
284370	266080	18290	1153	3777014	2780128	1127051034132169
1178054	1160958	17096	1844	5373632	5056784	1127051040967807
372874	354912	17962	4103	10098012	8770738	1127051051726541
1179734	1162434	17300	2491	6885852	6351200	1127051060075309
1181698	1163814	17884	2528	6959236	6427920	1127051068499269
699598	682356	17242	2361	6650426	5610754	1127051076133075
477104	459496	17608	3613	9034226	7892848	1127051085928505
651458	634612	16846	4592	10592108	10024842	1127051097456795
1177300	1159168	18132	3249	8235772	7864850	1127051107152541
1057516	1038582	18934	4848	11581564	10943608	1127051120074657
1295204	1162366	132838	965	3722722	3415542	1127051125376315
1181962	1164776	17186	2984	7764786	7338756	1127051134607009
1188096	1169016	19080	3223	8172398	7823710	1127051144251077
1174980	1158418	16562	2530	6667110	6423594	1127051152377891
1178794	1161726	17068	2681	7125612	6729958	1127051160965615
1174324	1157100	17224	1560	5023168	4487336	1127051167455109
1015014	997058	17956	3364	8739552	7932382	1127051177493701
315768	298440	17328	3365	8566820	7235704	1127051186660425
1041380	1023104	18276	3213	7864062	7656310	1127051195850035
1173308	1156368	16940	1309	4260822	3981816	1127051201567865
531468	512122	19346	3605	8894514	7931302	1127051211277905
957640	941388	16252	360	2105530	1866828	1127051214624041
869464	852834	16630	4757	10916704	10597698	1127051226693801
348268	328912	19356	142	2056354	821210	1127051229382577
1177098	1160054	17044	2001	5374022	5367750	1127051236217363
407074	389490	17584	3810	9369152	8216088	1127051246277235
1180226	1161814	18412	1020	3657342	3409178	1127051251398375
1174784	1157804	16980	3852	9170868	9070578	1127051262026841
1177710	1160078	17632	56	2061670	1480290	1127051265549755
588010	570238	17772	4159	9492408	9096414	1127051275913971
1127880	1110374	17506	3229	8110414	7775590	1127051285435749
848556	831592	16964	375	2351036	1787852	1127051288918409
1183700	1164628	19072	1427	4663880	4226702	1127051295055541
1146192	1126388	19804	3318	8090076	7972886	1127051304579949
1174036	1156402	17634	88	1605216	1539448	1127051307641767
826924	809818	17106	3309	7990766	7634326	1127051316742567
1297030	1275952	21078	4516	11038592	10518636	1127051329362571
1181644	1163070	18574	4325	10525622	10021996	1127051341353129
814122	788072	26050	1821	5446338	4646190	1127051347897547
1173784	1156816	16968	52	1531750	1466746	1127051350887155
1175088	1158584	16504	4542	10452918	10448832	1127051362802361
1329100	1159580	169520	291	2004704	2101152	1127051366420385
1176152	1157818	18334	3259	7677360	7905404	1127051375557341
381590	362864	18726	4029	9983042	8629162	1127051386204695
1188430	1162916	25514	4554	11032264	10485924	1127051398709461
1178202	1160896	17306	2045	5847936	5457314	1127051406019175
1195656	1175824	19832	2378	6624420	6142144	1127051414122557
1184202	1161970	22232	3803	9216844	8979910	1127051424807047
1182414	1160678	21736	2660	6932034	6692884	1127051433205171
1173890	1156212	17678	4020	9822856	9405904	1127051444486575
1218344	1160878	57466	3310	8616344	8028418	1127051454604969
1189816	1168436	21380	3669	9057168	8715872	1127051465136321
1270512	1159278	111234	3489	8776286	8442878	1127051475466967
996406	979706	16700	640	2917094	2466508	1127051479664795
894216	875448	18768	1712	5011786	4507776	1127051485854597
4170970	4169696	1274	2758	7509504	9877280	1127051497819243
1183310	1162184	21126	1168	3926922	3708926	1127051503211509
251440	223178	28262	780	3594314	1999962	1127051507341635
832024	813602	18422	278	2502764	1577160	1127051510960185
1271614	1254470	17144	4858	11093874	11178482	1127051523621699
226324	204492	21832	2826	7473554	6067556	1127051531606315
1175108	1156356	18752	2268	6560980	6193068	1127051539627049
1180600	1160052	20548	3785	9480800	8939732	1127051550572469
1179594	1161076	18518	4697	11370236	10763672	1127051563407371
943146	925910	17236	2197	6226802	5525854	1127051570860843
1092240	1070304	21936	4071	9958198	9422458	1127051582199855
1183556	1165072	18484	3753	9180344	8879468	1127051592847081
1172976	1156696	16280	1188	4101684	3737774	1127051598410481
1179080	1161116	17964	1912	5757834	5192740	1127051605630517
1293388	1165468	127920	698	3147510	2878656	1127051610354815
1192566	1174604	17962	2219	6375084	5819208	1127051618205941
1101290	1082448	18842	4056	10049102	9402458	1127051629640561
1180720	1162682	18038	2425	6872622	6220860	1127051637977905
1173206	1154726	18480	2190	5906956	5742914	1127051645342355
1102400	1084864	17536	308	2234586	1911440	1127051648963517
1173572	1156654	16918	2187	6093148	5737368	1127051656518637
1173650	1156424	17226	1406	4402588	4174590	1127051662378659
565248	546916	18332	1209	4241552	3173276	1127051667468229
812472	794708	17764	2610	6832822	6222144	1127051675397377
295144	278190	16954	201	2249626	886862	1127051678226025
901280	881574	19706	1784	4944668	4659516	1127051684356123
1230036	1161078	68958	2659	7151308	6737646	1127051693020825
544830	527678	17152	2130	6102194	4998896	1127051699955545
1184808	1165230	19578	1284	4451408	3942358	1127051705875475
1176372	1158702	17670	2430	6343530	6225790	1127051713678983
1186428	1164470	21958	4695	11141122	10765424	1127051726290943
221160	179404	41756	4905	11346782	10221126	1127051738143597
184630	165288	19342	2076	5752126	4527530	1127051744365003
327776	309142	18634	2692	6876380	5901034	1127051751852105
1246684	1225752	20932	3880	9496816	9195646	1127051762878929
1176684	1159482	17202	3979	9410806	9323706	1127051773760865
1176928	1157408	19520	4091	9975892	9547636	1127051785197017
1176410	1158844	17566	551	3031564	2468114	1127051789688461
1179626	1161008	18618	1069	3792270	3507786	1127051794943641
1178022	1160154	17868	3150	8073170	7667802	1127051804483975
387140	368178	18962	3413	8460326	7403430	1127051813614971
539050	520768	18282	1759	5486482	4247138	1127051819924881
980572	964432	16140	1770	5362690	4709726	1127051826552335
301600	276372	25228	4588	10903084	9666746	1127051838041281
187512	168516	18996	1953	5636520	4283328	1127051844149127
630070	611592	18478	4215	10196070	9249296	1127051855259601
1176374	1158454	17920	4713	11142180	10794998	1127051867861823
1181432	1164134	17298	2835	7557378	7040084	1127051876884821
1260246	1163148	97098	308	2501552	2065324	1127051880935607
1181328	1161252	20076	4377	10311050	10124818	1127051892716575
1179350	1162458	16892	2844	7452152	7056240	1127051901632531
1183382	1164978	18404	137	2149370	1648158	1127051905248535
1187066	1169122	17944	1670	4566586	4716534	1127051911286175
1181356	1163828	17528	4240	10268040	9850990	1127051923018381
1217846	1163242	54604	4037	9931200	9484998	1127051934458775
918154	898186	19968	3400	8674162	7907768	1127051944334997
1182072	1165286	16786	120	1780722	1612312	1127051947580909
1186522	1162706	23816	2891	7238450	7180574	1127051956289273
591698	570250	21448	3402	8817734	7584876	1127051965982415
1185500	1166346	19154	4914	11561994	11202154	1127051979014097
1176312	1159000	17312	4014	9934634	9398092	1127051990412841
