# Loop @ Start frequency 3500000Hz took 708.38 cycles
# Interval [707 ; 709]
# Q1 : 706 ; Q3 : 708
# Loop @ Target frequency 1700000Hz took 1254.65 cycles
# Interval [1250 ; 1260]
# Q1 : 1246 ; Q3 : 1248
# Confidence intervals do not overlap, alternatives are statistically different with selected confidence level
Change time (with write) [cycles]	Change time [cycles]	Write cost [cycles]	Wait time [us]	Time since last frequency change request [cycles]	Time since last frequency change [cycles]	Detected frequency change timestamp [cycles]
0	0	0	0	0	0	0
366108	341932	24176	4812	11431898	10176130	1127354001602503
0	0	0	0	0	0	0
893494	875486	18008	3036	7957612	7149502	1127354015127767
900372	882638	17734	4996	11788122	11076674	1127354028096577
905810	889360	16450	2463	6600002	6004478	1127354035879823
736136	719996	16140	4156	10063824	9221234	1127354046948069
1183332	1166936	16396	3982	9778842	9320156	1127354058179149
1284004	1159514	124490	4075	10018162	9605794	1127354069749743
1179360	1160658	18702	3998	9637682	9346900	1127354080835009
1208990	1160082	48908	3427	8465136	8235008	1127354090778567
661786	647284	14502	2191	6252176	5219194	1127354097965323
432982	418218	14764	4544	10823994	9693926	1127354109490399
1177228	1159484	17744	3891	9584384	9132334	1127354120520583
1173098	1158616	14482	4101	9613110	9547856	1127354131574375
1177802	1162448	15354	3295	8464384	7940652	1127354141485001
195138	179336	15802	2535	6556048	5437624	1127354148504287
1173086	1158020	15066	27	1876058	1401134	1127354151822201
1174816	1159174	15642	2511	6344934	6370282	1127354159609891
1180052	1161734	18318	4626	11045888	10605360	1127354172105017
1171584	1156412	15172	4697	11165028	10738312	1127354184710469
1173224	1156330	16894	4859	11446924	11064410	1127354197602101
1191050	1157394	33656	1572	5032270	4520652	1127354204105895
1173756	1156350	17406	447	2895276	2252144	1127354208454581
574016	437344	136672	3556	8844368	7870234	1127354218152729
1201640	1184876	16764	4871	11295160	11129350	1127354230930273
1194418	1175406	19012	3275	8373928	7928964	1127354240778869
1180796	1161710	19086	1540	4602296	4433722	1127354246837321
1175832	1159244	16588	3078	7884460	7520760	1127354256178281
1174080	1157746	16334	1572	4803562	4502880	1127354262436477
1178052	1161322	16730	1286	4034668	3934412	1127354267928423
1193752	1165556	28196	4158	9653948	9694746	1127354279055989
376128	352256	23872	156	2118012	873538	1127354281830341
928792	912226	16566	590	2552328	2292800	1127354285591015
443654	354930	88724	1788	5532632	4191526	1127354291847687
1174702	1158756	15946	4822	11470552	10992178	1127354304760637
1216518	1168726	47792	271	2105042	1931498	1127354308354455
1176116	1158742	17374	2722	6575976	6828162	1127354316392109
1247716	1158616	89100	3041	7601902	7514946	1127354325521641
1176424	1159158	17266	1519	4926462	4399338	1127354331904287
1102584	1083960	18624	1506	4645696	4300272	1127354337932397
1179952	1161560	18392	4306	9949702	9978012	1127354349341709
1173610	1158434	15176	3273	8003872	7904138	1127354358799163
891718	876882	14836	1904	5294722	4873250	1127354365253203
1177684	1160576	17108	2294	6274002	5938288	1127354372973123
1046314	1029356	16958	1597	4826344	4415274	1127354379113687
1429988	1159550	270438	2113	5820296	5827950	1127354386633339
1310526	1295092	15434	412	2680266	2306862	1127354390895815
1185412	1169672	15740	138	2001130	1636676	1127354394350687
951410	929742	21668	3347	8069830	7831706	1127354403656749
982128	966338	15790	16	1952202	1197896	1127354406871417
1177960	1160652	17308	1746	4873602	4854680	1127354413203217
1115060	1097584	17476	4935	11699388	11170894	1127354426298203
1201164	1180982	20182	3464	8818898	8313766	1127354436598247
1183686	1166388	17298	3745	9357932	8858634	1127354447424567
1179268	1162572	16696	2732	7224034	6816554	1127354456096065
222076	206136	15940	1498	4715328	3391114	1127354461300855
1177198	1160288	16910	4146	10209382	9642180	1127354472955881
976844	878464	98380	1096	3978160	3341430	1127354478179481
1176470	1157920	18550	1260	4475234	3870216	1127354484099185
698004	680764	17240	4117	9977086	9116414	1127354495054625
1088324	1071990	16334	2011	6042074	5295570	1127354502464881
727396	710284	17112	172	2097356	1255424	1127354505569949
432546	411224	21322	2268	5978278	5152728	1127354512261033
1044242	1026442	17800	4094	10002404	9416902	1127354523586663
1175724	1156976	18748	745	3121824	2851456	1127354528164109
776502	760956	15546	2672	7015832	6304570	1127354536236705
927006	909870	17136	3355	8205250	7810672	1127354545637143
1247652	1160144	87508	1239	4424302	3898556	1127354551577835
1176812	1159176	17636	4099	10017314	9560744	1127354563050889
470678	451300	19378	3278	8545198	7212514	1127354572346731
1181948	1162040	19908	2673	7105554	6713168	1127354580913917
733892	717546	16346	2143	6048758	5207316	1127354587975825
657148	640170	16978	1737	5223260	4317036	1127354594136983
1185026	1158602	26424	1406	4597976	4181824	1127354600200737
586170	571212	14958	797	3098540	2352496	1127354604153823
1174894	1158336	16558	643	3059818	2633542	1127354608656555
1178830	1164086	14744	3558	8924432	8468668	1127354619032363
1178078	1160728	17350	4047	10002908	9445312	1127354630481629
229414	212830	16584	882	3452112	2178430	1127354634442967
852198	834178	18020	2473	6810174	5983764	1127354642385695
300136	280058	20078	1585	4853950	3655664	1127354647819595
1176024	1156778	19246	2540	7035324	6441856	1127354656311429
487892	472010	15882	4264	9911794	9200840	1127354666991095
1175348	1159250	16098	2738	7345342	6824700	1127354675780473
730038	713850	16188	2733	7186146	6369756	1127354683965075
695506	679970	15536	4271	10350094	9410016	1127354695278487
1175756	1157266	18490	2902	7416856	7153244	1127354704138673
423984	406236	17748	3628	8701770	7853770	1127354713532841
757698	742768	14930	3111	8105584	7151674	1127354722664483
844138	827670	16468	266	2312792	1548172	1127354726094861
480860	464208	16652	4833	11017708	10319278	1127354737861509
918998	902536	16462	157	2163666	1406032	1127354741211609
1177598	1160582	17016	226	1601196	1814974	1127354744274329
450032	431900	18132	1531	4695888	3697528	1127354749700737
1176876	1159996	16880	3004	7965554	7370206	1127354759123461
1180492	1160284	20208	3731	9253670	8828000	1127354769837017
1175014	1157710	17304	4131	9979372	9622300	1127354781271449
1186362	1166852	19510	3481	15999294	8333354	1127354798736689
662306	645906	16400	587	2585180	2022098	1127354802268567
1089344	1071120	18224	4252	10483332	9778720	1127354814121501
491692	475832	15860	3693	8999724	8062994	1127354823891677
1175348	1158750	16598	3638	9099290	8624904	1127354834435241
1291572	1275910	15662	2737	6953732	6938056	1127354842949409
413318	398218	15100	1854	5682294	4293634	1127354849313135
264408	249286	15122	262	2310662	962458	1127354852156171
1179702	1163206	16496	2312	5974918	5975572	1127354859579441
1240098	1218984	21114	533	2940630	2479616	1127354864027801
1088498	1070524	17974	3593	9132110	8446804	1127354874516237
1178622	1160354	18268	99	1851472	1561334	1127354877830335
1181038	1163720	17318	4288	9777794	9941368	1127354889068633
0	0	0	0	0	0	0
1180398	1161924	18474	2408	6791090	6181020	1127354907547877
1179228	1160588	18640	3027	7580148	7418480	1127354916586625
337106	303662	33444	4985	12002018	10496684	1127354929210381
257866	242420	15446	678	2995714	1787690	1127354932741049
1172610	1157442	15168	2117	5951716	5579826	1127354940137727
705520	690902	14618	2293	6363754	5463470	1127354947474601
560852	545600	15252	1789	5501134	4311204	1127354953805841
1179980	1162814	17166	914	3681168	3181086	1127354958934945
1161992	1145056	16936	4153	9975620	9643442	1127354970340901
1058004	1040778	17226	1515	4806752	4260356	1127354976472971
1181334	1163584	17750	1040	3945686	3447236	1127354981880237
1185232	1168618	16614	4496	10853960	10362612	1127354994200055
233896	212498	21398	3415	8674490	7248414	1127355003388655
1176786	1160180	16606	4104	9934586	9568544	1127355014779321
1178690	1163876	14814	3390	8639910	8134064	1127355024869181
921818	906706	15112	3186	8091048	7470520	1127355034150201
1188126	1172898	15228	4864	11351394	11089600	1127355046956443
734018	719146	14872	3823	9235594	8555120	1127355057194259
1034026	1018614	15412	4098	10029076	9402202	1127355068526171
1186392	1170548	15844	155	1879842	1669826	1127355071864503
1286556	1163140	123416	3875	9105214	9208826	1127355082524595
1173844	1158576	15268	4861	11264300	11068332	1127355095235761
1364676	1169616	195060	2928	7510646	7394506	1127355104378643
0	0	0	0	0	0	0
1123056	1104802	18254	1900	4959044	5107446	1127355114412977
994360	976802	17558	4545	10872872	10269166	1127355126560143
1188070	1165940	22130	3369	8699854	8113876	1127355136731771
1183724	1165176	18548	2297	6313500	5962614	1127355144513271
1174168	1157080	17088	4406	10617696	10158798	1127355156573647
1184254	1166838	17416	787	3167908	2932032	1127355161199683
449162	431880	17282	3521	8542158	7663050	1127355170458521
1173952	1159272	14680	2005	5791026	5356820	1127355177691237
544792	448752	96040	1318	4229938	3352908	1127355182734061
1171866	1157208	14658	4294	10477756	9935408	1127355194655063
1199910	1173788	26122	824	3609884	3024732	1127355199737051
761498	743946	17552	1278	4376444	3502366	1127355205154691
1178590	1161352	17238	2680	7166598	6724622	1127355213779709
1177740	1158702	19038	1094	4076054	3550854	1127355219312855
1188544	1163086	25458	3047	7767394	7468120	1127355228549585
0	0	0	0	0	0	0
429646	412030	17616	1420	4204920	3453976	1127355236328617
1182588	1166210	16378	1616	4894444	4598288	1127355242685501
815622	796406	19216	4621	11173008	10246350	1127355254958455
459056	440878	18178	1886	5429564	4419272	1127355261125849
1080650	1062364	18286	4189	10124168	9643094	1127355272609349
492602	475694	16908	4642	11073334	9960852	1127355284459183
1415380	1162154	253226	2200	5766188	6000382	1127355291919825
183414	168454	14960	4100	9934616	8557254	1127355302305745
1175590	1160232	15358	3859	9750564	9065572	1127355313499877
997858	981114	16744	1704	4997942	4578594	1127355319764211
1174472	1158078	16394	4153	9933468	9666478	1127355331152729
1261660	1162444	99216	3768	9343600	8982692	1127355342037841
1290158	1164970	125188	2718	7054600	6911578	1127355350662263
1179732	1162064	17668	3756	9504562	8880632	1127355361643621
1178892	1161996	16896	1692	5070672	4734740	1127355368160753
1186422	1169266	17156	4481	10626724	10321424	1127355380242201
1178982	1161406	17576	1863	5685750	5078022	1127355387374815
933072	915002	18070	2575	6903394	6267312	1127355395490837
1274244	1164536	109708	1574	5073568	4607470	1127355402117957
1130886	1113150	17736	4855	11557996	11026226	1127355415086491
1175146	1158734	16412	44	1729756	1448078	1127355418270743
1106940	1089574	17366	4716	10803614	10723102	1127355430460329
1056548	1034516	22032	3488	8819028	8206216	1127355440603841
749248	733542	15706	2537	6741330	5996672	1127355448366481
526228	510030	16198	3773	9265860	8245710	1127355458427383
639216	620982	18234	320	2606994	1465054	1127355461942473
1181506	1162082	19424	1013	3391274	3392246	1127355466794729
253824	231244	22580	613	2992332	1667568	1127355470321021
1174248	1157444	16804	4795	10980180	10970998	1127355482755349
880484	859774	20710	1000	3817864	3067496	1127355487743549
1173236	1156620	16616	2181	6177390	5720210	1127355495374255
469762	453856	15906	4979	11480412	10612866	1127355507604543
1172144	1157132	15012	1799	5559742	4941932	1127355514604869
658770	642462	16308	1483	4869542	3797168	1127355520405455
1173284	1158690	14594	1306	4493132	3958238	1127355526339943
786224	769820	16404	1083	4040554	3123460	1127355531434841
495904	477900	18004	2629	6899324	5939374	1127355539114577
1172598	1156092	16506	847	3538588	3053128	1127355544105209
388174	370880	17294	3437	8711178	7447016	1127355553484753
1178730	1162280	16450	2324	6537592	6012002	1127355561481235
1187760	1170816	16944	2335	6467294	6042580	1127355569416195
1255412	1170792	84620	4813	11381108	11067386	1127355582333715
1178324	1161442	16882	4546	10740666	10455514	1127355594532585
1216328	1200842	15486	3083	15784290	7555762	1127355611818327
513254	497550	15704	4348	10551346	9382806	1127355623151143
1042634	1026622	16012	1639	4906912	4494158	1127355629368469
1173900	1158384	15516	4708	11015394	10763016	1127355641825669
246972	216130	30842	3991	9743214	8400606	1127355652084655
585168	567226	17942	895	3561422	2547748	1127355656500801
606178	589246	16932	130	2087940	1040220	1127355659463801
1173756	1157118	16638	3547	8475426	8456390	1127355669381429
1181556	1164842	16714	2350	6509854	6066856	1127355677353167
895370	877422	17948	3611	8601936	8303454	1127355687130923
227438	210018	17420	3071	8105334	6555706	1127355695742875
509106	494286	14820	3121	7810734	6934930	1127355704342401
1177940	1159648	18292	3537	8788162	8425134	1127355714577137
1173960	1156616	17344	1541	4888300	4442088	1127355720913263
1174546	1153966	20580	4851	11571808	11060686	1127355733939715
859988	843478	16510	3520	8538618	8084210	1127355743619115
1176324	1158394	17930	3752	9619982	8864864	1127355754695361
709124	691016	18108	1926	5709242	4748860	1127355761398089
658774	643392	15382	4751	11272702	10346488	1127355773609531
451368	435386	15982	2108	6183068	4840796	1127355780512193
625036	607668	17368	3409	8586844	7627204	1127355790007801
1353598	1156750	196848	1582	4555274	4701824	1127355796196315
1183280	1164446	18834	1307	4596984	3981408	1127355802255919
1179172	1160706	18466	3269	8158744	7901980	1127355811873769
1176326	1158358	17968	1444	4811032	4249824	1127355818140879
1081530	1064770	16760	367	2606224	2001284	1127355822108035
1022276	1005688	16588	4526	10944818	10258414	1127355834354549
1173730	1157202	16528	1010	3985358	3366394	1127355839782091
0	0	0	0	0	0	0
1183938	1164798	19140	4507	10786562	10385190	1127355861110155
1178608	1159102	19506	3592	8931140	8548678	1127355871500737
1174798	1158024	16774	4429	10514990	10217762	1127355883470723
613326	598086	15240	2363	6488646	5511632	1127355890841169
1190922	1173896	17026	3697	9289132	8757144	1127355901588701
1131176	987960	143216	765	3348548	2833608	1127355906337037
1178106	1160870	17236	3037	8022862	7438060	1127355915817917
414198	397174	17024	1186	3923450	2971088	1127355920435929
768422	751480	16942	2722	7308242	6396832	1127355928792101
1179320	1156912	22408	2586	6975072	6540008	1127355937226953
0	0	0	0	0	0	0
444402	395022	49380	3618	9152932	7864958	1127355954277891
1274880	1257038	17842	410	2713962	2279624	1127355958546345
1174440	1157568	16872	4858	11469260	11076218	1127355971473821
1176396	1159150	17246	1582	4743064	4526214	1127355977673697
1183374	1166574	16800	3846	9293490	9059950	1127355988430607
1175498	1158046	17452	3808	9588984	8977282	1127355999474643
873292	856054	17238	616	2881236	2312158	1127356003508411
1183812	1164982	18830	730	3172050	2829546	1127356008142877
1018516	992674	25842	4975	11964642	11153876	1127356021405501
982680	967334	15346	3171	8264498	7498322	1127356030931455
1171682	1156720	14962	3263	8438724	7870928	1127356040810401
1099372	1084162	15210	3658	8808092	8588650	1127356050986021
441602	423938	17664	2970	7616794	6557158	1127356059312181
696372	681254	15118	1899	5706428	4666374	1127356065982883
931706	915450	16256	4467	10828722	10038706	1127356078012163
1174784	1159164	15620	4256	10142274	9858932	1127356089597121
969570	954254	15316	1769	4878842	4681448	1127356095713881
1125022	1107154	17868	4276	10316270	9848932	1127356107423361
535428	519000	16428	301	2477008	1322012	1127356110715717
187244	170592	16652	3424	8232450	7219280	1127356119419457
1180316	1160940	19376	2861	7382896	7088026	1127356128262481
963658	945800	17858	4112	9711340	9372840	1127356139217761
643700	628938	14762	4151	10142264	9130622	1127356150283585
1192106	1164594	27512	2256	6431912	5877478	1127356158175935
1199278	1182644	16634	4034	10170512	9440324	1127356169813001
1155940	1137714	18226	4903	11753776	11134912	1127356182991581
972042	955328	16714	1688	5388172	4521656	1127356189619745
0	0	0	0	0	0	0
904292	887392	16900	1608	5004190	4305126	1127356203333897
1183564	1166854	16710	962	3650854	3292728	1127356208449105
524886	507896	16990	3338	8418816	7386608	1127356217672385
383776	313900	69876	735	3317406	2038370	1127356221653225
1178878	1159382	19496	1482	4589956	4327726	1127356227702303
1178940	1162526	16414	3071	7958970	7506438	1127356237120307
852618	835656	16962	4014	9803388	9064836	1127356248055755
485318	468650	16668	1443	4515200	3544662	1127356253324515
1194746	1167676	27070	1781	5316596	4942204	1127356260115913
1186758	1168266	18492	2561	7041888	6494712	1127356268623847
1176548	1159126	17422	2849	7681618	7063670	1127356277769607
0	0	0	0	0	0	0
492102	474954	17148	2967	7794490	6610900	1127356291671033
1177856	1160030	17826	1604	4740016	4570086	1127356297868727
1175822	1159332	16490	39	1544856	1439270	1127356300868673
1181402	1163742	17660	1695	4586818	4767482	1127356306916255
1295150	1162876	132274	4374	10688822	10231652	1127356319183921
868690	848654	20036	3531	8604414	8119330	1127356328941367
579026	561910	17116	2513	6754376	5798452	1127356336559643
1180062	1162060	18002	2483	6885314	6335064	1127356344912633
1178294	1160758	17536	4695	11228432	10756960	1127356357602769
335352	317694	17658	2080	5901088	4684124	1127356364123763
218156	198250	19906	4985	11714926	10377278	1127356376340483
1190472	1170792	19680	4703	10969716	10786074	1127356388784709
452920	433614	19306	3532	8895412	7709594	1127356398417049
1178578	1161094	17484	2604	6953670	6574930	1127356406832677
1186554	1161920	24634	4218	10109472	9814818	1127356418412549
1198302	1172468	25834	596	2891156	2578300	1127356422786287
920828	903568	17260	4133	10148934	9380908	1127356434138697
1181908	1162470	19438	4664	11289382	10699278	1127356446893723
1176822	1158370	18452	3903	9219854	9171156	1127356457574509
972334	954990	17344	1905	5661438	4972052	1127356464491993
668156	650844	17312	3540	8875600	7936884	1127356474319717
1178410	1160734	17676	4592	11020200	10551594	1127356486801891
883930	866462	17468	4918	11628048	10913538	1127356499597291
836856	817622	19234	1158	4036228	3341804	1127356504754201
546538	512982	33556	856	3727010	2448326	1127356509315843
1183592	1163536	20056	3235	8059968	7843982	1127356518842829
1183818	1165336	18482	553	3017632	2478878	1127356523327019
716908	636260	80648	3179	7944674	7263984	1127356532272037
381804	363600	18204	4849	11371754	10268462	1127356544308841
1178438	1159490	18948	4083	10082252	9533430	1127356555853395
969046	951534	17512	4279	10483646	9716528	1127356567589913
1180248	1162548	17700	3894	9180886	9158748	1127356578235029
1213680	1160878	52802	1731	4917620	4865564	1127356584650421
1210416	1177278	33138	2542	6776458	6482718	1127356592925117
640076	622540	17536	1197	4399958	3223062	1127356598248715
1175882	1158500	17382	4572	10796872	10509050	1127356610504415
710322	692212	18110	4725	11415108	10349424	1127356622918761
1185592	1162920	22672	1616	5009456	4608110	1127356629397975
698374	679772	18602	2907	7608946	6700788	1127356637988687
1178216	1158566	19650	2035	6011666	5438172	1127356645462489
638314	619358	18956	251	2366102	1330654	1127356648750571
849630	830974	18656	4439	10248602	9916954	1127356660137781
1263518	1161772	101746	4084	10126708	9620702	1127356671811571
1183952	1167520	16432	3836	9422804	9046528	1127356682701957
1181296	1164256	17040	1843	5670086	5057626	1127356689841233
1177094	1159138	17956	2724	6832994	6814444	1127356698134975
1200118	1180708	19410	2228	6236670	5845296	1127356705855937
206836	189418	17418	4334	10102652	9063434	1127356716448583
1191350	1168396	22954	220	2498896	1821812	1127356720423061
598564	579696	18868	2469	6277052	5748004	1127356727582201
3592276	3586248	6028	4381	10504400	12544272	1127356741961811
1179214	1161258	17956	3324	8446306	8016602	1127356751870695
1055066	1036628	18438	1701	5229212	4645928	1127356758438481
1285820	1163012	122808	2389	6491484	6252424	1127356766499177
1051982	1025906	26076	1254	4375700	3748882	1127356772215275
277438	257318	20120	1146	4293918	2761102	1127356777069923
801102	783916	17186	1524	4732214	4036950	1127356782886309
1126238	1108470	17768	2838	7231470	6992162	1127356791527395
1181588	1163932	17656	757	3143520	2886066	1127356796136731
424534	407282	17252	1387	4738534	3388186	1127356801583635
352192	334360	17832	1916	5737800	4373378	1127356807957229
1173704	1156524	17180	778	3315416	2919446	1127356812730713
441736	423970	17766	3625	8820506	7882300	1127356822282637
1176458	1158916	17542	1366	4598640	4098058	1127356828341309
187648	170292	17356	4116	10173588	8608872	1127356838986425
1183924	1161166	22758	3541	9120106	8455114	1127356849572641
582018	564894	17124	2343	6032318	5457238	1127356856470623
923050	904918	18132	138	2119548	1388408	1127356859797681
293158	273850	19308	3398	8167426	7278962	1127356868541739
655898	638934	16964	577	2915988	2000444	1127356872402447
1188460	1170458	18002	4330	10286880	10037248	1127356884160921
1175308	1158838	16470	1997	5887900	5357634	1127356891507697
1015838	994720	21118	751	3425356	2707852	1127356896232201
992020	974812	17208	304	2360896	1788966	1127356899868365
1175942	1158792	17150	1683	4766574	4754422	1127356906094221
1176594	1159008	17586	24	1792778	1414294	1127356909346863
1175444	1156828	18616	4052	9418380	9472646	1127356920223639
234552	204562	29990	1074	3772802	2571386	1127356924514703
738514	721220	17294	192	2194362	1312908	1127356927736651
800868	740728	60140	1046	3258514	3081546	1127356932078953
1051412	1026786	24626	1820	5412826	4881192	1127356938825441
623158	605756	17402	1357	4366824	3527242	1127356944099137
334966	315566	19400	503	2702954	1530312	1127356947420935
211704	194002	17702	3001	10865668	6403096	1127356958781549
704900	684012	20888	4432	10640864	9762632	1127356970410705
1188534	1163282	25252	3206	8242766	7790058	1127356980126235
1308690	1163518	145172	901	3425568	3301204	1127356985144361
1180044	1158434	21610	4711	11366250	10792514	1127356997973615
1178634	1160312	18322	1660	4919326	4688210	1127357004356175
481498	463734	17764	689	2947910	2049484	1127357008068975
1176612	1158700	17912	3718	9143088	8802728	1127357018672057
409672	392342	17330	4450	10495728	9498976	1127357029867033
1174260	1156992	17268	3635	8849702	8632872	1127357040175505
335360	316796	18564	1159	4193610	2843696	1127357044988585
1177224	1159202	18022	4807	11596856	10981220	1127357058046361
1185784	1168664	17120	4644	11062490	10662542	1127357070578829
1285752	1179256	106496	339	2003664	2153620	1127357074156737
1123638	1106246	17392	3398	8656142	8109842	1127357084220563
1105068	1086074	18994	1625	4843814	4545330	1127357090453963
1175758	1158582	17176	3388	8767092	8141546	1127357100680567
498822	482092	16730	2588	7213858	5863748	1127357108681567
819320	800736	18584	4440	10782040	9892594	1127357120587975
1176066	1157314	18752	2426	6833072	6221754	1127357128900647
1219586	1160988	58598	1390	4312258	4189508	1127357134716135
1176118	1157784	18334	517	2889662	2404212	1127357139070609
866922	848384	18538	3612	9222378	8279788	1127357149443335
934124	912300	21824	3997	9887718	9117446	1127357160548449
1001814	983720	18094	1515	4921578	4221264	1127357166764101
712266	693258	19008	4807	11039886	10514988	1127357178804473
0	0	0	0	0	0	0
1176854	1158674	18180	2777	7412208	6921248	1127357195300943
1182954	1164428	18526	1518	4695450	4409560	1127357201463001
1176270	1159038	17232	4911	11539370	11187268	1127357214462215
911606	894590	17016	1246	4446190	3593530	1127357220103483
1305482	1280490	24992	3597	8856972	8689752	1127357230549295
1176020	1158988	17032	3397	8654908	8159776	1127357240669737
1099440	1081528	17912	1898	5462342	5084064	1127357247527117
1179052	1160834	18218	3990	9860690	9347892	1127357258850637
1177404	1159972	17432	1573	4827048	4515848	1127357265138961
1185230	1166356	18874	2998	7952250	7370566	1127357274560709
1185476	1166454	19022	4025	9704676	9425058	1127357285756861
470354	452890	17464	903	3431204	2466460	1127357289941703
1011394	993960	17434	4058	9703540	9316862	1127357300940655
1222202	1204332	17870	2849	7288442	7112772	1127357309735437
1175898	1158782	17116	2038	5584364	5441596	1127357316779063
1177490	1160118	17372	2576	7097416	6519526	1127357325338575
1175226	1158694	16532	1794	5230570	4953354	1127357332028243
1178328	1158136	20192	3309	8123370	7985624	1127357341613273
1281200	1264050	17150	1021	3858060	3512960	1127357347036121
774006	756606	17400	2521	6701134	6006214	1127357354794855
1040084	1023302	16782	256	2309676	1744528	1127357358428945
853696	836072	17624	1647	4668072	4337708	1127357364234489
5829904	5827198	2706	3051	7613804	12122412	1127357377962603
1174260	1156960	17300	82	1632794	1527192	1127357381052949
785474	768032	17442	3606	8382032	8186354	1127357390504061
591198	573330	17868	1823	5393836	4426498	1127357396777735
1190628	1172632	17996	2797	7277314	6973804	1127357405529117
380506	361904	18602	2847	7542400	6263670	1127357413734909
569134	551830	17304	4533	10929320	9825670	1127357425517435
1181040	1162678	18362	2314	6255246	5998380	1127357433237323
1054966	1037788	17178	1416	4532944	4076674	1127357439109161
1176986	1159268	17718	4815	11529314	10996056	1127357452099077
774824	757050	17774	1925	5573014	4814640	1127357458730901
1173706	1156014	17692	804	3196270	2970164	1127357463389717
1145712	1120092	25620	3314	8144364	7963944	1127357472963661
1178250	1160694	17556	3590	8900610	8546546	1127357483326115
1176076	1158686	17390	4213	9763920	9793996	1127357494549897
1182130	1163130	19000	4843	11272044	11057814	1127357507291815
282616	264386	18230	2107	5923606	4685380	1127357513782265
493320	476112	17208	466	2388614	1614706	1127357516946949
1183420	1162238	21182	165	1452932	1702202	1127357519867007
1179328	1161532	17796	3640	8750926	8648648	1127357530080857
683614	552452	131162	929	3683808	2730994	1127357534731447
446510	428146	18364	4618	10895242	9872506	1127357546363891
1177254	1159324	17930	3585	9124576	8535744	1127357556950561
302652	285508	17144	169	1973296	833424	1127357559509957
1070362	1053264	17098	887	3143810	3033402	1127357564007607
1262606	1159600	103006	3960	9528456	9371766	1127357575081771
1181214	1164472	16742	1222	4385188	3814478	1127357580932369
1314162	1164682	149480	256	2357532	2014702	1127357584887255
338248	320050	18198	2861	7382636	6252614	1127357592891273
1175692	1157208	18484	1736	5334334	4836246	1127357599684709
1179808	1158594	21214	747	3162406	2863722	1127357604310789
1006224	987950	18274	4831	11182556	10857698	1127357616783089
1305488	1285442	20046	3066	7886798	7630668	1127357626260281
876712	856520	20192	3173	8074042	7411294	1127357635495423
1181562	1163804	17758	840	3439730	3050848	1127357640400263
1192234	1174290	17944	3440	8605276	8261746	1127357650480855
477822	460056	17766	639	2760420	1944702	1127357654002411
1070714	1043692	27022	4969	11562556	11198142	1127357666919183
733878	715710	18168	2874	7707476	6672208	1127357675644295
801662	780342	21320	2794	7413738	6579194	1127357684144001
450546	431984	18562	1947	5493880	4534486	1127357690372841
1176488	1159136	17352	3675	9238212	8716260	1127357701070709
1042212	1024658	17554	2683	6951488	6601642	1127357709348363
1193616	1159334	34282	2129	6098250	5641082	1127357716923713
1180844	1161626	19218	1178	4015152	3729772	1127357722402905
1180780	1158624	22156	4357	10323036	10084848	1127357734190745
1179656	1162088	17568	2768	7005694	6904388	1127357742659553
1178628	1160760	17868	1728	5092202	4823684	1127357749218473
1256830	1159452	97378	1345	4314684	4137052	1127357755072637
600568	580650	19918	2397	6365164	5589204	1127357762322317
1182064	1164008	18056	4420	10594880	10210092	1127357774383721
797084	777006	20078	4668	10941622	10322524	1127357786406629
1179836	1161852	17984	2509	6926784	6386916	1127357794797329
811014	791742	19272	2084	5920090	5172642	1127357801812447
464238	445502	18736	1008	3731872	2670018	1127357806291647
1142750	1117504	25246	989	3652044	3309316	1127357811370149
1072658	1054694	17964	2209	10801546	5679356	1127357823527917
1177308	1159204	18104	2132	5921420	5631616	1127357830910561
1177182	1158032	19150	529	2720986	2428388	1127357835092401
1176180	1158232	17948	1889	5423094	5143662	1127357841975349
839820	820716	19104	480	2688434	1988594	1127357845786941
1178974	1160836	18138	1836	5678792	5039634	1127357852928055
1176950	1156938	20012	3609	9070710	8584278	1127357863459915
305102	169736	135366	3931	9883606	8356496	1127357873931983
1188542	1169532	19010	997	3779564	3373134	1127357879183403
490588	473538	17050	83	2192630	845160	1127357882149447
627812	600324	27488	1970	5070928	4756572	1127357888132601
752938	727994	24944	897	3556444	2735698	1127357892725691
1224632	1206970	17662	3170	8131056	7756998	1127357902369345
1177792	1159604	18188	4614	11216034	10594744	1127357915046389
657490	640126	17364	4075	9954798	8997626	1127357925942003
209742	192388	17354	1936	5508096	4270222	1127357931944195
1179826	1161918	17908	3810	9058426	8989362	1127357942466215
1184046	1166288	17758	4699	11034348	10770400	1127357954968349
1354424	1161966	192458	2703	7297606	6949806	1127357963904633
1182642	1165698	16944	571	2792900	2514726	1127357968162847
1177168	1158642	18526	2121	6111204	5608552	1127357975735309
633926	615572	18354	204	2049106	1232484	1127357978702025
1277162	1171284	105878	653	2678644	2773428	1127357982947215
667718	638052	29666	4899	11676704	10654642	1127357995575691
1186434	1162748	23686	1951	5243446	5276856	1127358002288369
1176250	1159238	17012	1533	4663446	4432416	1127358008412121
223160	184248	38912	875	3341774	2161942	1127358012261009
300816	279264	21552	1820	5449852	4129896	1127358018294629
681480	663836	17644	1624	5257752	4117720	1127358024517233
1200830	1182496	18334	4226	10463984	9844924	1127358036470501
1180510	1162650	17860	2530	6681964	6429700	1127358044616109
1322140	1166838	155302	287	2330784	2085874	1127358048559691
870090	851550	18540	2017	5552910	5092994	1127358055271615
987336	969856	17480	4637	11031928	10450652	1127358067574785
1176240	1158892	17348	3099	7934128	7563410	1127358076969575
1306786	1289474	17312	3072	7879472	7639348	1127358086440055
1198016	1179940	18076	4460	10594982	10307396	1127358098517229
1159758	1134250	25508	2320	6425742	5988266	1127358106394883
1185244	1165166	20078	3691	9051148	8755814	1127358116914283
1173346	1156384	16962	3515	8799446	8391922	1127358127170301
773824	755970	17854	1689	5139382	4341980	1127358133366749
531210	512432	18778	4036	9829518	8791176	1127358144010069
1055358	1036886	18472	3330	8436770	7904550	1127358153786129
1022114	1001656	20458	3527	8906132	8266032	1127358163998815
1181638	1161026	20612	4512	10898284	10394004	1127358176362249
1179888	1161180	18708	4272	10322538	9912274	1127358188148429
1179260	1161778	17482	2431	6680044	6229752	1127358196291705
379586	361928	17658	1271	4373192	3109944	1127358201328007
862520	844124	18396	270	2337986	1592444	1127358204812889
1179044	1151248	27796	1835	5041718	5038572	1127358211317381
1205504	1185862	19642	2272	6278074	5938344	1127358219085789
1177388	1157008	20380	1381	4672932	4128848	1127358225219617
1182094	1161678	20416	2583	6788612	6538124	1127358233474273
377236	359306	17930	4192	10256430	8951276	1127358244391329
1176382	1159180	17202	4268	10172412	9901044	1127358256024363
388588	369976	18612	2526	6655880	5630864	1127358263352545
972284	953228	19056	4175	10073578	9510882	1127358274682149
1175534	1158632	16902	1343	4629506	4054312	1127358280777321
575384	558462	16922	2034	5798650	4835096	1127358287435149
1177198	1160200	16998	894	3843076	3153692	1127358292738909
1194464	1174290	20174	3835	9293340	9053354	1127358303518105
1182964	1164432	18532	1528	5020586	4428402	1127358310004557
1254466	1228786	25680	3525	9055142	8494500	1127358320597993
1178332	1160912	17420	2292	6313408	5951506	1127358328379783
1184152	1166662	17490	421	2615958	2214890	1127358332463553
557454	538906	18548	1282	3949742	3311580	1127358337254803
1175222	1157728	17494	1609	5144866	4583234	1127358343858551
1175604	1156732	18872	4497	10916340	10360056	1127358356234833
1183444	1165584	17860	1542	4814710	4456984	1127358362516601
0	0	0	0	0	0	0
1284876	1170058	114818	3580	9187870	8635348	1127358378723921
787248	769546	17702	371	2668222	1722900	1127358382468269
1175036	1156436	18600	2230	5874750	5846870	1127358389802001
282914	263406	19508	2381	6331330	5233702	1127358396699811
1182026	1162080	19946	2057	5780060	5485632	1127358403950889
952070	933640	18430	3524	8803730	8189250	1127358413990855
1276346	1161834	114512	2149	5981374	5764552	1127358421531097
1185512	1166862	18650	4944	16525482	11263454	1127358439526121
679142	661818	17324	3449	9046920	7767510	1127358449535669
1214660	1194522	20138	4539	10631202	10481336	1127358461665069
1200600	1180582	20018	192	2133188	1773298	1127358465283011
1179002	1162364	16638	2481	6113610	6330358	1127358472859361
1174946	1156600	18346	4389	10405088	10146714	1127358484723203
1182512	1165258	17254	2949	7700418	7273982	1127358493894701
1182454	1164544	17910	3720	9089462	8812694	1127358504450549
1177278	1158952	18326	4840	11424002	11046722	1127358517335281
1028846	1009910	18936	701	3316742	2619880	1127358521964811
234288	215470	18818	4793	11452618	10008836	1127358533936149
1063120	1044182	18938	2731	7413992	6715028	1127358542696941
1177076	1159628	17448	3654	9152500	8678062	1127358553318785
1082564	1064724	17840	3423	8720308	8117616	1127358563406225
502212	483986	18226	3618	8947312	7926984	1127358573139789
1181174	1162780	18394	937	3690886	3243634	1127358578294721
622002	604720	17282	2350	6292218	5511686	1127358585493475
1176330	1156482	19848	523	2810646	2413094	1127358589765761
916754	898184	18570	45	1738458	1195762	1127358592704169
1235270	1160292	74978	445	2259370	2314376	1127358596486643
1068248	1049856	18392	445	2745676	2148066	1127358600589585
1068994	1051768	17226	4271	10339322	9800974	1127358612286283
1177450	1160172	17278	4308	10236648	9982432	1127358623984625
1177404	1160826	16578	4659	11259322	10685546	1127358636704503
1185108	1163784	21324	598	3154336	2570628	1127358641346161
1185442	1161604	23838	2719	6893700	6813050	1127358649708423
1187014	1166232	20782	2527	6804600	6431102	1127358657983949
379340	361534	17806	2390	6556754	5347918	1127358665204197
399576	380608	18968	1682	5085304	3953626	1127358670972401
946522	928706	17816	1631	5028478	4398842	1127358677231295
1185622	1167394	18228	128	1849518	1630282	1127358680550375
228748	207936	20812	4569	10250610	9556818	1127358691319383
1081600	1062316	19284	126	1919794	1522732	1127358694604249
1174472	1157468	17004	87	1548716	1537674	1127358697615097
1065058	1046418	18640	3824	9263754	8903192	1127358708227615
1175612	1158206	17406	3739	9155868	8843714	1127358718842097
983650	964762	18888	3153	8012000	7482550	1127358728122051
590620	573532	17088	318	2611282	1416322	1127358731606985
199676	179114	20562	2058	5489398	4505956	1127358737580003
972692	955108	17584	3238	8059254	7638734	1127358746894961
1088488	1070112	18376	312	2283114	1904910	1127358750550717
1082990	1064948	18042	3157	7453558	7609412	1127358759375141
703796	663524	40272	3223	8290130	7339868	1127358768651901
1180782	1161060	19722	243	2109894	1855792	1127358772230837
743512	725508	18004	467	2597352	1866552	1127358775855521
1182670	1164692	17978	4652	10694388	10696758	1127358788016595
1175470	1158848	16622	4695	10990804	10754296	1127358800467323
1173068	1156034	17034	762	3512746	2887000	1127358805436897
719186	699926	19260	963	3905296	2834800	1127358810344955
861178	843520	17658	400	2443168	1850800	1127358813932913
1174542	1156032	18510	3189	7717348	7763572	1127358823108217
1278294	1257652	20642	4682	11053818	10831190	1127358835723875
1176354	1158890	17464	1819	5233922	5003332	1127358842417865
192086	175190	16896	895	3301744	2171546	1127358846195571
637380	611152	26228	320	2460180	1467502	1127358849576841
350180	331328	18852	3966	9306752	8471978	1127358859517561
1210144	1161076	49068	714	3089814	2829124	1127358864101501
1176044	1158016	18028	2764	7532344	6893892	1127358873095345
924134	907112	17022	1471	4611672	4055320	1127358878915389
963334	945048	18286	1798	5200882	4752276	1127358885362531
1173400	1152444	20956	3201	8172134	7764972	1127358894992509
1174512	1156792	17720	1900	5780596	5163324	1127358902231581
1175356	1158252	17104	4672	10717838	10708206	1127358914408309
1173466	1156558	16908	153	1904680	1669572	1127358917770401
841854	823864	17990	3198	7720634	7428238	1127358926616743
1173566	1156718	16848	588	2907450	2538488	1127358930986401
767054	750692	16362	2721	7346870	6398308	1127358939383855
1183288	1166396	16892	1103	3993226	3579812	1127358944844049
1175326	1156798	18528	2384	6656608	6132734	1127358952959995
961620	944378	17242	2908	7723400	6967450	1127358961928223
1179050	1159840	19210	372	2398808	2113454	1127358965789615
928174	907158	21016	3139	8191076	7396580	1127358975192687
284592	265764	18828	1263	4509910	3001312	1127358980271029
1180414	1162386	18028	2561	6516404	6492108	1127358988250829
1176142	1158412	17730	1519	4855786	4404562	1127358994566495
254264	235642	18622	1868	5368710	4180044	1127359000480575
1179256	1162708	16548	3472	8858730	8312656	1127359010807477
888366	871312	17054	4907	11681202	10891972	1127359023661303
1073170	1056292	16878	4167	10183692	9596120	1127359035201223
844572	789330	55242	951	3728628	2936340	1127359040058589
0	0	0	0	0	0	0
1270512	1165254	105258	1590	4961308	4639418	1127359053622423
1174190	1156266	17924	589	8001392	2542922	1127359063082023
1174106	1156524	17582	195	1895568	1756252	1127359066435921
1179048	1161792	17256	2721	6694844	6810356	1127359074592789
1164100	1144804	19296	2067	6083922	5490736	1127359082129785
1179768	1161104	18664	2388	6713324	6144646	1127359090307393
452752	433952	18800	4887	11439246	10415302	1127359102482281
1179008	1161428	17580	4998	11503636	11365728	1127359115452437
738740	721822	16918	1048	3776878	3025234	1127359120252167
417558	400300	17258	388	2706882	1384366	1127359123660929
1184902	1164678	20224	4060	9576752	9493774	1127359134706183
331468	313414	18054	918	3785436	2359652	1127359139110737
1235800	1163502	72298	3950	9624582	9325142	1127359150254985
1312722	1156588	156134	3299	8288072	8101298	1127359160139841
701306	684106	17200	2518	6697124	5926094	1127359167822363
288868	269290	19578	1972	5734940	4423246	1127359174129863
1184208	1164214	19994	2965	7670306	7303638	1127359183267163
1180166	1162190	17976	4362	10381576	10094046	1127359195113015
748084	728518	19566	4345	10360270	9627780	1127359206504849
569768	544344	25424	252	2376602	1263272	1127359209740489
1181210	1161276	19934	2260	5894882	5890334	1127359217099875
830536	812068	18468	3056	7752970	7131762	1127359225967121
396420	374874	21546	1249	4497606	3084584	1127359231145001
1181316	1161692	19624	3482	8803530	8335936	1127359241413795
1189568	1169078	20490	578	2931346	2534424	1127359245818041
746924	728906	18018	3726	9371090	8388340	1127359256219283
279080	262092	16988	432	2685334	1333014	1127359259467429
1187614	1169764	17850	1476	4322460	4328968	1127359265261917
1098742	1079858	18884	1578	4570858	4444144	1127359271215003
1181928	1163268	18660	2249	6553864	5868372	1127359279234149
1174446	1156338	18108	4532	10834742	10427450	1127359291526563
1256232	1159032	97200	38	1441140	1522540	1127359294508329
1174938	1156692	18246	701	2626636	2767482	1127359298604995
1177378	1159634	17744	2883	7482736	7132554	1127359307555343
456780	439178	17602	3978	9464804	8601706	1127359317760649
1257730	1158110	99620	3495	8661630	8437718	1127359327963575
1176424	1158418	18006	3730	9229546	8825308	1127359338654157
459250	441478	17772	4538	10909336	9727852	1127359350310891
1175444	1156630	18814	1181	4132470	3726700	1127359355903043
1182486	1163610	18876	2714	6982638	6799238	1127359364352041
1179116	1160692	18424	1225	4217718	3817284	1127359370032637
1180156	1158876	21280	2628	7119536	6624446	1127359378615593
1182972	1158710	24262	4001	9957804	9378040	1127359390044317
578602	560036	18566	1268	4257632	3304312	1127359395163889
1179064	1161162	17902	1116	4200138	3599838	1127359400828337
1223206	1158372	64834	4282	10222668	9980950	1127359412558389
1042732	1015276	27456	493	2862196	2217620	1127359416767877
1178410	1160630	17780	556	2919902	2482630	1127359421149527
1178610	1158564	20046	4864	11325768	11095644	1127359433937633
1174320	1156378	17942	3641	8873972	8646192	1127359444269277
1257072	1239038	18034	3694	9281538	8835520	1127359455091953
955260	928178	27082	3797	9463026	8737766	1127359465794035
0	0	0	0	0	0	0
239922	222670	17252	3414	8200858	7257700	1127359478068621
1179582	1160498	19084	2952	7376068	7274324	1127359486908211
1181072	1161046	20026	4922	11644710	11215240	1127359500017577
451866	433004	18862	998	3798768	2637424	1127359504552331
1192736	1169722	23014	2081	6020762	5544954	1127359512053175
828184	805004	23180	121	2070106	1260672	1127359515234577
1241974	1160794	81180	741	2868018	2917638	1127359519628335
1176604	1158824	17780	2532	6798528	6429944	1127359527886913
1182484	1162604	19880	1722	5314996	4816664	1127359534668713
1262970	1164268	98702	58	1866332	1567690	1127359538087207
1177846	1160196	17650	1754	4888726	4875416	1127359544438029
1159776	1136742	23034	2074	5669072	5496252	1127359551549875
1177178	1159130	18048	2597	7040404	6560726	1127359560051225
804286	787750	16536	2080	5783674	5154402	1127359566922295
276458	253342	23116	1836	5434500	4137664	1127359572916407
796734	777710	19024	130	2127640	1246688	1127359576124655
304910	284806	20104	2069	5505944	4631582	1127359582218775
962904	945812	17092	2678	11201450	6508544	1127359594666689
606538	575728	30810	4911	11391214	10617614	1127359606952255
1179316	1161062	18254	1080	3752012	3533668	1127359612166977
726004	707868	18136	967	3709190	2848698	1127359616885629
1280396	1174024	106372	2463	6892408	6395626	1127359625341931
1194916	1173676	21240	1022	3770598	3428452	1127359630590437
1164718	1142148	22570	3603	9059522	8559930	1127359641104149
1166530	1145932	20598	1355	4677304	4065382	1127359647231929
1182414	1161786	20628	3710	9195836	8790950	1127359657893701
1162728	1142054	20674	4999	11871870	11350858	1127359671211927
1182936	1162068	20868	3502	8676202	8377128	1127359681354061
1177510	1160336	17174	163	2180734	1693508	1127359684996621
1187006	1167918	19088	2809	6786374	6994190	1127359693254043
831026	810280	20746	1627	4789806	4274324	1127359699158017
666844	649316	17528	2610	6952738	6076830	1127359707079793
809240	790116	19124	3908	9435802	8813536	1127359717608083
195356	177490	17866	288	2350886	960128	1127359720438185
1178320	1160936	17384	3458	8291280	8285268	1127359730191077
1180716	1160804	19912	299	2667124	1968422	1127359734321461
1178742	1160166	18576	986	3528626	3340056	1127359739311409
238916	213952	24964	2761	6989816	5950374	1127359746823541
205068	179204	25864	3415	8612918	7227938	1127359755925593
1179722	1161794	17928	1169	4225468	3707922	1127359761614255
1266156	1241946	24210	2529	6577056	6514606	1127359769740601
854766	765478	89288	2766	7117140	6575624	1127359777995143
1186084	1169072	17012	3818	9166184	9011960	1127359788630389
1180224	1161268	18956	1750	5413190	4873630	1127359795512497
819254	800312	18942	2372	6495746	5752796	1127359803111441
1186224	1167354	18870	1229	4460942	3833036	1127359809042389
1185300	1167704	17596	4289	10500842	9953502	1127359821011345
1188608	1165666	22942	3973	9690438	9324894	1127359832174583
269818	251688	18130	3125	7945246	6709332	1127359840673721
1176876	1159156	17720	1993	5902876	5355614	1127359848040749
544028	527628	16400	1045	3601272	2822612	1127359852469829
1173720	1156358	17362	4853	11269650	11068630	1127359865201465
1203794	1183950	19844	533	3110414	2459322	1127359869799503
1092434	1070456	21978	615	2823018	2511980	1127359873998081
1180310	1162042	18268	392	2380348	2152810	1127359877841935
317304	298160	19144	1915	4931744	4358124	1127359883374905
1180342	1161368	18974	3939	9620942	9248030	1127359894459857
268020	250216	17804	2399	6557398	5254910	1127359901569447
562332	544858	17474	503	2602296	1757338	1127359905017755
286968	268544	18424	766	2655920	2008354	1127359908244375
1175944	1158974	16970	256	1989778	1877102	1127359911693323
322408	304352	18056	2662	7050718	5834964	1127359919349709
1173812	1156932	16880	4682	11136576	10726892	1127359931943037
1178272	1159140	19132	2947	7867670	7261394	1127359941273429
6858538	6855536	3002	3937	9594294	14920860	1127359958009615
1370400	1352596	17804	1218	4167556	3996236	1127359963831385
1175790	1157730	18060	367	2399944	2098122	1127359967690735
1185882	1165074	20808	4643	10868066	10661226	1127359980028723
1180840	1162718	18122	3985	9898474	9339248	1127359991391601
863686	845922	17764	1715	5399714	4482342	1127359997938401
1184356	1167030	17326	948	3935570	3270056	1127360003343021
1006604	989486	17118	1741	5096014	4678018	1127360009729251
1176024	1156460	19564	3084	8061120	7533610	1127360019250577
1174304	1156504	17800	1612	5066362	4587958	1127360025774801
364856	347074	17782	82	2150422	718748	1127360028573331
262216	245148	17068	541	2456312	1534830	1127360031580689
1174918	1157724	17194	1064	4085874	3491530	1127360037125327
1182942	1162738	20204	1438	4325856	4250602	1127360042917335
593464	576214	17250	4076	9654680	8934754	1127360053449745
1062372	1044774	17598	224	2098902	1699584	1127360056894637
733240	716048	17192	447	2290064	1839624	1127360060201505
1099378	1079840	19538	757	2882156	2802906	1127360064467563
1176514	1159184	17330	4618	11081142	10602650	1127360077014625
1177328	1159446	17882	436	2783670	2237726	1127360081259433
1183260	1163984	19276	3427	8584592	8226540	1127360091311273
1160190	1141818	18372	270	2447944	1890820	1127360095202175
1185022	1167078	17944	3861	9124426	9123196	1127360105794917
0	0	0	0	0	0	0
814512	796712	17800	748	3225120	2499064	1127360118508289
1178656	1159660	18996	979	3867104	3327022	1127360123842401
400956	380944	20012	2357	6300872	5303738	1127360130828657
1175206	1157562	17644	43	1777080	1454684	1127360134064887
540240	522958	17282	4633	10645150	9995862	1127360145533811
1175240	1158200	17040	2468	6758822	6301190	1127360153752777
1192276	1172220	20056	1151	4234652	3683820	1127360159463757
1230372	1156774	73598	3447	8767456	8313636	1127360169745771
1198102	1179330	18772	3099	7833424	7584870	1127360179061423
1184736	1166278	18458	1272	4260390	3918328	1127360184790015
779298	762776	16522	4199	10186904	9370196	1127360196040489
1177784	1158254	19530	1753	5151158	4874428	1127360202652957
1182052	1163804	18248	3094	7819090	7565594	1127360211943237
228352	211056	17296	2978	7391372	6373204	1127360219847389
1184926	1159678	25248	4698	11091020	10769344	1127360232407843
1177992	1160678	17314	3538	9030914	8444342	1127360242900811
774420	755086	19334	1790	5315538	4547506	1127360249275235
680492	662578	17914	184	2267344	1238024	1127360252507257
1248056	1162000	86056	2449	6267688	6335940	1127360260310793
1310526	1171218	139308	4167	10175618	9833462	1127360272081137
345034	327720	17314	2790	7249330	6115682	1127360279959615
1068916	1052042	16874	8	1747252	1275860	1127360283059305
603614	586646	16968	345	2064962	1482520	1127360286012155
1177628	1158260	19368	2434	6734282	6236122	1127360294208091
1201682	1184754	16928	1518	4594560	4427442	1127360300288075
1183474	1165228	18246	3876	9418480	9125864	1127360311173801
1187100	1168696	18404	475	2585834	2326168	1127360315229395
602740	585794	16946	628	3039216	2048366	1127360319154997
1177282	1158998	18284	3792	9175028	8950924	1127360329791463
939124	919304	19820	2114	5666744	5357176	1127360336681243
1179956	1162784	17172	2550	7118446	6470032	1127360345268017
1177378	1159194	18184	138	1999428	1642078	1127360348729435
640744	529774	110970	4150	9547332	9130778	1127360359206731
763798	703100	60698	2659	7126620	6272270	1127360367381691
637024	619024	18000	1973	5316504	4772118	1127360373618881
1176058	1159036	17022	3768	9173748	8900650	1127360384251835
350570	331340	19230	4173	10053942	8885626	1127360394940255
555710	533130	22580	2066	5885980	4877354	1127360401665353
768724	750500	18224	157	2268728	1271208	1127360404986357
1179676	1162782	16894	3739	8851374	8848102	1127360415301225
1252824	1158802	94022	2993	7862598	7427332	1127360424700291
1175472	1158390	17082	728	3415382	2821578	1127360429578923
1090278	1072758	17520	183	2405990	1647256	1127360433359697
928556	910418	18138	4562	10495812	10241900	1127360445067857
1182462	1162782	19680	1618	4975200	4608432	1127360451509735
1053180	1036462	16718	970	3366948	3183352	1127360456214375
0	0	0	0	0	0	0
1269298	1248008	21290	358	2538150	2174068	1127360473042397
1177138	1158880	18258	1157	3767596	3684670	1127360478270183
682762	663740	19022	3241	8441100	7353488	1127360487677757
312018	253786	58232	4692	11325380	9885346	1127360499598915
1188856	1165802	23054	411	2853192	2201118	1127360503925721
1174976	1156476	18500	546	2951880	2457022	1127360508335805
1183898	1164924	18974	3644	8951118	8660542	1127360518754653
1188142	1160134	28008	4623	11072912	10627538	1127360531298807
714822	697862	16960	2433	6465982	5769438	1127360538763407
1175530	1158074	17456	3730	9460864	8825378	1127360549684043
202038	178454	23584	3606	8940514	7603058	1127360559110455
1186460	1169638	16822	3548	8878114	8471060	1127360569458821
439788	418632	21156	901	3211562	2432580	1127360573394113
6272426	6270134	2292	193	1992324	6847436	1127360581942743
1178180	1159456	18724	897	3491474	3161686	1127360586896395
1248980	1162792	86188	687	2682408	2812028	1127360591111185
284076	199040	85036	4937	11481348	10348132	1127360603160161
1179828	1160802	19026	895	3401446	3160032	1127360608025889
483460	463620	19840	4204	10064774	9080196	1127360618857437
1176132	1158358	17774	1193	4245884	3750912	1127360624564057
1194028	1156570	37458	1157	4196420	3698272	1127360630243943
1178440	1158322	20118	1775	5572320	4917832	1127360637278295
1020336	1003658	16678	3359	8223996	7927218	1127360646806127
1177404	1158424	18980	2438	6326582	6242754	1127360654593121
1176382	1157148	19234	912	3762346	3192600	1127360659822029
1177190	1158852	18338	3817	9664330	8999442	1127360670946775
1177372	1159392	17980	1772	5483232	4909714	1127360677890909
1176448	1157386	19062	834	3252516	3033978	1127360682603935
312630	283380	29250	2446	6719192	5393594	1127360689942087
1207876	1190242	17634	3018	7861324	7432950	1127360699295281
1291326	1222262	69064	1080	3731754	3639932	1127360704602641
1176862	1159248	17614	326	2597192	2022724	1127360708666189
1216688	1200036	16652	2323	6352200	6051816	1127360716523953
1313226	1174248	138978	168	2283502	1843054	1127360720410423
1032462	1014130	18332	2089	5895046	5398946	1127360727621635
1175598	1158346	17252	2884	7771232	7133472	1127360736852665
198082	179228	18854	2153	6156658	4693052	1127360743491117
0	0	0	0	0	0	0
734386	714934	19452	4577	10618080	10078034	1127360764105283
1043148	1025878	17270	2046	5787894	5324874	1127360771219971
1182590	1156276	26314	3282	8511686	7935598	1127360781197345
1182190	1164956	17234	2183	5985616	5737270	1127360788648875
1178656	1160036	18620	1024	3683836	3416924	1127360793801321
1178122	1159704	18418	3381	8551192	8129828	1127360803814681
1183030	1162786	20244	2619	6856290	6609856	1127360812137535
269236	250980	18256	2207	6456962	4872100	1127360819147689
1178856	1161892	16964	2764	7549802	6895188	1127360828159261
0	0	0	0	0	0	0
602808	585892	16916	4500	10672152	9792868	1127360845041069
1182576	1165506	17070	2002	5630850	5375520	1127360852138769
1180340	1161316	19024	758	3364326	2886304	1127360856966521
442956	424400	18556	1917	5729234	4465508	1127360863421081
282528	264588	17940	4866	11685530	10203476	1127360875672521
1175810	1158002	17808	1565	4560292	4495164	1127360881691763
1186922	1164748	22174	2710	7118906	6796836	1127360890280829
982128	963062	19066	3802	9218838	8774854	1127360900765967
1184848	1162998	21850	3889	9696008	9155160	1127360911931377
1141814	1118172	23642	1803	5328420	4936558	1127360918685515
355876	336786	19090	3098	8155512	6745350	1127360927483483
1334764	1170528	164236	377	2650528	2278710	1127360931752349
230034	195112	34922	2894	7537872	6207214	1127360939803571
579944	562762	17182	1815	5641896	4398660	1127360946309441
182714	165796	16918	697	3147050	1765964	1127360949922161
1198696	1178856	19840	2187	5769828	5784668	1127360957174073
366860	347462	19398	3418	8765106	7393054	1127360966590167
519502	501942	17560	1080	4186528	2872738	1127360971584771
825538	805892	19646	4588	11201820	10191764	1127360983896753
1314334	1297046	17288	1679	5220718	4861992	1127360990715469
1244866	1161070	83796	3070	8159548	7574926	1127361000409943
756088	739022	17066	785	3495684	2516040	1127361004945121
1175830	1158114	17716	2971	7389754	7307902	1127361013794795
1179694	1160482	19212	1889	5514110	5147928	1127361020772611
818616	800134	18482	3379	8427860	7766160	1127361030303447
1056420	1038390	18030	1766	5156790	4778026	1127361036801203
759576	741448	18128	3274	8233606	7499584	1127361046078297
1290910	1171540	119370	1153	4157994	3785968	1127361051811609
1177096	1156604	20492	1844	5605774	5055004	1127361058877741
202774	177466	25308	4103	10075348	8599022	1127361069439315
509292	492150	17142	2491	6607474	5681514	1127361076839769
1177460	1159366	18094	2528	6662774	6422528	1127361084963881
1174968	1156440	18528	2361	6453870	6087136	1127361092877353
1179426	1162012	17414	3613	8886574	8598662	1127361103227731
1177564	1159726	17838	4592	10742552	10550766	1127361115431759
1172858	1156672	16186	3249	8168734	7860920	1127361125056963
1179854	1161390	18464	4848	11718956	11066934	1127361138239875
1278688	1261174	17514	965	3665356	3397716	1127361143468655
1222304	1165240	57064	2984	7498194	7380564	1127361152472193
1178738	1159872	18866	3223	8052480	7813688	1127361161992575
759508	740348	19160	2530	6702930	6008376	1127361169739281
948342	923184	25158	2681	7096866	6500010	1127361178068063
1310276	1163888	146388	1560	4698340	4619484	1127361184359961
531166	514006	17160	3364	8363928	7448502	1127361193538751
1325432	1168482	156950	3365	8716918	8244658	1127361203864945
1265512	1159450	106062	3213	7986734	7881488	1127361213400949
1301658	1157968	143690	1309	4558618	4108980	1127361219545077
581532	564470	17062	3605	9126440	7981300	1127361229536841
563000	545252	17748	360	2520136	1473060	1127361232904305
1179374	1161778	17596	4757	10884912	10882720	1127361245252567
443846	334982	108864	142	2084066	918482	1127361248065015
1292390	1169908	122482	2001	5371104	5484446	1127361255011523
563572	546836	16736	3810	9252060	8375540	1127361265110629
435598	418692	16906	1020	3816238	2665254	1127361269646633
1186520	1168472	18048	3852	9496470	9079442	1127361280613455
1181660	1160590	21070	56	2018812	1486076	1127361284102555
1178190	1159216	18974	4159	9497868	9686368	1127361295063025
1088468	1070932	17536	3229	8371784	7736506	1127361304807241
1049238	1030546	18692	375	2569542	1992790	1127361308709949
333642	312328	21314	1427	4453634	3376672	1127361313786305
1299124	1275286	23838	3318	8470096	8123578	1127361323839735
914838	897332	17506	88	1764574	1279888	1127361326803429
1255012	1173080	81932	3309	7988002	8061344	1127361336329497
1177802	1160486	17316	4516	11021688	10400114	1127361348812243
1044690	1027842	16848	4325	10400112	9888792	1127361360541011
939080	915842	23238	1821	5368174	4769986	1127361367137355
1182360	1164068	18292	52	1827404	1476102	1127361370430597
1177294	1159116	18178	4542	10463400	10449736	1127361382355469
1173734	1156084	17650	291	2129484	1945310	1127361385941869
632842	611368	21474	3259	8225660	7340666	1127361395082917
1302542	1156476	146066	4029	9765302	9550592	1127361406434521
1183372	1163792	19580	4554	10913126	10481568	1127361418815269
494946	476974	17972	2045	5832568	4777774	1127361425426771
1177638	1159038	18600	2378	6413022	6124268	1127361433301401
1187506	1169322	18184	3803	9637830	8982538	1127361444411201
1176928	1158172	18756	2660	7358892	6685432	1127361453230549
496956	478278	18678	4020	9679950	8727048	1127361463690481
835942	817828	18114	3310	8551710	7646524	1127361473361401
1178184	1158680	19504	3669	9164944	8705706	1127361483987585
1174536	1156562	17974	3489	8787810	8341384	1127361494233841
450012	430258	19754	640	3163284	1919460	1127361498131291
615930	598538	17392	1712	5107894	4229742	1127361504139175
1124500	1106182	18318	2758	7400720	6830756	1127361512947669
1295316	1164774	130542	1168	4105920	3820774	1127361518632451
761248	743546	17702	780	3365416	2511040	1127361523048337
914320	883208	31112	278	2151046	1664212	1127361526397401
1183274	1163738	19536	4858	10960248	11088878	1127361538824243
1181216	1163394	17822	2826	7487038	7022390	1127361547776135
1253712	1236496	17216	2268	6108476	5978530	1127361555422531
1173388	1156454	16934	3785	9290780	8932194	1127361566170157
1006232	987342	18890	4697	11164878	10590000	1127361578624887
1175488	1158588	16900	2197	5992338	5759492	1127361586082121
3408618	3406788	1830	4071	10148668	11740194	1127361599923167
1177016	1158294	18722	3753	9307388	8872674	1127361610691433
1298946	1277334	21612	1188	4099636	3865760	1127361616377343
1285140	1164174	120966	1912	5793092	5297966	1127361623739469
620052	483878	136174	698	3354028	2206408	1127361627998343
508122	489702	18420	2219	5801818	5135788	1127361634592341
1181114	1163730	17384	4056	9891420	9482572	1127361645953269
554752	536466	18286	2425	6743132	5594854	1127361653534847
1173702	1156448	17254	2190	6172152	5742598	1127361661163749
1176660	1159014	17646	308	2315906	1982438	1127361664938647
455242	437348	17894	2187	5975300	5020708	1127361671653177
768300	748162	20138	1406	4632986	3769208	1127361677338201
1175226	1157514	17712	1209	4346604	3783006	1127361683143077
1184202	1165150	19052	2610	7182336	6592914	1127361691794003
1130878	1113194	17684	201	2069428	1723328	1127361695276673
1187928	1163828	24100	1784	4690312	4946248	1127361701437641
1182028	1161190	20838	2659	6873386	6689538	1127361709775689
208892	178758	30134	2130	6218374	4658354	1127361716486495
1180814	1162836	17978	1284	4286680	3938494	1127361722242415
1184002	803282	380720	2430	6205098	6233348	1127361729915523
1173344	1156150	17194	4695	11025662	10751986	1127361742398755
560582	542676	17906	4905	11417258	10560556	1127361754659909
0	0	0	0	0	0	0
290100	269792	20308	2692	7185156	5863032	1127361770085321
1194834	1172818	22016	3880	9560494	9144376	1127361781123983
4541416	4539232	2184	3979	9972286	12689518	1127361795920437
1176644	1159324	17320	4091	9761140	9547384	1127361807141569
682356	663806	18550	551	2951954	1973712	1127361811059215
1180664	1163192	17472	1069	3729348	3507012	1127361816253521
1185368	1164250	21118	3150	7691432	7674444	1127361825414163
747284	729736	17548	3413	8729988	7763156	1127361835175989
191044	173762	17282	1759	5566862	3897556	1127361841217695
926478	909460	17018	1770	5325762	4655534	1127361847753117
1178010	1160410	17600	4588	10997416	10543440	1127361860212535
774520	756088	18432	1953	5524772	4870598	1127361866794981
1188432	1170946	17486	4215	10172180	9811330	1127361878438809
1187110	1162188	24922	4713	11242530	10802374	1127361891153389
531418	513288	18130	2835	7602644	6391082	1127361899571643
493126	242360	250766	308	2340902	1297650	1127361902689343
1181306	1162150	19156	4377	10137304	10124754	1127361914297403
384634	319432	65202	2844	7430992	6262728	1127361922396691
369526	351182	18344	137	2017446	833028	1127361925067575
189396	171968	17428	1670	4952258	3719228	1127361930493381
1179332	1160756	18576	4240	10289586	9849420	1127361942269241
954668	937072	17596	4037	9575342	9218560	1127361953082497
1270058	1252392	17666	3400	8596288	8260022	1127361963231803
352526	262092	90434	120	1807756	782964	1127361965676257
495234	478022	17212	2891	7153138	6465436	1127361973608881
292342	268620	23722	3402	8646974	7285184	1127361982831913
211652	183688	27964	4914	11881814	10228528	1127361995209161
1183012	1162650	20362	4014	9629644	9399468	1127362006304425
