# Loop @ Start frequency 3600000Hz took 708.78 cycles
# Interval [707 ; 710]
# Q1 : 706 ; Q3 : 708
# Loop @ Target frequency 2000000Hz took 1062.85 cycles
# Interval [1062 ; 1064]
# Q1 : 1060 ; Q3 : 1062
# Confidence intervals do not overlap, alternatives are statistically different with selected confidence level
Change time (with write) [cycles]	Change time [cycles]	Write cost [cycles]	Wait time [us]	Time since last frequency change request [cycles]	Time since last frequency change [cycles]	Detected frequency change timestamp [cycles]
0	0	0	0	0	0	0
0	0	0	0	0	0	0
857260	839704	17556	907	3660902	2857788	1127709796225801
609994	593486	16508	3036	7690418	6871360	1127709804772443
1195098	1167164	27934	4996	11858856	11371318	1127709818073465
1175130	1159946	15184	2463	6711846	6288418	1127709826211327
180572	165232	15340	4156	9694090	8665584	1127709836320657
1177078	1160786	16292	3982	9602396	9315666	1127709847335095
1175270	1158422	16848	4075	9518992	9497870	1127709858267227
1140808	1123796	17012	3998	9762980	9309776	1127709869408665
833664	815646	18018	3427	8622282	7860000	1127709879101591
1191012	1173720	17292	2191	6397756	5758342	1127709886936825
1188254	1163346	24908	4544	10812552	10461058	1127709899183983
333200	316004	17196	3891	9586358	8299648	1127709909350865
1288838	1188114	100724	4101	10042746	9676202	1127709920928431
1174370	1158934	15436	3295	8297754	7949390	1127709930647765
0	0	0	0	0	0	0
1304606	1289604	15002	27	1442434	1531038	1127709941665905
943702	925240	18462	2511	6407810	6155544	1127709949253085
0	0	0	0	0	0	0
0	0	0	0	0	0	0
793640	776120	17520	4859	11134292	10697284	1127709986558725
1176554	1158674	17880	1572	5129610	4504998	1127709993111563
495652	479196	16456	447	2574242	1574116	1127709996428673
1183128	1165672	17456	3556	8478956	8480700	1127710006338057
327314	311788	15526	4871	11448344	10254658	1127710018360031
1179934	1162392	17542	3275	8189190	7904616	1127710027964565
0	0	0	0	0	0	0
1177884	1161938	15946	3078	7797884	7505568	1127710042474423
1174570	1157530	17040	1572	5038280	4490962	1127710048923069
1181908	1160338	21570	1286	4555662	3926094	1127710054896325
1177034	1153622	23412	4158	10148152	9665542	1127710066457395
775476	720792	54684	156	2068206	1261424	1127710069539793
1297438	1156318	141120	590	2533166	2650134	1127710073605871
1175034	1158394	16640	1788	5245680	4935254	1127710080273391
0	0	0	0	0	0	0
1175430	1158770	16660	271	2355180	1902982	1127710096771691
1176354	1159174	17180	2722	6719456	6821490	1127710104914519
578304	560476	17828	3041	7838444	6845842	1127710113580417
223308	203952	19356	1519	4746692	3447588	1127710118797361
1176852	1157930	18922	1506	4903846	4374042	1127710125124771
1182754	1164466	18288	4306	10312522	9967476	1127710136854667
1176386	1158428	17958	3273	8483670	7907444	1127710146762249
696776	679168	17608	1904	5354684	4689742	1127710153060587
1175356	1157072	18284	2294	6521870	5947986	1127710161005123
1181820	1164926	16894	1597	5038680	4560890	1127710167475523
0	0	0	0	0	0	0
1188546	1171772	16774	412	2516226	2197886	1127710178958165
1186392	1166450	19942	138	2102600	1634718	1127710182491849
854700	836618	18082	3347	8130184	7755344	1127710191728201
935566	918498	17068	16	1716762	1152370	1127710194627079
432860	416316	16544	1746	4858962	4112612	1127710200166297
0	0	0	0	0	0	0
0	0	0	0	0	0	0
0	0	0	0	0	0	0
279722	257650	22072	2732	7262364	5928246	1127710241640835
1174576	1158098	16478	1498	4804636	4355824	1127710247869639
1176862	1157692	19170	4146	10070056	9653870	1127710259371855
781090	763356	17734	1096	4031496	3158526	1127710264432061
1180322	1160528	19794	1260	4173878	3884858	1127710270033235
1175948	1158970	16978	4117	10095290	9599414	1127710281558657
1176594	1160652	15942	2011	5884600	5370912	1127710288855241
1173816	1158466	15350	172	1984346	1691908	1127710292248437
337208	319878	17330	2268	5700500	5063188	1127710298521873
1187298	1170554	16744	4094	10015238	9560046	1127710309971891
520636	504076	16560	745	3268614	2195202	1127710314015229
1176762	1158396	18366	2672	7172580	6708376	1127710322615253
759380	741772	17608	3355	8726726	7654530	1127710332347841
1179296	1160518	18778	1239	4201014	3841302	1127710337975703
1275898	1160476	115422	4099	9994750	9658830	1127710349500089
0	0	0	0	0	0	0
0	0	0	0	0	0	0
794458	777978	16480	2143	6098432	5266172	1127710374698603
772144	755500	16644	1737	5144200	4431376	1127710380862241
1180020	1162926	17094	1406	4477374	4177246	1127710386766071
1179832	1163080	16752	797	3408964	2959386	1127710391601815
1179792	1163160	16632	643	3250880	2651774	1127710396279745
0	0	0	0	0	0	0
1183910	1158410	25500	4047	10037398	9462170	1127710417689711
484646	465896	18750	882	3616292	2433780	1127710422038397
1182932	1164728	18204	2473	6616042	6314268	1127710430088645
780300	758902	21398	1585	4651616	4134990	1127710435767923
857296	815494	41802	2540	7053174	6123126	1127710443924903
1309114	1292146	16968	4264	10201846	10022294	1127710455690631
0	0	0	0	0	0	0
1181482	1161926	19556	2733	7332942	6833568	1127710473222837
1173884	1156952	16932	4271	10227196	9902118	1127710484871149
653760	636432	17328	2902	7741024	6642648	1127710493512985
0	0	0	0	0	0	0
670442	654890	15552	3111	7851928	7077824	1127710512219401
849320	834256	15064	266	2370210	1553204	1127710515674253
1072514	1055074	17440	4833	10818132	10911034	1127710527801363
0	0	0	0	0	0	0
1243274	1160458	82816	226	1533200	1879222	1127710534298175
1174046	1157536	16510	1531	4754058	4425640	1127710540472883
1175390	1157446	17944	3004	7699100	7368694	1127710549594175
767654	750026	17628	3731	9094444	8415430	1127710559704379
236878	215592	21286	4131	10136660	8683406	1127710570327497
1185314	1168082	17232	3481	8641492	8335372	1127710580401865
435338	418206	17132	587	2745274	1798594	1127710583829851
1064418	1046134	18284	4252	9891666	9769520	1127710595032865
1180420	1163700	16720	3693	9030522	8750788	1127710605490777
1275788	1158308	117480	3638	9112154	8737458	1127710616125969
538612	521780	16832	2737	7056716	6184756	1127710623956831
1179184	1162372	16812	1854	5606120	5076270	1127710630993365
1180018	1159218	20800	262	2427986	1890092	1127710634848161
251454	232860	18594	2312	5848912	5077158	1127710641195547
211980	180094	31886	533	2669914	1463600	1127710644324039
321714	299860	21854	3593	8551440	7691878	1127710653443699
1183056	1160072	22984	99	1869748	1566734	1127710656743025
598264	581738	16526	4288	10040152	9359468	1127710667628139
1194560	1177506	17054	4109	10217974	9586006	1127710679288235
429536	414864	14672	2408	6740278	5418900	1127710686693181
192252	176732	15520	3027	7980764	6417936	1127710695113793
1173292	1157988	15304	4985	11836164	11315772	1127710708358765
381570	365684	15886	678	3193566	1911252	1127710712168981
636578	619774	16804	2117	6435618	5043338	1127710719475935
1003748	988542	15206	2293	6495982	5761850	1127710727211061
1203432	1186096	17336	1789	5479114	4953996	1127710734128817
874792	857390	17402	914	3799486	2887280	1127710739050121
1176704	1156312	20392	4153	10314598	9668284	1127710750787949
1178030	1160138	17892	1515	4820090	4392532	1127710757035253
8122008	8119146	2862	1040	3921174	10387290	1127710769325187
1243056	1169064	73992	4496	10881086	10420544	1127710781696053
0	0	0	0	0	0	0
1174034	1156410	17624	4104	9790142	9567180	1127710802246911
0	0	0	0	0	0	0
1173002	1156534	16468	3186	7776424	7730972	1127710820517621
721234	703678	17556	4864	11472090	10622834	1127710832945845
1183034	1164404	18630	3823	9314998	9014004	1127710843691605
1028978	1012122	16856	4098	10096120	9409822	1127710855063451
745852	714578	31274	155	1926366	1241020	1127710857982263
1175044	1158216	16828	3875	9161630	9110172	1127710868569361
1177314	1160730	16584	4861	11533724	11084410	1127710881529451
466570	451178	15392	2928	7466812	6495930	1127710889698627
478002	463212	14790	110	1862390	871658	1127710892274029
368148	272284	95864	1900	5152986	4339732	1127710898030265
1177938	1160600	17338	4545	10684788	10453956	1127710910143997
1116378	1097938	18440	3369	8434850	8043156	1127710919942359
0	0	0	0	0	0	0
1184546	1167132	17414	4406	10720070	10182270	1127710939874379
580388	559994	20394	787	3228814	2340004	1127710943934169
1308370	1290470	17900	3521	8853484	8534554	1127710954348087
1176896	1156714	20182	2005	5785496	5371450	1127710961560545
1290812	1171428	119384	1318	4654040	4111042	1127710967752297
1179860	1164662	15198	4294	10227300	9941444	1127710979395257
1141198	1125826	15372	824	3523004	2962864	1127710984294557
1174954	1156708	18246	1278	4454446	3903356	1127710990158377
377710	361286	16424	2680	6788530	5922994	1127710997571079
1233864	1161742	72122	1094	4025528	3607310	1127711003077195
1183632	1163830	19802	3047	7852754	7462468	1127711012360909
1307350	1158274	149076	162	2130884	1817796	1127711016048567
1175868	1158220	17648	1420	5117806	4201638	1127711022593037
1099582	970298	129284	1616	5055188	4516138	1127711028994735
1066644	1048322	18322	4621	10939478	10493376	1127711041247689
237730	210880	26850	1886	5874358	4195408	1127711047606721
1038564	1021148	17416	4189	10399484	9600928	1127711059291453
304908	276898	28010	4642	11069446	9773434	1127711070915717
1175378	1158614	16764	2200	6004484	5760130	1127711078342131
1174928	1157694	17234	4100	10173638	9559852	1127711089937601
739704	723652	16052	3859	9682170	8634600	1127711100610161
1173168	1157588	15580	1704	5328680	4753574	1127711107347605
816018	800714	15304	4153	10057246	9295914	1127711118458363
1176578	1158578	18000	3768	9230274	8884748	1127711129100835
986014	971248	14766	2718	7369056	6595968	1127711137692211
0	0	0	0	0	0	0
1171370	1155950	15420	1692	4969184	4727814	1127711154625415
340278	261826	78452	4481	10694950	9475988	1127711165896379
1281798	1162198	119600	1863	5374544	5192930	1127711172805825
1184538	1153174	31364	2575	6818720	6519876	1127711181056519
1174652	1156484	18168	1574	5100960	4508274	1127711187578577
1172222	1155480	16742	4855	11639920	11066608	1127711200638035
1176510	1160138	16372	44	1802534	1449274	1127711203864331
1172780	1156234	16546	4716	10754754	10790532	1127711216042495
721750	704678	17072	3488	8436442	7883828	1127711225451371
1299298	1160236	139062	2537	6951230	6559812	1127711233948895
729436	712608	16828	3773	9190682	8460270	1127711244120939
899164	882916	16248	320	2386812	1738352	1127711247654621
451936	433962	17974	1013	3393828	2664662	1127711251747355
1179354	1163982	15372	613	2811410	2577288	1127711255984647
1180766	1163324	17442	4795	11032924	10944148	1127711268437945
405202	390032	15170	1000	3615768	2577704	1127711272694371
217876	187312	30564	2181	5916916	4752860	1127711279064975
0	0	0	0	0	0	0
0	0	0	0	0	0	0
1175000	1157252	17748	1483	4823322	4313640	1127711305196037
1178404	1159842	18562	1306	4364134	3976596	1127711310987411
0	0	0	0	0	0	0
1180100	1159948	20152	2629	7279912	6623136	1127711324340989
692508	676060	16448	847	3289056	2574800	1127711328569333
240234	204968	35266	3437	8766072	7300034	1127711337822979
1308040	1160334	147706	2324	6276624	6140892	1127711345654745
1218728	1202222	16506	2335	6403164	6073234	1127711353523391
1174750	1156376	18374	4813	11484080	10985636	1127711366429207
1177330	1160010	17320	4546	10865300	10442524	1127711378709695
1180986	1163938	17048	3083	7587346	7519122	1127711387713271
1173028	1156542	16486	4348	10192166	10041136	1127711399313225
1175358	1158720	16638	1639	4779900	4626564	1127711405503515
659490	643196	16294	4708	11245122	10248338	1127711417643547
1331608	1161828	169780	3991	9670978	9486052	1127711428881587
805370	790002	15368	895	3344832	2768162	1127711433267287
1189092	1172864	16228	130	1903486	1622406	1127711436594979
624300	609042	15258	3547	8288008	7891824	1127711445742117
1185090	1170174	14916	2350	6602486	6057836	1127711453764877
643582	626198	17384	3611	8997824	8038972	1127711463641383
1185810	1168430	17380	3071	7817634	7514106	1127711472891543
0	0	0	0	0	0	0
1176792	1158954	17838	3537	8744356	8435710	1127711491916419
1221220	1159608	61612	1541	4866916	4489096	1127711498258777
1176560	1160174	16386	4851	11410898	11068518	1127711511094023
863696	846634	17062	3520	9064278	8088774	1127711521269079
4419436	4416648	2788	3752	9316986	12107684	1127711535254721
886048	867788	18260	1926	5809450	4922650	1127711542197253
585020	565470	19550	4751	11440770	10272274	1127711554470143
1182892	1163730	19162	2108	6160098	5585068	1127711562059977
774532	755756	18776	3409	8645666	7781634	1127711571731531
1176844	1157928	18916	1582	4764086	4525424	1127711577919775
1184070	1160226	23844	1307	4175640	3983914	1127711583530983
1195332	1164228	31104	3269	8207160	7918542	1127711593180185
0	0	0	0	0	0	0
467142	448660	18482	367	2772048	1385670	1127711602337871
828256	811824	16432	4526	10416092	10064514	1127711613828917
1181188	1163256	17932	1010	3768484	3385594	1127711619031837
705088	688608	16480	3218	8002324	7326574	1127711627985657
1184344	1167492	16852	4507	10700284	10382536	1127711640120805
376378	357584	18794	3592	8708574	7746688	1127711649452797
824450	801718	22732	4429	10532648	9866192	1127711661056783
598218	475056	123162	2363	6824944	5509032	1127711668726463
0	0	0	0	0	0	0
1213748	1159010	54738	765	3311852	2928838	1127711683841903
620624	597622	23002	3037	7975232	6880672	1127711692688697
1177402	1160698	16704	1186	4056168	3734422	1127711698169451
1029158	1011104	18054	2722	7093642	6658466	1127711706539151
1184040	1166816	17224	2586	7049468	6540932	1127711715019957
1175464	1157502	17962	2562	6764910	6483672	1127711723207301
856986	840548	16438	3618	9039286	8277440	1127711733352651
481196	464742	16454	410	2660438	1473022	1127711736728801
1183022	1162512	20510	4858	11085050	11084186	1127711749248677
781132	763068	18064	1582	4861930	4129434	1127711755138715
971984	953852	18132	3846	9646008	8847726	1127711766003513
220832	200258	20574	3808	9080870	8022252	1127711775556269
1072330	1055876	16454	616	3142070	2490284	1127711780017749
1184650	1167518	17132	730	3041672	2828982	1127711784494035
756000	740762	15238	4975	11726534	10878454	1127711797221167
684184	665672	18512	3171	8168484	7198478	1127711806309275
1193268	1175898	17370	3263	8476564	7892196	1127711816214425
3590874	3588564	2310	3658	9269968	11091394	1127711829321925
1301554	1284760	16794	2970	7830656	7427698	1127711838700507
1188090	1159402	28688	1899	5425726	5171140	1127711845560983
1175048	1156574	18474	4467	10696442	10294504	1127711857681869
1187050	1169248	17802	4256	9891502	9884180	1127711869007755
1184770	1167316	17454	1769	5061904	4908376	1127711875501469
0	0	0	0	0	0	0
1120016	1104294	15722	301	2600562	1894902	1127711891424453
508110	491438	16672	3424	8971896	7529962	1127711901140599
693362	676282	17080	2861	7560234	6600236	1127711909641787
576226	559666	16560	4112	9871326	8985472	1127711920336543
881260	863756	17504	4151	10070834	9368748	1127711931537525
1378912	1160360	218552	2256	6161552	6076388	1127711939325093
998010	980350	17660	4034	10159888	9239180	1127711950730021
1183320	1166766	16554	4903	11650080	11162584	1127711963801207
1197004	1181598	15406	1688	4843704	4746730	1127711970076827
540262	516968	23294	2109	5936818	4931826	1127711976792155
933220	915860	17360	1608	5149300	4335084	1127711983121085
0	0	0	0	0	0	0
0	0	0	0	0	0	0
873570	857018	16552	735	3211486	2527604	1127712002249297
0	0	0	0	0	0	0
1250458	1159830	90628	3071	7958424	7581106	1127712017596055
1177084	1160576	16508	4014	9831048	9390926	1127712028850583
1179906	1162600	17306	1443	4539542	4251380	1127712034817343
1302446	1286026	16420	1781	5458616	5049310	1127712041825855
838502	821168	17334	2561	7047060	6144490	1127712049961841
1183526	1164792	18734	2849	7648344	7071268	1127712059044777
1175460	1158242	17218	1244	4127322	3848930	1127712064594693
1203380	1184836	18544	2967	7797724	7323294	1127712073842549
570958	553006	17952	1604	4901356	3964264	1127712079566081
1176130	1158370	17760	39	1742072	1440346	1127712082731223
1186476	1168360	18116	1695	4488274	4764010	1127712088653527
1601920	1600058	1862	4374	10756368	10535026	1127712101258881
650726	634220	16506	3531	8849410	7898282	1127712111005617
1177368	1158624	18744	2513	6504560	6387534	1127712118934211
610844	594298	16546	2483	6837512	5762052	1127712126629601
188024	171284	16740	4695	11342150	9762636	1127712138406685
441400	423096	18304	2080	5794722	4787586	1127712144890037
940372	916744	23628	4985	11599348	11095174	1127712157676765
3962858	3960336	2522	4703	11371684	13541096	1127712173247293
716522	699952	16570	3532	8531764	7965530	1127712182742853
445738	344280	101458	2604	7011350	5839172	1127712190449997
696010	680022	15988	4218	10482884	9316538	1127712201876207
236522	201686	34836	596	2978936	1614046	1127712205344691
1180218	1162184	18034	4133	9630760	9631646	1127712216402291
1193600	1177574	16026	4664	11022198	10707252	1127712228865469
1207872	1157938	49934	3903	9868996	9186498	1127712240177763
0	0	0	0	0	0	0
663012	646302	16710	3540	8941524	7927894	1127712257052789
1177288	1160604	16684	4592	10780096	10547338	1127712269256977
257902	239738	18164	4918	11529672	10278428	1127712281291471
1199658	1177106	22552	1158	4277046	3700744	1127712287015195
1183250	1164532	18718	856	3395488	3080730	1127712291840739
1177916	1158836	19080	3235	8266190	7833946	1127712301535361
714366	697060	17306	553	2760882	2004344	1127712305257787
1181992	1158056	23936	3179	7550880	7742184	1127712314237333
1199346	1162394	36952	4849	11385298	11086580	1127712327068579
1178558	1160046	18512	4083	9813572	9531034	1127712338307711
1259152	1160160	98992	4279	10461950	10002298	1127712350276225
1136888	1117248	19640	3894	9315722	9109246	1127712360975749
1038334	1021726	16608	1731	5433596	4673776	1127712367683265
1197942	1178766	19176	2542	7091150	6466428	1127712376218803
1173606	1156818	16788	1197	4007260	3755188	1127712381646443
1021148	1003618	17530	4572	11127822	10349588	1127712394041865
534588	517812	16776	4725	11394108	10174046	1127712406221301
0	0	0	0	0	0	0
0	0	0	0	0	0	0
1185988	1166164	19824	2035	5730220	5440200	1127712427970491
0	0	0	0	0	0	0
1086098	1067924	18174	4439	10930046	10148348	1127712443882429
1177624	1159886	17738	4084	9994990	9530548	1127712455307871
1179106	1162254	16852	3836	9667608	9036674	1127712466401287
1182924	1163912	19012	1843	5566044	5053760	1127712473397029
1202930	1186356	16574	2724	7341874	6834714	1127712482189007
508500	491928	16572	2228	5854490	5137494	1127712488796505
3730792	3729048	1744	4334	10478184	12584682	1127712503254721
873496	855830	17666	220	2341244	1499652	1127712506719373
332806	316100	16706	2469	6156058	5459466	1127712513454615
1181298	1162186	19112	4381	10544078	10129026	1127712525427023
0	0	0	0	0	0	0
0	0	0	0	0	0	0
449902	431708	18194	2389	6680266	5412878	1127712548997467
441370	424984	16386	1254	4396866	3134200	1127712554082869
1191778	1173302	18476	1146	4009408	3668738	1127712559531215
1185456	1166106	19350	1524	5116952	4418782	1127712566080863
424788	407842	16946	2838	7445812	6287884	1127712574198127
0	0	0	0	0	0	0
1177890	1158274	19616	1387	4857252	4137438	1127712585289175
954250	928562	25688	1916	5469102	4971974	1127712591959451
1173164	1155964	17200	778	3415976	2918260	1127712596800345
817830	799884	17946	3625	9150322	8253548	1127712607014917
852010	834038	17972	1366	4637644	3768628	1127712612751071
1312868	1293756	19112	4116	10123372	9730140	1127712624433847
0	0	0	0	0	0	0
1171862	1155324	16538	2343	6289670	6042322	1127712642144707
847018	713856	133162	138	2034648	1311384	1127712645275841
1174928	1157674	17254	3398	8163850	8155216	1127712654861667
1192542	1175728	16814	577	2925444	2532366	1127712659227245
1196134	1173092	23042	4330	10228696	10041794	1127712670898757
1176908	1159978	16930	1997	5870422	5356076	1127712678193491
892334	875278	17056	751	3084960	2578966	1127712682416863
492750	475362	17388	304	2482444	1286420	1127712685639239
436672	418278	18394	1683	4739992	3987732	1127712691063093
608976	592666	16310	24	2000774	842234	1127712693919397
1173360	1156078	17282	4052	9258442	9463046	1127712704601711
537880	520322	17558	1074	3650940	2871648	1127712709038195
1110178	1092810	17368	192	2027274	1678912	1127712712422471
1207854	1161574	46280	1046	3456672	3484838	1127712717334119
411052	277370	133682	1820	5333796	4236314	1127712723325171
465468	450166	15302	1357	4529380	3352184	1127712728555497
7432310	7430502	1808	503	3018944	8611288	1127712739242357
715164	686904	28260	3001	7688982	6902072	1127712747893181
789870	773082	16788	4432	10565678	9839484	1127712759499789
259660	241328	18332	3206	8085812	6856068	1127712768091533
1249444	1159984	89460	901	3624862	3240134	1127712773213283
830922	813016	17906	4711	11389258	10438716	1127712785680653
1112230	1094384	17846	1660	5084300	4618490	1127712792123915
1174178	1157646	16532	689	3326412	2738018	1127712796871843
1289928	1272576	17352	3718	9170590	8911108	1127712807579521
1178024	1160812	17212	4450	10656536	10262270	1127712819663525
1004474	987818	16656	3635	8730756	8458660	1127712829645883
1192372	1173372	19000	1159	4168646	3697606	1127712835256637
522128	446874	75254	4807	11291176	10321434	1127712847317387
221500	191396	30104	4644	11050318	9695396	1127712858836693
712472	697488	14984	339	2490138	1563392	1127712862285529
971486	956122	15364	3398	8205096	7940888	1127712871698459
1120572	1104684	15888	1625	5030360	4541880	1127712878087469
1178432	1158524	19908	3388	8490038	8127774	1127712887991389
846180	829660	16520	2588	6844620	6207612	1127712895933111
1306854	1158952	147902	4440	10802714	10376160	1127712908293665
0	0	0	0	0	0	0
1178104	1160038	18066	1390	4510210	4143156	1127712922524797
1179192	1161564	17628	517	2522352	2398466	1127712926473855
585342	564302	21040	3612	8818256	7994458	1127712936123923
764026	748536	15490	3997	9784590	8946572	1127712946922409
421476	403968	17508	1515	4758414	3624302	1127712952337835
1181018	1164672	16346	4807	11309152	10967974	1127712965063269
355132	336682	18450	2226	6270208	4979732	1127712971923443
0	0	0	0	0	0	0
1173548	1157072	16476	1518	4764310	4394964	1127712986711765
0	0	0	0	0	0	0
1285548	1165966	119582	1246	4338794	3961984	1127713005255635
378914	362348	16566	3597	9032934	7758614	1127713014916919
0	0	0	0	0	0	0
1174630	1158328	16302	1898	5797544	5155606	1127713031322515
668222	646572	21650	3990	9452050	8832682	1127713041690019
0	0	0	0	0	0	0
1006526	989830	16696	2998	7745882	7188186	1127713056564189
1175984	1158704	17280	4025	9910984	9398490	1127713067895565
208186	180300	27886	903	3420932	2200618	1127713071775731
1246700	1161664	85036	4058	9968988	9547070	1127713083238191
1182884	1162280	20604	2849	7678308	7066448	1127713092346317
582452	565614	16838	2038	5629980	4847318	1127713098805809
1182282	1165490	16792	2576	6800710	6518140	1127713107035557
1179626	1163862	15764	1794	5339952	4939692	1127713113802727
1212530	1159032	53498	3309	8003234	8003530	1127713123253567
1270652	1171148	99504	1021	3879778	3485616	1127713128641669
1066022	1050152	15870	2521	6814340	6281354	1127713136756965
689308	674480	14828	256	2416556	1373740	1127713140098233
1176842	1160304	16538	1647	4462842	4654648	1127713145989849
1172840	1155770	17070	3051	8216364	7459342	1127713155629779
1184368	1161116	23252	82	2066670	1534184	1127713159127281
689202	670640	18562	3606	8546246	8086088	1127713168610011
0	0	0	0	0	0	0
586736	569962	16774	2797	7473522	6365518	1127713183327427
1175888	1158568	17320	2847	7479874	7055340	1127713192230525
1175938	1159372	16566	4533	11057202	10427812	1127713204710503
1174976	1156402	18574	2314	6399126	5987370	1127713212531467
1179458	1161346	18112	1416	4670850	4182582	1127713218627815
0	0	0	0	0	0	0
899090	883812	15278	1925	5472662	4922546	1127713238253287
1174224	1159508	14716	804	3241060	2958360	1127713242904373
1188840	1170628	18212	3314	8537836	7989214	1127713252864917
507376	490824	16552	3590	8675428	7859936	1127713262283505
0	0	0	0	0	0	0
0	0	0	0	0	0	0
1173768	1156566	17202	2107	5974384	5571926	1127713293983639
1174224	1157684	16540	466	2365866	2291310	1127713297778083
1179278	1160460	18818	165	2091578	1694122	1127713301295111
787132	769850	17282	3640	8703240	8268316	1127713311032929
811218	793704	17514	929	3463952	2853610	1127713315554905
1177202	1160422	16780	4618	11263166	10597356	1127713328242833
458092	440634	17458	3585	8965346	7813622	1127713337915631
784156	767082	17074	169	2316614	1311552	1127713341267661
902288	884176	18112	887	3174958	2861316	1127713345591761
357726	340544	17182	3960	9718892	8463194	1127713355915009
0	0	0	0	0	0	0
1171024	1155708	15316	256	1989482	1856578	1127713364812225
1298912	1163880	135032	2861	7041240	7207766	1127713373388037
1172882	1156572	16310	1736	5413680	4818406	1127713380209979
1215044	1199660	15384	747	3285242	2882538	1127713384948095
1187450	1157020	30430	4831	11336530	11021196	1127713397706407
1180818	1164434	16384	3066	7767452	7485410	1127713406889827
1189662	1171512	18150	3173	8213616	7719572	1127713416540617
1177910	1159814	18096	840	3349176	3044286	1127713421314811
1172900	1156616	16284	3440	8786806	8237824	1127713431521721
8653748	8651938	1810	639	2840858	10116720	1127713443262545
223756	205226	18530	4969	11796166	10347408	1127713455532381
1196968	1174898	22070	2874	7225374	7129454	1127713464201549
1187418	1167504	19914	2794	7021830	6959868	1127713472657907
0	0	0	0	0	0	0
332884	317088	15796	3675	8943230	7868392	1127713488343253
1191480	1173712	17768	2683	6850312	6745248	1127713496631825
591044	574586	16458	2129	5641160	5033236	1127713503113315
1179474	1160340	19134	1178	3856016	3720164	1127713508395685
1184202	1163310	20892	4357	10325810	10084080	1127713520152335
585606	569644	15962	2768	7374164	6310876	1127713528361573
724288	709516	14772	1728	5210742	4352936	1127713534534205
1177200	1160734	16466	1345	4385896	4041062	1127713540333197
1040102	1023006	17096	2397	6523356	6018738	1127713548144031
399104	380896	18208	4420	10646674	9428322	1127713559438965
676004	657368	18636	4668	10949408	10196772	1127713571311757
1186574	1159864	26710	2509	6723882	6388694	1127713579468279
762438	743010	19428	2084	5975814	5116014	1127713586456083
1173312	1156644	16668	1008	3448710	3377100	1127713591326917
1138906	1119598	19308	989	3517502	3301650	1127713596230451
1175540	1157770	17770	2209	6372116	5778048	1127713604025045
1025428	1004838	20590	2132	5825070	5474756	1127713611126875
0	0	0	0	0	0	0
430764	412154	18610	1889	5148020	4393562	1127713620606137
1111574	1094346	17228	480	2980408	2257344	1127713624944919
0	0	0	0	0	0	0
471176	453678	17498	3609	9116952	7873400	1127713641716357
1175830	1157678	18152	3931	9833932	9223396	1127713652972981
931816	912222	19594	997	3772336	3110830	1127713657926881
1173994	1157462	16532	83	1938032	1525646	1127713661293071
0	0	0	0	0	0	0
1173590	1158062	15528	897	3370998	3140974	1127713672420451
0	0	0	0	0	0	0
1054074	1038758	15316	4614	11028474	10454668	1127713694192775
739772	723836	15936	4075	9816956	9064660	1127713704984409
0	0	0	0	0	0	0
1149386	1130426	18960	3810	9456562	8953580	1127713722103969
864058	844532	19526	4699	11163468	10449804	1127713734378561
986302	969368	16934	2703	7344224	6576666	1127713742956739
1179268	1161616	17652	571	3136196	2506074	1127713747519701
1040244	1022866	17378	2121	5890390	5467402	1127713754696615
871066	852864	18202	204	2368958	1464278	1127713758183391
201852	178948	22904	653	2674024	1693030	1127713761306167
0	0	0	0	0	0	0
1178686	1160100	18586	1951	5882844	5265390	1127713781792845
1179484	1160244	19240	1533	4713856	4430262	1127713787933597
627042	609734	17308	875	3453456	2563036	1127713792265077
489700	472654	17046	1820	5587586	4315226	1127713798589705
895930	878462	17468	1624	5049256	4327570	1127713804781907
1172640	1156168	16472	4226	10295540	9809200	1127713816496397
373044	355956	17088	2530	6460142	5608840	1127713823566749
0	0	0	0	0	0	0
0	0	0	0	0	0	0
319400	302362	17038	4637	10928536	9765546	1127713844230939
1174592	1159290	15302	3099	7778908	7544940	1127713853420077
1293092	1160616	132476	3072	7626570	7609576	1127713862574637
1172978	1156178	16800	4460	10764810	10278388	1127713874762429
1177934	1161482	16452	2320	6280890	6003232	1127713882467319
1179042	1160402	18640	3691	9031752	8744982	1127713892924347
839152	822642	16510	3515	8626480	8054002	1127713902636375
1080216	1063272	16944	1689	5187474	4642818	1127713909153389
0	0	0	0	0	0	0
1181362	1162160	19202	3330	8325018	8025492	1127713930272385
565990	549528	16462	3527	8741104	7807966	1127713939826919
1176548	1159590	16958	4512	10701464	10386090	1127713951955409
854208	837536	16672	4272	10199788	9583374	1127713963260845
1177758	1160450	17308	2431	6489486	6212420	1127713971164371
1182598	1167972	14626	1271	4500962	3897672	1127713977083131
1173372	1157886	15486	270	2461714	1886956	1127713980953873
1206714	1189672	17042	1835	4969802	5070134	1127713987365283
1174858	1156650	18208	2272	6379850	5904504	1127713995167385
927504	909084	18420	1381	4666826	3874948	1127714001007989
1169432	1149056	20376	2583	6966980	6519478	1127714009393857
0	0	0	0	0	0	0
1109808	1091680	18128	4268	10357046	9831172	1127714032878057
1179782	1160972	18810	2526	6701866	6416688	1127714041005953
0	0	0	0	0	0	0
753560	737094	16466	1343	4368038	3625384	1127714058019585
1176176	1160836	15340	2034	5686504	5429392	1127714065132061
1241106	1224320	16786	894	3702148	3201272	1127714070310935
524776	503696	21080	3835	9347608	8371600	1127714080418667
1187302	1169518	17784	1528	4956110	4427578	1127714086809137
0	0	0	0	0	0	0
1177150	1160318	16832	2292	6419248	5946582	1127714104792863
1055808	1037860	17948	421	2575248	2081688	1127714108673457
1186684	1170138	16546	1282	4504588	3935692	1127714114612291
1177706	1159832	17874	1609	5083898	4580126	1127714121123277
573046	554874	18172	4497	10551668	9751846	1127714132494531
0	0	0	0	0	0	0
585120	568694	16426	1225	4094978	3220072	1127714143686489
978586	962194	16392	3580	8712834	8323196	1127714153623903
285460	268002	17458	371	2734180	1211462	1127714156890763
0	0	0	0	0	0	0
1172314	1157146	15168	2381	6664064	6106716	1127714171265391
528290	512468	15822	2057	5826238	4816156	1127714177855315
479648	462158	17490	3524	8649456	7699204	1127714187222605
985386	969354	16032	2149	5972702	5455754	1127714194416263
1506990	1479028	27962	4944	11904804	11567314	1127714208063771
1178540	1161070	17470	3449	8431354	8261618	1127714217909353
7996672	7994644	2028	4539	10689506	17260106	1127714236847389
1121260	1104960	16300	192	2137574	1690264	1127714240355917
1175358	1158090	17268	2481	6328104	6321394	1127714248105943
1174716	1158064	16652	4389	10473330	10138220	1127714260001205
1201282	1184082	17200	2949	7515904	7284430	1127714268969723
1175498	1158832	16666	3720	9322956	8800022	1127714279717763
0	0	0	0	0	0	0
1214798	1159326	55472	701	3142248	2789030	1127714297106883
0	0	0	0	0	0	0
1178994	1161156	17838	2731	7284054	6827036	1127714318493053
1136290	1117448	18842	3654	9060838	8629578	1127714328940275
1172844	1155664	17180	3423	8497282	8204838	1127714338856747
1073596	1058784	14812	3618	9146212	8494748	1127714349323281
0	0	0	0	0	0	0
0	0	0	0	0	0	0
765462	748438	17024	523	2764804	1996938	1127714365835179
878668	862050	16618	45	2144596	1156812	1127714369118333
805398	786718	18680	445	2254312	1880254	1127714372425063
489980	472718	17262	445	2517562	1565062	1127714375679585
1182926	1165420	17506	4271	9910482	9910552	1127714387020455
0	0	0	0	0	0	0
983948	958912	25036	4659	11111678	10487576	1127714411247313
1175988	1157624	18364	598	3015930	2557964	1127714415687281
1048910	1031338	17572	2719	7292430	6671814	1127714424276171
0	0	0	0	0	0	0
0	0	0	0	0	0	0
1173454	1155990	17464	1682	5013526	4721668	1127714446294539
0	0	0	0	0	0	0
1200996	1181800	19196	128	2129338	1642226	1127714455894017
1173390	1156778	16612	4569	10623572	10509778	1127714467942315
1176586	1160220	16366	126	2033898	1614498	1127714471403463
1186984	1169940	17044	87	1473606	1546634	1127714474311861
449290	432372	16918	3824	9259410	8285830	1127714484268095
1174444	1157496	16948	3739	9041018	8839964	1127714494731149
1175318	1156676	18642	3153	7872044	7667116	1127714504025953
1172684	1156304	16380	318	2449320	1996228	1127714507899297
1280282	1158708	121574	2058	5275584	5597512	1127714514706863
687774	577560	110214	3238	8226640	7348368	1127714523870261
818514	801014	17500	312	2266968	1626932	1127714527206963
845712	828720	16992	3157	7676382	7344568	1127714535976137
1174626	1156706	17920	3223	8510400	7806562	1127714545912939
1174076	1156182	17894	243	2396258	1847908	1127714549734361
1184164	1161110	23054	467	3196820	2303354	1127714554362427
498932	473030	25902	4652	11057260	9987042	1127714566165091
181468	163150	18318	4695	11031514	9759794	1127714577625543
418438	399902	18536	762	3027946	2126736	1127714581318497
0	0	0	0	0	0	0
1177892	1160838	17054	400	2615068	2163656	1127714590671897
1210884	1160382	50502	3189	8244816	7774772	1127714600374811
1054926	962720	92206	4682	11123352	10603594	1127714612800631
0	0	0	0	0	0	0
1175078	1158550	16528	895	3797128	3150770	1127714624746783
0	0	0	0	0	0	0
1189928	1171460	18468	3966	9928204	9307898	1127714639943525
1198506	1180066	18440	714	3338078	2813894	1127714644732081
1174102	1156498	17604	2764	7198332	6887538	1127714653351603
1179896	1162636	17260	1471	4842988	4307768	1127714659621369
1176834	1158096	18738	1798	5286564	4958498	1127714666332231
1171508	1156262	15246	3201	7925734	7761458	1127714675676725
1222080	1162252	59828	1900	5491280	5195350	1127714682625365
1178972	1160230	18742	4672	11118506	10707866	1127714695170171
0	0	0	0	0	0	0
467964	450940	17024	3198	7847550	7069534	1127714707037081
1317378	1163446	153932	588	2946592	2679386	1127714711550443
407220	389068	18152	2721	7202240	6034520	1127714719406213
1173338	1156358	16980	1103	4036808	3564882	1127714724866323
0	0	0	0	0	0	0
0	0	0	0	0	0	0
0	0	0	0	0	0	0
0	0	0	0	0	0	0
1174858	1158138	16720	1263	4310872	3885840	1127714759977575
1177504	1159524	17980	2561	6965776	6487040	1127714768406137
1175172	1158054	17118	1519	4863824	4398346	1127714774691731
335822	318362	17460	1868	5703794	4258030	1127714780978341
1256674	1238718	17956	3472	8732672	8385136	1127714791217125
0	0	0	0	0	0	0
0	0	0	0	0	0	0
1313326	1159898	153428	951	3735148	3399490	1127714820787571
1182350	1164138	18212	1851	5697562	5068456	1127714827914407
1186202	1170466	15736	1590	5059046	4537988	1127714834398215
411294	395970	15324	589	2882258	1762866	1127714837927277
1004798	985100	19698	195	1773944	1595750	1127714840961041
1178158	1158910	19248	2721	6602036	6805358	1127714848988183
473182	456624	16558	2067	5549298	4791774	1127714855275139
1346238	1329322	16916	2388	6496066	6306802	1127714863364139
974040	956716	17324	4887	11611776	10932752	1127714876197821
1371438	1159560	211878	4998	11868658	11551790	1127714889685035
501364	486762	14602	1048	3993664	2769476	1127714894414905
245476	213024	32452	388	2509140	1193302	1127714897404983
1191528	1174900	16628	4060	9471678	9484298	1127714908302987
1176090	1158834	17256	918	3261700	3185250	1127714912975521
406982	391050	15932	3950	9608618	8479788	1127714923226321
370854	353812	17042	3299	8317232	7140922	1127714932152135
1306714	1291380	15334	2518	6873884	6515152	1127714940567907
389764	374498	15266	1972	5680742	4506666	1127714946872915
185544	170230	15314	2965	7827632	6288090	1127714955120643
1177798	1160760	17038	4362	10614826	10073818	1127714967148795
239836	220408	19428	4345	10363324	9101534	1127714977986755
509272	492714	16558	252	2464838	1188748	1127714981200151
1174048	1158892	15156	2260	5874282	5867366	1127714988484865
1171128	1156316	14812	3056	7911840	7456096	1127714997805905
1181064	1165480	15584	1249	3953700	3851322	1127715003175761
0	0	0	0	0	0	0
445482	348186	97296	578	2763092	1773528	1127715016170099
1175880	1156296	19584	3726	8647548	8801152	1127715026228445
1172632	1157786	14846	432	2569578	2212376	1127715030205127
719114	703898	15216	1476	4904156	3844864	1127715036063591
617270	601304	15966	1578	5200478	3993256	1127715042115705
1180526	1163774	16752	2249	6033250	5850690	1127715049564899
1048572	1032198	16374	4532	11017746	10284844	1127715061866869
982484	966960	15524	38	1992804	1230656	1127715065080745
1177188	1161006	16182	701	2754456	2752208	1127715069247381
8439728	8437986	1742	2883	7303260	14378544	1127715085225863
1176310	1159376	16934	3978	9925888	9317584	1127715096574441
0	0	0	0	0	0	0
745240	727346	17894	3730	9319814	8390956	1127715116571197
0	0	0	0	0	0	0
1174498	1159202	15296	1181	4194394	3722190	1127715133940215
720608	702416	18192	2714	6985628	6321886	1127715141886405
539538	523100	16438	1225	4336326	3173292	1127715147013269
0	0	0	0	0	0	0
1180568	1159768	20800	4001	9700358	9366826	1127715166498165
1179786	1161868	17918	1268	4054960	3900020	1127715171979365
1178640	1159906	18734	1116	3978724	3595780	1127715177390169
0	0	0	0	0	0	0
582140	567094	15046	493	2846560	1740020	1127715192369417
775670	760582	15088	556	2290600	2060524	1127715195670907
1174724	1158022	16702	4864	11332538	11075670	1127715208413881
0	0	0	0	0	0	0
667380	650428	16952	3694	9350270	8228162	1127715228482397
1181766	1164292	17474	3797	9217292	8948314	1127715239116683
1182768	1164722	18046	360	2076566	2075070	1127715242611645
1101750	1086082	15668	3414	8821900	8103338	1127715252770587
1178146	1158136	20010	2952	7700708	7256240	1127715261887029
0	0	0	0	0	0	0
1176858	1160036	16822	998	3951140	3357840	1127715280221591
1175910	1156810	19100	2081	5713774	5523526	1127715287358571
0	0	0	0	0	0	0
301652	282312	19340	741	2667110	1969788	1127715294052269
1292068	1159462	132606	2532	6797112	6540890	1127715302388623
1180066	1162132	17934	1722	5130948	4810296	1127715308946565
0	0	0	0	0	0	0
1176882	1158446	18436	1754	4751606	4870288	1127715318489331
1143260	1116458	26802	2074	5858684	5476800	1127715325737617
641600	618336	23264	2597	7005650	6021328	1127715333633931
384560	366918	17642	2080	5867006	4728658	1127715340132849
763276	746380	16896	1836	5062534	4620570	1127715346205495
841776	824078	17698	130	2115922	1287486	1127715349409973
1176754	1159578	17176	2069	5502326	5500402	1127715356336899
359026	342818	16208	2678	7020434	5900248	1127715363962981
585148	569472	15676	4911	11332540	10579922	1127715376119045
1174610	1158566	16044	1080	3975350	3509738	1127715381506463
1172916	1158154	14762	967	3370180	3280692	1127715386284693
267264	252040	15224	2463	6502046	5369510	1127715393288991
1176140	1160356	15784	1022	4002956	3393092	1127715398703841
1245112	1170178	74934	3603	9225530	8624074	1127715409408829
1175270	1158506	16764	1355	4715554	4070798	1127715415546987
972944	956462	16482	3710	8973626	8578752	1127715425740549
383834	365262	18572	4999	12095354	10571318	1127715438467351
1315936	1165738	150198	3502	8793026	8505458	1127715448825367
735986	718774	17212	163	2103442	1235626	1127715451903283
1175116	1156912	18204	2809	7077160	6978504	1127715460406469
1177034	1158206	18828	1627	4740164	4619880	1127715466570371
1244718	1163610	81108	2610	6843816	6649310	1127715474905979
656302	639394	16908	3908	9802558	8658346	1127715485611469
959880	943540	16340	288	2206872	1720380	1127715489025025
1289562	1272002	17560	3458	8287422	8390586	1127715498848627
568726	541328	27398	299	2291636	1351442	1127715501955737
1174078	1158262	15816	986	3336036	3331128	1127715506716973
891744	876500	15244	2761	7275120	6586390	1127715515118561
1173552	1156396	17156	3415	8858598	8177744	1127715525386271
711988	695542	16446	1169	4101320	3224166	1127715530822683
1172718	1157500	15218	2529	6646700	6403588	1127715538877401
1343102	1164062	179040	2766	7227646	7047696	1127715547683667
1199582	1168562	31020	3818	9613206	9008870	1127715558732059
0	0	0	0	0	0	0
327200	310520	16680	2372	6435320	5244450	1127715572335567
1174148	1158292	15856	1229	4177740	3805584	1127715577922513
1175818	1158452	17366	4289	10088968	9925862	1127715589426187
647860	629376	18484	3973	9868670	8778922	1127715600190161
1148784	1129834	18950	3125	8157464	7583722	1127715609743005
782210	763462	18748	1993	5476968	4952700	1127715616248381
602292	565180	37112	1045	4077186	2877224	1127715621174417
1171328	1156230	15098	4853	11658504	11062716	1127715634251225
1175512	1159470	16042	533	2637468	2416576	1127715638299409
1127234	1110566	16668	615	2915278	2529476	1127715642577095
0	0	0	0	0	0	0
0	0	0	0	0	0	0
1185988	1168648	17340	3939	9710962	9249248	1127715664781793
1310830	1293540	17290	2399	6458974	6292816	1127715672798561
1178494	1159840	18654	503	2770694	2368578	1127715676996207
1186710	1170302	16408	766	3210074	2903396	1127715681640371
1313224	1167944	145280	256	2428204	2010116	1127715685628869
1178944	1157322	21622	2662	7341778	6687746	1127715694396503
636094	620480	15614	4682	11227850	10185800	1127715706507457
1054038	1037726	16312	2947	7677722	7119744	1127715715477315
1008754	989390	19364	3937	9652254	9055218	1127715726376095
616306	599368	16938	1218	4233866	3237550	1127715731475615
662460	646096	16364	367	2416946	1581070	1127715734801709
850766	833132	17634	4643	10654150	10322184	1127715746553935
8351776	8349712	2064	3985	9884488	16507572	1127715765036867
0	0	0	0	0	0	0
882002	864056	17946	948	3815618	2962084	1127715776686967
1183084	1166310	16774	1741	5320218	4849756	1127715783437973
1174250	1156602	17648	3084	7809990	7526334	1127715792669083
1175668	1158910	16758	1612	5166344	4585048	1127715799258493
1181462	1161728	19734	82	1805766	1531082	1127715802492231
1126900	1109584	17316	541	2519154	2395896	1127715806385617
1176292	1157796	18496	1064	3687950	3493620	1127715811496977
1175858	1158472	17386	1438	4674790	4235808	1127715817596505
554924	537676	17248	4076	9953382	8892164	1127715828353489
1104994	1087910	17084	224	2139930	1738682	1127715831845537
432432	414392	18040	447	2078078	1511454	1127715834606949
1177018	1160674	16344	757	3518200	2877572	1127715839549503
1178124	1161024	17100	4618	11321738	10599656	1127715852296497
1077882	1060836	17046	436	2391064	2139524	1127715856012233
1244132	1228872	15260	3427	8943950	8283128	1127715866452247
1186646	1170178	16468	270	2430202	1898810	1127715870304751
1180364	1163650	16714	3861	9845426	9075720	1127715881620409
1181340	1165024	16316	2504	6948642	6362668	1127715889985321
1159548	1138996	20552	748	3377572	2831236	1127715894761473
0	0	0	0	0	0	0
732178	716134	16044	2357	6324704	5619586	1127715907138023
738428	721774	16654	43	1724756	998212	1127715909836215
575198	558348	16850	4633	10618570	10014952	1127715921269049
1193500	1158702	34798	2468	6908298	6315738	1127715929617257
1180022	1159890	20132	1151	4207474	3666802	1127715935251775
683604	667030	16574	3447	8589180	7761532	1127715944771255
1393476	1185868	207608	3099	7939778	7777028	1127715954351057
849614	833254	16360	1272	4304758	3577858	1127715959753175
1170460	1149392	21068	4199	10077550	9754330	1127715971247945
941738	922910	18828	1753	5260258	4633246	1127715977699163
1178752	1161066	17686	3094	7992786	7551372	1127715987118117
515808	499284	16524	2978	7504650	6657444	1127715995385087
909702	893020	16682	4698	11364994	10491418	1127716007906899
732128	714968	17160	3538	8909166	7992604	1127716017799245
263674	245578	18096	1790	5409926	4029920	1127716023722723
1043648	1025256	18392	184	2091592	1596020	1127716027104673
1176802	1158874	17928	2449	6259322	6246886	1127716034785687
1173630	1158126	15504	4167	10029752	9680218	1127716046224395
1170998	1156338	14660	2790	7327712	6928146	1127716054957695
1176290	1159504	16786	8	1444030	1364522	1127716057814815
1284678	1160482	124196	345	1889100	2165412	1127716061227471
1178010	1158744	19266	2434	6498220	6231490	1127716069150723
671990	655622	16368	1518	4458694	3893272	1127716074528663
591982	575236	16746	3876	9605390	8528324	1127716084972593
195900	178876	17024	475	2603018	1330984	1127716088018457
0	0	0	0	0	0	0
1130974	1112930	18044	3792	9197300	8899780	1127716102669435
1182298	1165194	17104	2114	6047632	5596258	1127716110146723
267692	248776	18916	2550	6819406	5555968	1127716117480037
1175620	1158374	17246	138	2032644	1636892	1127716120937945
1186504	1170128	16376	4150	9677554	9672028	1127716132048729
1176364	1158414	17950	2659	6982122	6680092	1127716140454557
1174894	1158330	16564	1973	5911950	5304978	1127716147789007
1183588	1165722	17866	3768	9227870	8905922	1127716158451507
1198296	1181600	16696	4173	10000886	9716534	1127716169886117
1178192	1163144	15048	2066	5884454	5482938	1127716177187969
1228406	1160726	67680	157	1854002	1715210	1127716180506163
1183166	1159366	23800	3739	8834252	8854280	1127716190758951
760348	743244	17104	2993	7626604	6931724	1127716199392061
1177522	1160308	17214	728	3058088	2818230	1127716203875227
1174196	1157764	16432	183	2043880	1725246	1127716207343869
504092	487544	16548	4562	10453084	9830568	1127716218547689
1025966	1006150	19816	1618	5047248	4445718	1127716224867483
1174156	1158818	15338	970	3585126	3298908	1127716229873533
1183718	1165848	17870	4618	11238518	10595564	1127716242534997
908934	893926	15008	358	2140336	1799990	1127716245822187
682804	666424	16380	1157	3681152	3183556	1127716250424015
1219162	1158544	60618	3241	8272526	7873724	1127716260150293
1127694	1111622	16072	4692	10869608	10684026	1127716272382743
263332	248084	15248	411	2739454	1257796	1127716275620353
906364	889980	16384	546	2268096	2183916	1127716279047481
1178150	1160522	17628	3644	9124184	8650864	1127716289597173
597808	581172	16636	4623	10808900	10028578	1127716301250725
0	0	0	0	0	0	0
1129650	1112942	16708	3730	9211002	8773592	1127716319362443
0	0	0	0	0	0	0
1177132	1161948	15184	3548	8706370	8457532	1127716339977677
462152	444930	17222	901	3381024	2437584	1127716344060637
1019996	1004618	15378	193	1963990	1578888	1127716347280467
0	0	0	0	0	0	0
0	0	0	0	0	0	0
0	0	0	0	0	0	0
974492	958918	15574	895	3736540	2937788	1127716373718781
1183032	1166062	16970	4204	10330308	9764664	1127716385467321
1182350	1163030	19320	1193	4258602	3754556	1127716391158609
1172874	1156282	16592	1157	4282286	3671576	1127716396861083
186024	166474	19550	1775	5197700	3920618	1127716402492219
1178662	1161130	17532	3359	8594492	8082242	1127716412512775
690482	673020	17462	2438	6572226	5751414	1127716420022519
0	0	0	0	0	0	0
0	0	0	0	0	0	0
1180826	1161686	19140	1772	5165798	4909322	1127716442644683
1177420	1160824	16596	834	3266610	3030342	1127716447335253
0	0	0	0	0	0	0
968662	950742	17920	3018	7638176	7189538	1127716463898379
1174610	1156350	18260	1080	3934854	3518800	1127716469262295
1178934	1159892	19042	326	2495050	2016502	1127716473186571
1174508	1156680	17828	2323	6742038	6006060	1127716481349965
324342	307890	16452	168	2141684	832910	1127716484053787
1184444	1160614	23830	2089	5527622	5533974	1127716491001831
1204886	1160088	44798	2884	7410130	7145866	1127716499852335
191034	174460	16574	2153	6219286	4682282	1127716506514403
1178770	1161660	17110	2873	7533216	7109630	1127716515476073
953598	936266	17332	4577	11008524	10293200	1127716527684815
1184268	1164850	19418	2046	5957322	5461946	1127716535075415
1238254	1160214	78040	3282	8480968	7987248	1127716545041343
1175808	1158780	17028	2183	6212982	5727004	1127716552676845
766496	750128	16368	1024	4103032	3000056	1127716557793493
953906	928086	25820	3381	8224580	7900602	1127716567222819
1191310	1162882	28428	2619	7189672	6615050	1127716575850175
1177518	1161072	16446	2207	5994884	5775526	1127716583274303
4209920	4208096	1824	2764	7494120	9922368	1127716595224649
928208	859382	68826	1235	4261682	3570436	1127716600664883
1185016	1164966	20050	4500	10796462	10369884	1127716612895591
851468	834396	17072	2002	5956198	5041462	1127716619949971
261416	240454	20962	758	3420748	1966958	1127716623883901
1212406	1175932	36474	1917	5889986	5235118	1127716631236827
306834	281516	25318	4866	11344416	10224600	1127716643135137
921434	904078	17356	1565	5144152	4235936	1127716649447617
1175552	1158856	16696	2710	7297580	6768836	1127716658155789
1172922	1155770	17152	3802	9474512	8960758	1127716669051067
567612	550362	17250	3889	9138080	8530804	1127716679005743
909794	874918	34876	1803	5407474	4701152	1127716685571819
571866	555002	16864	3098	8003952	6952782	1127716694393823
664020	646284	17736	377	2427056	1604046	1127716697731937
1174776	1158204	16572	2894	7269074	7147988	1127716706422533
0	0	0	0	0	0	0
773184	757962	15222	697	3018712	2338984	1127716717182827
850994	832922	18072	2187	6139868	5397648	1127716724408721
1177178	1160348	16830	3418	8836070	8198838	1127716734668839
0	0	0	0	0	0	0
1175250	1158466	16784	4588	10957022	10536446	1127716752236769
1182460	1163918	18542	1679	4950258	4728748	1127716758615925
1181270	1159962	21308	3070	7934282	7506062	1127716767980679
866930	850390	16540	785	3467052	2612208	1127716772566143
589108	573932	15176	2971	7718420	6703308	1127716781108285
1179258	1160898	18360	1889	5715640	5130306	1127716788238395
1179130	1161572	17558	3379	8589168	8109446	1127716798242175
1113938	1097168	16770	1766	5303474	4819158	1127716804897015
733762	717480	16282	3274	8330466	7466980	1127716814210821
603196	583158	20038	1153	3832004	3094082	1127716818894193
1096112	1079236	16876	1844	5437312	4968332	1127716825675069
0	0	0	0	0	0	0
1187798	1170102	17696	2491	6948872	6353978	1127716845350603
675168	658504	16664	2528	6774542	5916518	1127716853047903
1207150	1170284	36866	2361	6535592	6102600	1127716861035837
1256714	1169110	87604	3613	8911838	8668612	1127716871451333
1180058	1160704	19354	4592	10709946	10549310	1127716883588565
901966	880954	21012	3249	8192790	7585060	1127716892930403
1181018	1162912	18106	4848	11594604	11061852	1127716905953361
1147084	1130830	16254	965	3855582	3266056	1127716911207401
1046482	1029780	16702	2984	7698256	7200264	1127716920198721
1174494	1157252	17242	3223	7928112	7806524	1127716929550673
0	0	0	0	0	0	0
1179066	1162502	16564	2681	7327728	6726020	1127716951109047
1199352	1162068	37284	1560	5058176	4503828	1127716957613305
794554	775822	18732	3364	8323526	7706654	1127716966978431
1173368	1155976	17392	3365	8633692	8088968	1127716977035161
0	0	0	0	0	0	0
1186120	1163488	22632	1309	4193246	3990006	1127716991755819
488670	473336	15334	3605	8969080	7883782	1127717001460157
0	0	0	0	0	0	0
955376	930732	24644	4757	10746998	10644742	1127717016608741
938024	922818	15206	142	2230144	1393670	1127717020011361
282804	266484	16320	2001	5377762	4468810	1127717025928227
1186150	1167014	19136	3810	9369562	8991006	1127717036737503
0	0	0	0	0	0	0
548204	411190	137014	3852	9605324	8437906	1127717052255437
1182518	1158448	24070	56	1868728	1478660	1127717055553715
1179688	1161784	17904	4159	9530464	9683542	1127717066510833
503608	486516	17092	3229	8416982	7146308	1127717075678657
583880	567134	16746	375	2627142	1518662	1127717079136901
1175450	1156706	18744	1427	4010178	4213982	1127717084568435
1176312	1157780	18532	3318	8240158	7997810	1127717094231225
1176280	1158140	18140	88	1712772	1537686	1127717097367145
1231002	1213334	17668	3309	7886696	8034764	1127717106731819
1175380	1158886	16494	4516	10827446	10392270	1127717118984111
0	0	0	0	0	0	0
1177844	1160736	17108	1821	5466954	5005556	1127717137430437
1177416	1160908	16508	52	1769520	1465772	1127717140623957
1177188	1160166	17022	4542	10455882	10446242	1127717152503639
1181466	1162334	19132	291	2455926	1947874	1127717156389903
1312940	1165368	147572	3259	7746190	8028600	1127717165695321
1178070	1159458	18612	4029	9822082	9421342	1127717176942343
1175578	1158790	16788	4554	10730988	10467900	1127717189095745
618076	601374	16702	2045	5889086	4893884	1127717195850181
244096	223830	20266	2378	6481990	5184514	1127717202826179
806958	790362	16596	3803	9316722	8597108	1127717213196943
1220242	1163040	57202	2660	7083746	6725598	1127717221750081
318354	302650	15704	4020	9930776	8531956	1127717232234083
1175486	1157176	18310	3310	8290332	7970682	1127717241935137
1186732	1169402	17330	3669	9251634	8703444	1127717252612333
632400	615732	16668	3489	8559404	7783536	1127717262040025
1184814	1166544	18270	640	3244488	2649314	1127717266716423
306660	289436	17224	1712	5183452	3915186	1127717272452203
516266	498682	17584	2758	7277150	6217834	1127717280495739
1141964	1115882	26082	1168	4304930	3662532	1127717286189389
335970	318810	17160	780	3573362	2081768	1127717290345365
1188814	1159890	28924	278	2538730	1929778	1127717294320187
0	0	0	0	0	0	0
611356	595210	16146	2826	7425680	6435168	1127717315444457
1201436	1163354	38082	2268	6161490	5909992	1127717323042485
1209204	1160014	49190	3785	9461310	8951658	1127717333948163
1222204	1206820	15384	4697	11236614	10791228	1127717346645043
484446	381030	103416	2197	6072066	5050458	1127717353437267
1174380	1158614	15766	4071	9572398	9489998	1127717364419095
977060	961924	15136	3753	9156386	8655432	1127717374787697
1177370	1158498	18872	1188	4012244	3726856	1127717380212095
0	0	0	0	0	0	0
709768	692808	16960	698	3123542	2290554	1127717391560405
0	0	0	0	0	0	0
843010	823172	19838	4056	9699324	9140610	1127717409967515
1176368	1157832	18536	2425	6753664	6214896	1127717418148813
692962	650022	42940	2190	6292310	5257864	1127717425381345
480092	461732	18360	308	2336004	1281502	1127717428444433
253760	236382	17378	2187	5520850	4813744	1127717434466037
1184094	1165210	18884	1406	4466976	4180708	1127717440364357
1179740	1161266	18474	1209	3918742	3786818	1127717445709993
1179768	1161918	17850	2610	6723924	6584638	1127717453859921
1176642	1159828	16814	201	2127616	1763078	1127717457414795
518834	501034	17800	1784	4894206	4272020	1127717463074909
1002392	978860	23532	2659	7328380	6504884	1127717471652277
1185706	1162778	22928	2130	5954118	5618550	1127717479027559
1176694	1160904	15790	1284	4288940	3917786	1127717484728515
0	0	0	0	0	0	0
1144160	1117542	26618	4695	11394090	10707746	1127717505635799
676006	659434	16572	4905	11558912	10659420	1127717518105643
1174484	1156320	18164	2076	5865136	5515624	1127717525392107
1183186	1165126	18060	2692	6898576	6752472	1127717534118751
0	0	0	0	0	0	0
9075910	9074170	1740	3979	9868352	17218774	1127717563319319
358322	337344	20978	4091	9880320	8726126	1127717573805567
313308	281632	31676	551	2826194	1600224	1127717577196505
1176724	1159260	17464	1069	3504836	3500378	1127717582125881
1175528	1158368	17160	3150	8076288	7664812	1127717591624617
1184474	1164408	20066	3413	8476248	8194740	1127717601533525
1190806	1172726	18080	1759	5554750	4894742	1127717608525771
233748	215120	18628	1770	5166176	3959282	1127717614172679
547192	532488	14704	4588	10893868	9900020	1127717625857921
311052	285288	25764	1953	5496490	4390198	1127717631905725
1191626	1174076	17550	4215	10103126	9795386	1127717643440223
1176242	1158776	17466	4713	10805384	10774852	1127717655656887
1179694	1161002	18692	2835	7420374	7035734	1127717664506243
840050	821500	18550	308	2457708	1640180	1127717668050591
1221524	1204788	16736	4377	10116898	10159984	1127717679635961
1296668	1159610	137058	2844	7369156	7170286	1127717688549063
475626	458384	17242	137	1683672	938700	1127717690957979
439268	420510	18758	1670	4707230	3963568	1127717696351571
1231734	1162912	68822	4240	10421708	9897430	1127717708251967
1183434	1166326	17108	4037	10054388	9441732	1127717719737559
1182402	1159076	23326	3400	8875960	8170366	1127717730042443
0	0	0	0	0	0	0
1176004	1158948	17056	2891	7257308	7143858	1127717742051967
1181208	1163970	17238	3402	8430612	8169946	1127717751911109
646686	628694	17992	4914	11898254	10695316	1127717764707771
1176294	1159106	17188	4014	10086470	9389724	1127717776217997
