# Loop @ Start frequency 3600000Hz took 708.29 cycles
# Interval [707 ; 709]
# Q1 : 706 ; Q3 : 708
# Loop @ Target frequency 900000Hz took 2376.87 cycles
# Interval [2370 ; 2384]
# Q1 : 2352 ; Q3 : 2360
# Confidence intervals do not overlap, alternatives are statistically different with selected confidence level
Change time (with write) [cycles]	Change time [cycles]	Write cost [cycles]	Wait time [us]	Time since last frequency change request [cycles]	Time since last frequency change [cycles]	Detected frequency change timestamp [cycles]
1195304	1164774	30530	3567	462549936	220662562	1127581105766703
1195602	1176226	19376	4812	11309492	11004344	1127581118748907
1188186	1169780	18406	907	3696314	3190542	1127581124119395
1178618	1161420	17198	3036	7189274	7434612	1127581132961787
560896	464086	96810	4996	11260984	10738612	1127581145279961
609056	593758	15298	2463	6320358	5711618	1127581152677947
474988	460072	14916	4156	10064226	8959588	1127581163687797
1103708	1087146	16562	3982	9584784	9239904	1127581174838453
552734	536842	15892	4075	9378964	8875480	1127581185239375
1008262	992754	15508	3998	9575930	9176992	1127581196286827
260796	244904	15892	3427	8492296	7287868	1127581205501307
1117994	1102350	15644	2191	5833886	5672188	1127581212916453
1179580	1162508	17072	4544	10670474	10440376	1127581225237921
697036	681618	15418	3891	9451288	8652516	1127581235847307
1204716	1187140	17576	4101	9953884	9579154	1127581247468907
659866	643656	16210	3295	8267108	7422658	1127581256855957
1188010	1171968	16042	2535	6472994	6431368	1127581264986067
1179254	1161916	17338	27	1564656	1407482	1127581268199293
488744	473292	15452	2511	6124282	5684562	1127581275272721
420088	402764	17324	4626	11130962	9844072	1127581287283957
524382	508874	15508	4697	11109716	10092324	1127581299380161
1242710	1227326	15384	4859	11653024	11133666	1127581312738375
1074416	1059414	15002	1572	4801862	4391840	1127581319092053
233364	216990	16374	447	2474578	1303270	1127581322260943
1180122	1162128	17994	3556	8477438	8465404	1127581332379675
1176514	1161304	15210	4871	11222146	11090842	1127581345239975
640130	619430	20700	3275	8282172	7363302	1127581354621503
560060	503508	56552	1540	4884096	3814156	1127581360535397
1176210	1160984	15226	3078	7443302	7505316	1127581369615445
1196824	1162988	33836	1572	4832068	4513366	1127581376106049
1176690	1161656	15034	1286	4019696	3921488	1127581381761841
285378	269976	15402	4158	9632590	8774838	1127581392140463
1164120	1147198	16922	156	1947162	1648980	1127581395713177
1178806	1163666	15140	590	2949434	2532592	1127581400301823
1295172	1172048	123124	1788	5303718	5044976	1127581407362117
899420	882308	17112	4822	11455690	10716132	1127581420178285
1325258	1310624	14634	271	1760248	2040310	1127581423724093
1193076	1176560	16516	2722	7274310	6810528	1127581432651773
503600	488118	15482	3041	7675550	6758104	1127581441300297
959784	936624	23160	1519	4763574	4171056	1127581447484453
1182006	1167232	14774	1506	4671460	4367168	1127581453800627
1181580	1162160	19420	4306	10057702	9966218	1127581465500117
1316198	1164012	152186	3273	7897878	8035162	1127581475176663
812874	791098	21776	1904	5410672	4794610	1127581481861263
361124	341816	19308	2294	6136436	5121856	1127581488819601
1175220	1158754	16466	1597	4839398	4554664	1127581495329641
295880	279318	16562	2113	6075528	4706884	1127581502172245
393296	374578	18718	412	2849672	1401432	1127581505887623
1180214	1163364	16850	138	1229066	1640886	1127581508768543
662312	644912	17400	3347	8354668	7541548	1127581518264521
1184138	1164872	19266	16	1669690	1402194	1127581521590343
1880182	1850812	29370	1746	4450858	5557696	1127581528392365
562764	543488	19276	4935	11597428	10618094	1127581541024827
1250150	1164176	85974	3464	8784840	8363418	1127581551542155
1192826	1171960	20866	3745	9120396	8869206	1127581562326743
1188642	1169648	18994	2732	7122424	6837982	1127581571110453
1208546	1189776	18770	1498	4873582	4389090	1127581577666343
1179550	1162634	16916	4146	9753996	9644454	1127581589071121
922596	905380	17216	1096	3780574	3289858	1127581594236117
643650	626670	16980	1260	3879438	3335544	1127581599221143
550478	519020	31458	4117	10053212	8957446	1127581610285895
662174	644424	17750	2011	5303734	4857788	1127581616713663
876134	857908	18226	172	1998014	1406976	1127581620071601
1179600	1162796	16804	2268	6040382	5917712	1127581627765005
1176660	1158884	17776	4094	9853198	9550182	1127581639267973
617576	601052	16524	745	2798784	2292818	1127581643156863
1180626	1162862	17764	2672	6995448	6710022	1127581651803835
512224	497336	14888	3355	8371620	7408122	1127581661159245
249944	234510	15434	1239	3879948	2901454	1127581665750927
1094966	1075506	19460	4099	9905122	9465730	1127581677211863
1181264	1164484	16780	3278	8346992	7910390	1127581687202081
590366	574734	15632	2673	7096474	6108374	1127581695351143
1180118	1163324	16794	2143	6045602	5638788	1127581703036841
1222746	1162762	59984	1737	5087430	4872060	1127581709815423
1179692	1164182	15510	1406	4243466	4164806	1127581715698315
1183852	1163502	20350	797	2982488	2950700	1127581720326435
554912	539740	15172	643	2684900	2013848	1127581724027453
350266	332600	17666	3558	8714476	7639006	1127581733552743
823934	806974	16960	4047	9956750	9092238	1127581744794347
1224862	1208390	16472	882	3479148	3161794	1127581749969223
696020	680602	15418	2473	6783086	5815238	1127581757910307
1184658	1163852	20806	1585	4559490	4528632	1127581764115001
1188840	1170738	18102	2540	6832066	6454410	1127581772609147
601678	579982	21696	4264	9957022	9314256	1127581783649887
1182982	1164988	17994	2738	7405684	6844784	1127581792711133
377076	358688	18388	2733	7267088	6029368	1127581800839161
1189026	1171536	17490	4271	10134436	9916914	1127581812657023
1180790	1164880	15910	2902	7585678	7158486	1127581821902583
707374	679104	28270	3628	8841960	8136432	1127581831913121
706954	692308	14646	3111	7682446	7101864	1127581840764595
1127534	1111348	16186	266	2131396	1832940	1127581844503183
902296	887110	15186	4833	10607836	10741304	1127581856473827
1178638	1162710	15928	157	1820356	1664862	1127581859934155
1185958	1170826	15132	226	1599300	1810942	1127581863179445
1176358	1161256	15102	1531	4462344	4411250	1127581869281823
1180498	1163420	17078	3004	7489440	7374468	1127581878411881
734752	717360	17392	3731	8949706	8369444	1127581888556053
396028	380280	15748	4131	9916012	8830208	1127581899329245
1174952	1159656	15296	3481	8543146	8308924	1127581909508081
1177518	1161214	16304	587	2555148	2525474	1127581913700623
1174848	1158082	16766	4252	9791106	9851322	1127581925127875
1188058	1172684	15374	3693	9065616	8746536	1127581935842995
938016	922872	15144	3638	8842432	8386876	1127581946084875
528734	511938	16796	2737	6620036	6175780	1127581953693515
1177762	1161914	15848	1854	5477132	5059498	1127581960808495
393394	378798	14596	262	1692568	1090810	1127581963366135
1174130	1158314	15816	2312	5989092	5974156	1127581970990805
1188014	1170372	17642	533	2444136	2427080	1127581975092653
1179468	1162424	17044	3593	8943860	8538828	1127581985676005
485888	471266	14622	99	2087476	857838	1127581988710427
683330	668100	15230	4288	9937122	9431248	1127581999801787
1180082	1164480	15602	4109	9798046	9570070	1127582011240463
857226	841360	15866	2408	6029152	5845780	1127582018587525
1110388	1094510	15878	3027	7704600	7337852	1127582027862623
1182480	1161716	20764	4985	11763374	11324964	1127582041268601
1178668	1162952	15716	678	3149174	2708456	1127582046058757
786804	771592	15212	2117	5775490	5194640	1127582053082841
458484	443220	15264	2293	5708760	5216990	1127582059712481
825094	810000	15094	1789	5065084	4575054	1127582066063045
1297988	1166910	131078	914	3641016	3298030	1127582071463885
1077418	1061906	15512	4153	9696658	9556788	1127582082699237
1329498	1283296	46202	1515	4693788	4532308	1127582089229281
1185676	1168298	17378	1040	3890684	3437884	1127582094765413
1174246	1158906	15340	4496	10577152	10339042	1127582106985893
1182760	1167876	14884	3415	8081788	8184752	1127582116720321
212864	197504	15360	4104	9665342	8593412	1127582127068321
1211878	1164196	47682	3390	8609002	8165126	1127582137351255
1175462	1160216	15246	3186	8107738	7719674	1127582147092805
1179846	1162312	17534	4864	10947994	11081138	1127582159681063
1178112	1163242	14870	3823	8883644	8996520	1127582170205237
761278	745226	16052	4098	10007154	9130870	1127582181434335
734396	718656	15740	155	2019638	1216834	1127582184649441
1174616	1159748	14868	3875	9114624	9098000	1127582195407573
1175728	1159334	16394	4861	11595868	11071562	1127582208640583
1175450	1160622	14828	2928	7575742	7205126	1127582217860215
1174328	1157828	16500	110	1787528	1567840	1127582221283093
751470	736260	15210	1900	4810916	4723244	1127582227306187
279088	262652	16436	4545	10736712	9542382	1127582238783733
1342202	1267744	74458	3369	8479678	8252540	1127582249074773
1175526	1160832	14694	2297	6175754	5944770	1127582256888023
190250	175558	14692	4406	10387750	9175546	1127582267936663
1181810	1166584	15226	787	3406512	2928038	1127582272986175
1176802	1161250	15552	3521	8813926	8395042	1127582283447093
1123416	1105152	18264	2005	5702806	5305988	1127582290733797
2259500	2257294	2206	1318	3853078	5080616	1127582297332121
1242792	1162502	80290	4294	10213398	10016192	1127582309261003
1177706	1158742	18964	824	3298756	3011344	1127582314209875
680538	663516	17022	1278	4335418	3421996	1127582319698677
832516	814146	18370	2680	6633036	6378908	1127582327638565
1165964	1139618	26346	1094	3987742	3539252	1127582333265987
1181150	1164818	16332	3047	7328580	7447664	1127582342244997
1174482	1159720	14762	162	1920998	1672014	1127582345802303
1204302	1162070	42232	1420	4028880	4233174	1127582351496063
1036402	1020068	16334	1616	4984962	4440832	1127582357976121
1018850	1003028	15822	4621	10727020	10433866	1127582370182475
920414	904334	16080	1886	5203276	4864662	1127582376766015
1181910	1159324	22586	4189	9815018	9736816	1127582388240973
1179230	1160096	19134	4642	10883282	10649436	1127582400776757
1180358	1163748	16610	2200	5760596	5766278	1127582408213795
1176330	1159480	16850	4100	10055150	9561918	1127582419917715
395590	378120	17470	3859	9513936	8297692	1127582430298881
292378	273810	18568	1704	5221224	3885178	1127582436283615
1178392	1160246	18146	4153	9945622	9669122	1127582447879561
821178	805626	15552	3768	9204188	8542944	1127582458378121
1014506	998642	15864	2718	7259512	6622568	1127582467113405
438884	421906	16978	3756	9261614	8123960	1127582477275721
1188328	1170702	17626	1692	5217372	4746438	1127582484141095
1268242	1251116	17126	4481	10191448	10403180	1127582496060917
1249162	1166964	82198	1863	5088154	5148512	1127582502859801
315120	284848	30272	2575	6624160	5637048	1127582510279681
1178440	1161992	16448	1574	4722734	4499372	1127582516640961
771586	754472	17114	4855	11138854	10654114	1127582529019983
1180898	1165192	15706	44	1756816	1444176	1127582532427275
1178190	1163124	15066	4716	10401216	10783304	1127582544468481
473390	458568	14822	3488	8505068	7622162	1127582553907615
1175686	1159834	15852	2537	6335206	6422370	1127582561879827
767824	751840	15984	3773	9435154	8485738	1127582572543921
1113240	1097526	15714	320	2072338	1925924	1127582576189303
934626	915094	19532	1013	2986792	3132444	1127582580572641
1178164	1163562	14602	613	3082040	2577472	1127582585294147
1177878	1162380	15498	4795	10818262	10940374	1127582597751775
1184170	1167066	17104	1000	3620100	3358136	1127582603018045
1173630	1158896	14734	2181	6041534	5712640	1127582610703441
3573598	3571518	2080	4979	11364540	13704958	1127582626109295
1185500	1163662	21838	1799	4805928	4956932	1127582632561121
1303044	1286666	16378	1483	4325200	4441690	1127582638650601
1186848	1170218	16630	1306	4131344	3971398	1127582644440387
945050	929732	15318	1083	3332150	3284912	1127582649178561
1173342	1158566	14776	2629	7074220	6605158	1127582657884767
1186250	1170700	15550	847	3047022	3052482	1127582662579667
924212	908380	15832	3437	8493868	7970742	1127582672457525
1175350	1159954	15396	2324	6248530	5996204	1127582680342615
793738	777126	16612	2335	6280528	5637986	1127582687877903
1181924	1166698	15226	4813	11220330	10981474	1127582700741055
1179196	1162316	16880	4546	10542840	10442854	1127582712932223
722566	706230	16336	3083	7686114	7062784	1127582721809503
984490	890490	94000	4348	10066004	9852754	1127582733319361
1311060	1292832	18228	1639	4688142	4804984	1127582739779877
1135426	1120826	14600	4708	10901300	10724750	1127582752276123
1301542	1194508	107034	3991	9721570	9455648	1127582763760175
605284	588448	16836	895	3604076	2569000	1127582768431885
495738	439008	56730	130	1893382	927390	1127582771282315
1271212	1254134	17078	3547	8532606	8542294	1127582781545703
1174222	1158690	15532	2350	6431640	6047554	1127582789610663
1175214	1159780	15434	3611	8377958	8573574	1127582799621573
1105710	1090998	14712	3071	7994400	7419858	1127582809181987
1189590	1173118	16472	3121	8182210	7603834	1127582819013783
1023768	1007816	15952	3537	8665566	8272766	1127582829181895
802294	785328	16966	1541	4754768	4057012	1127582835198365
384716	368778	15938	4851	11640246	10259380	1127582847684695
1181492	1165600	15892	3520	8640520	8393414	1127582857967407
1174892	1159428	15464	3752	9259224	8852744	1127582868862743
1178678	1162634	16044	1926	5758074	5204250	1127582876268455
1177452	1161106	16346	4751	11127054	10851428	1127582889033107
967712	951824	15888	2108	5726950	5357060	1127582896217317
533228	512800	20428	3409	8581240	7523982	1127582905790761
359372	342946	16426	1582	4811876	3698494	1127582911422223
1177556	1162504	15052	1307	4332936	3964380	1127582917393013
1190486	1161656	28830	3269	8128366	7901874	1127582927173867
1191478	1176832	14646	1444	4074868	4252142	1127582932900813
1178908	1163492	15416	367	2463404	2087854	1127582937018205
1183134	1167748	15386	4526	10864116	10407560	1127582949544335
1178768	1162478	16290	1010	3270422	3371940	1127582954453933
1179168	1160976	18192	3218	7735904	7788506	1127582963830255
1178354	1161174	17180	4507	10604698	10364418	1127582976073347
1179934	1162400	17534	3592	8754374	8536170	1127582986468881
1187132	1167852	19280	4429	10436050	10218588	1127582998551977
656562	641258	15304	2363	6145852	5555132	1127583005815347
1175226	1159746	15480	3697	8665988	8742904	1127583016117935
1232054	1216404	15650	765	3263252	2935108	1127583021074721
1199260	1182456	16804	3037	7342354	7445924	1127583030075877
1185766	1168928	16838	1186	4124012	3729348	1127583035846321
491376	472078	19298	2722	6859758	6108198	1127583043657855
1102724	1085578	17146	2586	12021484	6448434	1127583057243143
1180354	1165196	15158	2562	6704930	6477234	1127583065590667
393896	378062	15834	3618	8829442	7802708	1127583075274133
299396	278816	20580	410	2512882	1291864	1127583078545613
801478	786144	15334	4858	11134956	10688976	1127583090941635
873584	857338	16246	1582	4925700	4213236	1127583097217645
340496	323350	17146	3846	8918384	8205048	1127583106936517
1176344	1161404	14940	3808	9488034	8964652	1127583118072241
1182720	1167542	15178	616	2344120	2588362	1127583122058615
512110	497452	14658	730	2866442	2145442	1127583125897957
328614	313176	15438	4975	11645046	10451542	1127583138332355
1146556	1126566	19990	3171	8073042	7661462	1127583148012253
1174910	1158810	16100	3263	7899452	7872506	1127583157548535
592940	578194	14746	3658	9107222	8082084	1127583167710517
1245902	1171518	74384	2970	7780632	7358258	1127583177197387
631708	617096	14612	1899	5132826	4602608	1127583183423121
1225564	1210404	15160	4467	10690738	10332100	1127583195800903
631454	616840	14614	4256	10437844	9315044	1127583207330685
244504	215568	28936	1769	5377922	3954394	1127583213413681
313020	296774	16246	4276	10138274	9037348	1127583224324121
1179622	1163764	15858	301	2337428	1955510	1127583228302703
1177598	1162438	15160	3424	8687162	8197486	1127583238626583
763586	747562	16024	2861	7179418	6658248	1127583247040503
1176754	1160864	15890	4112	9918392	9577264	1127583258605601
1185134	1170224	14910	4151	9873836	9659606	1127583270133895
1165112	1142574	22538	2256	6443026	5850458	1127583278201823
1178576	1162300	16276	4034	9651518	9418908	1127583289493215
710618	695316	15302	4903	11338364	10689500	1127583302001157
900146	883732	16414	1688	4811774	4448644	1127583308172641
1190228	1165508	24720	2109	5661074	5581172	1127583315484645
902412	887122	15290	1608	4841322	4291428	1127583321688757
1177538	1163000	14538	962	3642572	3274636	1127583326967875
570762	555846	14916	3338	8377412	7423286	1127583336397015
986164	969196	16968	735	3216294	2629892	1127583341060401
1193392	1175810	17582	1482	4543254	4333390	1127583347257561
1176350	1161042	15308	3071	7865840	7490556	1127583356760467
449530	433758	15772	4014	9610048	8650350	1127583367289543
915216	898198	17018	1443	4703850	3973980	1127583373371183
371218	355604	15614	1781	5143408	4106010	1127583379347143
1020328	1005032	15296	2561	7028938	6314272	1127583387856209
930556	913538	17018	2849	7385270	6801094	1127583396632343
1220418	1161030	59388	1244	4345240	3880866	1127583402668183
1180800	1164660	16140	2967	7196430	7287760	1127583411512493
1176204	1160054	16150	1604	4736824	4556890	1127583417885863
1190598	1174726	15872	39	1855122	1441992	1127583421394223
1179448	1161848	17600	1695	4340498	4742638	1127583427375027
1175064	1159658	15406	4374	10139004	10096458	1127583439150535
306522	290852	15670	3531	8907558	7541998	1127583448825921
1180280	1161770	18510	2513	6713800	6378710	1127583457187623
926290	909550	16740	2483	6605068	6064754	1127583465179555
1178272	1161784	16488	4695	11281826	10740606	1127583478099441
963922	948570	15352	2080	5789362	5296276	1127583485313045
1202564	1164328	38236	4985	11767018	11346150	1127583498745717
1257084	1165060	92024	4703	11008756	10847702	1127583511494143
1200668	1180196	20472	3532	8729284	8450194	1127583521897637
873408	855522	17886	2604	6955610	6267856	1127583530200285
1017802	1002072	15730	4218	10253300	9638718	1127583542214507
1183402	1159216	24186	596	2936126	2548874	1127583546796063
1181234	1165246	15988	4133	10003534	9620804	1127583558449795
1075968	1060572	15396	4664	11032722	10575602	1127583571018415
641424	626694	14730	3903	9608292	8620650	1127583581739801
1176376	1159996	16380	1905	5138224	5159944	1127583588514693
1191746	1176982	14764	3540	8201396	8444790	1127583598368023
1179266	1163858	15408	4592	10764640	10535874	1127583610773423
502070	486140	15930	4918	11479104	10510098	1127583623222149
1179006	1163384	15622	1158	3952900	3668518	1127583628815053
410636	370862	39774	856	3129720	2294362	1127583632826641
810270	793174	17096	3235	7726244	7452354	1127583641832195
1183132	1165844	17288	553	2723380	2462386	1127583646199055
1179126	1164302	14824	3179	8187002	7709836	1127583656024943
1049992	1008650	41342	4849	11220094	10921752	1127583668755721
1180500	1165544	14956	4083	9540940	9518570	1127583679948161
1180932	1162782	18150	4279	12792280	9923660	1127583694384595
204764	181180	23584	3894	9436512	8178016	1127583704498321
1180094	1162484	17610	1731	5241078	4826316	1127583711391613
750630	733362	17268	2542	6893628	6020528	1127583719508103
1179978	1162858	17120	1197	4243176	3758566	1127583725403395
664602	648922	15680	4572	10493378	9998050	1127583737035795
1177258	1161130	16128	4725	11171910	10799384	1127583749854355
1180056	1163546	16510	1616	4949624	4585164	1127583756445133
551950	536302	15648	2907	7160344	6539858	1127583764618947
1176466	1160772	15694	2035	6032784	5423892	1127583772297405
1182994	1166282	16712	251	1701448	1857882	1127583775641895
1226870	1209678	17192	4439	10466082	10291454	1127583787795815
443794	370940	72854	4084	9884864	8796932	1127583798598653
325834	283954	41880	3836	8821966	8183564	1127583808240641
500212	482808	17404	1843	5514468	4371598	1127583814726947
577970	561818	16152	2724	7313458	6214398	1127583823102623
1180904	1163432	17472	2228	6214304	5822788	1127583830969405
1063118	1047584	15534	4334	10448924	9903870	1127583842951517
722644	706612	16032	220	2123824	1338858	1127583846269041
959144	940914	18230	2469	6298884	6069166	1127583853987463
1177140	1161554	15586	4381	10436238	10112072	1127583866061343
1073178	1056654	16524	3324	7954764	7895592	1127583875551317
980192	964602	15590	1701	5148180	4555284	1127583882140275
1180946	1161956	18990	2389	6489414	6132294	1127583890270983
808956	792684	16272	1254	3994262	3490408	1127583895534961
594660	549436	45224	1146	3887100	3059178	1127583900478641
1193332	1175818	17514	1524	4191418	4414428	1127583906321245
1173686	1157176	16510	2838	7505194	7022890	1127583915459543
1176012	1160648	15364	757	2857494	2863658	1127583919955841
1173118	1158308	14810	1387	4576672	4120186	1127583926166895
1191948	1176046	15902	1916	5243718	5196850	1127583933063667
601414	586056	15358	778	3105346	2335102	1127583937233093
1177340	1160422	16918	3625	9237018	8600126	1127583948108955
254120	236764	17356	1366	3911320	3158792	1127583952735681
1183204	1165044	18160	4116	9652304	9589042	1127583964046681
1177000	1161868	15132	3541	8670348	8432324	1127583974354401
1071686	1056556	15130	2343	6277676	5930336	1127583982165025
1179674	1163318	16356	138	1852778	1628936	1127583985656995
1177904	1163234	14670	3398	7734358	8150160	1127583995029147
1186306	1161890	24416	577	2736210	2516572	1127583999421521
1178170	1162336	15834	4330	10033642	10011810	1127584011091275
560440	544920	15520	1997	5277100	4728674	1127584017389515
252170	237498	14672	751	3390188	1928118	1127584021493195
1174742	1158382	16360	304	2428472	1955736	1127584025557747
1181988	1166360	15628	1683	4802564	4721676	1127584032002925
1180814	1164088	16726	24	1604438	1401684	1127584035249755
310538	293614	16924	4052	9356322	8586932	1127584045377375
1089140	1072788	16352	1074	3850472	3409884	1127584050777933
962530	947818	14712	192	1646192	1520344	1127584053857335
798802	782926	15876	1046	3174050	3063738	1127584058291555
1189882	1163258	26624	1820	5221172	5003030	1127584065162575
1273938	1166352	107586	1357	4037676	4161020	1127584070934615
786256	771622	14634	503	2700304	1968796	1127584074898863
1178762	1163566	15196	3001	7823192	7356352	1127584084373315
1175234	1159716	15518	4432	10242074	10213312	1127584096251695
5647540	5630456	17084	3206	7864910	12231724	1127584110225957
850742	832400	18342	901	3567090	2839200	1127584115165187
1027968	1007978	19990	4711	11193698	10635932	1127584127860307
814884	798206	16678	1660	5067506	4321042	1127584134215147
304852	172796	132056	689	3276418	1867300	1127584138269115
1176088	1158382	17706	3718	9034250	8796944	1127584148952281
1173780	1158512	15268	4450	10083848	10257816	1127584160693765
517330	502338	14992	3635	8631696	7958786	1127584170321227
1177216	1160132	17084	1159	4063520	3667824	1127584176023093
1179668	1164172	15496	4807	10923270	10966194	1127584188587445
1177206	1159214	17992	4644	10881794	10637536	1127584201114863
1173986	1158818	15168	339	2058494	2024444	1127584204805637
1177054	1161724	15330	3398	7718718	8163556	1127584214174635
1235186	1162702	72484	1625	4822382	4658386	1127584220692703
260840	245118	15722	3388	8486778	7209886	1127584229910281
1180384	1164262	16122	2588	6316500	6529600	1127584237867765
1174976	1159604	15372	4440	10276552	10226358	1127584249780275
878688	862888	15800	2426	5935890	5904308	1127584257055921
1182526	1166978	15548	1390	4612942	4135436	1127584263311743
351630	336484	15146	517	2381724	1561782	1127584266506795
437432	421458	15974	3612	8141188	7835146	1127584275546555
1188228	1167284	20944	3997	9140448	9357682	1127584286337241
1174092	1157688	16404	1515	4543540	4377036	1127584292517055
391004	374450	16554	4807	11251928	10177536	1127584304621875
1187282	1171896	15386	2226	5773758	5812830	1127584312060103
1181140	1165818	15322	2777	7299986	6907180	1127584321001881
1314752	1161592	153160	1518	4971338	4523908	1127584327757445
954236	936010	18226	4911	11549114	10949124	1127584340722853
1179854	1161436	18418	1246	3861212	3844990	1127584346234401
1206846	1192064	14782	3597	8355762	8574068	1127584356257361
286472	271148	15324	3397	8548408	7253336	1127584365552893
295898	278674	17224	1898	5732982	4265742	1127584372042255
1179260	1164132	15128	3990	9520926	9331634	1127584383203561
1189600	1172596	17004	1573	4705280	4509610	1127584389559853
267608	249214	18394	2998	7388384	6436964	1127584397677747
1271144	1255506	15638	4025	9882402	9494150	1127584409291227
496148	480776	15372	903	3073240	2475548	1127584413322201
1179024	1162480	16544	4058	9821652	9467392	1127584424783001
207412	186022	21390	2849	7449330	6077870	1127584432917303
1210646	1177162	33484	2038	5658076	5462102	1127584440253575
1177408	1162206	15202	2576	6802230	6502264	1127584448695173
1177212	1162188	15024	1794	4997424	4939080	1127584455340943
1186866	1171558	15308	3309	8040396	7978688	1127584465028547
1177288	1162616	14672	1021	3645978	3395436	1127584470322903
368946	352594	16352	2521	6778114	5583026	1127584477930495
1340944	1320712	20232	256	2309216	2025746	1127584482042481
1181096	1164504	16592	1647	5080596	4648144	1127584488764595
1176830	1161244	15586	3051	7242078	7451374	1127584497700263
642364	626070	16294	82	2007594	979066	1127584500811755
848112	831404	16708	3606	8573262	8232972	1127584510705521
1178288	1161728	16560	1823	5585352	5010816	1127584517961685
1451924	1161288	290636	2797	7337854	7231168	1127584527223201
1176512	1159990	16522	2847	7301974	7056016	1127584536173761
1179970	1161828	18142	4533	10792070	10430866	1127584548617103
1034506	1019392	15114	2314	6249022	5847242	1127584556393453
1188778	1170162	18616	1416	4578080	4193952	1127584562621681
1197164	1167418	29746	4815	11264324	11000776	1127584575555983
1181448	1166610	14838	1925	5350552	5204036	1127584582548197
1174190	1158462	15728	804	3072504	2954670	1127584587256935
1192578	1177320	15258	3314	8357720	7994304	1127584597267241
356972	340668	16304	3590	8768322	7710398	1127584606853561
1172574	1157182	15392	4213	10338950	9770086	1127584618845067
801734	786610	15124	4843	11282956	10660936	1127584631400143
1246840	1229920	16920	2107	6082162	5632824	1127584639189175
286464	271234	15230	466	2516954	1391950	1127584642452783
790616	773928	16688	165	1692176	1294206	1127584645396895
1195716	1176208	19508	3640	8921816	8648158	1127584655973915
1141204	1119330	21874	929	3152734	3172566	1127584660729383
1184650	1167926	16724	4618	10800590	10593996	1127584673184835
265976	249570	16406	3585	8797822	7620682	1127584682720013
1142854	1116754	26100	169	1811466	1667734	1127584686158947
1148788	1129968	18820	887	2754018	3108798	1127584690534841
563710	478814	84896	3960	9815232	8669474	1127584701385675
289880	234926	54954	1222	3701168	2924484	1127584705849821
750818	735718	15100	256	2300648	1434554	1127584709372627
743916	728498	15418	2861	7105408	6660416	1127584717683667
379546	362676	16870	1736	5231844	4023952	1127584723755245
240742	181244	59498	747	3337446	1906836	1127584727794383
1175380	1158504	16876	4831	11268286	11010910	1127584740698961
1269412	1252546	16866	3066	7586894	7573572	1127584750030893
821558	804386	17172	3173	7895772	7340452	1127584759208975
1177220	1162036	15184	840	3586460	3030698	1127584764432615
1245928	1230040	15888	3440	8451912	8298312	1127584774591241
1173892	1158868	15024	639	3006658	2623976	1127584779243147
9026952	9025106	1846	4969	11487368	19138936	1127584800218133
1182196	1165964	16232	2874	7349832	7115624	1127584809221361
1190778	1172838	17940	2794	7184992	6963040	1127584818069877
1206190	1188382	17808	1947	5314032	5286372	1127584825063227
1179454	1162906	16548	3675	8826546	8715168	1127584835540383
269730	250482	19248	2683	7026164	5822746	1127584843310295
588094	573332	14762	2129	6045876	5032342	1127584850416823
266594	242100	24494	1178	3957752	2795802	1127584855101293
1179466	1163474	15992	4357	10665218	10065796	1127584867406067
524752	509076	15676	2768	7132648	6233122	1127584875525281
1063184	1046462	16722	1728	4735246	4692280	1127584881785667
1178306	1162946	15360	1345	4374772	4041474	1127584887798759
1017430	1001306	16124	2397	5945810	5983762	1127584895223795
1181628	1166182	15446	4420	10417622	10194508	1127584907285925
1195336	1177652	17684	4668	10907882	10703958	1127584919849533
515806	500406	15400	2509	6864002	5706992	1127584927689943
1296186	1161640	134546	2084	6079174	5637706	1127584935526263
1177542	1162016	15526	1008	3566210	3367180	1127584940731557
1177322	1162320	15002	989	3667756	3327610	1127584946053333
1174728	1159668	15060	2209	6257154	5765164	1127584953946677
1187434	1164468	22966	2132	5786076	5625334	1127584961381337
602478	587080	15398	529	2503816	1833736	1127584964948347
284074	267882	16192	1889	4694646	4235846	1127584970405875
1184526	1169716	14810	480	2644834	2317912	1127584974696303
1177264	1162600	14664	1836	5293552	5022428	1127584981634965
760974	745572	15402	3609	8550902	8151452	1127584991404601
1194706	1165860	28846	3931	9633882	9229454	1127585002694253
1178866	1162558	16308	997	3948316	3348992	1127585008292383
641210	562624	78586	83	1476194	980276	1127585010870725
248274	232966	15308	1970	5303218	4360634	1127585016889707
1086310	1071002	15308	897	3651068	3053012	1127585022097703
723920	709084	14836	3170	7921920	7237128	1127585031205245
252322	236214	16108	4614	11162940	9652454	1127585043081583
1177306	1161312	15994	4075	9433588	9500180	1127585054152481
1175852	1159630	16222	1936	5304988	5220550	1127585061094947
1174112	1155732	18380	3810	9462658	8966464	1127585072193157
1176830	1162172	14658	4699	11219236	10747960	1127585085049761
1177184	1161806	15378	2703	6826452	6756838	1127585093514041
1186400	1171132	15268	571	2852608	2500598	1127585098013253
1099678	1083630	16048	2121	5613016	5513958	1127585105186455
787618	771578	16040	204	2132382	1369472	1127585108566383
1175584	1160946	14638	653	2264066	2653444	1127585112466303
1018320	1002012	16308	4899	11626600	10989702	1127585125570933
1177338	1162716	14622	1951	5757938	5252254	1127585132967903
273600	257534	16066	1533	4991762	3512638	1127585138704117
1168730	1128732	39998	875	3286756	3091132	1127585143627201
1173378	1157470	15908	1820	5257008	4986156	1127585150517827
1175364	1158316	17048	1624	5029272	4596188	1127585157181761
353684	338472	15212	4226	9617690	8979094	1127585167613961
953208	937776	15432	2530	6919450	6184942	1127585175947445
974466	958464	16002	287	2318024	1720668	1127585179698677
264084	248570	15514	2017	6091320	4471868	1127585186514241
1186324	1169226	17098	4637	11065814	10631672	1127585199228401
1316430	1163364	153066	3099	7549530	7689752	1127585208554441
1181458	1161866	19592	3072	7628274	7496818	1127585217825395
1395218	1182466	212752	4460	10214702	10486792	1127585229895063
377610	360394	17216	2320	6245738	5190538	1127585236979375
1174876	1159348	15528	3691	8967808	8733588	1127585247610561
688744	673308	15436	3515	8723510	7892526	1127585257484357
1214784	1193914	20870	1689	5129910	4764858	1127585264290357
1175164	1160044	15120	4036	9959648	9418954	1127585275884627
580272	565082	15190	3330	8221066	7412986	1127585285145693
962996	947102	15894	3527	8724596	8189802	1127585295294335
428828	408936	19892	4512	10977322	9625436	1127585307162053
1174596	1159272	15324	4272	9814400	9890630	1127585318611773
497018	481238	15780	2431	6619594	5532706	1127585326198115
1150068	1134402	15666	1271	4252590	3864090	1127585332061125
886196	871058	15138	270	2121746	1599550	1127585335529223
921728	901322	20406	1835	5521162	4765834	1127585342432703
730120	714138	15982	2272	6021040	5447428	1127585349643045
1190370	1173386	16984	1381	4435400	4124570	1127585355729223
1177062	1159446	17616	2583	6850908	6516704	1127585364217855
797008	781982	15026	4192	10201908	9354386	1127585375677743
1181994	1165350	16644	4268	9999206	9890622	1127585387318635
1174806	1159292	15514	2526	6403536	6402926	1127585395355383
466564	450578	15986	4175	9952934	8988882	1127585406235055
1176462	1160956	15506	1343	4471152	4035470	1127585412344881
1194866	1168722	26144	2034	5899530	5436816	1127585419899263
1175476	1159232	16244	894	3468946	3135980	1127585425003805
1064946	1050218	14728	3835	8831076	8908822	1127585435369205
1036060	1019916	16144	1528	4900292	4264630	1127585441766277
638976	623510	15466	3525	8303842	7862068	1127585451169121
421610	404470	17140	2292	5735892	5179488	1127585457785675
434472	419236	15236	421	2435954	1450564	1127585461116521
449642	433340	16302	1282	3684268	3187024	1127585465709675
1181116	1163810	17306	1609	5050954	4572120	1127585472401093
1208452	1192664	15788	4497	10714878	10375826	1127585484784335
1186212	1171450	14762	1542	4917374	4445524	1127585491366053
465620	381416	84204	1225	4244990	3089130	1127585496535397
327854	312112	15742	3580	8744556	7661042	1127585506069575
446326	429810	16516	371	2333460	1360484	1127585509310041
1191256	1174738	16518	2230	5823198	5827000	1127585516784917
782156	767304	14852	2381	6354004	5716520	1127585524391717
620240	603962	16278	2057	5644484	4906580	1127585531117765
340128	322306	17822	3524	8497570	7561218	1127585540417575
1188304	1173110	15194	2149	5967004	5659220	1127585548033703
936546	919674	16872	4944	11696106	10998946	1127585561129835
1178780	1160112	18668	3449	8490450	8253822	1127585571260013
1094354	1079448	14906	4539	10420202	10348788	1127585583237499
425444	409354	16090	192	2128844	982546	1127585586252543
1181916	1164910	17006	2481	5887226	6317060	1127585593782983
1182114	1162366	19748	4389	10336026	10132478	1127585605761075
1180966	1163322	17644	2949	7381186	7251176	1127585614783867
1179846	1163364	16482	3720	8575522	8793394	1127585625018663
1001964	985772	16192	4840	11265640	10859052	1127585637756681
1203168	1176950	26218	701	2881004	2777520	1127585642299853
805894	788430	17464	4793	11597518	10565028	1127585655164475
1171548	1150240	21308	2731	7044272	6805804	1127585663842075
1177660	1162344	15316	3654	8887678	8658808	1127585674370121
1194858	1175458	19400	3423	8635332	8214040	1127585684661213
1062184	1045836	16348	3618	8914994	8471868	1127585695118485
1180678	1164192	16486	937	3467952	3230414	1127585700228907
228964	212972	15992	2350	6276500	5101346	1127585707195157
1191082	1174596	16486	523	2739260	2410610	1127585711587235
563758	549104	14654	45	1922606	825650	1127585714535907
365830	350962	14868	445	2300622	1429400	1127585717663955
1164638	1125552	39086	445	2544362	2227376	1127585721832721
779748	760560	19188	4271	10198950	9496034	1127585733271853
1175832	1159290	16542	4308	10206454	9976532	1127585745127841
634050	616840	17210	4659	10533820	10138182	1127585756769995
1180238	1163106	17132	598	2794442	2563074	1127585761240143
428670	411010	17660	2719	7182138	6052028	1127585769324493
1271178	1173510	97668	2527	6653982	6510198	1127585777722947
605766	590900	14866	2390	6585242	5558660	1127585785385355
1175006	1160116	14890	1682	5308122	4712752	1127585792328543
300280	281512	18768	1631	4836152	3734604	1127585797925797
549942	533946	15996	128	2065106	979684	1127585801001413
279196	263582	15614	4569	10499930	9589552	1127585812250601
1176834	1161924	14910	126	1840276	1600762	1127585815728205
1184522	1165898	18624	87	1538710	1531402	1127585818911855
1179940	1164698	15242	3824	8902326	9000462	1127585829463201
838358	823176	15182	3739	8900748	8488702	1127585839661533
1204770	1187636	17134	3153	8087576	7684390	1127585849415867
922434	907862	14572	318	2322788	1731968	1127585853121515
1136926	1121086	15840	2058	5812802	5425752	1127585860531943
1177424	1161576	15848	3238	8320206	7825570	1127585870490365
1174502	1159720	14782	312	1884898	1971772	1127585874009441
1180440	1164818	15622	3157	7233786	7685658	1127585882885267
1175404	1160698	14706	3223	8043862	7794866	1127585892574187
1225762	1208714	17048	243	2246416	1883712	1127585896518521
307842	288388	19454	467	2785824	1426016	1127585900090667
756870	739686	17184	4652	10683158	10245114	1127585912003623
729746	713264	16482	4695	10678334	10306182	1127585923884423
315886	284150	31736	762	2786288	2025052	1127585927458495
1182306	1165172	17134	963	3705276	3294256	1127585932818885
1175542	1159092	16450	400	7948804	2161482	1127585942438053
1176786	1159460	17326	3189	7945148	7738840	1127585952033121
1183342	1167010	16332	4682	10730724	10719332	1127585964407561
994090	978006	16084	1819	4963654	4805752	1127585970824277
1233164	1163708	69456	895	3646502	3199392	1127585976173321
1178750	1160414	18336	320	2209852	1991634	1127585980022855
374218	357516	16702	3966	9389996	8479284	1127585990248255
325890	310528	15362	714	2687554	1927076	1127585993723885
1182994	1166088	16906	2764	7375504	6883834	1127586002742925
1176796	1161928	14868	1471	4384896	4291724	1127586008776693
1177920	1160394	17526	1798	4725890	4946862	1127586015151775
1183294	1167932	15362	3201	8182288	7758726	1127586024979063
209110	193862	15248	1900	5793484	4182004	1127586031452835
204002	183052	20950	4672	11021802	9719858	1127586043139627
1069322	1054064	15258	153	1890678	1551688	1127586046558917
849078	831886	17192	3198	7786420	7435720	1127586055654613
548114	533478	14636	588	2988960	1897466	1127586059651635
1176286	1160266	16020	2721	7022990	6791818	1127586068309743
210506	184808	25698	1103	4136218	2590508	1127586073117885
914028	895536	18492	2384	6716242	5854370	1127586081209365
387020	372232	14788	2908	7435282	6376386	1127586089492285
1186758	1170304	16454	372	2360036	2103384	1127586093499995
1182688	1166676	16012	3139	8053696	7634106	1127586103195877
1189270	1173436	15834	1263	4453756	3888552	1127586109300413
1102336	1086414	15922	2561	6709730	6396454	1127586117573387
842756	827320	15436	1519	4624450	4054486	1127586123501761
928290	912542	15748	1868	5559274	4837938	1127586130451267
1179340	1163512	15828	3472	8801386	8297312	1127586140892241
1189156	1172356	16800	4907	11167296	11177104	1127586153727933
1195960	1179622	16338	4167	10073530	9703650	1127586165458663
1175762	1160438	15324	951	3485122	3250814	1127586170580441
1183468	1166590	16878	1851	5165248	5058194	1127586177398063
1197312	1175898	21414	1590	4893960	4550406	1127586183949885
1183622	1167236	16386	589	2782070	2535430	1127586188376147
1176488	1161926	14562	195	1740256	1740126	1127586191752997
1182334	1167638	14696	2721	6650658	6815686	1127586200046775
425840	410154	15686	2067	5862502	4732474	1127586206796223
1183810	1161654	22156	2388	6033508	6133060	1127586214484155
713530	698056	15474	4887	11423744	10659686	1127586227081755
1192842	1171942	20900	4998	11823048	11362554	1127586240558965
711344	696032	15312	1048	3524380	2979740	1127586245257445
1175514	1158808	16706	388	2574026	2124274	1127586249467595
998670	982418	16252	4060	9727660	9290304	1127586260654645
1188950	1172366	16584	918	3742178	3199594	1127586266062863
750826	672326	78500	3950	9368650	8823860	1127586276642663
569984	555196	14788	3299	8296004	7341384	1127586285977801
1180316	1163472	16844	2518	6908190	6390208	1127586294528041
1192526	1161568	30958	1972	5161020	5308514	1127586301344187
1177626	1161776	15850	2965	7429282	7280810	1127586310411241
917896	901428	16468	4362	10214270	9816064	1127586322003401
653074	637998	15076	4345	10292544	9515496	1127586333408511
645290	629404	15886	252	2397692	1322948	1127586336912663
1025120	1010402	14718	2260	5958142	5718144	1127586344368467
1073390	1056776	16614	3056	7817786	7358646	1127586353720653
1000404	985114	15290	1249	4295902	3670722	1127586359477601
1328928	1286612	42316	3482	8690950	8465088	1127586369958053
1177540	1162750	14790	578	2348908	2507064	1127586373944635
469368	454212	15156	3726	8778352	8094420	1127586383652405
745400	729972	15428	432	2447444	1781344	1127586387306401
1180088	1164422	15666	1476	4643000	4304494	1127586393591053
1248300	1161284	87016	1578	4840702	4576444	1127586400139215
1179166	1163690	15476	2249	5751944	5850262	1127586407530027
1249120	1171888	77232	4532	10715342	10486088	1127586419953885
1174246	1158694	15552	38	1736914	1422530	1127586423324983
972846	957080	15766	701	2314112	2547502	1127586427071555
271926	255450	16476	2883	6938376	6211262	1127586434742583
1184532	1166258	18274	3978	9772654	9315528	1127586446169093
1174344	1157470	16874	3495	8457470	8336368	1127586456260935
379472	362004	17468	3730	8640044	8024172	1127586465752001
1176456	1159688	16768	4538	10602700	10438150	1127586478002881
1180280	1163478	16802	1181	3939236	3728234	1127586483594663
613808	597078	16730	2714	7181102	6226930	1127586491862133
1180086	1161652	18434	1225	3821754	3814804	1127586497336245
193560	177066	16494	2628	7297720	5623706	1127586505287681
1188214	1171278	16936	4001	9434840	9367354	1127586516372227
665730	650450	15280	1268	4128264	3373356	1127586521627727
1297384	1164838	132546	1116	3954110	3702324	1127586527339321
1178014	1159778	18236	4282	10259836	9914926	1127586539239855
1087742	1068046	19696	493	2724888	2246490	1127586543513547
189922	174672	15250	556	2741278	1475014	1127586546903685
1180592	1164722	15870	4864	11088568	11081338	1127586559650303
1293142	1173018	120124	3641	8870182	8748338	1127586570274747
257924	240376	17548	3694	9033622	7817720	1127586580027441
1187388	1172558	14830	3797	8966370	8953890	1127586590642853
1176360	1159432	16928	360	2493490	2068380	1127586594791805
1173710	1158892	14818	3414	8210290	8173486	1127586604645077
1267050	1247148	19902	2952	7051060	7343620	1127586613434333
407904	390302	17602	4922	11201488	10425356	1127586625503085
1270026	1163762	106264	998	3721162	3438008	1127586630955201
1019256	1004050	15206	2081	5774544	5357226	1127586638220361
1185930	1169582	16348	121	1904826	1600690	1127586641770983
501714	487072	14642	741	2497498	2156182	1127586645228733
1019346	1001756	17590	2532	6425224	6259124	1127586653132343
453602	438756	14846	1722	5040332	4080312	1127586659086517
1103162	1085398	17764	58	2002188	1392032	1127586662652075
640476	624992	15484	1754	4871788	4322880	1127586668641361
676848	660236	16612	2074	5500566	4997718	1127586675285637
1174862	1160168	14694	2597	6947214	6541944	1127586683865623
523736	423610	100126	2080	5538126	4856490	1127586690388423
216790	185154	31636	1836	5168340	4061144	1127586696233455
944298	928144	16154	130	8248074	1377890	1127586705886867
981244	964098	17146	2069	5739174	5309752	1127586713069761
933084	917040	16044	2678	7298240	6461912	1127586721761525
1273360	1257254	16106	4911	11198208	11267768	1127586734693703
1177674	1163026	14648	1080	3524978	3511212	1127586739873987
529956	515032	14924	967	3516338	2636998	1127586744380241
424318	329082	95236	2463	6209500	5523670	1127586751474543
1178062	1162986	15076	1022	3640172	3394542	1127586756754235
275708	260762	14946	3603	8858244	7654504	1127586766369797
1192112	1175072	17040	1355	4561304	4075268	1127586772584173
1433896	1403096	30800	3710	9220518	9027726	1127586783717877
1177260	1159976	17284	4999	11828838	11348324	1127586797185161
804794	787256	17538	3502	8560398	7981370	1127586807012587
1176324	1161098	15226	163	1996102	1678360	1127586810654121
1181912	1162966	18946	2809	6573100	6972444	1127586818877635
1174970	1158478	16492	1627	4671444	4602490	1127586825192655
353798	274008	79790	2610	6559136	5746968	1127586832567415
800940	784912	16028	3908	9707598	8789204	1127586843544453
782566	766762	15804	288	2227994	1532216	1127586847016081
309604	290838	18766	3458	8515152	7421612	1127586856311049
879802	864390	15412	299	2302870	1650784	1127586859953223
1184298	1164046	20252	986	3687070	3330342	1127586865283663
1056348	1040814	15534	2761	6801654	6754446	1127586873601637
1177240	1160728	16512	3415	8416346	8180552	1127586883656481
921688	902508	19180	1169	4211454	3432916	1127586889250885
257406	240456	16950	2529	6730036	5488878	1127586896698535
1182084	1166394	15690	2766	7197338	6888084	1127586905545125
468466	323924	144542	3818	9589080	8276718	1127586916063423
667212	564144	103068	1750	5229660	4339388	1127586922420117
908996	892942	16054	2372	6393832	5826498	1127586930183855
1181182	1166026	15156	1229	4187712	3812778	1127586936014015
1176836	1161406	15430	4289	10253764	9927528	1127586947905575
1303802	1159752	144050	3973	9439824	9422610	1127586959110463
1176550	1160840	15710	3125	7734678	7601366	1127586968483121
307566	290940	16626	1993	5086278	4466736	1127586974338085
895822	879968	15854	1045	3848392	3157924	1127586979542307
1260746	1238292	22454	4853	10935116	11140100	1127586992199143
1176674	1160536	16138	533	2810846	2415642	1127586996647041
439364	424744	14620	615	2628454	1842884	1127587000185681
1026008	1009208	16800	392	1715450	1983190	1127587003386321
990834	953922	36912	1915	5189226	4994102	1127587010027075
906658	889846	16812	3939	9302470	8957812	1127587020696835
1199908	1181872	18036	2399	6523150	6171460	1127587028890013
386908	372022	14886	503	2799894	1568350	1127587032552997
1250740	1233860	16880	766	2925830	2974766	1127587037190783
1258298	1243162	15136	256	2210622	1943484	1127587041120343
324966	309674	15292	2662	7187318	5821698	1127587049090907
360558	339812	20746	4682	11150418	9897260	1127587061062395
1180158	1163212	16946	2947	7360480	7246794	1127587070061973
860038	844534	15504	3937	9470050	8906626	1127587080853755
1311838	1166566	145272	1218	3910944	3920694	1127587086547503
1179516	1164604	14912	367	2193004	2086632	1127587090381173
1185720	1164560	21160	4643	10181052	10663086	1127587102208675
1177616	1160774	16842	3985	9434510	9320212	1127587113283081
1313592	1296196	17396	1715	5010896	4917228	1127587120067013
1180102	1164866	15236	948	3646256	3248676	1127587125355493
1180736	1165022	15714	1741	4872192	4835140	1127587131868063
563398	547312	16086	3084	7915436	6904842	1127587140808675
798486	783180	15306	1612	5076874	4197812	1127587147155695
927670	911090	16580	82	1891182	1264906	1127587150436875
214372	192324	22048	541	2442096	1468470	1127587153553509
1180852	1162950	17902	1064	4142026	3481498	1127587159335973
1180098	1165172	14926	1438	4138642	4230666	1127587165115175
331452	314628	16824	4076	9455122	8655662	1127587175362437
985672	970006	15666	224	2127666	1606254	1127587178936663
365032	348604	16428	447	2748536	1432552	1127587182527973
1180626	1163562	17064	757	2878138	2867536	1127587187047547
1177020	1162052	14968	4618	10882518	10588612	1127587199567841
1198416	1166780	31636	436	2255580	2242650	1127587203483201
553604	538292	15312	3427	8515568	7580418	1127587213012315
1012156	996822	15334	270	2185688	1727570	1127587216686841
1028460	1011578	16882	3861	9400140	8923554	1127587227587063
1189094	1162506	26588	2504	6587950	6369538	1127587235823627
508914	484868	24046	748	3055916	2177002	1127587239849427
823708	808610	15098	979	3295310	2955634	1127587244428165
881904	866042	15862	2357	6303660	5769508	1127587252074321
1177556	1162306	15250	43	1886830	1436038	1127587255601947
1178406	1162592	15814	4633	10336052	10619528	1127587267574721
1177102	1162256	14846	2468	6459598	6285186	1127587275673355
738474	723134	15340	1151	4279006	3214454	1127587281152663
803870	676394	127476	3447	8747210	7870388	1127587291163965
464124	448254	15870	3099	7973836	6834358	1127587300062223
751432	736152	15280	1272	3685216	3467566	1127587304959453
892898	877374	15524	4199	9978530	9463710	1127587316300843
686060	670724	15336	1753	5175172	4364724	1127587322623957
415906	398930	16976	3094	8017974	6776970	1127587331527715
1162162	1132016	30146	2978	7543844	7290372	1127587340693921
410234	192846	217388	4698	10869606	9978658	1127587352443895
773680	758408	15272	3538	8394596	8021984	1127587362071281
402234	384908	17326	1790	5424106	4155856	1127587368357755
776782	760288	16494	184	2152738	1317316	1127587371748293
1249946	1168226	81720	2449	6260784	6320552	1127587379719383
320144	304136	16008	4167	9926914	8827168	1127587390429481
1193168	1163390	29778	2790	7224312	6946416	1127587399306565
1163688	1138612	25076	8	1282524	1368850	1127587402224933
335618	317080	18538	345	2062822	1211700	1127587405094983
1181124	1164286	16838	2434	6541268	6234910	1127587413290427
1181098	1161854	19244	1518	4389232	4409450	1127587419334383
1190972	1173220	17752	3876	9152578	9127478	1127587430152155
1177950	1161270	16680	475	2465500	2312212	1127587434267095
6552458	6550566	1892	628	2719054	7993318	1127587444011587
663416	643670	19746	3792	9225736	8432426	1127587454374401
1185298	1168056	17242	2114	5818074	5599184	1127587461850227
1184992	1167968	17024	2550	6709830	6469686	1127587470217845
224432	207208	17224	138	2203654	685278	1127587473119201
794442	777484	16958	4150	9673416	9279778	1127587484059223
1180690	1162578	18112	2659	7002904	6683210	1127587492715275
573660	558324	15336	1973	5253940	4692816	1127587499010201
1180470	1163720	16750	3768	9153422	8891460	1127587509858915
557298	539878	17420	4173	10157596	9076718	1127587521033667
1286948	1269864	17084	2066	5974706	5591024	1127587528755255
291612	179826	111786	157	2118670	782698	1127587531635895
730184	714716	15468	3739	8847808	8380394	1127587541676387
987400	969270	18130	2993	7649690	7147064	1127587550775543
1179508	1164056	15452	728	3135612	2808378	1127587555559613
469780	454034	15746	183	2242540	1009530	1127587558731863
1184490	1163234	21256	4562	10590928	10481760	1127587570978485
783968	765776	18192	1618	4580094	4193396	1127587576813885
1203634	1188364	15270	970	3658112	3317802	1127587582147521
1176548	1160838	15710	4618	10550742	10585152	1127587594334343
1172924	1157736	15188	358	2301454	2061930	1127587598266721
712366	696138	16228	1157	4174194	3199654	1127587603614103
1003108	986664	16444	3241	8157936	7657672	1127587613236787
1174802	1159892	14910	4692	10970360	10732206	1127587625844375
249680	230958	18722	411	2532316	1244964	1127587629087223
1179492	1161950	17542	546	2454358	2443834	1127587633180997
1175528	1159246	16282	3644	8824008	8638880	1127587643640973
1180110	1161318	18792	4623	10999104	10598898	1127587656281547
447232	430254	16978	2433	6206468	5498294	1127587663408615
638904	615920	22984	3730	9007064	8285288	1127587673528195
213430	193318	20112	3606	8521838	7611226	1127587682736703
334104	314750	19354	3548	8530252	7616338	1127587692081263
1182472	1166420	16052	901	3695694	3170044	1127587697431521
365736	350024	15712	193	1865214	925434	1127587700122733
1175852	1159870	15982	897	3155122	3143064	1127587704914837
459718	445122	14596	687	3210652	2006626	1127587709054655
1315300	1184726	130574	4937	11309980	11361266	1127587722140117
1206978	1189428	17550	895	3439764	3170052	1127587727247783
1307428	1292766	14662	4204	9493218	9889488	1127587738634161
360082	344782	15300	1193	3684758	2918004	1127587743150755
1174166	1158662	15504	1157	4009086	3661974	1127587748794787
1175284	1159594	15690	1775	4888304	4899466	1127587755327855
495086	478150	16936	3359	8176652	7385620	1127587764461605
296902	281556	15346	2438	6187546	5345960	1127587771405355
1016104	999366	16738	912	3566746	3011772	1127587776448525
1177766	1162330	15436	3817	8793830	8985042	1127587786880103
1176842	1161688	15154	1772	5434624	4894972	1127587793961121
1034948	1019702	15246	834	3048658	2876088	1127587798505201
1176574	1161086	15488	2446	6703974	6240798	1127587806846775
528518	511248	17270	3018	7432252	6737122	1127587815278655
520484	504934	15550	1080	3747382	2853732	1127587820004561
491202	475234	15968	326	2480620	1315670	1127587823437263
529892	513194	16698	2323	6019402	5349608	1127587830447917
477936	462270	15666	168	1933564	987762	1127587833319935
815520	800850	14670	2089	5544832	5169492	1127587840141445
626954	611472	15482	2884	7593698	6567920	1127587848822813
1177380	1162202	15178	2153	5796032	5656628	1127587856267173
1180566	1163566	17000	2873	7609674	7099490	1127587865518303
1181006	1163992	17014	4577	10823016	10509058	1127587877982645
957170	936190	20980	2046	5583870	5223052	1127587884984775
1279380	1264634	14746	3282	8147710	8018804	1127587894880917
1208718	1192852	15866	2183	5947152	5747142	1127587902506173
862118	843910	18208	1024	3954438	3083610	1127587907783663
608844	591608	17236	3381	8353156	7557052	1127587917218281
774410	757842	16568	2619	6917452	6198058	1127587925383795
1251648	1234832	16816	2207	5774636	5851948	1127587932883005
296302	272826	23476	2764	7278046	6012744	1127587940939583
1184510	1167388	17122	1235	4312250	3841206	1127587946919743
1010464	995098	15366	4500	10577564	10195288	1127587958989481
1289354	1163320	126034	2002	5889640	5465784	1127587966638315
448488	433104	15384	758	3150858	2138290	1127587970717441
323376	308374	15002	1917	5498744	4329306	1127587977006275
375470	359436	16034	4866	11316090	10283942	1127587989176253
1031312	1015464	15848	1565	4833598	4333540	1127587995502053
976590	961610	14980	2710	7001400	6570096	1127588003941275
1199606	1184990	14616	3802	9427912	8976350	1127588015030195
988728	972356	16372	3889	9725130	8940192	1127588026205245
424158	406942	17216	1803	5446130	4202774	1127588032534613
1174316	1158364	15952	3098	7870524	7543510	1127588042040703
1177194	1159934	17260	377	2361802	2103418	1127588046039557
458488	441038	17450	2894	6990850	6418918	1127588053950805
1178180	1161758	16422	1815	5494158	4981386	1127588061082423
1173628	1158942	14686	697	2670972	2740366	1127588065387863
332026	314912	17114	2187	5906588	4878012	1127588072086175
703472	686326	17146	3418	8713452	7711756	1127588081963565
990416	975226	15190	1080	4020668	3323818	1127588087434481
1175124	1159854	15270	4588	10548752	10524492	1127588099619081
1150396	1128862	21534	1679	4885382	4681838	1127588106116303
1179802	1162128	17674	3070	7731318	7492406	1127588115487775
1182328	1164792	17536	785	3159022	2938894	1127588120302253
1005082	987164	17918	2971	7601372	7132168	1127588129380917
1177088	1160708	16380	1889	5424868	5140894	1127588136456881
1201338	1166656	34682	3379	8359110	8143888	1127588146491075
1190532	1172534	17998	1766	4964358	4907638	1127588153118183
1174596	1159646	14950	3274	7984224	7898096	1127588162750055
1040898	1026204	14694	1153	3853024	3520676	1127588168114345
1180766	1164350	16416	1844	5331568	5041954	1127588175088187
344710	329322	15388	4103	9342418	8722746	1127588185233995
1177598	1162196	15402	2491	6777158	6333648	1127588193648837
652714	635870	16844	2528	6747112	5881084	1127588201509893
1293078	1162546	130532	2361	6317262	6187924	1127588209580215
851452	835536	15916	3613	11507940	8251136	1127588222400485
1261636	1246776	14860	4592	10989546	10618570	1127588235112565
742938	725010	17928	3249	8326262	7414854	1127588244641775
1178840	1163574	15266	4848	11366836	11048412	1127588257657601
551024	535854	15170	965	3555164	2653254	1127588262225743
665158	649702	15456	2984	7953394	6806624	1127588271305815
933556	916454	17102	3223	7939484	7552340	1127588280640155
1176932	1160330	16602	2530	6678486	6410778	1127588288963455
1175096	1160208	14888	2681	6929676	6710342	1127588297539555
1180216	1163168	17048	1560	4324850	4473836	1127588303504641
949508	929266	20242	3364	8190024	7849636	1127588313103853
828622	714360	114262	3365	8565138	7731752	1127588322956881
543338	528374	14964	3213	8013984	7145322	1127588331991535
577474	562148	15326	1309	4362226	3367372	1127588337391615
1026442	1010526	15916	3605	8482268	8412518	1127588347360507
1288554	1272082	16472	360	2460614	2182762	1127588351570595
1147560	1124316	23244	4757	10774720	10833866	1127588363953495
539454	524198	15256	142	1875854	994968	1127588366829375
263096	247256	15840	2001	5366246	4438050	1127588372928969
1176798	1161352	15446	3810	9286130	8973324	1127588383858573
568438	551630	16808	1020	3833082	2781896	1127588388720183
812380	795216	17164	3852	9627664	8691436	1127588399628045
865988	850528	15460	56	1936998	1151670	1127588402891627
968628	953950	14678	4159	9787852	9458792	1127588414118183
443360	426482	16878	3229	8268968	7074584	1127588423290933
1294452	1176838	117614	375	1929416	2228822	1127588426988023
1185858	1168820	17038	1427	4465890	4228372	1127588433131401
950964	932742	18222	3318	8224202	7775318	1127588442780423
867244	848850	18394	88	2013036	1231526	1127588446144695
474600	454310	20290	3309	7992534	7277480	1127588455083957
526052	510758	15294	4516	10981888	9744542	1127588467065195
717526	701920	15606	4325	10492056	9540214	1127588478734583
521058	504562	16496	1821	5283196	4337242	1127588485018095
1207768	1190918	16850	52	1744788	1487008	1127588488430757
262038	245560	16478	4542	10446872	9519414	1127588499600925
476230	460912	15318	291	2429036	1231888	1127588502969107
1182160	1164026	18134	3259	7434422	7873688	1127588512054983
1179464	1162362	17102	4029	9184480	9411062	1127588522880183
1191468	1173168	18300	4554	11006370	10473162	1127588535552093
1177926	1161884	16042	2045	5730244	5441362	1127588542922503
1178760	1161708	17052	2378	6429878	6110710	1127588551087293
1178580	1163050	15530	3803	8941928	8957406	1127588561669023
267314	251914	15400	2660	6913154	5759866	1127588569309703
1193050	1175352	17698	4020	9787530	9407344	1127588580751335
1180874	1163566	17308	3310	7960798	7973776	1127588590367085
204342	189074	15268	3669	8615316	7715230	1127588599646481
1177108	1161192	15916	3489	8422924	8329112	1127588609707165
1247720	1163962	83758	640	2906360	2700684	1127588614323761
610098	481200	128898	1712	4985808	4207050	1127588620380067
1182468	1166768	15700	2758	7193550	6871302	1127588629214401
7065426	7063590	1836	1168	3490850	9574766	1127588640231303
1175974	1159546	16428	780	3159338	2921276	1127588645037877
895002	876616	18386	278	2383810	1636636	1127588648788893
637734	619134	18600	4858	10650186	10538998	1127588660559515
1129844	1112352	17492	2826	7246782	6966984	1127588669419601
1175542	1158900	16642	2268	6324630	5897218	1127588677391195
1178682	1159098	19584	3785	9244310	8933118	1127588688286135
1191266	1162370	28896	4697	11257412	10758318	1127588701194635
633638	618242	15396	2197	5751420	5204630	1127588708040961
1173946	1159070	14876	4071	9350042	9487710	1127588719025183
1177510	1162098	15412	3753	9203062	8857702	1127588729868667
209106	193654	15452	1188	4256904	2757418	1127588734796223
814230	798148	16082	1912	5232370	4811794	1127588741323303
1175726	1160458	15268	698	2979004	2744278	1127588745938743
869998	853586	16412	2219	5616442	5480966	1127588752886983
1015738	1000946	14792	4056	9802370	9302866	1127588764174623
1201312	1185246	16066	2425	6149750	6223548	1127588771986165
1178464	1163044	15420	2190	5992114	5730648	1127588779617223
1177836	1157048	20788	308	2032204	1965612	1127588783286573
231138	213536	17602	2187	5878942	4777950	1127588789855823
1177366	1162522	14844	1406	4390780	4161638	1127588795884001
1176622	1161558	15064	1209	3726840	3768200	1127588801249227
426804	410268	16536	2610	7050304	5819828	1127588809187361
1002490	986694	15796	201	2187958	1577718	1127588812839023
1099640	1083280	16360	1784	4950624	4858808	1127588819360117
1173780	1158364	15416	2659	6899958	6665590	1127588827894195
1082142	1067272	14870	2130	5486736	5515400	1127588834922493
1178982	1163118	15864	1284	4197658	3923006	1127588840767303
286268	271006	15262	2430	6108506	5319178	1127588847642507
267136	194468	72668	4695	11169344	9830382	1127588859541315
711824	695658	16166	4905	11207122	10693858	1127588871921907
1183496	1167472	16024	2076	6021174	5507912	1127588879587493
1184542	1169752	14790	2692	6613548	6740962	1127588887846485
1178782	1162380	16402	3880	9352250	9110956	1127588898838655
1183856	1167640	16216	3979	9668078	9316992	1127588910159641
1232110	1167562	64548	4091	9777022	9586310	1127588921629795
1173690	1158886	14804	551	2782110	2449094	1127588926047343
754228	736880	17348	1069	3917722	3065908	1127588931179845
1132160	1116854	15306	3150	7923968	7605526	1127588940697703
1116896	1100162	16734	3413	8435022	8115142	1127588950718355
711858	696262	15596	1759	5352410	4405486	1127588957251263
669246	653504	15742	1770	4939296	4384302	1127588963320623
742716	725090	17626	4588	10757680	10092092	1127588975284001
822276	805262	17014	1953	5504076	4900244	1127588982171495
668726	652072	16654	4215	10300684	9271614	1127588993601863
792796	776892	15904	4713	11004906	10392168	1127589005859845
1176090	1160790	15300	2835	7320688	7018490	1127589014815063
1199702	1182656	17046	308	2004458	1987924	1127589018490653
1181648	1165740	15908	4377	10251324	10108922	1127589030384493
1179104	1163544	15560	2844	7368528	7039348	1127589039391917
1174278	1159600	14678	137	1606554	1620122	1127589042633055
1182130	1165262	16868	1670	4525640	4694384	1127589048816863
1129968	1114210	15758	4240	9795214	9782676	1127589060210605
1180978	1163270	17708	4037	9417250	9428790	1127589071269521
1100902	1086158	14744	3400	8361046	8073744	1127589081191383
452002	435944	16058	120	2085242	864856	1127589084188445
1182318	1167730	14588	2891	7142796	7136582	1127589092972715
1174532	1159140	15392	3402	8583292	8152160	1127589103200837
949684	933598	16086	4914	11107614	10950734	1127589115717903
1215360	1199534	15826	4014	9908464	9415024	1127589127303475
