# Loop @ Start frequency 800000Hz took 2674.31 cycles
# Interval [2670 ; 2679]
# Q1 : 2650 ; Q3 : 2652
# Loop @ Target frequency 2200000Hz took 971.82 cycles
# Interval [970 ; 973]
# Q1 : 962 ; Q3 : 966
# Confidence intervals do not overlap, alternatives are statistically different with selected confidence level
Change time (with write) [cycles]	Change time [cycles]	Write cost [cycles]	Wait time [us]	Time since last frequency change request [cycles]	Time since last frequency change [cycles]	Detected frequency change timestamp [cycles]
911922	834152	77770	3567	577688294	577224744	1119862563988213
1699562	1661962	37600	4812	11352724	11865124	1119862577277723
1644672	1607202	37470	907	3527532	3984950	1119862582684841
966450	920002	46448	3036	7806452	7566400	1119862591692571
1403966	1366706	37260	4996	11186262	11923454	1119862604522015
1830696	1793296	37400	2463	6642544	7283216	1119862613230677
1591564	1555176	36388	4156	10035920	10427666	1119862625093365
2184676	2147688	36988	3982	9617648	10674146	1119862637130377
1509478	1472588	36890	4075	9384046	10185268	1119862648259099
1967796	1929656	38140	3998	9717660	10498268	1119862660179317
1946868	1909038	37830	3427	8583892	9337918	1119862670944349
1724674	1687594	37080	2191	5547118	6655674	1119862678450125
1773624	1641022	132602	4544	10800696	11390004	1119862691259413
1922762	1886034	36728	3891	9414794	10230734	1119862702831993
1579606	1539114	40492	4101	9702980	10308904	1119862714348815
1412132	1374700	37432	3295	8328024	8550780	1119862724323181
1794488	1676500	117988	2535	6653364	7412436	1119862733005499
1194014	1156436	37578	27	1508910	1776066	1119862735943005
2068424	2029054	39370	2511	6750784	7626296	1119862744997385
1442952	1405152	37800	4626	10822712	11219132	1119862757497843
1406946	1367478	39468	4697	10780680	11327416	1119862769919747
1509044	1470282	38762	4859	11432240	11761342	1119862783095703
1258320	1220698	37622	1572	4693482	4929210	1119862789282919
2043856	2006656	37200	447	2600350	3464728	1119862794162447
741616	704498	37118	3556	8069564	8378778	1119862803208047
1462176	1424358	37818	4871	11456414	11730616	1119862816360477
1543208	1504676	38532	3275	8113114	8631816	1119862826251437
1402078	1365048	37030	1540	4573738	5029456	1119862832462277
1419584	1383346	36238	3078	7437682	8115394	1119862841553735
1519250	1481556	37694	1572	4867830	5188580	1119862848175349
1720208	1673616	46592	1286	4231712	4833656	1119862854362237
1931874	1895882	35992	4158	9775206	10784454	1119862866303883
2087724	2050954	36770	156	1785388	2946634	1119862870411683
1842902	1803980	38922	590	2019330	3547360	1119862874508841
1547538	1508828	38710	1788	4438722	5648708	1119862880729429
1296510	1233110	63400	4822	10794274	11487130	1119862893054239
1021254	984182	37072	271	2039376	2087886	1119862896349003
4135556	4097806	37750	2722	7108880	10113324	1119862907843175
1513134	1476714	36420	3041	7671982	8122314	1119862917262755
1407804	1365404	42400	1519	4158278	4971004	1119862923063405
3710416	3674378	36038	1506	4741608	7245360	1119862931749937
1934318	1897720	36598	4306	9440654	11071618	1119862943363687
1449190	1413130	36060	3273	7695400	8521480	1119862952742521
1962094	1924364	37730	1904	5526442	6295976	1119862960465315
1807858	1770866	36992	2294	6539442	6920708	1119862969047087
1381394	1342872	38522	1597	4258462	5109522	1119862974922573
4177386	4128434	48952	2113	5941840	8927686	1119862985276475
258488	220724	37764	412	2572292	1609030	1119862988341529
782300	727270	55030	138	2005090	1606330	1119862991363311
1319832	1283210	36622	3347	8403072	8538900	1119863001320861
1108166	1071436	36730	16	1740960	1666548	1119863004405117
3459810	3423162	36648	1746	5223012	7477250	1119863013322691
2104312	2050024	54288	4935	11585312	12500882	1119863027247113
1911068	1872288	38780	3464	8532878	9365688	1119863037925797
2108560	2069730	38830	3745	8362110	10123462	1119863048631191
1692916	1655068	37848	2732	7186558	7683196	1119863057745357
1723372	1686192	37180	1498	4223994	5244404	1119863063931833
1244578	1205518	39060	4146	9595804	10062776	1119863075006937
1205668	1166168	39500	1096	3905128	3922976	1119863080351977
1447646	1404434	43212	1260	4240116	4503894	1119863086273915
1807886	1771378	36508	4117	9960124	10577456	1119863098276107
1061200	1021972	39228	2011	5227252	5607620	1119863104799281
679568	642400	37168	172	2046280	1548680	1119863107759649
603842	548040	55802	2268	6084250	5663770	1119863114685881
1810814	1773654	37160	4094	9899716	10523504	1119863126630865
2058688	2020938	37750	745	2734398	4081450	1119863131658609
1732640	1695590	37050	2672	6565354	7603942	1119863140198511
1743740	1706562	37178	3355	8017006	8979842	1119863150193481
1508848	1471622	37226	1239	3641876	4512302	1119863155578553
1676992	1638732	38260	4099	9906690	10398662	1119863167396653
795822	671722	124100	3278	8226590	7877544	1119863176653343
1112598	1072562	40036	2673	7207784	7124444	1119863185208063
1027706	990134	37572	2143	5380294	5841364	1119863191851135
940742	903624	37118	1737	5325570	4964442	1119863198352163
1715912	1676612	39300	1406	4544592	5074980	1119863204847281
952602	849504	103098	797	2941794	3071322	1119863208975993
469272	431672	37600	643	2316838	2292752	1119863211996593
2039996	2003056	36940	3558	8867084	9706356	1119863223139177
1818082	1781704	36378	4047	8998548	10450142	1119863234191163
1379882	1313142	66740	882	3356646	3678410	1119863239163011
2170838	2131998	38840	2473	5871126	7661360	1119863247439949
1474300	1436028	38272	1585	4799786	5169330	1119863253949341
1952248	1875548	76700	2540	6438092	7558854	1119863262575159
1853254	1813964	39290	4264	9795148	10916226	1119863274458175
1692798	1654530	38268	2738	6659938	7708298	1119863283045629
1707404	1668052	39352	2733	7214388	7698614	1119863292202173
1476376	1435206	41170	4271	10089536	10553426	1119863304003027
1630504	1593482	37022	2902	7543044	7980974	1119863313411103
1955938	1916218	39720	3628	8456700	9736698	1119863324058389
1487106	1450196	36910	3111	8071058	8245826	1119863333851465
276486	238334	38152	266	2236132	1332956	1119863336598835
841754	787362	54392	4833	11383110	11033262	1119863349057973
388868	352260	36608	157	2019400	1227538	1119863351701079
759564	720872	38692	226	2157602	1735284	1119863354857783
1350838	1313926	36912	1531	4783830	4938926	1119863361227037
1599368	1563368	36000	3004	7732210	8132778	1119863370793437
1979808	1940458	39350	3731	9082348	9967128	1119863382089837
1670434	1631834	38600	4131	10001550	10473796	1119863393996415
2118584	2081012	37572	3481	8704822	9628596	1119863405054433
2276924	2149984	126940	587	2894184	3979682	1119863410460693
1813262	1774722	38540	4252	10020326	10855562	1119863422529023
1917084	1873632	43452	3693	8505454	9838944	1119863433186753
3255608	3217066	38542	3638	8836818	11057878	1119863445513117
2143502	2100672	42830	2737	6737762	8141942	1119863454628963
1571638	1526586	45052	1854	4817524	5815886	1119863461253037
1721746	1683376	38370	262	2132110	2769476	1119863465341095
2087434	2050406	37028	2312	5509686	7235126	1119863473172815
2060258	2021778	38480	533	2634448	3651848	1119863478101579
843146	805966	37180	3593	8909522	8569704	1119863488088385
1101844	1062324	39520	99	2039804	1850752	1119863491464973
1497944	1458142	39802	4288	10316022	10597524	1119863503513003
1747472	1710054	37418	4109	9939340	10491304	1119863515434433
1939392	1899750	39642	2408	6527736	7281150	1119863524136311
1625484	1588752	36732	3027	7270352	8206922	1119863533266353
629484	591554	37930	4985	11475282	11124864	1119863545606263
1832100	1791270	40830	678	3195390	3713658	1119863550990779
1022270	983700	38570	2117	5448910	5783672	1119863557696961
1919256	1880574	38682	2293	6300120	7033006	1119863566157925
585510	546270	39240	1789	4698306	4688570	1119863571676091
1674412	1637224	37188	914	3531910	4025634	1119863577120883
1577956	1399476	178480	4153	9941138	10411626	1119863588874397
1764728	1448818	315910	1515	4567746	5320040	1119863595441059
1306784	1267704	39080	1040	7154718	3913452	1119863604137053
996562	956804	39758	4496	10715016	10525882	1119863616082783
774576	735696	38880	3415	8797102	8790786	1119863625888657
1747440	1710000	37440	4104	9487586	10481570	1119863637359441
1945010	1906560	38450	3390	8497296	9250332	1119863648037041
1693388	1654418	38970	3186	7486026	8589686	1119863657451357
1405782	1367750	38032	4864	11445858	11659600	1119863670537521
1995218	1956536	38682	3823	9357842	10168418	1119863682124887
2259568	2218190	41378	4098	9092550	10982068	1119863693711189
1192826	1155046	37780	155	1269616	2027906	1119863696412417
2084828	2046252	38576	3875	9472848	10362204	1119863708204413
1687742	1514810	172932	4861	11262362	11959882	1119863721389191
1728186	1689364	38822	2928	7463792	8110542	1119863730815515
1756642	1707462	49180	110	1314996	2513712	1119863734121923
1394994	1356842	38152	1900	5101166	5721842	1119863740852233
1536788	1500056	36732	4545	10158124	11162916	1119863752781967
1711990	1675652	36338	3369	8032658	9001442	1119863762761051
2090812	2053692	37120	2297	6299678	7209684	1119863771385853
1811978	1772566	39412	4406	9880688	11150006	1119863783312967
1840842	1803222	37620	787	2518656	3938290	1119863787907681
3618602	3581644	36958	3521	8794290	11210104	1119863800555373
791534	752056	39478	2005	6158550	6103504	1119863807740335
1520746	1483316	37430	1318	4361838	4684346	1119863813861437
924058	887276	36782	4294	10294380	10038036	1119863825314637
1727980	1691460	36520	824	3465700	3900312	1119863830742611
1335406	1298468	36938	1278	3733500	4425406	1119863836045947
1807950	1770728	37222	2680	6819770	7694230	1119863844908459
9113556	9106726	6830	1094	3231100	11847416	1119863857487985
951810	914440	37370	3047	7817882	7572528	1119863866492109
1119182	1081104	38078	162	1514164	1989654	1119863869359373
2037952	2000590	37362	1420	4360628	5406912	1119863875992161
1453932	1416192	37740	1616	4097612	5213400	1119863881778161
1496034	1457984	38050	4621	10784834	11264974	1119863894310133
2196354	2159964	36390	1886	5499384	6517906	1119863902240335
1817070	1780310	36760	4189	9999122	10740960	1119863914290931
1193118	1153938	39180	4642	10234912	11003358	1119863925952937
1449916	1411456	38460	2200	6124272	6384548	1119863933761677
1853200	1789980	63220	4100	9797878	10577860	1119863945650861
2224716	2187914	36802	3859	9436708	10467404	1119863957550285
2088934	2051884	37050	1704	5118748	6021434	1119863964992493
1807220	1768550	38670	4153	9453100	10638412	1119863976486631
1662486	1615124	47362	3768	8766982	9733206	1119863987149825
1180784	1144106	36678	2718	7229254	7140344	1119863995794135
1968376	1930848	37528	3756	9220624	10004978	1119864007221627
1410214	1372076	38138	1692	4507342	5320154	1119864013373335
1601228	1564348	36880	4481	10781276	11088838	1119864025990349
2177834	2133412	44422	1863	4978090	6427782	1119864033380853
1362718	1324116	38602	2575	5894144	7060588	1119864040871637
1529910	1364962	164948	1574	4863228	5202620	1119864047498861
1489810	1450720	39090	4855	11441076	11724258	1119864060664589
1262872	1155542	107330	44	1365528	1884634	1119864063527663
1331892	1294262	37630	4716	11171432	11292254	1119864076266553
2200388	2162600	37788	3488	8721502	9726408	1119864087423029
1280126	1236288	43838	2537	6681514	6879308	1119864095618637
1977520	1940090	37430	3773	9255030	10049248	1119864107090039
1511560	1473372	38188	320	1544070	2686020	1119864110380001
1407892	1368452	39440	1013	3807278	3958434	1119864115830283
2062508	2018608	43900	613	2699452	3815288	1119864120826917
1641326	1574586	66740	4795	11303184	11757914	1119864134005515
1363188	1326208	36980	1000	3697378	3902288	1119864139301339
1972302	1935700	36602	2181	6067726	6859590	1119864147576371
1424032	1386954	37078	4979	11127070	11907994	1119864160362033
1065454	1026314	39140	1799	5321244	5201866	1119864166983475
1733426	1695558	37868	1483	4199672	5224298	1119864173151387
1014472	976664	37808	1306	3832066	4152994	1119864178232333
1701784	1662384	39400	1083	3892836	4406456	1119864184061665
1107688	992368	115320	2629	6887624	6916320	1119864192291489
1697116	1658416	38700	847	3413308	3928046	1119864197636877
2249008	2090864	158144	3437	8592968	9648140	1119864208716649
1555370	1517742	37628	2324	5558142	6738832	1119864216065041
2049074	2010652	38422	2335	6425418	7262424	1119864224774563
990772	951912	38860	4813	10730574	11152234	1119864236730163
1015218	977446	37772	4546	10802636	10634048	1119864248782557
894706	857878	36828	3083	7981752	7585498	1119864257893947
1209296	1172216	37080	4348	10536624	10439204	1119864269874485
1285428	1246912	38516	1639	4984582	5090418	1119864276380607
1866266	1827226	39040	4708	11132336	11816666	1119864289613357
1830460	1792292	38168	3991	9075844	10337312	1119864300757421
1639706	1471696	168010	895	3062992	3977618	1119864305694687
1198916	1161986	36930	130	1263600	1984036	1119864308395767
963776	925176	38600	3547	8834128	8586404	1119864318428577
2038010	2001390	36620	2350	6409606	7262690	1119864327110791
0	0	0	0	0	0	0
1717464	1679652	37812	3071	7846570	8382332	1119864346302013
1411784	1370044	41740	3121	7893856	8202306	1119864355842255
739752	700584	39168	3537	8785632	8338852	1119864365602193
1112788	1073928	38860	1541	4788366	4720260	1119864371741269
1380794	1342054	38740	4851	11410968	11608036	1119864384771165
2140812	2101972	38840	3520	8176732	9716070	1119864395322991
2037756	2000124	37632	3752	9366546	10070374	1119864406961965
1996246	1959646	36600	1926	5133762	6375466	1119864414326397
1143510	1061570	81940	4751	11224846	11182560	1119864426929521
1923448	1885550	37898	2108	5988114	6667070	1119864435075399
1984406	1945428	38978	3409	8394354	9326568	1119864445688207
1697660	1659410	38250	1582	4119046	5387222	1119864451743501
1453432	1416464	36968	1307	3565290	4592662	1119864457001173
1047368	1008386	38982	3269	8244592	8111106	1119864466527027
1504500	1466430	38070	1444	4597924	4916862	1119864472864201
2175134	2020254	154880	367	2445174	3435244	1119864477718765
1719630	1683730	35900	4526	10288128	11293362	1119864489965191
1138906	1100926	37980	1010	3094230	3685666	1119864494432417
1614826	1576076	38750	3218	8193372	8578126	1119864504474297
1405712	1366950	38762	4507	10744330	10946160	1119864516859041
1481868	1442188	39680	3592	8891716	9191668	1119864527467109
1568242	1531442	36800	4429	10561510	10950032	1119864539831411
4073282	4032052	41230	2363	6441070	9323004	1119864550580323
1327068	1289816	37252	3697	9168342	9246658	1119864561310047
1846410	1808780	37630	765	2357370	3901580	1119864565749269
3608418	3546456	61962	3037	7703610	10205926	1119864577299347
1386718	1347496	39222	1186	4087204	4282936	1119864583007457
1245984	1210102	35882	2722	7154524	7214404	1119864591642613
1413330	1373380	39950	2586	6926250	7112020	1119864600219929
1479168	1442544	36624	2562	6847714	7138320	1119864608781779
1837342	1784362	52980	3618	8944406	9598580	1119864619797811
590418	553448	36970	410	1896544	1937330	1119864622522979
1197402	1159224	38178	4858	11266206	11448862	1119864635221753
1419546	1381574	37972	1582	4864108	5106946	1119864641739885
2103484	2065332	38152	3846	9135848	10319154	1119864653217763
1861478	1824288	37190	3808	8733816	10001778	1119864664047597
2012686	1976118	36568	616	3082162	3794456	1119864669376817
1568606	1530916	37690	730	2296606	3554968	1119864673476657
1719634	1682354	37280	4975	10844666	12193256	1119864686275635
3721188	3487086	234102	3171	8071818	10609208	1119864698303077
2110362	2071760	38602	3263	8245248	9175142	1119864708894191
649676	611198	38478	3658	8629260	8490586	1119864718407477
1498744	1452536	46208	2970	7035908	7963296	1119864727176505
1189892	1150494	39398	1899	5066758	5514462	1119864733667593
1086144	1048382	37762	4467	10709208	10545574	1119864745701703
1170202	1133380	36822	4256	10227132	10207980	1119864757337701
1936786	1889686	47100	1769	5263020	5999376	1119864764772195
1059830	1020720	39110	4276	10264556	10137658	1119864776331149
628140	589100	39040	301	2439272	1753310	1119864779633341
1878660	1768560	110100	3424	8573496	9252250	1119864790323809
1161678	1125676	36002	2861	6940888	7409456	1119864798660817
1274132	1237204	36928	4112	9937848	10024094	1119864810107113
1706014	1669076	36938	4151	10023326	10544996	1119864822070905
1817940	1775980	41960	2256	6325922	6864178	1119864830448869
2009474	1972364	37110	4034	9257382	10612794	1119864841950235
1437188	1399950	37238	4903	10629306	11771248	1119864854337929
897060	857650	39410	1688	4642292	4808992	1119864860111731
2071174	2034542	36632	2109	5940102	6825182	1119864868357843
1401626	1364058	37568	1608	4939922	5152488	1119864874934127
1493664	1454972	38692	962	3625914	3941694	1119864880288185
2034644	1996134	38510	3338	8408284	9249216	1119864890965045
1909788	1873198	36590	735	2426754	3917280	1119864895536189
1576790	1538992	37798	1482	3959864	5066250	1119864901307131
1385736	1348278	37458	3071	7407046	8052758	1119864910334077
1932790	1895840	36950	4014	9331276	10508362	1119864921832961
1402376	1365708	36668	1443	3772798	4834526	1119864927242277
1886314	1849014	37300	1781	5293338	5974146	1119864934656405
1547784	1509362	38422	2561	6869282	7195042	1119864943307893
1401714	1363672	38042	2849	7347360	7624302	1119864952291723
900640	862788	37852	1244	4218154	3924148	1119864957644609
1707538	1670058	37480	2967	7638122	8166896	1119864967229397
1464536	1427028	37508	1604	4946026	5197986	1119864973874337
1432992	1396482	36510	39	1650846	2035332	1119864977192743
1510358	1462938	47420	1695	4866712	5427370	1119864983804099
1367402	1323794	43608	4374	10293364	10641212	1119864995703083
2158296	2119998	38298	3531	8785598	9745028	1119865006885857
1298024	1260192	37832	2513	5813220	6856744	1119865014231553
1633980	1597260	36720	2483	6695458	7150550	1119865022795351
1377974	1339236	38738	4695	10287498	11305464	1119865034695335
2135344	2086924	48420	2080	5873072	6819584	1119865042938585
1450660	1411960	38700	4985	11534164	11945100	1119865056157781
1079536	1025886	53650	4703	11024862	11034846	1119865068496527
0	0	0	0	0	0	0
0	0	0	0	0	0	0
1320626	1281614	39012	4218	10156662	10290446	1119865099969455
282590	245790	36800	596	2098248	1999112	1119865102585441
1946984	1904254	42730	4133	9968584	10737704	1119865114735653
1417754	1380076	37678	4664	11056396	11270884	1119865127444385
1947828	1910298	37530	3903	9423040	10279926	1119865139050407
1669776	1626956	42820	1905	4747472	6014126	1119865145702265
1289316	1252898	36418	3540	8206336	8894566	1119865155435637
1184682	1145600	39082	4592	10886712	10893680	1119865167740961
2129254	2092614	36640	4918	11548562	12490464	1119865181657385
1469162	1432570	36592	1158	4024704	4311112	1119865187389361
1701836	1653636	48200	856	3434518	3938286	1119865192759997
1453234	1415534	37700	3235	8178016	8448346	1119865202625285
1904276	1828218	76058	553	2814116	3536856	1119865207578347
1512762	1475082	37680	3179	7640120	8395244	1119865216970653
1607276	1571276	36000	4849	11324216	11830688	1119865230137017
1082000	1043420	38580	4083	9793906	9781670	1119865241247801
1795166	1657976	137190	4279	10373674	10877476	1119865253650887
1722336	1684408	37928	3894	9512620	10034808	1119865265123937
1908840	1859578	49262	1731	5309242	5895568	1119865272576299
1343024	1185574	157450	2542	6788730	6950412	1119865280942503
1657202	1618864	38338	1197	3429854	4585182	1119865286264563
1475106	1437168	37938	4572	10600178	11159348	1119865298574357
1163984	1126736	37248	4725	11026030	11153364	1119865310998385
1063640	1024550	39090	1616	4934830	4821262	1119865317230671
974038	928416	45622	2907	7538766	7313408	1119865325977097
5885036	5878856	6180	2035	5781772	10490094	1119865337878015
1716524	1679592	36932	251	1323020	2744060	1119865341151471
1473466	1436908	36558	4439	10211294	10875056	1119865353070287
1948112	1910404	37708	4084	9343336	10641294	1119865364596933
1817426	1778414	39012	3836	8743242	10025066	1119865375392165
2121266	2083556	37710	1843	5420204	6334164	1119865383167935
2112098	2073666	38432	2724	6320098	8105006	1119865391834717
980332	944322	36010	2228	5309216	5961982	1119865398358903
3401048	3362926	38122	4334	10390312	12604576	1119865412385537
210752	172880	37872	220	1658618	1189290	1119865414489211
2131876	2094458	37418	2469	6660798	7596868	1119865423516197
1226056	1188768	37288	4381	10486754	10511636	1119865435464277
2004952	1956882	48070	3324	8356998	9178130	1119865446061061
1724176	1544038	180138	1701	4106626	5651388	1119865452126377
1609212	1572370	36842	2389	6511610	6926042	1119865460481193
846956	810546	36410	1254	4215894	3880618	1119865465778897
1642848	1490368	152480	1146	3815200	4483756	1119865471475617
3634894	3596976	37918	1524	4769654	7208614	1119865480114785
1417252	1346002	71250	2838	7410704	7644522	1119865489177043
1829218	1792802	36416	757	2909324	3869240	1119865494150939
1561202	1521552	39650	1387	3589844	4861562	1119865499536871
1823424	1779194	44230	1916	5314338	6182824	1119865506909163
1824866	1787748	37118	778	3258096	3905796	1119865512226557
2128832	2091800	37032	3625	8334164	9905560	1119865522924441
1568786	1531356	37430	1366	4440064	4825850	1119865529168307
1697514	1661200	36314	4116	9978448	10456180	1119865541079019
2136476	2098948	37528	3541	8812084	9742928	1119865552261857
3644398	3607536	36862	2343	5638630	8856966	1119865561779697
1183208	1143310	39898	138	1865240	1985998	1119865565066539
835608	798956	36652	3398	8508208	8155706	1119865574660697
507354	445346	62008	577	2461818	2195116	1119865577864455
2174266	2076064	98202	4330	10462594	11372646	1119865590749295
1457176	1419916	37260	1997	4926786	5998258	1119865597368217
2026846	1988946	37900	751	2615490	4055064	1119865602245865
1900934	1862896	38038	304	2330416	3043184	1119865606711815
1537520	1500430	37090	1683	4418410	5439262	1119865612902401
1194456	1158488	35968	24	1293970	1767890	1119865615625307
2118648	2080338	38310	4052	9737024	10748278	1119865627719347
889950	853352	36598	1074	3070426	3563560	1119865631918641
1192728	1153976	38752	192	1437842	2103986	1119865634783457
1763476	1680778	82698	1046	3661188	4380536	1119865640442117
1864836	1826748	38088	1820	5221746	6042982	1119865647763407
986632	948604	38028	1357	4491602	4224602	1119865653481223
2253022	2096684	156338	503	2858216	3783514	1119865658827543
8873232	8866792	6440	3001	6900422	15409162	1119865674835613
1460922	1420414	40508	4432	10571394	10849984	1119865687103193
760256	722776	37480	3206	8122072	7697606	1119865696220477
1561914	1448494	113420	901	3523490	3904014	1119865701540103
1773778	1686180	87598	4711	11102270	11719450	1119865714650269
871382	833902	37480	1660	5031804	4717642	1119865720813463
1886318	1833498	52820	689	2840406	4208530	1119865725774359
1274060	1236700	37360	3718	9146414	9235650	1119865736434019
1591924	1552122	39802	4450	10979234	11018484	1119865749239713
1923748	1885088	38660	3635	8912864	9719618	1119865760311497
1329160	1287050	42110	1159	4147194	4173622	1119865766022841
955564	918464	37100	4807	10776568	11096142	1119865777989133
1026272	988814	37458	4644	11011648	10852264	1119865790261743
1098552	1060792	37760	339	1903806	2302774	1119865793498013
1489418	1450658	38760	3398	8426084	8809086	1119865803662847
1449242	1412260	36982	1625	4415668	5224150	1119865809766591
838890	800780	38110	3388	8350558	8139002	1119865819194221
1806718	1768408	38310	2588	6562906	7507316	1119865827797907
1516412	1480504	35908	4440	10077120	10923534	1119865839629493
1859266	1823208	36058	2426	6049614	7237636	1119865847776377
1129168	1092196	36972	1390	4428994	4433838	1119865853576147
1933052	1896430	36622	517	2741214	3492272	1119865858488041
1096442	1058002	38440	3612	8197966	8845574	1119865868017353
1965400	1928600	36800	3997	9722346	10509132	1119865879940131
1403678	1365638	38040	1515	3790054	4960490	1119865885368429
1129884	1090754	39130	4807	11245402	11268106	1119865897978515
2161208	2124376	36832	2226	6177814	7148146	1119865906551817
1852362	1816142	36220	2777	6516032	7931160	1119865915154881
1408286	1371176	37110	1518	4657458	4967716	1119865921454757
1009418	971610	37808	4911	11537104	11357290	1119865934235819
1729546	1692336	37210	1246	4208002	4754966	1119865940407837
593766	556078	37688	3597	8283744	8312586	1119865949520027
1941500	1905520	35980	3397	8513218	9263768	1119865960209689
1893440	1845688	47752	1898	5338342	6237180	1119865967675639
2036218	1999368	36850	3990	8781964	10539486	1119865978732227
1074404	1037584	36820	1573	4439964	4756956	1119865984480485
1508310	1469810	38500	2998	7704812	8032798	1119865993928249
1829692	1791022	38670	4025	9507174	10404852	1119866005499603
1514718	1476876	37842	903	2819944	3846078	1119866010068497
1810432	1772782	37650	4058	9028598	10449792	1119866021142163
1130836	1093136	37700	2849	6853100	7356398	1119866029360497
1929992	1890092	39900	2038	5786206	6532742	1119866037311583
1059804	1024004	35800	2576	6867494	6734286	1119866045473365
1452106	1415468	36638	1794	4577306	5565986	1119866051737527
1641972	1602862	39110	3309	7617352	8783692	1119866061235363
1301370	1229590	71780	1021	3015872	3867980	1119866065786679
1339238	1292626	46612	2521	6771422	6907748	1119866074136577
774328	736688	37640	256	2243688	1821128	1119866077389689
517978	481056	36922	1647	5000992	4335576	1119866083143287
1023700	976040	47660	3051	7817378	7652652	1119866092218931
687858	651776	36082	82	1891830	1395046	1119866095033077
1829498	1789698	39800	3606	8919658	9565638	1119866106016579
1269458	1233556	35902	1823	5124794	5440458	1119866112644507
3110262	3073348	36914	2797	7309684	9230758	1119866123299227
1610624	1571524	39100	2847	7334900	7831024	1119866132479545
1724130	1686498	37632	4533	10782224	11316728	1119866145220889
2167796	2130796	37000	2314	5833704	7320938	1119866153456477
1632106	1594216	37890	1416	3569506	4989916	1119866158892837
1804620	1768500	36120	4815	10714812	11985118	1119866171646869
1517366	1479016	38350	1925	4765536	5891346	1119866178167955
1176574	1138776	37798	804	3219800	3335854	1119866182799025
2102604	2064732	37872	3314	8392490	9256042	1119866193529063
1144722	1104782	39940	3590	7991260	8849920	1119866202899131
1478000	1440060	37940	4213	10141850	10428320	1119866214754179
458376	421218	37158	4843	10919514	10688938	1119866226366507
1282296	1115544	166752	2107	5949234	6047136	1119866233832445
2237514	2088834	148680	466	2952972	3704832	1119866239257533
519134	480494	38640	165	1386816	1374044	1119866241397245
1398676	1361828	36848	3640	8984566	9203118	1119866252014667
1655606	1619796	35810	929	3488358	4048828	1119866257393467
3225936	3119166	106770	4618	10942418	12985524	1119866271795777
1460144	1423316	36828	3585	8065972	9156096	1119866281561905
1758464	1720382	38082	169	2129046	2621202	1119866285684113
1942214	1904756	37458	887	2795312	4242126	1119866290659945
1954078	1914068	40010	3960	9637546	10400408	1119866302485617
918148	879488	38660	1222	3713148	3899716	1119866307351737
1200156	1162206	37950	256	1429408	2236676	1119866310215625
1440816	1403816	37000	2861	7437490	7697894	1119866319328275
1237006	1199118	37888	1736	5058496	5236076	1119866325858407
1570992	1527420	43572	747	3202366	3590290	1119866330866321
1549134	1511472	37662	4831	11346816	11737194	1119866343996463
933558	897466	36092	3066	7845998	7601256	1119866353010777
1453126	1417058	36068	3173	8057448	8324178	1119866362756197
1668896	1632778	36118	840	3396966	3873378	1119866368056047
1817050	1777740	39310	3440	8666692	9235280	1119866378774081
650232	612174	38058	639	2362110	2464194	1119866382021193
997674	961266	36408	4969	11614460	11481344	1119866394880603
1441712	1404144	37568	2874	7459096	7715012	1119866404016513
1856642	1820532	36110	2794	6561528	7970372	1119866412669403
3527536	3482108	45428	1947	4880868	7960788	1119866421312317
1088172	1051830	36342	3675	8555780	8964142	1119866431190761
1652854	1617046	35808	2683	6649526	7542326	1119866439727335
795014	759004	36010	2129	5704968	5577182	1119866446465423
1402460	1365610	36850	1178	4064656	4283592	1119866452166851
1811696	1773916	37780	4357	10367286	11074588	1119866464580087
1638126	1599814	38312	2768	6773608	7711966	1119866473226355
1405092	1368402	36690	1728	4923034	5386182	1119866479789283
1404272	1367322	36950	1345	4555602	4638712	1119866485990453
1920368	1865058	55310	2397	6543024	7258900	1119866494688429
1113862	1033532	80330	4420	9730474	10489672	1119866505767963
1506018	1467316	38702	4668	10902084	11367936	1119866518413957
1143718	1106740	36978	2509	6531284	6711338	1119866526323639
1686640	1648232	38408	2084	5895922	6402212	1119866534140411
1504078	1466856	37222	1008	3668862	4056526	1119866539547797
1500616	1462744	37872	989	3694948	4006146	1119866544978345
1808422	1769640	38782	2209	6204096	6752040	1119866553226081
801358	764198	37160	2132	5139242	5603786	1119866559401027
1962396	1922834	39562	529	2762412	3544614	1119866564359975
2149242	2111462	37780	1889	5063960	6461794	1119866571806763
524290	487140	37150	480	1914190	2009012	1119866574479761
820064	783878	36186	1836	5391842	5016996	1119866580925437
1922476	1883368	39108	3609	8939714	9665848	1119866592021897
777716	740356	37360	3931	8687222	9164218	1119866601720957
1408340	1370072	38268	997	3697360	3927388	1119866607065669
1974946	1937744	37202	83	1885334	2665584	1119866611160203
942904	904756	38148	1970	4915034	5406974	1119866617252065
1709738	1647866	61872	897	2964522	4031138	1119866622160917
1403864	1366316	37548	3170	7864146	8279634	1119866631662863
1567394	1530594	36800	4614	10954742	11320022	1119866644424423
1844392	1807564	36828	4075	9390214	10542844	1119866655893353
1952482	1915682	36800	1936	5607236	6372940	1119866663687371
2044504	2008676	35828	3810	9211134	10189504	1119866675181195
1526770	1414780	111990	4699	10563208	11449950	1119866687505411
1653396	1616786	36610	2703	7102980	7584996	1119866696495957
1961500	1923218	38282	571	2788100	3692950	1119866701480109
2071994	1912184	159810	2121	5966092	6837324	1119866709752413
1194524	1157632	36892	204	1374392	2126532	1119866712559013
312530	273002	39528	653	3046362	2142572	1119866716152941
757822	721882	35940	4899	11519152	11089566	1119866728664131
1978434	1939796	38638	1951	5615948	6403806	1119866736492615
819234	723494	95740	1533	4345352	4420134	1119866741891515
1639804	1603152	36652	875	3481962	3935442	1119866747247943
2068874	2031334	37540	1820	11711778	6230874	1119866761262955
1404166	1366496	37670	1624	4187034	5176488	1119866767088217
1690416	1652408	38008	4226	10045132	10667836	1119866779058277
1405804	1368754	37050	2530	6612416	6990576	1119866787311715
2006394	1823904	182490	287	2297772	3105474	1119866791850255
1443910	1406882	37028	2017	4937170	6002240	1119866798465721
1491282	1434424	56858	4637	11083664	11289924	1119866811275023
1354796	1319036	35760	3099	7910868	8078006	1119866820774327
632478	594488	37990	3072	7852898	7301328	1119866829493987
1555946	1517946	38000	4460	10437192	11000958	1119866841721387
1757776	1721326	36450	2320	5746080	6922238	1119866849463137
2092580	2055590	36990	3691	9173472	9999536	1119866860963849
1845398	1806938	38460	3515	8735176	9398548	1119866871778557
829294	791744	37550	1689	4241672	4732054	1119866877088515
1886708	1849168	37540	4036	9776542	10482858	1119866888985797
2076944	2020592	56352	3330	8367152	9262732	1119866899663933
1007460	969900	37560	3527	8128664	8586772	1119866909074411
1489702	1452634	37068	4512	10737762	11041142	1119866921536593
1449548	1411696	37852	4272	10255360	10518026	1119866933476317
1782332	1745114	37218	2431	6575672	7170294	1119866942069023
1169018	1112268	56750	1271	3472716	4236992	1119866946945629
304400	185020	119380	270	2214310	1370220	1119866949699001
1164568	1127766	36802	1835	5377738	5359356	1119866956479197
2063878	2027568	36310	2272	6248780	7133066	1119866965026347
1450304	1413246	37058	1381	4471786	4737744	1119866971182705
1996758	1959308	37450	2583	6436644	7689326	1119866979851097
2022576	1986126	36450	4192	9248612	10934296	1119866991356905
1967084	1928284	38800	4268	9657994	11029472	1119867003217213
1603384	1563752	39632	2526	6753648	7179764	1119867011809433
1252612	1215162	37450	4175	10090400	10127392	1119867023386613
1414378	1368338	46040	1343	4150952	4625868	1119867029186429
577472	539520	37952	2034	5778542	5169762	1119867035777431
1530138	1420468	109670	894	3642212	3867046	1119867041188037
1855012	1818242	36770	3835	9453202	10051074	1119867052730803
1525432	1486112	39320	1528	4034350	5120760	1119867058525201
1634214	1598296	35918	3525	8676198	9208904	1119867069069945
2046308	2008398	37910	2292	6379388	7156378	1119867077729877
1268370	1231192	37178	421	1842426	2635712	1119867081080221
1517498	1480418	37080	1282	4422818	4606316	1119867087255117
979236	940518	38718	1609	4943952	4722148	1119867093412797
1457448	1419956	37492	4497	10244482	10977978	1119867105348837
1501102	1463262	37840	1542	4793982	5108284	1119867111878533
1372650	1335148	37502	1225	4176000	4360920	1119867117661979
783618	746988	36630	3580	8469060	8466756	1119867127152797
278560	238828	39732	371	2573932	1546330	1119867130239809
1560464	1522624	37840	2230	6241216	6564836	1119867138275575
2081382	2044594	36788	2381	6077134	7392644	1119867146668453
2055712	2015514	40198	2057	5820824	6694564	1119867154778743
914848	877628	37220	3524	7995638	8500850	1119867163923869
1907314	1854886	52428	2149	5608840	6733986	1119867171674265
1353156	1316444	36712	4944	11605998	11765744	1119867184871905
1851162	1814446	36716	3449	8601610	9276160	1119867195559951
1546794	1482422	64372	4539	10603832	11150092	1119867207945463
306768	162818	143950	192	1642602	1234828	1119867210129257
2009948	1958818	51130	2481	6699054	7519718	1119867219072549
1881930	1843898	38032	4389	9815144	11184052	1119867231004349
1597484	1560432	37052	2949	6817480	8034212	1119867239653893
699088	660618	38470	3720	8989418	8662728	1119867249581417
628346	591318	37028	4840	11394860	10834616	1119867261842577
1978704	1939744	38960	701	3110522	3907912	1119867267166873
1408192	1370562	37630	4793	10812354	11520832	1119867279622291
1456572	1417700	38872	2731	6958968	7442260	1119867288280501
1863734	1826814	36920	3654	8682484	9709556	1119867299061675
1085414	1047052	38362	3423	8537614	8456442	1119867308919273
2077224	2039704	37520	3618	8939946	9837582	1119867320170963
1983912	1945884	38028	937	2722232	4384494	1119867325111573
1793134	1756340	36794	2350	5695360	7043300	1119867332834801
606316	569186	37130	523	1830388	2201518	1119867335505957
1010494	971224	39270	45	1807476	1627094	1119867338558065
923380	883880	39500	445	2600806	2339378	1119867342316929
1812130	1773520	38610	445	2604096	3237308	1119867346967639
1441304	1404436	36868	4271	10259478	10510146	1119867358902735
1346210	1308610	37600	4308	10335944	10486650	1119867370819651
937672	900710	36962	4659	11049562	10780920	1119867383040941
1890242	1849990	40252	598	2811190	3611822	1119867387977443
1788908	1751120	37788	2719	6279268	7751468	1119867396280019
1270872	1233432	37440	2527	6716628	6858960	1119867404502001
1813334	1776606	36728	2390	6496336	7118586	1119867413046315
1658324	1618526	39798	1682	4236194	5571916	1119867419175265
908514	871776	36738	1631	4987042	4696026	1119867425305525
908570	870092	38478	128	1503190	1687680	1119867427951541
3652734	3613546	39188	4569	10861428	13330546	1119867442699615
1891614	1853162	38452	126	2039194	2669622	1119867446864473
1193952	1156108	37844	87	1357892	1901524	1119867449650733
1906928	1870618	36310	3824	9395374	10079026	1119867461191617
1858402	1819314	39088	3739	8568992	9861982	1119867471853013
1578108	1541246	36862	3153	8011244	8408276	1119867481676687
1917236	1879688	37548	318	2310764	3078458	1119867486143757
1290458	1253578	36880	2058	5058258	5931026	1119867492726927
1022426	982728	39698	3238	7729532	8034758	1119867501712767
472452	433392	39060	312	2335904	1620882	1119867504758863
702798	663238	39560	3157	8021328	7540978	1119867513728999
796676	760384	36292	3223	8193352	7793766	1119867523212855
886462	847060	39402	243	2197014	1897812	1119867526530631
2110952	2073370	37582	467	2639064	3571970	1119867531515051
1714220	1675912	38308	4652	10520502	11544050	1119867543984211
1663658	1624442	39216	4695	10511506	11578272	1119867556393591
2104202	2063972	40230	762	2903652	4164120	1119867561636151
1297134	1258856	38278	963	3076688	3746426	1119867566248965
1084322	1046554	37768	400	1673824	2410442	1119867569242163
1362486	1187638	174848	3189	8091322	8266428	1119867578930307
1406538	1369636	36902	4682	10548804	11294076	1119867591120177
840530	802218	38312	1819	5470942	5004088	1119867597666219
1541062	1504834	36228	895	3498740	3858734	1119867602956633
1192034	1153454	38580	320	6949684	2356824	1119867611333535
587130	551200	35930	3966	9659984	9045968	1119867621814529
2027296	1988996	38300	714	3130354	3979016	1119867627206777
2051526	2012084	39442	2764	6447492	8108554	1119867635940915
1064734	1027174	37560	1471	4455624	4533062	1119867641696023
516634	480422	36212	1798	5308648	4637782	1119867647759863
711806	673948	37858	3201	8116468	7638256	1119867656826917
2206372	2168712	37660	1900	5511420	6530944	1119867664779433
1411078	1374346	36732	4672	11047066	11278578	1119867677472087
1902356	1865540	36816	153	1950272	2732858	1119867681559287
1771400	1728960	42440	3198	7199470	8690000	1119867690768341
637168	512156	125012	588	2315280	2350008	1119867693956097
1847054	1807636	39418	2721	7143336	7839406	1119867703193855
1394160	1222132	172028	1103	3726198	4124820	1119867708548971
481692	424552	57140	2384	5813210	5786484	1119867715078423
1506022	1469092	36930	2908	7323336	7844772	1119867724142593
1838750	1801738	37012	372	1998188	3108658	1119867728213339
1520544	1473064	47480	3139	7592934	8323404	1119867737561055
1757286	1720254	37032	1263	4232536	4805284	1119867743789775
1436914	1400124	36790	2561	6188250	7084694	1119867751653315
996270	958720	37550	1519	4520658	4559162	1119867757408711
1846000	1809220	36780	1868	5463276	6107632	1119867764952371
3487868	3447868	40000	3472	7897146	10979650	1119867776572109
1485876	1449018	36858	4907	11533374	11826606	1119867789826037
1523974	1486362	37612	4167	9841938	10382952	1119867801426103
1661876	1623198	38678	951	3452832	4087758	1119867806775877
1807854	1770934	36920	1851	5430164	6034876	1119867814247815
1427740	1390588	37152	1590	4129956	5132420	1119867820039629
535688	498340	37348	589	2383996	2238340	1119867823193579
1254632	1217744	36888	195	2093856	2168342	1119867826792443
1941492	1904530	36962	2721	7152758	7909562	1119867836121381
1322868	1285840	37028	2067	4995940	5981368	1119867842674649
2086784	2049574	37210	2388	6007010	7410326	1119867851002455
1781580	1745360	36220	4887	10864858	12103298	1119867863883159
1760392	1723472	36920	4998	10922182	12279062	1119867876799961
1717144	1680414	36730	1048	3237490	4362412	1119867881988643
1813830	1776470	37360	388	2588392	3127718	1119867886625219
2016984	1975994	40990	4060	9212506	10684112	1119867898088363
1713638	1632340	81298	918	2938816	4076428	1119867902974989
2033212	1996078	37134	3950	9651852	10457684	1119867914894463
1441548	1405396	36152	3299	7362152	8574546	1119867923932697
1240228	1203228	37000	2518	6700638	6834578	1119867932107257
1804454	1767542	36912	1972	5733584	6299514	1119867939879523
1207378	1167750	39628	2965	7190926	7664338	1119867948512339
1604858	1566796	38062	4362	10427934	10854458	1119867960779727
1278004	1200556	77448	4345	10398744	10491714	1119867972690705
1167806	1129578	38228	252	1341734	2195208	1119867975434547
1144314	1107284	37030	2260	6241952	6191154	1119867983055045
1488486	1451676	36810	3056	7819240	8126316	1119867992597097
1818724	1711244	107480	1249	4088770	4840756	1119867998739255
1404822	1367510	37312	3482	13601308	8894142	1119868013979271
1562422	1525744	36678	578	2724278	3242312	1119868018500823
1465476	1427582	37894	3726	8211264	9442740	1119868028411801
1874002	1837034	36968	432	2351516	3276252	1119868032872353
1662844	1623222	39622	1476	3895526	5162674	1119868038665053
971824	934074	37750	1578	4284970	4671494	1119868044155995
1755396	1717576	37820	2249	6238000	6799278	1119868052383547
1558046	1520536	37510	4532	10179980	11146576	1119868064356107
784952	748290	36662	38	1817700	1384710	1119868067192981
1791042	1752360	38682	701	2903594	3716358	1119868072123019
1725298	1687030	38268	2883	7494418	8030800	1119868081577139
2074666	2037574	37092	3978	9263058	10555416	1119868093152465
2054086	2016256	37830	3495	8475336	9570916	1119868103916315
928066	891136	36930	3730	8326332	8913528	1119868113405777
955126	917688	37438	4538	10783204	10555136	1119868125378747
1521356	1484076	37280	1181	4070614	4409716	1119868131204945
1882976	1828396	54580	2714	6555276	7838114	1119868139878425
1133568	1096756	36812	1225	3974966	4109438	1119868145222937
1525584	1489116	36468	2628	6977966	7307726	1119868153961025
1594038	1555632	38406	4001	9725884	10134510	1119868165515331
1182778	1124628	58150	1268	4378094	4256488	1119868171310577
1215292	1176202	39090	1116	3516430	3974562	1119868176276403
1562472	1524182	38290	4282	10234654	10674642	1119868188307561
1692320	1654388	37932	493	2726722	3225512	1119868192961319
1900706	1862950	37756	556	2817210	3537874	1119868197913695
3441206	3403486	37720	4864	10516248	13694294	1119868212106075
850684	813352	37332	3641	8844544	8680402	1119868222035513
716634	654726	61908	3694	8949546	8650614	1119868231935375
1917998	1878526	39472	3797	9323632	10048464	1119868243410705
2059506	2022026	37480	360	1891286	3305424	1119868247596195
602000	564350	37650	3414	8541542	7958242	1119868256978491
1622664	1584224	38440	2952	7631396	8052814	1119868266467113
826964	784364	42600	4922	11331172	11217714	1119868278859303
1512660	1475224	37436	998	3246008	4033414	1119868283852965
2260736	2221398	39338	2081	5906320	6970766	1119868292255057
485218	446618	38600	121	1976448	1266160	1119868294951499
2187670	1902638	285032	741	3288594	4193120	1119868300661879
1976800	1938930	37870	2532	6377480	7635662	1119868309251041
2072924	2035162	37762	1722	5021080	6041092	1119868316579033
2101524	2062904	38620	58	1776582	2743964	1119868320691553
1628702	1591690	37012	1754	4285646	5659884	1119868326840731
2167520	2130678	36842	2074	5378298	6852468	1119868334621579
1223844	1186594	37250	2597	6360010	6952004	1119868342439715
1181552	1141844	39708	2080	5948884	5866374	1119868349805423
1811824	1775006	36818	1836	5313678	6009506	1119868357165545
2191076	2153824	37252	130	1724068	2976484	1119868361314785
2084946	2027776	57170	2069	5934142	6748038	1119868369568697
1775516	1732656	42860	2678	6292186	7657102	1119868377875217
1617014	1579792	37222	4911	10839762	11964274	1119868390566643
1515956	1430794	85162	1080	3687682	4201894	1119868396005435
1486990	1448088	38902	967	3661898	3958008	1119868401388409
1521456	1484190	37266	2463	6638832	6974306	1119868409782797
1327824	1291874	35950	1022	3775472	3905374	1119868415125075
714114	675112	39002	3603	8485552	8446882	1119868424559403
1731768	1695068	36700	1355	4145748	4976788	1119868430671057
2067258	2029268	37990	3710	8390156	10021928	1119868441362357
2043250	2005368	37882	4999	11798202	12566908	1119868455438239
1652902	1616552	36350	3502	7984010	9182224	1119868465309901
1193052	1155172	37880	163	1404724	2043812	1119868468141933
1314788	1210506	104282	2809	7196236	7466868	1119868476887647
600904	563454	37450	1627	4516588	4380506	1119868482239775
1457422	1420024	37398	2610	7052958	7225882	1119868490984203
2182736	2145844	36892	3908	9530832	10524124	1119868502931505
373354	334546	38808	288	2288624	1474344	1119868505827995
1047664	1011434	36230	3458	8640154	8491136	1119868515750315
1390084	1352564	37520	299	1728160	2514762	1119868519108603
1451068	1414586	36482	986	3705110	3948556	1119868524499667
1561622	1524524	37098	2761	6820180	7620224	1119868533116053
2073990	2030172	43818	3415	8399634	9430420	1119868543824361
1425518	1386898	38620	1169	4049044	4288668	1119868549533807
1667860	1530352	137508	2529	6767914	7249690	1119868558204151
1625386	1585436	39950	2766	6727744	7683126	1119868566791537
1687626	1651096	36530	3818	9258124	9849318	1119868577971667
1172322	1135962	36360	1750	5233398	5214212	1119868584612403
1903468	1865438	38030	2372	6421402	7463976	1119868593171427
1754366	1650316	104050	1229	4103972	4736336	1119868599264297
1501020	1363878	137142	4289	10299552	10602770	1119868611299589
2118836	2080646	38190	3973	9661388	10591518	1119868623314537
1687810	1540642	147168	3125	7440474	8465770	1119868632677461
1549746	1512594	37152	1993	5717680	6063094	1119868640179335
2278464	2241484	36980	1045	2839546	4893474	1119868645532005
1133842	1095974	37868	4853	11374670	11365322	1119868658275363
1926960	1890088	36872	533	2785620	3528790	1119868663222439
3323598	3286056	37542	615	2459682	5151298	1119868669240227
1518354	1410856	107498	392	2106478	2827946	1119868673099715
1848604	1811696	36908	1915	5384844	6203186	1119868680567885
1899060	1861870	37190	3939	9004994	10313688	1119868691706329
1824094	1784376	39718	2399	5697220	7148106	1119868699469215
1873132	1835734	37398	503	2029766	3404972	1119868703606253
557094	519236	37858	766	2328118	2612626	1119868706730237
940932	903312	37620	256	2218712	1978782	1119868710140023
1830640	1793536	37104	2662	7044908	7690844	1119868719249585
1572680	1534460	38220	4682	10189136	11481140	1119868731245611
1245508	1207688	37820	2947	7630510	7664216	1119868740356367
4167848	4131678	36170	3937	9595824	12578188	1119868754354549
1316186	1279826	36360	1218	3419672	4277284	1119868759324875
1832726	1792808	39918	367	2443360	3094008	1119868763835327
1662738	1613126	49612	4643	10381044	11473186	1119868776113277
1601904	1565206	36698	3985	9200858	10097834	1119868787150385
2016868	1871518	145350	1715	5143652	5973330	1119868794545369
5695846	5689826	6020	948	3035004	8139568	1119868803510267
1521020	1483812	37208	1741	4443486	5528292	1119868809709351
1622864	1583912	38952	3084	7438466	8315522	1119868819009123
706378	668458	37920	1612	4439138	4453668	1119868824388589
468908	430216	38692	82	1867278	1158426	1119868826959077
1806498	1768060	38438	541	2842728	3414528	1119868831842629
965708	916168	49540	1064	3271380	3618118	1119868836313849
1669844	1632592	37252	1438	3821688	5069782	1119868842039943
1820784	1781704	39080	4076	9744212	10506346	1119868853838803
1657018	1619626	37392	224	1400594	2631928	1119868857131037
2015516	1976010	39506	447	1930582	3436646	1119868861311495
1854000	1816988	37012	757	2362610	3893078	1119868865761909
1594868	1554628	40240	4618	10945222	11355406	1119868878540657
2096688	2046940	49748	436	2588848	3493468	1119868883460449
2017796	1880376	137420	3427	8564714	9397556	1119868894277537
1192024	1154594	37430	270	1647854	2256834	1119868897351665
445872	408704	37168	3861	9312020	8692884	1119868907359383
1524028	1487588	36440	2504	6866848	7059398	1119868915985489
1852554	1811954	40600	748	3282902	3897906	1119868921355965
1265560	1228390	37170	979	3782922	3748932	1119868926638981
1964712	1926802	37910	2357	5645838	7223620	1119868934484133
794408	739736	54672	43	1034800	1405778	1119868936547817
1942534	1893826	48708	4633	10972904	11734226	1119868949697705
1723046	1684618	38428	2468	5870996	7184726	1119868957536317
1486554	1447942	38612	1151	4037936	4311112	1119868963295733
1082314	1043850	38464	3447	8616274	8501818	1119868973229419
1649554	1611822	37732	3099	7907576	8372894	1119868983020603
1444856	1407904	36952	1272	3651612	4513476	1119868988351805
1642458	1603026	39432	4199	10124330	10579628	1119869000353377
2053514	2015916	37598	1753	5532374	6343086	1119869008174275
1322272	1285342	36930	3094	7911542	8044662	1119869017643063
1163130	1123642	39488	2978	7708354	7648022	1119869026753771
548288	508918	39370	4698	11101992	10468308	1119869038638859
1960210	1921922	38288	3538	8787334	9560242	1119869049620741
1430220	1392840	37380	1790	4508976	5535930	1119869055798629
533262	495412	37850	184	2075212	1424792	1119869058641663
1922906	1884326	38580	2449	6412170	7344356	1119869067211237
2020258	1982540	37718	4167	9326722	10880398	1119869078792549
1886612	1847794	38818	2790	6533260	8021902	1119869087446893
830516	520518	309998	8	1044482	1369398	1119869089556087
314942	265754	49188	345	2412792	1528814	1119869092523023
1813468	1773696	39772	2434	6706720	7205176	1119869101277507
1203176	1161468	41708	1518	3898026	4764608	1119869106613197
1842366	1803144	39222	3876	9040618	10138166	1119869117730375
1192292	1155594	36698	475	1753224	2667152	1119869120914163
968928	931548	37380	628	2974498	2749476	1119869125108797
1973028	1934568	38460	3792	9365842	10083190	1119869136696889
1881544	1845592	35952	2114	5260226	6647134	1119869144073313
2141132	2090382	50750	2550	6308162	7765200	1119869152756801
1191694	1154946	36748	138	1190120	2003534	1119869155373415
1421982	1383546	38436	4150	9753472	10249176	1119869166783617
1723474	1686674	36800	2659	7031292	7566104	1119869175773025
3314572	3276772	37800	1973	5402010	7785922	1119869184742063
1470366	1432296	38070	3768	9238716	9530588	1119869195685777
1308850	1272172	36678	4173	10059262	10179310	1119869207292181
1227040	1187410	39630	2066	5914394	5881802	1119869214668241
1026076	987876	38200	157	2024792	1863136	1119869217953205
1611634	1520492	91142	3739	9213532	9635542	1119869229012743
1591212	1555092	36120	2993	6769846	8110434	1119869237608213
1544556	1508486	36070	728	2754090	3524476	1119869242145535
1788144	1749912	38232	183	1200548	2681092	1119869245369053
2101950	2047580	54370	4562	10144810	11752710	1119869257850921
622722	585000	37722	1618	4967502	4406260	1119869263675591
1931958	1894786	37172	970	3154456	4396398	1119869269000697
1237956	1200866	37090	4618	10969350	10999018	1119869281442627
1877142	1822220	54922	358	2437212	3118860	1119869285991751
1446090	1409200	36890	1157	3766084	4285160	1119869291438789
466382	391540	74842	3241	8189356	7472092	1119869300328901
1416842	1369244	47598	4692	11197528	11326042	1119869313177373
1878026	1840384	37642	411	2531762	3226284	1119869317822393
1925212	1786414	138798	546	2419744	3542536	1119869322401685
1142816	1105608	37208	3644	8498680	8965126	1119869332277137
1587740	1539078	48662	4623	10962828	11367050	1119869345062019
1979596	1929964	49632	2433	6477106	7373346	1119869353753695
1308568	1271100	37468	3730	9188124	9294028	1119869364488669
1939204	1901692	37512	3606	8924916	9676482	1119869375587153
1568778	1527836	40942	3548	8000716	9190368	1119869385394737
1223866	1178716	45150	901	3500370	3551166	1119869390353737
1355500	1157638	197862	193	1179994	2265768	1119869393123399
1408312	1370022	38290	897	3457764	3724982	1119869398224133
1691604	1653284	38320	687	3113294	3614436	1119869403263365
832924	795966	36958	4937	10979180	11232824	1119869415310545
1631874	1592604	39270	895	3496474	3944922	1119869420673463
1793184	1755412	37772	4204	9893720	10726312	1119869432594683
1130458	1091918	38540	1193	3910580	4042560	1119869437869899
1121664	1076544	45120	1157	4066800	3973264	1119869443293025
1003584	967314	36270	1775	5433832	5077844	1119869449964903
2044464	2007732	36732	3359	8443634	9302502	1119869460687833
1353146	1316128	37018	2438	5809644	6772406	1119869468084427
1579928	1542946	36982	912	3554258	3952824	1119869473453157
1964160	1925192	38968	3817	8899768	10122322	1119869484551321
1499114	1462874	36240	1772	4809178	5591212	1119869491094143
2015318	1911350	103968	834	3063822	4207518	1119869496408359
1920710	1882790	37920	2446	6495694	7370130	1119869505059671
594756	536224	58532	3018	7884714	7156844	1119869513773725
1579388	1542926	36462	1080	3872542	4264458	1119869519464227
1504526	1466676	37850	326	2436096	2683006	1119869523639387
750896	710546	40350	2323	5547276	5923158	1119869530175667
0	0	0	0	0	0	0
585354	548362	36992	2089	5748006	5287254	1119869539582093
1465964	1428244	37720	2884	7476644	7759754	1119869548762605
1094858	1057018	37840	2153	6062988	5924128	1119869556155457
1628490	1590192	38298	2873	6674386	7898710	1119869564693009
1443942	1382032	61910	4577	10826774	11123514	1119869577198373
3570952	3534214	36738	2046	5797738	8186984	1119869586801373
1514348	1477446	36902	3282	8180036	8602978	1119869596730597
1877208	1839296	37912	2183	6076962	6769376	1119869604919377
1325546	1217184	108362	1024	2920626	3907066	1119869609399715
878444	842404	36040	3381	7914264	8168876	1119869618426535
1449992	1406472	43520	2619	7399556	7658802	1119869627511053
7978444	7971964	6480	2207	6136068	12917354	1119869641860435
1660884	1556554	104330	2764	7097152	7713448	1119869650852785
1140424	1102324	38100	1235	4028296	4135294	1119869656256283
1479654	1364846	114808	4500	10732846	11026814	1119869668703335
1345128	1308638	36490	2002	5741680	5875746	1119869676024777
0	0	0	0	0	0	0
1630078	1592926	37152	1917	4715812	5990326	1119869688025707
1226496	1095288	131208	4866	10862830	11485310	1119869700350039
1588322	1549502	38820	1565	4382436	5263794	1119869706555763
1704844	1667614	37230	2710	7146676	7650822	1119869715642153
1931584	1894482	37102	3802	8544784	10058302	1119869726356883
1871992	1833352	38640	3889	8889578	10176324	1119869737353173
1592786	1555686	37100	1803	4693624	5723328	1119869743873907
1703126	1664896	38230	3098	7403086	8424118	1119869753214297
1029802	989754	40048	377	1978336	2308714	1119869756456843
1672862	1634382	38480	2894	7506800	7984952	1119869765887893
1907170	1869362	37808	1815	5357074	6075052	1119869773386071
1816558	1773698	42860	697	2488650	3737108	1119869777925429
757840	718980	38860	2187	5231448	5657692	1119869784148661
1870404	1831794	38610	3418	8559538	9243226	1119869794813215
3216552	3176982	39570	1080	3883262	5902482	1119869802147283
1498816	1461298	37518	4588	10253028	11197998	1119869814133427
496758	456978	39780	1679	5142718	4392320	1119869820007379
1270656	1232854	37802	3070	7870752	7957314	1119869829383175
2044028	2005700	38328	785	2770472	4138998	1119869834432529
1571142	1533160	37982	2971	7649310	8038688	1119869843887601
444618	407856	36762	1889	5514216	4770386	1119869850080917
1850800	1813552	37248	3379	8482570	9146352	1119869860649061
1674494	1637644	36850	1766	4646826	5758956	1119869867204715
1533538	1496400	37138	3274	7582410	8606238	1119869876555699
1532704	1495424	37280	1153	3558036	4375094	1119869881880845
2141900	2012960	128940	1844	5386426	6365020	1119869889643949
2107548	1983648	123900	4103	9179496	10838948	1119869901169437
1304780	1264750	40030	2491	5931942	6811780	1119869908640591
1611640	1472388	139252	2528	6806600	7192778	1119869917293509
2004484	1968122	36362	2361	6007270	7249934	1119869925540193
1789558	1750482	39076	3613	8875276	9539634	1119869936445283
902594	862282	40312	4592	11030100	10613144	1119869948612203
1473668	1436716	36952	3249	8077162	8497216	1119869958397197
1539810	1503860	35950	4848	10943880	11784038	1119869971115159
1048072	1010162	37910	965	3227830	3504312	1119869975625433
1461420	1424670	36750	2984	7681810	7953732	1119869985006721
1148920	1112130	36790	3223	7658480	8118012	1119869994048151
1657768	1620820	36948	2530	6780620	7251588	1119870002720989
1991062	1955142	35920	2681	6453540	7888072	1119870011400173
1030066	992488	37578	1560	4163834	4697786	1119870016828197
1069452	1031162	38290	3364	8440486	8324302	1119870026572453
1938284	1898666	39618	3365	8435712	9193196	1119870037181157
1579728	1541390	38338	3213	7286534	8538860	1119870046282499
1768222	1728532	39690	1309	4153660	4925792	1119870052439073
1256276	1218486	37790	3605	8413412	9015716	1119870062342997
953626	787854	165772	360	1653620	2196106	1119870065184255
1524212	1486984	37228	4757	11129534	11562712	1119870078072793
1665154	1628054	37100	142	1373372	2473734	1119870081345643
1659362	1621532	37830	2001	5504794	6187324	1119870088743933
1911602	1874892	36710	3810	9715600	10054450	1119870100606061
2219718	2156316	63402	1020	3023670	4803716	1119870106084157
790626	753666	36960	3852	8567948	9018578	1119870115676947
1105116	1058776	46340	56	1822636	1741828	1119870118843417
3941714	3903566	38148	4159	10042408	12786088	1119870133061905
1055106	1018216	36890	3229	8162286	8037334	1119870142513195
1859232	1823132	36100	375	2476204	3132540	1119870147083261
1176954	1140134	36820	1427	3996536	4557704	1119870152490915
1431586	1392066	39520	3318	8254786	8591916	1119870162411597
1191310	1155018	36292	88	1747000	1916768	1119870165583169
969202	933194	36008	3309	8354060	8112432	1119870175160963
1532628	1381346	151282	4516	10254462	11090558	1119870187182417
2107178	2070468	36710	4325	9660926	11282098	1119870199184789
588196	551276	36920	1821	5360904	4756556	1119870205367805
1197926	1155516	42410	52	1705518	1826664	1119870208505535
1620512	1584122	36390	4542	10950486	11228154	1119870221326063
850510	812704	37806	291	1786982	1957482	1119870224198023
1512400	1475530	36870	3259	8252646	8577720	1119870234197729
1842458	1806198	36260	4029	9776976	10433740	1119870246051809
1575664	1534434	41230	4554	10090706	11211116	1119870257952865
759354	707164	52190	2045	5556074	5375484	1119870264502525
1937492	1900312	37180	2378	6464054	7218142	1119870273138613
1810422	1774342	36080	3803	8671886	9940352	1119870283855463
1586150	1544952	41198	2660	6787166	7430410	1119870292463041
1304052	1265582	38470	4020	9622934	9892524	1119870303624913
2064872	2027094	37778	3310	8433570	9209224	1119870314361583
2141016	2104106	36910	3669	8218898	10003886	1119870324955755
9393532	9386772	6760	3489	8740426	16895162	1119870343324163
1782490	1744430	38060	640	2504666	3590432	1119870347845091
1401642	1364922	36720	1712	4455018	5350742	1119870353936161
1454250	1413720	40530	2758	7253324	7508462	1119870362878601
1403778	1365082	38696	1168	3655888	4263610	1119870368172179
1882534	1845732	36802	780	2818486	3966374	1119870373108863
1713840	1674120	39720	278	1456944	2819470	1119870376514141
1579336	1540066	39270	4858	11425888	11819806	1119870389753547
932804	894564	38240	2826	7362698	7109386	1119870398286965
2157456	1991078	166378	2268	6291110	7227326	1119870406969497
1947230	1909750	37480	3785	8459980	10055442	1119870417611131
1295206	1256828	38378	4697	11172286	11214328	1119870430317137
1816808	1775786	41022	2197	6132408	6745586	1119870438500577
1960178	1922966	37212	4071	9381132	10648228	1119870450075927
1803904	1760492	43412	3753	8753532	9833324	1119870460867513
1454950	1417180	37770	1188	4089402	4355342	1119870466646531
1984230	1945738	38492	1912	5538452	6332870	1119870474403769
1945046	1905306	39740	698	2447596	3866356	1119870479030575
1833686	1796366	37320	2219	5526872	6796116	1119870486625137
2009390	1970120	39270	4056	9272190	10657998	1119870498140849
1544076	1507468	36608	2425	5598044	6917308	1119870505517337
0	0	0	0	0	0	0
1193962	1138980	54982	308	1776462	2334240	1119870516931121
899186	862056	37130	2187	6104210	5798428	1119870524184297
1703988	1667026	36962	1406	4634124	5064078	1119870530757057
1404834	1367624	37210	1209	4125952	4346942	1119870536521903
3468500	3431398	37102	2610	6948220	9214028	1119870547173449
530246	492034	38212	201	2236984	1457236	1119870550175175
2093400	2056740	36660	1784	5387448	6195388	1119870557890289
1070154	1018328	51826	2659	6479858	6913818	1119870565675019
2141604	2013324	128280	2130	5966772	6927396	1119870574026405
1546312	1510454	35858	1284	3538008	4638922	1119870579345113
1688212	1650802	37410	2430	6333462	7073614	1119870587600883
1521414	1481734	39680	4695	11101162	11435972	1119870600466033
1429266	1389546	39720	4905	11524330	11764614	1119870613653795
1279402	1242452	36950	2076	5818300	5958214	1119870620987803
2153116	2112516	40600	2692	6330720	8072864	1119870629705505
2073152	2033892	39260	3880	8713456	10358762	1119870640731453
1178880	1141880	37000	3979	9690372	9661800	1119870651835121
1814388	1775886	38502	4091	9902778	10532460	1119870663786437
1917272	1878920	38352	551	2807550	3544110	1119870668745391
1734322	1696582	37740	1069	3342286	4416622	1119870674056343
1593894	1556762	37132	3150	8013252	8427682	1119870683897803
1942696	1796196	146500	3413	8539506	9302336	1119870694614497
0	0	0	0	0	0	0
1482660	1445912	36748	1770	4848346	5570850	1119870707304421
1752268	1715190	37078	4588	10884694	11455280	1119870720175859
2035838	1999340	36498	1953	5599286	6476448	1119870728045397
1254370	1197630	56740	4215	10149476	10222020	1119870739683841
1429896	1392696	37200	4713	10226594	11379456	1119870751581357
1044214	1007334	36880	2835	7389762	7240534	1119870760253623
465260	427120	38140	308	2339014	1617840	1119870763292569
2166452	2129052	37400	4377	10308610	11444252	1119870776001703
1809670	1770688	38982	2844	6517046	8023830	1119870784562809
453398	416360	37038	137	1186086	1253278	1119870786436499
1552800	1515940	36860	1670	5048218	5417910	1119870793271921
1569590	1515490	54100	4240	10198948	10574400	1119870805274641
2019640	1981918	37722	4037	9794308	10618870	1119870817322499
1452534	1416404	36130	3400	7705872	8778244	1119870826715303
1215776	1178434	37342	120	1831134	1981526	1119870829996515
1831018	1776590	54428	2891	7506278	8149050	1119870839583751
1575334	1536462	38872	3402	7658282	8906104	1119870849056033
605304	568084	37220	4914	11475606	10958006	1119870861371775
2018060	1980172	37888	4014	9350364	10572510	1119870872974481
