# Loop @ Start frequency 900000Hz took 2373.39 cycles
# Interval [2369 ; 2377]
# Q1 : 2352 ; Q3 : 2360
# Loop @ Target frequency 1700000Hz took 1251.16 cycles
# Interval [1249 ; 1253]
# Q1 : 1246 ; Q3 : 1248
# Confidence intervals do not overlap, alternatives are statistically different with selected confidence level
Change time (with write) [cycles]	Change time [cycles]	Write cost [cycles]	Wait time [us]	Time since last frequency change request [cycles]	Time since last frequency change [cycles]	Detected frequency change timestamp [cycles]
504738	451658	53080	3567	525383582	524432500	1120103360209793
1134296	1098234	36062	4812	11150406	11245922	1120103372783229
389096	215842	173254	907	3477108	2680246	1120103376934069
1188762	1153718	35044	3036	7739748	7739358	1120103386147625
939540	904544	34996	4996	11674712	11420184	1120103399046367
1307830	1173514	134316	2463	6597678	6708928	1120103407236555
1194228	1158678	35550	4156	9978482	9981904	1120103418692891
1198534	1161882	36652	3982	9453278	9649962	1120103429629095
1198608	1165056	33552	4075	9714504	9825146	1120103440827141
1190430	1156264	34166	3998	9598698	9662230	1120103451900785
1190280	1156032	34248	3427	8270374	8522094	1120103461650575
1197162	1161310	35852	2191	5744898	6055198	1120103468877403
1203232	1165050	38182	4544	10743994	10766792	1120103481109455
1139996	1103690	36306	3891	9420212	9398032	1120103491954113
649262	615362	33900	4101	9870980	9325772	1120103502763217
727716	693636	34080	3295	8013876	7795156	1120103511789601
1191180	1156558	34622	2535	6498632	6737074	1120103519766995
1187592	1153476	34116	27	1457238	1718410	1120103522701397
359864	324486	35378	2511	6581686	5858606	1120103529927651
1191262	1156236	35026	4626	10915138	10921454	1120103542324997
1191362	1155380	35982	4697	11076598	11070882	1120103554877043
918962	882412	36550	4859	11258640	11115624	1120103567338425
1192390	1156714	35676	1572	4812640	4813722	1120103573627897
1235974	1155382	80592	447	2305502	2606160	1120103577453397
1279116	1161000	118116	3556	8801252	8869334	1120103587818477
1324298	1288880	35418	4871	11403888	11543868	1120103600835521
881154	845122	36032	3275	7940038	7908148	1120103609940349
801708	767536	34172	1540	4739892	4358268	1120103615770851
910476	620832	289644	3078	7547724	7543712	1120103624515957
830502	795542	34960	1572	4806826	4451138	1120103630451543
1330012	1292450	37562	1286	4039032	4387460	1120103636104945
1194286	1159028	35258	4158	10006740	10001514	1120103647589149
1187848	1152300	35548	156	1725250	1974040	1120103650786715
949498	914450	35048	590	2846460	2606160	1120103654866335
612674	568824	43850	1788	5238696	4665322	1120103661001407
1207874	1168186	39688	4822	11134932	11328306	1120103673628561
508366	474192	34174	271	2207624	1525632	1120103676629073
978594	944722	33872	2722	7101082	6897828	1120103684993269
1040108	985580	54528	3041	7741478	7596842	1120103694058575
1276188	1241480	34708	1519	4628084	4790634	1120103700246601
1194170	1159370	34800	1506	4382212	4681530	1120103706106651
1194460	1159478	34982	4306	10307386	10295932	1120103717892795
1191806	1156816	34990	3273	7988150	8212606	1120103727362029
1199592	1165122	34470	1904	5318012	5484640	1120103734163735
1211778	1177498	34280	2294	6264808	6286676	1120103741923921
1200370	1164248	36122	1597	4835932	4871152	1120103748250473
1194268	1159366	34902	2113	5908308	5905206	1120103755636371
1192842	1158708	34134	412	2493198	2493566	1120103759606869
493934	459894	34040	138	1840948	1245712	1120103762225997
1198730	1161420	37310	3347	8370412	8382270	1120103772078705
1197826	1153258	44568	16	1590750	1705018	1120103775151681
1194268	1159494	34774	1746	5147858	5161636	1120103781778041
408610	375334	33276	4935	11329342	10755640	1120103793806375
510386	471466	38920	3464	8591894	7914180	1120103803195981
1187090	1152450	34640	3745	9150302	9152108	1120103813818735
1201230	1166242	34988	2732	7134526	7140910	1120103822448825
325914	291646	34268	1498	4668380	3806936	1120103827727389
1225434	1160314	65120	4146	9677798	9993500	1120103838918875
1191766	1157046	34720	1096	3858470	3859580	1120103844253087
8450588	8443556	7032	1260	4187612	11456894	1120103857175881
1190018	1154140	35878	4117	9901340	9899450	1120103868551113
1193380	1158432	34948	2011	5682070	5692592	1120103875710473
392842	335322	57520	172	1979226	1210734	1120103878369877
689080	650428	38652	2268	6218952	5710440	1120103885562055
1264464	1157446	107018	4094	9848942	9928896	1120103896959429
1119274	1075712	43562	745	2946552	3085694	1120103901308207
541414	507322	34092	2672	7002684	6360842	1120103909136255
615720	581278	34442	3355	8372304	7801458	1120103918408413
1305100	1156678	148422	1239	4178382	4272648	1120103924175923
957248	921074	36174	4099	9745038	9639954	1120103935161977
634118	597558	36560	3278	8309066	7666624	1120103944388665
739472	703588	35884	2673	7018402	6571202	1120103952429975
1193732	1159528	34204	2143	5960790	5969652	1120103959868235
1191516	1156436	35080	1737	5137082	5141578	1120103966485961
1200600	1157318	43282	1406	4316754	4498942	1120103972287035
827660	792184	35476	797	3275008	2909986	1120103976673981
518424	485144	33280	643	2738432	2293202	1120103980214745
545638	511448	34190	3558	8589470	8135646	1120103989633923
1198538	1155758	42780	4047	9754332	9769446	1120104000870633
1240326	1168286	72040	882	3133626	3481940	1120104005528447
1189280	1152884	36396	2473	6603350	6607604	1120104013605401
1050004	1015312	34692	1585	4832162	4695244	1120104019772067
1195898	1161694	34204	2540	6743182	6752960	1120104028003881
1218152	1159636	58516	4264	10195676	10224174	1120104039702037
1195482	1157894	37588	2738	7142260	7147094	1120104048327269
1189896	1155628	34268	2733	7146344	7144920	1120104056947641
1188912	1154236	34676	4271	9989428	10206694	1120104068410557
1190536	1156522	34014	2902	7496308	7496126	1120104077382109
835248	799022	36226	3628	8661278	8569128	1120104087162703
1189514	1154674	34840	3111	7883132	7888126	1120104096518989
1193448	1157182	36266	266	5510738	2201204	1120104103506809
1099708	1064916	34792	4833	11330138	11241326	1120104116221001
762432	727754	34678	157	1994346	1574410	1120104119261647
1331178	1296648	34530	226	2210250	2258850	1120104123086383
1168700	1133290	35410	1531	4725136	4706486	1120104129263873
976648	901848	74800	3004	7667838	7460480	1120104138191795
1188380	1153714	34666	3731	8921400	9125420	1120104148585435
448814	414120	34694	4131	9931612	9187400	1120104159249747
1192696	1156526	36170	3481	8362940	8629888	1120104169089541
1189778	1156538	33240	587	2878802	2839686	1120104173442601
1325350	1288782	36568	4252	10306114	10304368	1120104185358075
1188486	1152966	35520	3693	9048760	9050926	1120104195879189
1002992	969432	33560	3638	8959932	8756120	1120104206135615
1190126	1155640	34486	2737	6885334	7139268	1120104214494601
1199264	1164148	35116	1854	5239576	5392970	1120104221217785
1192076	1158338	33738	262	2198252	2192230	1120104224892513
842890	808286	34604	2312	6002040	5942504	1120104232021291
374976	340056	34920	533	2885238	1940394	1120104235565297
1319920	1156972	162948	3593	8970966	8983928	1120104246140235
1327620	1294260	33360	99	1895642	2026436	1120104249647913
1201940	1159812	42128	4288	10040318	10254030	1120104261174075
1213894	1166434	47460	4109	9836088	9907886	1120104272507949
650060	615610	34450	2408	6491566	5942088	1120104279934075
946828	912610	34218	3027	7718034	7476636	1120104288886797
955596	920106	35490	4985	11375244	11401360	1120104301501441
1203480	1170036	33444	678	3014292	3035050	1120104306003303
597690	563598	34092	2117	5880674	5308050	1120104312765513
1151656	1117674	33982	2293	6341936	6213336	1120104320543417
1312208	1269786	42422	1789	5367790	5365274	1120104327507889
1245954	1210496	35458	914	3487474	3549678	1120104332525541
1206050	1170824	35226	4153	9981802	9987334	1120104343997597
503016	458742	44274	1515	4547704	4007622	1120104349332457
677600	644844	32756	1040	3773802	3233962	1120104354067025
1137400	1103706	33694	4496	10574002	10606856	1120104366062711
306144	272572	33572	3415	8261208	7611260	1120104374913407
1275888	1167472	108416	4104	9872150	9961018	1120104386345135
1188926	1155734	33192	3390	8456522	8454288	1120104396274029
1204376	1159496	44880	3186	8065590	8063096	1120104405827417
680436	646462	33974	4864	11325184	10884730	1120104418125343
284954	162216	122738	3823	9323372	8424932	1120104428017777
299260	163308	135952	4098	9857630	8969540	1120104438458043
1098282	1064424	33858	155	1907322	1910722	1120104441747025
1188986	1155080	33906	3875	9199772	9414898	1120104452423641
1041106	996858	44248	4861	11408786	11263988	1120104465157721
1191418	1158054	33364	2928	7338934	7523338	1120104473971921
1194512	1160424	34088	110	1821762	1892710	1120104477277077
683292	649434	33858	1900	5339026	4959514	1120104483583835
658770	624478	34292	4545	10862702	10224898	1120104495389153
847312	812522	34790	3369	8424596	8063302	1120104504945557
1192188	1156412	35776	2297	6256100	6262910	1120104512678465
1191830	1155262	36568	4406	10430928	10479972	1120104524585955
1143666	1109280	34386	787	3113674	3213246	1120104529127801
1197050	1155678	41372	3521	10535360	8715148	1120104541145073
1201472	1164240	37232	2005	5424838	5687774	1120104548055375
1309244	1162856	146388	1318	4308992	4432310	1120104553957177
1186770	1152686	34084	4294	10066688	10250370	1120104565498633
300082	259864	40218	824	3042946	2425602	1120104569125825
1254990	1156202	98788	1278	4279258	4285260	1120104574944737
1190240	1155864	34376	2680	6799142	7029134	1120104583217877
1192208	1158412	33796	1094	3859146	3855636	1120104588553889
1192058	1156542	35516	3047	7747356	7760930	1120104597777663
1314264	1155708	158556	162	1879208	2117436	1120104601259821
1319746	1285266	34480	1420	4509762	4638492	1120104607373249
1196496	1162206	34290	1616	4896132	4904318	1120104613749923
1391792	1357780	34012	4621	10663028	11109378	1120104626093175
750710	712620	38090	1886	5435086	5021230	1120104632564025
1195676	1156898	38778	4189	10081162	10050018	1120104644124841
220116	175628	44488	4642	11028024	10005066	1120104655657263
1197064	1162348	34716	2200	6061984	6072326	1120104663200189
1193774	1158082	35692	4100	9870508	9869720	1120104674548717
497788	396570	101218	3859	9358560	8691308	1120104684688651
1193758	1157028	36730	1704	4884184	5089270	1120104691050665
1193292	1156080	37212	4153	9768734	9973910	1120104702296075
1192062	1155842	36220	3768	9186586	9217640	1120104712958717
474044	435464	38580	2718	7237752	6386194	1120104720954647
1088934	1053280	35654	3756	8943946	9076618	1120104731271481
1196002	1157496	38506	1692	5055038	5055312	1120104737806469
782908	741660	41248	4481	10369460	10219828	1120104749251283
1196784	1162014	34770	1863	5395518	5398082	1120104756127157
640448	596000	44448	2575	6833666	6279852	1120104763884755
1070512	1035748	34764	1574	4943542	4694282	1120104770186735
506184	472158	34026	4855	11116924	10693868	1120104782094331
1197304	1164256	33048	44	1534068	1763126	1120104785109429
1087018	1052010	35008	4716	10954666	10994798	1120104797435073
591340	556552	34788	3488	8636522	8042918	1120104806947353
1196094	1162102	33992	2537	6750588	6749640	1120104815178237
1198944	1160196	38748	3773	9061398	9220996	1120104825722757
1187004	1152476	34528	320	2298794	2303080	1120104829496801
3630646	3625094	5552	1013	3655142	6132116	1120104837066441
727556	694050	33506	613	2662844	2430334	1120104840741317
372840	338832	34008	4795	11254154	10437460	1120104852652455
1193498	1159528	33970	1000	3660682	3670288	1120104857791111
278826	243266	35560	2181	6009634	5115716	1120104864368341
1196174	1161894	34280	4979	11622314	11639530	1120104877471535
1189296	1155086	34210	1799	5320282	5265300	1120104884264643
1202714	1165928	36786	1483	4638124	4655516	1120104890390049
855376	820622	34754	1306	4293920	3952394	1120104895822737
503440	461316	42124	1083	3828234	3143538	1120104900442721
1190096	1154546	35550	2629	6944376	6947278	1120104908861221
338540	303206	35334	847	3285566	2511538	1120104912769713
1003952	967690	36262	3437	8532710	8351930	1120104922591055
758454	723484	34970	2324	6410468	5881302	1120104930043507
1188442	1153082	35360	2335	6340026	6344834	1120104937855457
1193488	1156380	37108	4813	11122978	11294228	1120104950460403
1192344	1158406	33938	4546	10572558	10792936	1120104962509109
1344206	1305558	38648	3083	7845322	7987726	1120104971982931
1192036	1156400	35636	4348	10099736	10361942	1120104983558703
1194122	1155054	39068	1639	5069666	4947854	1120104990106749
704038	670748	33290	4708	11026272	10606108	1120105002120451
1191710	1155820	35890	3991	9649896	9657492	1120105013246115
324384	273020	51364	895	3459688	2592864	1120105017314687
1083686	1048642	35044	130	1919790	1820708	1120105020602069
1189874	1154380	35494	3547	8766358	8759606	1120105030842167
989402	955272	34130	2350	6360104	6165376	1120105038475629
1188576	1154348	34228	3611	8894406	8896108	1120105048842691
217760	181050	36710	3071	7733408	6834676	1120105057077783
1199556	1156770	42786	3121	7894586	7916480	1120105066455557
650640	617488	33152	3537	8756846	8212172	1120105076146573
993940	956668	37272	1541	4853526	4573958	1120105082277833
298426	242894	55532	4851	11375842	10483346	1120105094236129
1263624	1154676	108948	3520	8716290	8789596	1120105104499259
859548	814996	44552	3752	9179932	8840726	1120105114823171
322084	269164	52920	1926	5512832	4652056	1120105120941657
659080	625774	33306	4751	11161786	10636560	1120105133046481
1192038	1155966	36072	2108	5960560	5883100	1120105140483407
446318	409250	37068	3409	8482576	7748588	1120105149695651
1192086	1157426	34660	1582	4820806	4832916	1120105155997321
312574	278148	34426	1307	4277818	3403176	1120105160871869
783326	750198	33128	3269	7943248	7796300	1120105169882461
1180972	1143132	37840	1444	4552052	4544522	1120105175904185
3714650	3708920	5730	367	2278852	4925262	1120105182185837
1199822	1165060	34762	4526	10590358	10737590	1120105194258857
1194316	1159616	34700	1010	3690742	3698598	1120105199427221
1190858	1156086	34772	3218	7949812	8102872	1120105208851819
1193420	1158152	35268	4507	10762682	10682966	1120105221092247
341254	304896	36358	3592	8988640	8002628	1120105230705949
1274706	1162406	112300	4429	10524966	10609786	1120105242789321
1191100	1157706	33394	2363	6384120	6393656	1120105250649683
1195628	1159490	36138	3697	8903546	9074708	1120105261032095
1106264	1071584	34680	765	3186706	3114082	1120105265608727
1166622	1126030	40592	3037	7777530	7717202	1120105274836937
1189706	1154018	35688	1186	4037384	4037916	1120105280348041
443072	301722	141350	2722	7081540	6385112	1120105288157295
1192802	1157416	35386	2586	6968594	6904542	1120105296603017
442192	408896	33296	2562	6784742	6043434	1120105304114309
1212094	1177926	34168	3618	8673066	8923016	1120105314284201
1191862	1156262	35600	410	2513860	2513950	1120105318273937
1188962	1154522	34440	4858	11298162	11391490	1120105331044877
1195030	1160838	34192	1582	4548942	4834250	1120105337072955
391826	356494	35332	3846	9196728	8561326	1120105346945641
465628	429476	36152	3808	9032228	8558160	1120105356727361
239128	161158	77970	616	2896156	1946768	1120105360146901
1190280	1156494	33786	730	3148860	3150872	1120105364769917
1312082	1161740	150342	4975	11610906	11740126	1120105377977683
1227122	1156932	70190	3171	7673874	8044484	1120105387162665
1190848	1156964	33884	3263	8190372	8191954	1120105396828289
1195240	1159820	35420	3658	8957054	8988180	1120105407264615
919320	882740	36580	2970	7340294	7335760	1120105415808575
1207012	1165642	41370	1899	5715358	5504380	1120105423020305
1203700	1159046	44654	4467	10652768	10614408	1120105435160843
1190140	1156140	34000	4256	9886462	10178792	1120105446521207
1189242	1155296	33946	1769	5036980	5216856	1120105453032283
1276438	1154870	121568	4276	9914550	10304248	1120105464507363
1187602	1151602	36000	301	2265856	2265390	1120105468244545
275894	240904	34990	3424	8448392	7622224	1120105477252669
1186170	1153188	32982	2861	7148068	7386006	1120105485870993
1214666	1164320	50346	4112	9889928	9914054	1120105497263321
1206072	1159642	46430	4151	9969390	9982512	1120105508722695
1138574	1103880	34694	2256	5873998	6136938	1120105516019055
1190236	1156208	34028	4034	9729402	9734332	1120105527222675
1293268	1259258	34010	4903	11277966	11575400	1120105540077663
1191064	1156968	34096	1688	4841000	5042562	1120105546393363
546776	512580	34196	2109	5814826	5249136	1120105553038981
1042692	1008056	34636	1608	4875470	4734194	1120105559240857
1189874	1155740	34134	962	3585416	3591198	1120105564300021
815228	781342	33886	3338	8106574	7978026	1120105573505343
1189598	1153038	36560	735	2912784	3134770	1120105577891593
523446	487746	35700	1482	4609972	3962594	1120105583317501
1190472	1156792	33680	3071	7918524	7808686	1120105592710473
537634	503590	34044	4014	9543576	9042474	1120105603075457
1194940	1158480	36460	1443	4548176	4556384	1120105609102757
741112	706916	34196	1781	5188716	4778014	1120105615316837
6952086	6945228	6858	2561	6785092	12550988	1120105629337829
967250	933100	34150	2849	7361334	7141788	1120105637950865
1199088	1160396	38692	1244	3885966	4162572	1120105643324715
1196544	1161712	34832	2967	7668348	7607344	1120105652473967
1195384	1160350	35034	1604	4880732	4886802	1120105658832825
1195284	1161590	33694	39	1598080	1748826	1120105661910747
315462	279738	35724	1695	5044018	4181680	1120105667558863
926394	890652	35742	4374	10162830	10152554	1120105678931687
318722	263914	54808	3531	8717572	7856686	1120105688251887
1308944	1273148	35796	2513	6749430	6875734	1120105696594069
1194442	1158872	35570	2483	6612890	6634842	1120105704685575
1193504	1157672	35832	4695	10752888	11065970	1120105716916487
610824	573798	37026	2080	5670384	5245676	1120105723481793
1191054	1156040	35014	4985	11376120	11636538	1120105736333881
892908	856388	36520	4703	10893012	10800134	1120105748403641
1203410	1169486	33924	3532	8743466	8765116	1120105758634051
487254	452560	34694	2604	6870322	6171924	1120105766275801
347658	312694	34964	4218	10113392	9271858	1120105777020241
1191128	1156534	34594	596	2845838	2857996	1120105781341609
1188222	1153902	34320	4133	9868798	9931728	1120105792682715
1190332	1155976	34356	4664	10834444	10995714	1120105804990697
1190348	1153638	36710	3903	9353694	9471892	1120105815818643
1199746	1165734	34012	1905	5469462	5484332	1120105822777969
695722	660952	34770	3540	8667020	8250636	1120105832423837
1195834	1161216	34618	4592	10764802	10878722	1120105844667857
1179250	1143638	35612	4918	11464446	11490046	1120105857595113
1269672	1135140	134532	1158	3974648	4061100	1120105863123513
221192	167192	54000	856	3376320	2408174	1120105867004975
218344	182870	35474	3235	8129326	7164984	1120105875636185
394308	357774	36534	553	2510018	1975574	1120105878824069
847554	813750	33804	3179	8017684	7680502	1120105887973155
403514	368464	35050	4849	11358556	10579434	1120105900019087
1285596	1148874	136722	4083	9837398	9940066	1120105911425089
904876	859108	45768	4279	10229520	9939806	1120105922844273
308294	265294	43000	3894	9445238	8571606	1120105932881681
1301214	1153494	147720	1731	5123718	5240334	1120105939590557
511236	477222	34014	2542	6746608	6071798	1120105947132437
351808	317244	34564	1197	4006844	3221040	1120105951774983
1200894	1165536	35358	4572	10819772	10820642	1120105964085949
353270	317602	35668	4725	11120398	10289340	1120105975844203
1188284	1153462	34822	1616	4889564	4895614	1120105982213201
1191318	1156886	34432	2907	7497774	7505930	1120105991186793
709374	674546	34828	2035	5647504	5254662	1120105997828129
648094	614370	33724	251	2163556	1628156	1120106000928931
948396	913706	34690	4439	10537932	10302066	1120106012699129
799838	764210	35628	4084	9825884	9441616	1120106023608411
1191452	1157012	34440	3836	9326340	9338230	1120106034410013
462160	425828	36332	1843	5385328	4643120	1120106040540615
1195230	1141200	54030	2724	7105796	7119500	1120106049125675
697132	661070	36062	2228	6120348	5628968	1120106056227555
1212902	1153594	59308	4334	10095078	10359008	1120106067819275
1231242	1196272	34970	220	2106902	2148166	1120106071445447
1196138	1160138	36000	2469	6612334	6610682	1120106079538415
971382	936268	35114	4381	10231726	10210342	1120106091025503
376434	342948	33486	3324	8322552	7497914	1120106100008429
291032	256392	34640	1701	5060280	4169046	1120106105642989
1191372	1156822	34550	2389	6445680	6446900	1120106113563355
1329834	1166974	162860	1254	4009606	4313360	1120106119185735
470540	437460	33080	1146	3972398	3239508	1120106123912443
1162660	1125690	36970	1524	4454012	4685832	1120106129818473
1188036	1154908	33128	2838	7335604	7339120	1120106138629801
1249622	1191334	58288	757	3026052	3250094	1120106143189397
1321934	1287236	34698	1387	4422560	4570194	1120106149217569
770600	735708	34892	1916	5574320	5078946	1120106155846201
1191966	1155766	36200	778	2950982	3222352	1120106160277589
0	0	0	0	0	0	0
1201808	1167558	34250	1366	4410034	4409670	1120106176589323
1188504	1153050	35454	4116	9823372	9895708	1120106187885931
1203654	1169530	34124	3541	8740480	8760242	1120106198118935
266550	232220	34330	2343	6226330	5427882	1120106204895803
1194116	1158920	35196	138	1679296	1946446	1120106208053281
900848	865404	35444	3398	8271692	8171146	1120106217509969
1196490	1162272	34218	577	2815436	2825520	1120106221805535
451138	414138	37000	4330	10320586	9588112	1120106232868193
1195698	1161876	33822	1997	5397954	5665006	1120106239744681
1193034	1157752	35282	751	3181278	3170744	1120106244408047
1191452	1158314	33138	304	2214654	2299092	1120106248098315
250996	216574	34422	1683	4804730	4091862	1120106253437889
901186	867500	33686	24	1705366	1426336	1120106256328061
1283322	1159002	124320	4052	9786832	9871510	1120106267682043
1190872	1156798	34074	1074	3744168	3812810	1120106272905575
547424	511256	36168	192	2061558	1406610	1120106275798171
1197004	1163296	33708	1046	3746392	3765182	1120106281029617
659984	626184	33800	1820	5049028	4776304	1120106287022567
1128342	1093940	34402	1357	4138516	4316892	1120106292572955
479980	444264	35716	503	2464264	1969704	1120106295800567
661632	627694	33938	3001	7671150	7139302	1120106304422117
393252	353060	40192	4432	10545944	9758572	1120106315645687
471620	436900	34720	3206	7828594	7360736	1120106324230003
369668	196292	173376	901	3470288	2658152	1120106328353945
268726	233912	34814	4711	18366474	10165914	1120106347272829
901646	867112	34534	1660	4984358	4698886	1120106353443753
1198420	1165274	33146	689	2822856	3053144	1120106357748541
1211086	1174896	36190	3718	9094028	9123166	1120106368345029
683228	649460	33768	4450	10578696	10069148	1120106379891175
1216932	1180870	36062	3635	8939146	8963972	1120106390340675
1190412	1156590	33822	1159	3991058	3992762	1120106395806145
871766	838206	33560	4807	11295174	10961328	1120106408261461
644616	611042	33574	4644	10741616	10422070	1120106419932257
516134	476326	39808	339	2338786	1670568	1120106423075721
1170002	1132804	37198	3398	8200102	8440052	1120106432729497
1198118	1143278	54840	1625	4916296	4923690	1120106439127545
1326656	1291166	35490	3388	8430508	8576054	1120106449168091
710540	675504	35036	2588	6577898	6362460	1120106456739781
1189148	1154460	34688	4440	10544156	10545372	1120106468756385
1200362	1155002	45360	2426	6326626	6527132	1120106476567505
1189450	1154512	34938	1390	4447652	4445276	1120106482488557
1191770	1157758	34012	517	2708088	2717544	1120106486672891
1195406	1156668	38738	3612	8748234	8894722	1120106496900429
459264	373432	85832	3997	9650310	8929374	1120106507294157
712938	679210	33728	1515	4692594	4220098	1120106513011743
1188154	1152966	35188	4807	11275332	11278266	1120106525758981
867704	706434	161270	2226	6127532	5794126	1120106533042367
1188138	1152956	35182	2777	6954536	7217738	1120106541468841
1194138	1156686	37452	1518	4707986	4706680	1120106547654721
1191362	1157014	34348	4911	11228424	11488802	1120106560357935
1196800	1163342	33458	1246	4174894	4185088	1120106566013343
880166	846386	33780	3597	8853714	8549648	1120106576030581
1189444	1154996	34448	3397	8482360	8477326	1120106585985739
1195440	1160326	35114	1898	5243004	5466668	1120106592707681
1194054	1159716	34338	3990	9626748	9649388	1120106603812197
584834	550558	34276	1573	4694266	4206336	1120106609378901
417336	383254	34082	2998	7651548	6887966	1120106617731469
1193468	1156728	36740	4025	9710078	9720158	1120106628923523
428144	392390	35754	903	3478798	2710122	1120106633114065
1189432	1155624	33808	4058	9774124	9782192	1120106644361357
1217108	1179006	38102	2849	7446604	7402114	1120106653308869
1188884	1154600	34284	2038	5737256	5741578	1120106660518681
288428	254984	33444	2576	6837760	5915962	1120106667928189
485358	341650	143708	1794	5247806	4549156	1120106673948953
341316	306934	34382	3309	8013984	7434134	1120106682592849
1190492	1155886	34606	1021	3476420	3717352	1120106687544047
450692	415338	35354	2521	6625242	5969190	1120106694904195
814068	780348	33720	256	2169382	1803436	1120106698171531
1042416	1008322	34094	1647	4968270	4828022	1120106704465857
1165560	1130768	34792	3051	7769494	7753342	1120106713684943
1035628	1001996	33632	82	1826728	1674238	1120106716835011
895076	859848	35228	3606	8871138	8584178	1120106726884263
1192070	1158178	33892	1823	5300056	5314666	1120106733659311
1300490	1161316	139174	2797	7265416	7369294	1120106742509557
1188522	1153162	35360	2847	7205322	7367816	1120106751187589
1187582	1152736	34846	4533	10721890	10728622	1120106763380577
440278	404906	35372	2314	6334528	5545318	1120106770439221
882570	847024	35546	1416	4511608	4211984	1120106776117397
666740	632896	33844	4815	11030008	10772386	1120106788097461
1244720	1210026	34694	1925	5523952	5581294	1120106795149441
1221520	1154948	66572	804	3269266	3305940	1120106799924135
270582	235930	34652	3314	8268400	7374440	1120106808751143
347260	313538	33722	3590	8845638	8002850	1120106818227753
378912	344618	34294	4213	9966136	9286632	1120106828857295
1192454	1158654	33800	4843	11346938	11354348	1120106841680801
1191980	1158274	33706	2107	5626976	5881544	1120106848788247
455544	420766	34778	466	2704312	1863246	1120106852231843
924454	890730	33724	165	2021038	1739820	1120106855460695
200116	166730	33386	3640	8941560	7958054	1120106864886277
1198242	1163592	34650	929	3515692	3531792	1120106869884375
1193828	1160734	33094	4618	10842860	10904832	1120106882209895
283516	245946	37570	3585	8856802	7939594	1120106891633449
891254	857330	33924	169	1994750	1704722	1120106894803175
1194234	1158634	35600	887	3438516	3443976	1120106899720159
1189032	1153338	35694	3960	9683612	9584530	1120106910880833
1191022	1156956	34066	1222	3806974	4110544	1120106916162797
536828	503614	33214	256	2191950	1545486	1120106919174629
267738	232964	34774	2861	7379480	6464276	1120106927105481
776802	741940	34862	1736	5133674	4725740	1120106933300505
1378074	1244172	133902	747	3022966	3347604	1120106937985697
1273330	1157850	115480	4831	11324176	11412778	1120106950866873
1195388	1159100	36288	3066	7863020	7853242	1120106960208865
1190208	1156196	34012	3173	8023512	8021748	1120106969705583
401922	368850	33072	840	3047474	2556670	1120106973443225
695530	662702	32828	3440	8273630	8050890	1120106982696783
1189144	1156194	32950	639	2936466	2941624	1120106987106407
709750	675024	34726	4969	11604992	11122900	1120106999704905
1188544	1154714	33830	2874	7409798	7412366	1120107008591567
1190510	1156750	33760	2794	7147656	7266542	1120107017213537
584742	551714	33028	1947	5563510	4953372	1120107023645715
1190898	1156720	34178	3675	8897936	9015808	1120107034017823
1045532	1011482	34050	2683	7034652	6897754	1120107042382337
1240848	1187358	53490	2129	5677970	5985806	1120107049585603
649268	613776	35492	1178	4018946	3481796	1120107054538051
1254508	1219958	34550	4357	10378292	10445810	1120107066455193
1243454	1156538	86916	2768	7107132	7268468	1120107075090001
1279298	1165718	113580	1728	5126760	5212650	1120107081779753
1189162	1155202	33960	1345	4362714	4355704	1120107087619665
373246	338012	35234	2397	6457656	5644432	1120107094733647
1195718	1162422	33296	4420	10370960	10512572	1120107106584075
1211318	1175440	35878	4668	10683232	11032286	1120107118763521
1194200	1158548	35652	2509	6614480	6689050	1120107126856335
813228	779170	34058	2084	5835370	5458678	1120107133789353
1276288	1156206	120082	1008	3676724	3767318	1120107139030381
1195206	1158548	36658	989	3651594	3648616	1120107144161269
1194552	1160592	33960	2209	6086608	6096480	1120107151726575
1193614	1159632	33982	2132	5890780	5932138	1120107159101535
1217636	1159906	57730	529	2730636	2751858	1120107163333561
1079868	1045770	34098	1889	5282252	5336290	1120107169979771
852298	817486	34812	480	2425982	2290306	1120107173542121
479606	442758	36848	1836	5550174	4626980	1120107179855403
1232648	1155540	77108	3609	8875832	8923776	1120107190252363
1191636	1156946	34690	3931	9539962	9537938	1120107201267303
382300	348540	33760	997	3485162	2851834	1120107205417847
1205126	1168460	36666	83	1595718	1846438	1120107208502621
379292	343772	35520	1970	5607696	4794944	1120107214772785
1190376	1155740	34636	897	3454176	3460256	1120107219701821
1242706	1156918	85788	3170	8003370	8060146	1120107229254141
1197046	1156608	40438	4614	10889920	10901482	1120107241624203
873304	839166	34138	4075	9814986	9499092	1120107252596567
1218574	1172868	45706	1936	5542190	5565014	1120107259641655
614614	581740	32874	3810	9273624	8709508	1120107269813655
1199088	1158116	40972	4699	10954506	11073408	1120107282256081
410280	373700	36580	2703	7080514	6300516	1120107290031183
1207060	1161390	45670	571	2814344	2835922	1120107294335985
1190508	1157686	32822	2121	5911526	5916166	1120107301721389
1201064	1158552	42512	204	1922554	2085292	1120107305133967
340562	304934	35628	653	3064004	2122414	1120107308823349
1065020	1031082	33938	4899	11457098	11338930	1120107321629655
1190564	1156206	34358	1951	5568956	5568174	1120107328673241
1191620	1157700	33920	1533	4491432	4756802	1120107334640135
493604	459306	34298	875	3335884	2720076	1120107338754169
938172	902676	35496	1820	5312524	5055648	1120107345288631
869506	834836	34670	1624	4907742	4591258	1120107351349961
992992	958840	34152	4226	10114096	9921032	1120107362741295
1197152	1143714	53438	2530	6721662	6733794	1120107370943447
1189956	1155714	34242	287	2181268	2240186	1120107374598289
717666	684396	33270	2017	5681772	5228494	1120107381281849
550372	515650	34722	4637	10930232	10299570	1120107393046487
1046168	1010350	35818	3099	7893418	7721318	1120107402272243
1033046	1000152	32894	3072	7807594	7661464	1120107411396989
690590	656554	34036	4460	10576606	10085602	1120107422948457
1188794	1153442	35352	2320	6299394	6305806	1120107430720589
1187260	1153122	34138	3691	9106914	9047100	1120107441299043
462828	428902	33926	3515	8703758	7969248	1120107450750463
1026210	993236	32974	1689	5033500	4880288	1120107457093783
707722	674034	33688	4036	9646440	9256252	1120107467731257
1194124	1159288	34836	3330	8316332	8331382	1120107477529649
1330578	1294032	36546	3527	8656048	8860050	1120107487799975
988072	949028	39044	4512	10452002	10486950	1120107499529415
1191356	1156714	34642	4272	9974076	10211266	1120107510978569
1189780	1155576	34204	2431	6378834	6527914	1120107518830937
822316	788294	34022	1271	4204590	3840572	1120107524141441
804002	760014	43988	270	2219100	1835256	1120107527449069
1200986	1159280	41706	1835	5345040	5347006	1120107534280081
1026112	991068	35044	2272	6212542	6057058	1120107541803095
1187796	1153076	34720	1381	4196396	4426752	1120107547478713
980130	934610	45520	2583	6835412	6621886	1120107555576953
1188410	1153980	34430	4192	10043524	10047130	1120107567093135
1197808	1163542	34266	4268	10117848	10209422	1120107578692503
975552	941244	34308	2526	6482682	6514184	1120107586434179
1211020	1172590	38430	4175	10026190	10047322	1120107597955563
485058	450596	34462	1343	4439640	3668946	1120107603163561
337582	302774	34808	2034	5738918	4881892	1120107609524089
1194114	1158886	35228	894	3458662	3457474	1120107614460549
5168362	5162590	5772	3835	9288082	13325980	1120107629200745
595252	560978	34274	1528	4712562	4126666	1120107634793529
1244754	1155922	88832	3525	8466532	8770274	1120107644788937
353334	320222	33112	2292	6249606	5413802	1120107651675917
688276	649152	39124	421	2296100	2006480	1120107654948357
1203458	1159188	44270	1282	4220308	4240868	1120107660655521
1098256	1064554	33702	1609	5034714	4789844	1120107667072337
332356	297764	34592	4497	10655924	9801368	1120107678344249
1192734	1158586	34148	1542	4520024	4772982	1120107684340649
1303356	1152850	150506	1225	4019512	4250558	1120107689947171
394888	356618	38270	3580	8832488	8032476	1120107699462703
433462	399236	34226	371	2406914	1652454	1120107702587237
1198688	1164542	34146	2230	6196790	6135588	1120107710266383
310928	272208	38720	2381	6179040	5560288	1120107717040529
1189066	1153428	35638	2057	5775398	5778706	1120107724288641
1190998	1156258	34740	3524	8715754	8725632	1120107734480553
821538	785848	35690	2149	5910150	5616462	1120107741496983
336684	303634	33050	4944	11548038	10701736	1120107753666017
443222	317640	125582	3449	8586312	7817360	1120107762984543
1293694	1163482	130212	4539	10638124	10848320	1120107775200867
1191074	1156928	34146	192	2058210	2052034	1120107778734221
899780	862358	37422	2481	6322164	6347398	1120107786240901
1201400	1158560	42840	4389	10441674	10464138	1120107798168441
966000	918418	47582	2949	7566632	7351240	1120107806984961
1187440	1152698	34742	3720	9097328	9102708	1120107817554361
804352	768716	35636	4840	11327820	10959770	1120107829971073
1195246	1159086	36160	701	3062616	3072812	1120107834513967
1197106	1161478	35628	4793	11242634	11256998	1120107847237701
1321948	1279978	41970	2731	7008552	7260934	1120107855852495
1200846	1155624	45222	3654	8973628	8986682	1120107866315389
201806	167388	34418	3423	8441860	7535792	1120107875242153
678558	644660	33898	3618	8908198	8391450	1120107885112905
1198284	1165446	32838	937	3530716	3548378	1120107890126641
1191882	1152424	39458	2350	6167178	6370216	1120107897770149
1188698	1154458	34240	523	2712768	2709418	1120107901960921
1288820	1154354	134466	45	1505124	1856172	1120107905038995
1193164	1157892	35272	445	2566988	2560684	1120107909083399
1200402	1165228	35174	445	2432754	2566638	1120107913000465
638680	604874	33806	4271	10207540	9655972	1120107924130755
1186094	1152386	33708	4308	10303580	10298094	1120107935904001
1193422	1159516	33906	4659	10972280	10987490	1120107948359357
789532	754726	34806	598	2883176	2470002	1120107952315349
1191842	1157868	33974	2719	7116714	7124890	1120107960907585
315738	255338	60400	2527	6733886	5845018	1120107968241441
1193126	1158516	34610	2390	6448872	6458360	1120107976166721
1289676	1159510	130166	1682	4812944	5128310	1120107982553235
694466	656136	38330	1631	4942162	4433914	1120107988474021
1194730	1160210	34520	128	1689300	1949308	1120107991642305
1073160	1038600	34560	4569	10590986	10687186	1120108003590601
1061830	1025994	35836	126	1910778	1790042	1120108006847297
585402	551638	33764	87	1840106	1236082	1120108009556717
1192870	1156110	36760	3824	9307114	9316172	1120108020340253
439010	404700	34310	3739	9175310	8401972	1120108030238235
380714	346806	33908	3153	7812970	7174214	1120108038715829
492354	457154	35200	318	2296880	1604432	1120108041789509
1187554	1153872	33682	2058	5776692	5780012	1120108049042687
1000176	966336	33840	3238	7861432	7951334	1120108058205211
343098	308894	34204	312	2302852	1462956	1120108061136121
1194634	1159292	35342	3157	7975550	7986252	1120108070589515
1193610	1158156	35454	3223	8033092	8116464	1120108080100451
567658	533076	34582	243	5710646	1529008	1120108086662471
619530	585588	33942	467	2595078	2030774	1120108090160375
393538	357672	35866	4652	10984232	10197194	1120108101822273
1193604	1159400	34204	4695	11049870	11059138	1120108114354201
1089468	1055056	34412	762	3195768	3098296	1120108118923971
1191182	1157404	33778	963	3580874	3592396	1120108123979689
895832	861406	34426	400	2368498	2171330	1120108127528313
248002	207348	40654	3189	8041878	7102766	1120108136102401
1190924	1156782	34142	4682	11040004	11043030	1120108148617297
730294	695130	35164	1819	5205320	4845056	1120108154836571
1190818	1156854	33964	895	3449038	3459440	1120108159761001
913326	878394	34932	320	2056608	2029664	1120108163025549
1197470	1162532	34938	3966	9590340	9604216	1120108174097657
215628	174486	41142	714	2825800	2119824	1120108177421709
1189490	1155532	33958	2764	7186840	7193544	1120108186081607
1191452	1156492	34960	1471	4687234	4619154	1120108192243527
1191202	1157228	33974	1798	4960266	5262888	1120108198679083
288366	251766	36600	3201	8223262	7320362	1120108207474189
417188	383058	34130	1900	5208370	4693316	1120108213383001
606238	572988	33250	4672	11024812	10424398	1120108225297931
1057662	1023884	33778	153	1961892	1840662	1120108228601417
300424	265736	34688	3198	8054288	7172056	1120108237240109
749366	714656	34710	588	2743262	2400768	1120108241016941
1205376	1165302	40074	2721	7104180	7123510	1120108249610897
1208526	1174362	34164	1103	3862734	3889950	1120108254966003
1191822	1157912	33910	2384	6242898	6435744	1120108262685317
1251566	1217712	33854	2908	7251580	7553566	1120108271473007
1194302	1160398	33904	372	2317384	2415470	1120108275267635
288766	254120	34646	3139	7932926	7040760	1120108283774081
676318	625744	50574	1263	4195376	3678610	1120108288933571
1192932	1155900	37032	2561	6676120	6792208	1120108297086155
1227950	1192410	35540	1519	4645082	4740842	1120108303243025
1196494	1161018	35476	1868	5376524	5408642	1120108310099615
1186520	1152462	34058	3472	8316208	8606538	1120108319885583
847660	762120	85540	4907	11406442	11138366	1120108332428567
1193390	1159354	34036	4167	9813260	10026000	1120108343720235
1189074	1155278	33796	951	3567418	3566266	1120108348765861
1191980	1156418	35562	1851	5407042	5370992	1120108355648673
1228174	1160712	67462	1590	4773808	4884500	1120108361934815
1004156	971522	32634	589	2840164	2657882	1120108366084877
580402	546796	33606	195	2079250	1470842	1120108369028957
1193014	1152248	40766	2721	7102158	7110856	1120108377607529
685684	645582	40102	2067	5663456	5293190	1120108384240217
1050788	1016902	33886	2388	6457636	6314168	1120108392033223
1207680	1171338	36342	4887	11458918	11477780	1120108404984015
1206540	1153154	53386	4998	11658434	11677624	1120108418132767
1186308	1152810	33498	1048	3767424	3767068	1120108423370583
240836	206726	34110	388	2441408	1494206	1120108426336971
1206918	1174088	32830	4060	9929054	9802662	1120108437757035
1189348	1156112	33236	918	3238404	3502472	1120108442473375
415192	379050	36142	3950	9570720	8800918	1120108452743233
638112	604592	33520	3299	8262930	7713076	1120108461928037
258886	224934	33952	2518	6697944	5770904	1120108469172811
1202410	1166776	35634	1972	5613856	5622236	1120108476272251
1194708	1161018	33690	2965	7647670	7610818	1120108485398521
742556	708702	33854	4362	10213260	9942254	1120108496638157
354782	317480	37302	4345	10349506	9521382	1120108507626383
1024788	991384	33404	252	1903374	2004628	1120108510838371
1091464	1055428	36036	2260	6179522	6086834	1120108518392909
578384	543224	35160	3056	7795428	7188748	1120108527049789
1200716	1165810	34906	1249	4157846	4176282	1120108532692157
279728	242586	37142	3482	8437812	7719346	1120108541693021
271212	236140	35072	578	2818402	1902886	1120108545070527
1190694	1155934	34760	3726	8883160	9118694	1120108555427917
1195334	1159596	35738	432	2425794	2537868	1120108559332521
1217370	1182922	34448	1476	4622976	4646170	1120108565456535
477810	443854	33956	1578	4794160	4109916	1120108571012851
1183040	1145114	37926	2249	6156202	6157374	1120108578636075
1035960	1001838	34122	4532	10728754	10575440	1120108590684915
825148	790654	34494	38	1743600	1376450	1120108593538051
1190308	1156042	34266	701	3061106	3069588	1120108598073175
1254654	1153156	101498	2883	7441994	7506072	1120108607053477
951184	908102	43082	3978	9617158	9381574	1120108617905957
1190356	1156824	33532	3495	16256652	8655882	1120108635644957
1191668	1156200	35468	3730	9138138	9126494	1120108646258161
1242362	1156304	86058	4538	10588428	10811744	1120108658372785
1187224	1153316	33908	1181	4047900	4044320	1120108663891637
790592	756714	33878	2714	7045054	6695682	1120108672014949
1186868	1152818	34050	1225	4124948	4126272	1120108677611073
1192686	1158846	33840	2628	6743378	6925538	1120108685830921
1006596	973308	33288	4001	9658364	9485228	1120108696784691
1266954	1152048	114906	1268	4201026	4280288	1120108702536995
971448	934568	36880	1116	3701314	3690812	1120108707493489
595346	562374	32972	4282	10219966	9634836	1120108718593321
931798	898020	33778	493	2642172	2393658	1120108722451713
1196752	1161344	35408	556	2780278	2796272	1120108726712597
531284	497354	33930	4864	11371420	10736110	1120108738899137
1266146	1231500	34646	3641	8939554	9025038	1120108749389821
1193140	1152672	40468	3694	8995432	9058540	1120108759862735
1190304	1154966	35338	3797	9062296	9259394	1120108770417829
1331154	1290946	40208	360	2413260	2538004	1120108774446649
1203434	1169162	34272	3414	8357304	8528766	1120108784290869
738982	705546	33436	2952	7464962	7209626	1120108792779209
1186284	1152576	33708	4922	11507418	11507052	1120108805757599
795792	762314	33478	998	3559440	3270554	1120108810401047
1214446	1179956	34490	2081	5850034	5879144	1120108817749691
696952	653730	43222	121	1900496	1414730	1120108820636073
0	0	0	0	0	0	0
1189992	1156326	33666	2532	6740282	6737914	1120108832659069
937466	903956	33510	1722	5026040	4858574	1120108838906449
1139468	1105802	33666	58	1774400	1730682	1120108842104509
1187952	1152378	35574	1754	5180394	5185570	1120108848756975
1188762	1155554	33208	2074	5778044	5814046	1120108856007647
1191546	1157088	34458	2597	6897934	6884692	1120108864380409
956180	921332	34848	2080	5838648	5600402	1120108871459025
912860	878928	33932	1836	5321536	5061642	1120108877977643
1200756	1165028	35728	130	1934286	1933018	1120108881397423
432664	396534	36130	2069	5590926	5046770	1120108887705317
1201704	1162042	39662	2678	7015000	7032330	1120108896214305
1040810	1005836	34974	4911	11549034	11394664	1120108909087357
1194458	1159700	34758	1080	3816728	3828920	1120108914382895
1191304	1156504	34800	967	3527270	3625528	1120108919385741
1058362	1023496	34866	2463	6444946	6460408	1120108927172777
1303958	1155194	148764	1022	3611620	3822900	1120108932372261
1013000	979196	33804	3603	8894120	8717526	1120108942563241
1189914	1156012	33902	1355	4196966	4401062	1120108948234075
947526	912908	34618	3710	8799802	8841330	1120108958265571
1188956	1156006	32950	4999	11408554	11672678	1120108971146913
1240774	1155974	84800	3502	8665212	8722334	1120108981336757
1188144	1153068	35076	163	1683664	1990410	1120108984492051
1194810	1161808	33002	2809	7286370	7290188	1120108993256623
1193798	1160016	33782	1627	4921390	4924900	1120108999655541
1191770	1157562	34208	2610	6889634	6886468	1120109008025451
1191182	1156534	34648	3908	9316780	9483872	1120109018816877
1318772	1284972	33800	288	2122466	2370200	1120109022542355
824048	790090	33958	3458	8506940	8236556	1120109032157531
325752	273024	52728	299	2264282	1405646	1120109035129309
1460560	1173614	286946	986	3638326	3909916	1120109040512041
1206446	1167828	38618	2761	6929226	7227964	1120109048931841
1203976	1170020	33956	3415	8505146	8511822	1120109058925337
1191162	1157010	34152	1169	3829744	4006832	1120109064230535
941208	908134	33074	2529	6752776	6485394	1120109072208489
380140	343918	36222	2766	7216530	6407930	1120109080089345
1197308	1162148	35160	3818	9308200	9321726	1120109090878451
572588	538628	33960	1750	5072306	4549408	1120109096807603
1197392	1158708	38684	2372	6149106	6416770	1120109104438313
1206828	1170374	36454	1229	3927506	4149254	1120109109855735
843090	808430	34660	4289	9992976	9897874	1120109120979955
1196170	1160984	35186	3973	9510552	9620210	1120109131971011
803786	770062	33724	3125	7621502	7529640	1120109140680543
1189146	1152964	36182	1993	5640940	5648106	1120109147795769
448184	415024	33160	1045	3651976	3015974	1120109152184811
1202404	1165164	37240	4853	11375500	11394974	1120109165046867
1189130	1155508	33622	533	2724826	2730196	1120109169243611
961146	922714	38432	615	2652780	2666674	1120109173141609
423540	295490	128050	392	2438520	1683180	1120109176287935
1194504	1160304	34200	1915	5580736	5505824	1120109183346931
1195868	1160568	35300	3939	9539222	9549110	1120109194366123
811428	776148	35280	2399	6293706	6096046	1120109201755669
375702	340586	35116	503	2752402	1859794	1120109205171849
1297984	1164446	133538	766	3314610	3306454	1120109210068149
1208088	1170688	37400	256	2070310	2195624	1120109213630221
1189510	1155694	33816	2662	6996280	6991904	1120109222099637
1190810	1156162	34648	4682	11180494	11053188	1120109234754825
1255490	1152948	102542	2947	7408136	7625152	1120109243701473
794386	759548	34838	3937	9537386	9143036	1120109254322161
921098	884614	36484	1218	4119728	3858266	1120109259646921
588768	554802	33966	367	2397114	1799678	1120109262916603
970742	936778	33964	4643	11070118	10732626	1120109275240401
552954	517246	35708	3985	9636308	8998264	1120109285714509
1192412	1156902	35510	1715	5098722	5097808	1120109292293915
664926	631354	33572	948	3373234	3047704	1120109296616487
1036816	1001614	35202	1741	5141478	4994548	1120109303078349
988480	953760	34720	3084	7827080	7633196	1120109312177943
1056814	1022814	34000	1612	4630718	4756420	1120109318150135
1075972	1042006	33966	82	1842714	1736234	1120109321353247
1192280	1156792	35488	541	2744546	2751054	1120109325573615
747506	711324	36182	1064	3785662	3352206	1120109330390721
1194360	1155644	38716	1438	4611992	4557898	1120109336481601
742238	705314	36924	4076	9883750	9371448	1120109347391301
303746	269174	34572	224	2111858	1229124	1120109350090841
283748	250796	32952	447	2665970	1666246	1120109353324801
1188752	1155538	33214	757	3172068	3177872	1120109357969735
1147500	1113702	33798	4618	11011220	10877772	1120109370412435
797448	762790	34658	436	2652634	2145754	1120109374146315
1225064	1164824	60240	3427	8522304	8562934	1120109384177877
234086	198726	35360	270	2227048	1273166	1120109386922869
226928	189998	36930	3861	9380678	8425096	1120109396813701
578574	544682	33892	2504	6664034	6061262	1120109404339197
1192650	1154978	37672	748	3179668	3187518	1120109408995353
947932	914246	33686	979	3625090	3381692	1120109413852487
1283652	1161700	121952	2357	6380086	6473772	1120109421808185
679042	615410	63632	43	1748816	1240642	1120109424523535
966378	921898	44480	4633	10697324	10731088	1120109436470813
1342578	1308760	33818	2468	6611782	6756646	1120109444709001
814814	767632	47182	1151	3988452	3593988	1120109449795215
1193726	1159786	33940	3447	8549152	8563854	1120109459825961
1192226	1156664	35562	3099	8047920	7890780	1120109469354381
1112198	1078500	33698	1272	4103482	4130846	1120109474854353
1059884	1026194	33690	4199	10055850	9934674	1120109486253937
819854	786190	33664	1753	5191936	4812374	1120109492549917
902400	866250	36150	3094	7733186	7581050	1120109501470303
956034	913354	42680	2978	7611742	7386884	1120109510321937
618994	584742	34252	4698	11068280	10502924	1120109522292737
1266570	1227028	39542	3538	8749716	8829928	1120109532592303
1192942	1155906	37036	1790	5239772	5248492	1120109539308689
1189776	1155988	33788	184	2032796	2032874	1120109542815349
1190472	1156522	33950	2449	6414366	6563602	1120109550704047
1198514	1163864	34650	4167	9999620	10009334	1120109562185949
561838	528928	32910	2790	7253500	6634984	1120109570285261
1191134	1156894	34240	8	1598440	1694330	1120109573358037
1196890	1156134	40756	345	2276060	2363376	1120109577114251
665262	630400	34862	2434	6460004	6007304	1120109584522597
1188932	1153578	35354	1518	4808994	4700388	1120109590804201
1193984	1159570	34414	3876	9549110	9423548	1120109601831105
1195380	1161100	34280	475	2607826	2620784	1120109605922447
964704	929610	35094	628	2921938	2695690	1120109610101771
789642	755540	34102	3792	9248964	8856780	1120109620424683
1968094	1961942	6152	2114	5910534	6697328	1120109628587089
1192054	1156632	35422	2550	6765712	6769720	1120109636828935
1192984	1158208	34776	138	1897814	1944394	1120109640203901
209242	175298	33944	4150	9942362	8994332	1120109650640055
1197578	1162272	35306	2659	6742718	7011980	1120109658864273
1203224	1168094	35130	1973	5498124	5624988	1120109665849949
1311762	1153922	157840	3768	9197460	9323382	1120109676648403
1200056	1166016	34040	4173	10014382	10024194	1120109688146541
878026	843854	34172	2066	5805900	5497618	1120109695114441
696846	663726	33120	157	1970170	1486984	1120109698065331
1002108	966322	35786	3739	9150392	8966424	1120109708502429
295482	260002	35480	2993	7697332	6756498	1120109716779815
1297482	1262672	34810	728	3120090	3228366	1120109721481727
546388	510728	35660	183	2025638	1387878	1120109724338643
577112	542340	34772	4562	10792820	10185548	1120109735993233
1188342	1152430	35912	1618	4912790	4910080	1120109742378395
665494	630792	34702	970	3574822	3091344	1120109746901597
1192394	1157398	34996	4618	10904118	10902760	1120109759282315
1191300	1153464	37836	358	2277240	2384664	1120109763035181
798512	762228	36284	1157	3984040	3586850	1120109768102353
1189214	1153262	35952	3241	8168308	8171800	1120109777743037
1193756	1159552	34204	4692	11044128	11053436	1120109790269473
1194424	1159166	35258	411	2328354	2501656	1120109794076091
726532	693234	33298	546	2477494	2294958	1120109797564195
0	0	0	0	0	0	0
1198322	1161054	37268	4623	10854860	10922374	1120109820321837
845532	810810	34722	2433	6336972	6196224	1120109827788945
1194238	1160260	33978	3730	9113430	9130136	1120109838385563
267424	233744	33680	3606	8629482	7978024	1120109847566647
289674	254344	35330	3548	8754460	7861994	1120109856894887
1194128	1159262	34866	901	3232390	3474088	1120109861605355
1193126	1158890	34236	193	1955730	2053588	1120109865038251
1210134	1164900	45234	897	3392706	3481770	1120109869925255
1193346	1159576	33770	687	3045220	3043788	1120109874452429
1191314	1157168	34146	4937	11551150	11568696	1120109887478301
1193718	1159948	33770	895	3334796	3461128	1120109892290683
1190994	1155942	35052	4204	10091982	10083684	1120109903857857
1192988	1157756	35232	1193	4120820	4054298	1120109909459761
1195222	1161310	33912	1157	3976892	3983270	1120109914916035
1194138	1159988	34150	1775	5202782	5218588	1120109921596881
1064426	1029760	34666	3359	8220528	8258766	1120109931165121
304662	201304	103358	2438	6537208	5654614	1120109938291277
1193202	1156740	36462	912	3493966	3504776	1120109943261737
1189410	1155508	33902	3817	9332848	9299366	1120109954067873
1189486	1155812	33674	1772	5066810	5210864	1120109960607967
1194510	1160332	34178	834	3342274	3337902	1120109965428875
996920	963138	33782	2446	6576986	6364850	1120109973287175
1193340	1159008	34332	3018	7568934	7706110	1120109982333635
1190828	1155814	35014	1080	3541098	3839192	1120109987349015
0	0	0	0	0	0	0
631450	595760	35690	2323	6065030	5754108	1120110003885495
1191682	1155856	35826	168	1958344	2003394	1120110007323737
466018	432200	33818	2089	5772390	5119348	1120110013845961
1188052	1154922	33130	2884	7424282	7430510	1120110022745985
472428	436104	36324	2153	5908300	5255588	1120110029410309
1190596	1156934	33662	2873	7405844	7412848	1120110038290369
1187344	1152912	34432	4577	10613980	10826446	1120110050375087
964840	931886	32954	2046	5778896	5544500	1120110057402521
1205134	1160866	44268	3282	8227548	8243746	1120110067118721
978690	943306	35384	2183	5970886	5820026	1120110074352289
1191630	1155852	35778	1024	3467110	3726528	1120110079295075
639532	605114	34418	3381	8424734	7876700	1120110088642967
433028	397748	35280	2619	6708386	6156486	1120110096068429
1191396	1156426	34970	2207	6156832	6090848	1120110103700703
1337148	1157356	179792	2764	6982972	7340278	1120110112308371
1205060	1169220	35840	1235	4161738	4176864	1120110117958287
1200086	1151322	48764	4500	10743254	10684682	1120110130185243
449462	414128	35334	2002	5673586	4938026	1120110136592463
1194554	1160046	34508	758	3182402	3186834	1120110141253607
934988	813864	121124	1917	5415418	5245726	1120110147887909
1186894	1152766	34128	4866	11314786	11394076	1120110160677761
1190158	1155144	35014	1565	4579934	4804960	1120110166731077
317748	267996	49752	2710	6854420	6212930	1120110174186463
1344792	1156428	188364	3802	9298412	9452234	1120110185113549
411628	377562	34066	3889	9433286	8664312	1120110195242175
638388	604026	34362	1803	5265372	4722378	1120110201429001
664112	629440	34672	3098	7697860	7336192	1120110210074655
593298	559836	33462	377	2198230	1825324	1120110213149841
1200080	1164492	35588	2894	7306552	7464280	1120110221940555
1200544	1163562	36982	1815	5181230	5306504	1120110228606945
1188088	1154260	33828	697	2975832	3057282	1120110233054443
1221080	1186018	35062	2187	6004358	6070782	1120110240563343
213482	174994	38488	3418	8549248	7525422	1120110249609697
1192718	1157878	34840	1080	3816632	3828788	1120110254902905
443500	405690	37810	4588	10767828	10117072	1120110266398593
502224	467032	35192	1679	5027788	4345372	1120110272212287
0	0	0	0	0	0	0
1337916	1290556	47360	785	3087434	3383842	1120110286293837
1211552	1178320	33232	2971	7688902	7638370	1120110295477335
1200944	1153350	47594	1889	5440746	5455224	1120110302402705
776828	742436	34392	3379	8539688	8008598	1120110312002553
1196582	1163652	32930	1766	4961424	5204020	1120110318444315
841174	807356	33818	3274	8186812	7876098	1120110327756841
1196412	1160492	35920	1153	3704582	3978080	1120110332946035
554348	520574	33774	1844	5191684	4720338	1120110338975841
1194518	1160304	34214	4103	9869596	9877450	1120110350323905
350740	316184	34556	2491	6655184	5818988	1120110357614153
1209900	1175882	34018	2528	6471366	6740988	1120110365579185
616340	581182	35158	2361	6443830	5813208	1120110372923595
1198104	1162046	36058	3613	8885274	8900686	1120110383291327
1192952	1156354	36598	4592	10583874	10853434	1120110395352047
1273606	1153834	119772	3249	7869534	8246882	1120110404778629
1190166	1155856	34310	4848	11128830	11361202	1120110417381029
1196330	1162452	33878	965	3522510	3601230	1120110422383225
730388	696502	33886	2984	7643896	7186486	1120110431041189
1191126	1156496	34630	3223	8105692	8113856	1120110440621821
1192998	1159460	33538	2530	6721534	6727994	1120110448819661
328416	294754	33662	2681	6770674	6166852	1120110456202999
891638	856936	34702	1560	4797656	4506088	1120110462176243
1263806	1230864	32942	3364	8395612	8476962	1120110472120327
730492	695820	34672	3365	8138252	7936440	1120110481272835
1192864	1154988	37876	3213	8087074	8092962	1120110490837185
1191914	1156984	34930	1309	4284678	4287812	1120110496598207
1205148	1168334	36814	3605	8873928	8890828	1120110506961371
877200	842726	34474	360	2381256	2073148	1120110510503441
1309526	1274338	35188	4757	11175040	11299046	1120110523271641
1248056	1212500	35556	142	1829986	2006882	1120110526634083
927980	892520	35460	2001	5580838	5408102	1120110533425955
1209090	1156132	52958	3810	9284236	9304610	1120110544203047
435010	399748	35262	1020	3711466	2962118	1120110548632891
980680	945328	35352	3852	9122420	9172550	1120110559020555
1068932	995256	73676	56	1771268	1657954	1120110562144737
1192794	1158142	34652	4159	10000906	10009648	1120110573622529
344160	237404	106756	3229	7835612	7277258	1120110582085761
305952	191214	114738	375	2427256	1540272	1120110585103575
409668	357508	52160	1427	4511426	3741074	1120110590309189
1190354	1153322	37032	3318	8431656	8313500	1120110600215937
1193982	1160492	33490	88	1865304	1869452	1120110603559435
416904	382104	34800	3309	8125724	7511668	1120110612386371
1194252	1154210	40042	4516	10700420	10713078	1120110624565585
1104742	1070866	33876	4325	10308722	10231266	1120110636264009
1189026	1154994	34032	1821	5333548	5332076	1120110643070209
1197142	1162232	34910	52	1914906	1775122	1120110646466277
1191490	1157348	34142	4542	10726102	10762396	1120110658668513
1193756	1160066	33690	291	2130072	2251634	1120110662276809
1124972	1091670	33302	3259	8029470	8128892	1120110671715875
872674	834816	37858	4029	9577718	9406394	1120110682455497
1197112	1162900	34212	4554	10790678	10803152	1120110694727913
1244852	1154768	90084	2045	5880808	5912070	1120110702137555
547988	512218	35770	2378	6107100	5780160	1120110709076655
1200826	1153556	47270	3803	9389146	9283086	1120110719951361
1196646	1162282	34364	2660	6791876	6992976	1120110728223163
1123016	1088568	34448	4020	9707656	9645606	1120110739337501
1197992	1162002	35990	3310	8033260	8296064	1120110748852367
1271090	1236960	34130	3669	8685638	9085148	1120110759093423
1190460	1156380	34080	3489	8637392	8646130	1120110769204655
440716	405302	35414	640	2691190	2198556	1120110772620889
611602	578264	33338	1712	4861792	4522974	1120110778377797
1191084	1157074	34010	2758	7037718	7195006	1120110786891137
1281966	1246066	35900	1168	3838454	4094220	1120110792296061
1193850	1158810	35040	780	3230202	3239272	1120110797003913
960238	924922	35316	278	1916338	1992282	1120110800164185
520682	481380	39302	4858	11127692	10714088	1120110812096603
1200108	1166690	33418	2826	7224536	7349908	1120110820805953
1075182	1041790	33392	2268	6019072	6085396	1120110828184957
1190846	1156700	34146	3785	9260506	9261780	1120110838920527
1189086	1155104	33982	4697	11072112	11059286	1120110851466611
271442	236090	35352	2197	6033278	5141454	1120110858054975
1197202	1156780	40422	4071	9722620	9813362	1120110869258643
1194490	1157140	37350	3753	8970676	9175544	1120110879707807
1287362	1253522	33840	1188	4028978	4138936	1120110885312723
1457372	1153354	304018	1912	5482342	5757142	1120110892536675
591198	557530	33668	698	3068304	2465060	1120110896480433
1190568	1156550	34018	2219	5854638	6114458	1120110903809751
1205588	1169974	35614	4056	9774498	9795530	1120110915078735
591210	545934	45276	2425	6529758	5917312	1120110922484197
1193526	1157732	35794	2190	6041434	6049402	1120110930002487
1190548	1156578	33970	308	2134156	2281192	1120110933611433
1294752	1260952	33800	2187	6040102	6150094	1120110941229437
436514	401198	35316	1406	4467938	3724678	1120110946417341
1201364	1164218	37146	1209	4102110	4117466	1120110952004201
1193862	1158334	35528	2610	6894550	6899514	1120110960376649
638394	603082	35312	201	2037350	1539284	1120110963337097
1188766	1154006	34760	1784	5221808	5232614	1120110970031429
1234538	1197446	37092	2659	6991626	7039560	1120110978541201
1192908	1158868	34040	2130	5925536	5930860	1120110985943433
516482	480910	35572	1284	4077936	3559558	1120110990821025
1193862	1159648	34214	2430	6582868	6528140	1120110998880395
796662	761720	34942	4695	10910138	10660880	1120111010870983
1143268	1109504	33764	4905	11473394	11427732	1120111023771465
1194508	1159322	35186	2076	5814066	5823468	1120111031068749
1165136	1128428	36708	2692	13617994	7025064	1120111046135181
730220	684194	46026	3880	9440702	8988100	1120111056590275
511042	476868	34174	3979	9879594	8945446	1120111067265029
1191878	1156478	35400	4091	9605060	9848860	1120111078345661
1009352	975540	33812	551	2580310	2597232	1120111082219135
1188966	1155824	33142	1069	3956486	3822908	1120111087648789
1199246	1159228	40018	3150	7716346	7974406	1120111096852909
873492	830288	43204	3413	8495908	8176460	1120111106507155
1216286	1172278	44008	1759	4968750	5231276	1120111112975821
560488	525594	34894	1770	5200204	4575558	1120111119019995
1010384	975998	34386	4588	10835546	10663388	1120111131149745
306354	269344	37010	1953	5710746	4688606	1120111137449701
1191468	1156604	34864	4215	10089788	10097578	1120111149014721
1190920	1156916	34004	4713	11118520	11093418	1120111161608081
1194156	1158364	35792	2835	7179136	7340858	1120111170265281
361480	327828	33652	308	1951296	1455320	1120111172862543
1012422	968456	43966	4377	10646902	10243532	1120111184805497
1224050	1169502	54548	2844	7411536	7386768	1120111193725049
723348	688988	34360	137	1953386	1472908	1120111196706331
462100	428048	34052	1670	5002892	4280500	1120111202454981
1197726	1162024	35702	4240	10062034	10162114	1120111213998509
269834	233696	36138	4037	9741930	8828854	1120111224294589
1137734	1103742	33992	3400	8219500	8425234	1120111233936329
928528	893076	35452	120	2010264	1653528	1120111237159089
877622	798374	79248	2891	7443734	7133344	1120111245764197
1190010	1156922	33088	3402	8222448	8471450	1120111255464545
886908	852858	34050	4914	11454084	11192138	1120111268089295
1191174	1155160	36014	4014	9698074	9704708	1120111279261455
